# t (s)	mx ()	my ()	mz ()	B_extx (T)	B_exty (T)	B_extz (T)	E_total (J)
0	0	0	-1	0	0	0.38	1.0996098e-18
1.0045247556667633e-11	-0.0023886953	0.013730732	-0.97564846	0	0	0.38	5.3286413e-18
2.0015160965385242e-11	-0.005153653	0.014527892	-0.9676965	0	0	0.38	4.162813e-18
3.002485135420368e-11	0.0065005077	0.015219125	-0.9650436	0	0	0.38	4.741484e-18
4.0058504491571e-11	0.024587678	0.01142935	-0.96522635	0	0	0.38	4.774518e-18
5.00029342519701e-11	0.008646898	0.0133439945	-0.964502	0	0	0.38	4.5011976e-18
6.000356609617575e-11	-0.009211218	0.028443389	-0.9622328	0	0	0.38	5.4629282e-18
7.005495361796639e-11	0.00018257578	0.042367052	-0.96335584	0	0	0.38	4.6951504e-18
8.005799320821469e-11	-0.0050565903	0.04444066	-0.9587463	0	0	0.38	3.6209707e-18
9.001300047035473e-11	-0.013295842	0.04828476	-0.9580737	0	0	0.38	4.3291097e-18
1.0000612886995446e-10	-0.015281573	0.07560072	-0.95682186	0	0	0.38	4.270384e-18
1.1004887700633184e-10	-0.004674946	0.082288176	-0.9556738	0	0	0.38	3.8894748e-18
1.2000935837362555e-10	0.0061736177	0.07857313	-0.95398265	0	0	0.38	3.895264e-18
1.300424711425416e-10	0.040262774	0.065506354	-0.9542931	0	0	0.38	5.109403e-18
1.4004698607304434e-10	0.044801105	0.072260305	-0.95123667	0	0	0.38	4.539385e-18
1.500378691002384e-10	0.046218872	0.05253104	-0.9506916	0	0	0.38	4.487628e-18
1.6000685746661464e-10	0.049487222	0.038656615	-0.95406526	0	0	0.38	3.7195566e-18
1.7003497182743778e-10	0.049515955	0.041853383	-0.94912726	0	0	0.38	3.9337492e-18
1.8003404907818837e-10	0.04406708	0.020307966	-0.95209306	0	0	0.38	4.4255507e-18
1.9003848995299478e-10	0.05779793	0.023300558	-0.9456611	0	0	0.38	4.452823e-18
2.0004550207453008e-10	0.075359315	0.009939973	-0.94625777	0	0	0.38	5.105313e-18
2.100602222701149e-10	0.10333575	0.011420761	-0.9429209	0	0	0.38	4.8948847e-18
2.2004881161490562e-10	0.11700295	0.0065200417	-0.94376856	0	0	0.38	4.200548e-18
2.3000571768053048e-10	0.12573598	0.0025740056	-0.94111776	0	0	0.38	4.116712e-18
2.400446488883656e-10	0.12633282	-0.008029368	-0.9399121	0	0	0.38	4.7253445e-18
2.5002158826921564e-10	0.12205696	-0.016783694	-0.9405802	0	0	0.38	5.4197192e-18
2.600664810467698e-10	0.11999051	-0.012153666	-0.944369	0	0	0.38	3.7597857e-18
2.700220665599625e-10	0.10371234	-0.02273306	-0.9441034	0	0	0.38	4.9528142e-18
2.8003824797171737e-10	0.12265893	-0.005830382	-0.94345933	0	0	0.38	5.1203353e-18
2.9003857236734465e-10	0.13297647	-0.008218635	-0.9394231	0	0	0.38	3.9440563e-18
3.00014755443248e-10	0.1538277	-0.020851938	-0.93654954	0	0	0.38	5.4436127e-18
3.1000300354748724e-10	0.14820562	-0.032525923	-0.9342977	0	0	0.38	4.375548e-18
3.200055820979563e-10	0.14618896	-0.03579823	-0.93310094	0	0	0.38	4.5385944e-18
3.3003362590302177e-10	0.1276354	-0.04833322	-0.93528146	0	0	0.38	3.5009675e-18
3.4000672898127627e-10	0.124972016	-0.05135304	-0.94037926	0	0	0.38	4.048189e-18
3.5004512903946393e-10	0.1297035	-0.0641536	-0.94069576	0	0	0.38	5.0206823e-18
3.6006531230365615e-10	0.10677287	-0.05990082	-0.9392225	0	0	0.38	5.0680608e-18
3.7002013511951303e-10	0.10933825	-0.046714067	-0.9455506	0	0	0.38	4.5331346e-18
3.800467721979709e-10	0.11394503	-0.043916635	-0.9468122	0	0	0.38	4.358416e-18
3.9000885131453235e-10	0.11115174	-0.062314734	-0.9467465	0	0	0.38	4.538719e-18
4.0005551114968155e-10	0.10858637	-0.07463962	-0.9459493	0	0	0.38	4.504717e-18
4.100328099427029e-10	0.091236986	-0.08466066	-0.9468521	0	0	0.38	4.6366302e-18
4.200157039887709e-10	0.08159227	-0.07794868	-0.9458057	0	0	0.38	4.0471896e-18
4.300544256011468e-10	0.05963723	-0.0868236	-0.9495829	0	0	0.38	4.2081486e-18
4.400400694046451e-10	0.05836562	-0.07647195	-0.9515462	0	0	0.38	5.046215e-18
4.500268554548402e-10	0.0582848	-0.07930846	-0.94874793	0	0	0.38	5.2783826e-18
4.600356591972394e-10	0.056582008	-0.068205826	-0.94860786	0	0	0.38	3.951357e-18
4.700523492829647e-10	0.07180076	-0.08837665	-0.9452333	0	0	0.38	3.873037e-18
4.800603248880037e-10	0.054253884	-0.10699719	-0.9432231	0	0	0.38	3.9711105e-18
4.900357903146201e-10	0.04040956	-0.12209594	-0.9472277	0	0	0.38	3.504222e-18
5.000435719420029e-10	0.0042372514	-0.11800131	-0.9481052	0	0	0.38	4.3310217e-18
5.100559897415315e-10	-0.0041170814	-0.11381651	-0.94474095	0	0	0.38	3.632536e-18
5.200348357230567e-10	-0.007632574	-0.11028916	-0.943527	0	0	0.38	4.48781e-18
5.300255920234957e-10	-0.028523829	-0.104886	-0.943425	0	0	0.38	4.268241e-18
5.400011763843575e-10	-0.034166954	-0.10447274	-0.9440421	0	0	0.38	4.227921e-18
5.500043029818186e-10	-0.03973819	-0.103306994	-0.9481807	0	0	0.38	4.3303943e-18
5.600455596189288e-10	-0.03586685	-0.11985243	-0.94653213	0	0	0.38	4.015708e-18
5.700563719303505e-10	-0.04864038	-0.10820897	-0.94577885	0	0	0.38	4.8152326e-18
5.800456382666776e-10	-0.054563895	-0.10434581	-0.95088416	0	0	0.38	4.736543e-18
5.900207741504812e-10	-0.06455831	-0.091296345	-0.95052314	0	0	0.38	4.8501607e-18
6.000336921662413e-10	-0.07429448	-0.093631856	-0.94678396	0	0	0.38	5.6441097e-18
6.10031000037411e-10	-0.08571619	-0.0984907	-0.9482489	0	0	0.38	4.689603e-18
6.200509719228786e-10	-0.09553766	-0.083719686	-0.95138615	0	0	0.38	4.7346557e-18
6.300486848591616e-10	-0.10060439	-0.07834328	-0.94985783	0	0	0.38	4.1812892e-18
6.400126668536564e-10	-0.10808991	-0.08880856	-0.94806135	0	0	0.38	3.97871e-18
6.500493150401732e-10	-0.13811919	-0.10217383	-0.9446448	0	0	0.38	5.3706385e-18
6.600238911812809e-10	-0.14688435	-0.09438377	-0.9403834	0	0	0.38	4.4070107e-18
6.700192667465004e-10	-0.14292312	-0.09561458	-0.9432658	0	0	0.38	4.1058574e-18
6.800582527111263e-10	-0.13960491	-0.08607972	-0.9406575	0	0	0.38	4.4380577e-18
6.900048212802673e-10	-0.1542538	-0.08140265	-0.9343941	0	0	0.38	4.294785e-18
7.000391736441687e-10	-0.16175433	-0.08073772	-0.9370121	0	0	0.38	5.6698884e-18
7.100191376871791e-10	-0.18457296	-0.08797278	-0.9291632	0	0	0.38	4.9035755e-18
7.200125057451715e-10	-0.19067377	-0.098256625	-0.9277245	0	0	0.38	4.7621317e-18
7.300143149623275e-10	-0.21118799	-0.06787785	-0.9254784	0	0	0.38	3.7537775e-18
7.400642717375482e-10	-0.2227434	-0.068648286	-0.9221946	0	0	0.38	4.4513397e-18
7.500360589872209e-10	-0.25176948	-0.046610262	-0.9191591	0	0	0.38	3.6171285e-18
7.600427819912539e-10	-0.26833194	-0.023942737	-0.9154009	0	0	0.38	4.9422975e-18
7.700156182556397e-10	-0.2493363	-0.043360002	-0.91668874	0	0	0.38	4.629403e-18
7.800343029581093e-10	-0.26628366	-0.046112332	-0.911019	0	0	0.38	4.959402e-18
7.900499544664043e-10	-0.2618708	-0.038508322	-0.9139435	0	0	0.38	4.550901e-18
8.000022819426319e-10	-0.25147173	-0.032350067	-0.9104147	0	0	0.38	4.2038125e-18
8.100473427843261e-10	-0.2541321	-0.013335305	-0.91021526	0	0	0.38	4.9693603e-18
8.200144450531197e-10	-0.26162565	-0.024405856	-0.9053523	0	0	0.38	4.914869e-18
8.300364079355377e-10	-0.2618747	-0.021770503	-0.90411013	0	0	0.38	5.1084396e-18
8.400370636981921e-10	-0.2727213	-0.019018626	-0.90422493	0	0	0.38	3.8803737e-18
8.500505284435559e-10	-0.26884967	0.013533686	-0.90434724	0	0	0.38	4.8669707e-18
8.600447226289723e-10	-0.25742787	0.02356354	-0.9082822	0	0	0.38	5.962906e-18
8.700435692007087e-10	-0.25607154	0.010076441	-0.9092896	0	0	0.38	4.9767657e-18
8.800396909727247e-10	-0.24688618	0.009774032	-0.91184276	0	0	0.38	4.8558554e-18
8.900019746524385e-10	-0.23233825	-3.813053e-05	-0.91299516	0	0	0.38	4.0995795e-18
9.000320636056367e-10	-0.25003493	-0.016429584	-0.91029763	0	0	0.38	4.1391047e-18
9.100144167999572e-10	-0.2587366	-0.0058122696	-0.9064012	0	0	0.38	4.3874487e-18
9.200634856563166e-10	-0.25217053	0.013556251	-0.91302955	0	0	0.38	4.6792875e-18
9.3005699694898e-10	-0.23282796	0.014368821	-0.9206235	0	0	0.38	5.4454433e-18
9.400241901733424e-10	-0.24084006	0.03866502	-0.91745293	0	0	0.38	5.114037e-18
9.500123565808438e-10	-0.23525737	0.054540686	-0.91485834	0	0	0.38	5.008725e-18
9.600319291133347e-10	-0.23247659	0.048234414	-0.90893507	0	0	0.38	4.2838005e-18
9.700132814757607e-10	-0.22968395	0.04138069	-0.9104273	0	0	0.38	4.562962e-18
9.800599088425018e-10	-0.2167768	0.0336135	-0.92230254	0	0	0.38	5.010411e-18
9.900210404375053e-10	-0.22038583	0.031510625	-0.92488354	0	0	0.38	4.518731e-18
1.0000602064313237e-09	-0.23752135	0.0452522	-0.9180582	0	0	0.38	5.1278874e-18
1.0100384657002219e-09	-0.23756553	0.070389204	-0.92210263	0	0	0.38	4.7041203e-18
1.0200599283240018e-09	-0.2223679	0.08388756	-0.92624533	0	0	0.38	3.6239684e-18
1.0300072293962302e-09	-0.20883791	0.08227953	-0.92868704	0	0	0.38	4.416923e-18
1.0400363487832663e-09	-0.185846	0.106857866	-0.93289447	0	0	0.38	4.368955e-18
1.0500452840276443e-09	-0.18242179	0.09691498	-0.93331814	0	0	0.38	4.3567847e-18
1.0600289635596585e-09	-0.1789915	0.097604536	-0.9290838	0	0	0.38	4.358655e-18
1.070041913383181e-09	-0.17491697	0.07491293	-0.92714196	0	0	0.38	3.8485682e-18
1.0800445250284096e-09	-0.1657838	0.08322608	-0.9295475	0	0	0.38	5.202822e-18
1.0900440303707126e-09	-0.18328413	0.08404139	-0.932961	0	0	0.38	4.610367e-18
1.1000250366821777e-09	-0.1881264	0.09484093	-0.9346966	0	0	0.38	4.139972e-18
1.110050874504233e-09	-0.18109766	0.11685462	-0.9309215	0	0	0.38	3.6245834e-18
1.120020962110918e-09	-0.18106368	0.13906847	-0.9230291	0	0	0.38	4.6540684e-18
1.13000766383768e-09	-0.17030527	0.14502443	-0.92494833	0	0	0.38	5.3550564e-18
1.1400358572110254e-09	-0.1505718	0.14718011	-0.92718047	0	0	0.38	3.491958e-18
1.1500004917052451e-09	-0.14414111	0.15208346	-0.925667	0	0	0.38	3.8427676e-18
1.1600107670530447e-09	-0.13390853	0.14496166	-0.919649	0	0	0.38	4.21396e-18
1.1700301056224355e-09	-0.15622611	0.14105767	-0.9177782	0	0	0.38	4.885254e-18
1.1800613958029145e-09	-0.1629854	0.14130779	-0.92245257	0	0	0.38	3.973815e-18
1.1900529493436294e-09	-0.17056756	0.1470673	-0.9157629	0	0	0.38	4.068031e-18
1.2000464430519218e-09	-0.18549083	0.14962494	-0.9153952	0	0	0.38	3.4613236e-18
1.210040711404262e-09	-0.19411594	0.15406163	-0.9206157	0	0	0.38	4.0214924e-18
1.2200594144643631e-09	-0.16764815	0.15444219	-0.924292	0	0	0.38	4.199206e-18
1.2300302326314893e-09	-0.15355115	0.15189485	-0.9310507	0	0	0.38	4.2173547e-18
1.240031822930204e-09	-0.1453197	0.15685129	-0.9292613	0	0	0.38	4.2686023e-18
1.2500255611060389e-09	-0.12956995	0.17520158	-0.9248733	0	0	0.38	4.8858635e-18
1.2600327009821691e-09	-0.123133354	0.18205453	-0.923992	0	0	0.38	4.6358275e-18
1.2700080697697507e-09	-0.118216485	0.18835261	-0.92219895	0	0	0.38	4.03178e-18
1.2800540579819724e-09	-0.11718915	0.19626497	-0.9190643	0	0	0.38	4.9003937e-18
1.2900289388976375e-09	-0.103767924	0.20925876	-0.9212254	0	0	0.38	5.0697023e-18
1.3000362338919536e-09	-0.1059629	0.21432915	-0.9196361	0	0	0.38	3.803624e-18
1.3100137715554908e-09	-0.06293271	0.21191584	-0.9224799	0	0	0.38	3.915231e-18
1.3200575790648155e-09	-0.0637604	0.2092781	-0.92263126	0	0	0.38	4.656655e-18
1.330040293499361e-09	-0.05744534	0.20461942	-0.92324334	0	0	0.38	4.1183127e-18
1.340041583676402e-09	-0.05050168	0.20478858	-0.9221695	0	0	0.38	3.776823e-18
1.3500134655662887e-09	-0.06010881	0.20785722	-0.9217847	0	0	0.38	3.652345e-18
1.3600367980311195e-09	-0.053691432	0.22368893	-0.9203379	0	0	0.38	4.0975273e-18
1.370007311498212e-09	-0.052797556	0.23621945	-0.91898006	0	0	0.38	3.5825622e-18
1.380021340925714e-09	-0.03637615	0.24655312	-0.91790086	0	0	0.38	3.8931438e-18
1.390046887716074e-09	-0.027864804	0.2588522	-0.9195827	0	0	0.38	3.7728717e-18
1.4000206727013324e-09	-0.019843092	0.2553719	-0.91838574	0	0	0.38	5.118179e-18
1.4100627959689279e-09	-0.0069534113	0.24223177	-0.9172226	0	0	0.38	4.7402375e-18
1.4200144788207817e-09	-0.018513868	0.2500669	-0.9117617	0	0	0.38	5.2613034e-18
1.4300089198009837e-09	-0.016480647	0.24554873	-0.91363335	0	0	0.38	4.6600246e-18
1.4400064229467702e-09	-0.020156994	0.24191096	-0.91158384	0	0	0.38	3.988952e-18
1.4500293588735327e-09	-0.016344994	0.2489748	-0.9051752	0	0	0.38	4.6701538e-18
1.4600322013404378e-09	-0.015936915	0.26217842	-0.9065543	0	0	0.38	4.0840996e-18
1.470019734581103e-09	0.011103167	0.26364398	-0.9017513	0	0	0.38	4.7080085e-18
1.4800625536317494e-09	-0.0075526824	0.26477295	-0.9016062	0	0	0.38	3.9123935e-18
1.490001665419808e-09	-0.015209607	0.26711282	-0.9033465	0	0	0.38	4.708099e-18
1.5000377722102559e-09	-0.021866934	0.26214227	-0.90762883	0	0	0.38	3.435263e-18
1.510046498732642e-09	-0.02321556	0.24851257	-0.9119093	0	0	0.38	3.4005674e-18
1.5200392177741613e-09	0.009815625	0.2508449	-0.91620773	0	0	0.38	3.8364955e-18
1.5300001417011001e-09	0.012369011	0.23930554	-0.91566116	0	0	0.38	4.6806987e-18
1.5400344559063747e-09	0.028858025	0.24479742	-0.9102735	0	0	0.38	4.531802e-18
1.5500616074876883e-09	0.036904376	0.25448447	-0.9099921	0	0	0.38	4.675521e-18
1.560061124147264e-09	0.036538936	0.26371494	-0.9032261	0	0	0.38	4.7456952e-18
1.5700275546314908e-09	0.022316666	0.25980654	-0.9080614	0	0	0.38	4.4709373e-18
1.5800490156970308e-09	0.037759066	0.26308495	-0.90668213	0	0	0.38	4.605729e-18
1.5900192945147772e-09	0.054136246	0.2689261	-0.9057125	0	0	0.38	4.5052024e-18
1.600045504226482e-09	0.07223888	0.27454484	-0.9058976	0	0	0.38	3.8219582e-18
1.6100531166464976e-09	0.07567846	0.2588479	-0.9052579	0	0	0.38	4.9892275e-18
1.6200592162495384e-09	0.064057425	0.27729142	-0.8969942	0	0	0.38	4.7709577e-18
1.6300251856354879e-09	0.06997002	0.25383365	-0.90547985	0	0	0.38	4.2922323e-18
1.6400283261911685e-09	0.053435817	0.24058087	-0.9088088	0	0	0.38	4.650727e-18
1.6500403295055028e-09	0.054259423	0.25035775	-0.90421027	0	0	0.38	4.6370496e-18
1.6600443397437356e-09	0.060126375	0.27241102	-0.89399326	0	0	0.38	4.9303087e-18
1.6700611456873844e-09	0.048720825	0.28316176	-0.89102143	0	0	0.38	3.8528394e-18
1.6800604551021423e-09	0.051527616	0.25843284	-0.8976719	0	0	0.38	4.883198e-18
1.6900445116887946e-09	0.05340162	0.2561628	-0.8917691	0	0	0.38	4.6870775e-18
1.7000631253589833e-09	0.04875117	0.25418046	-0.8929806	0	0	0.38	3.495998e-18
1.710065313291792e-09	0.040947627	0.26013443	-0.8950773	0	0	0.38	4.588374e-18
1.720045436164639e-09	0.03119254	0.25908664	-0.8974917	0	0	0.38	5.301358e-18
1.7300511482587157e-09	0.046717603	0.26363236	-0.8902919	0	0	0.38	4.726137e-18
1.7400064842142182e-09	0.041675933	0.25263155	-0.8938761	0	0	0.38	4.428158e-18
1.7500467472963847e-09	0.033011824	0.23731305	-0.8895423	0	0	0.38	4.8101285e-18
1.7600650879270698e-09	0.01623897	0.23769583	-0.89560854	0	0	0.38	4.0397843e-18
1.7700123276741087e-09	0.01462293	0.22912669	-0.897321	0	0	0.38	4.920715e-18
1.7800612802863545e-09	0.010377682	0.24034074	-0.8909981	0	0	0.38	5.636946e-18
1.7900334111598708e-09	-0.01306406	0.24454254	-0.8899153	0	0	0.38	4.085189e-18
1.8000061939165015e-09	-0.024182528	0.2430759	-0.8881445	0	0	0.38	3.6043713e-18
1.810051990536476e-09	-0.014470589	0.24373813	-0.89378273	0	0	0.38	4.77913e-18
1.8200226628451195e-09	-0.035014227	0.2536541	-0.8933727	0	0	0.38	5.6272233e-18
1.8300091371677421e-09	-0.01785799	0.26778114	-0.90071326	0	0	0.38	4.642952e-18
1.840050458030449e-09	0.00056294736	0.27365994	-0.8986496	0	0	0.38	4.8595984e-18
1.8500380517581982e-09	0.018127313	0.2671611	-0.9023313	0	0	0.38	5.160633e-18
1.860057333943776e-09	0.042344924	0.24497087	-0.9085352	0	0	0.38	4.7629916e-18
1.8700155885538593e-09	0.028361239	0.23441997	-0.9050628	0	0	0.38	3.748038e-18
1.880015287896383e-09	0.0092377495	0.2285691	-0.9091532	0	0	0.38	4.0769784e-18
1.8900205019042556e-09	0.017822772	0.2314838	-0.90839607	0	0	0.38	4.3562793e-18
1.900049901809638e-09	0.014821421	0.23581652	-0.9069088	0	0	0.38	4.215702e-18
1.9100151614987987e-09	0.009656807	0.24677408	-0.90675896	0	0	0.38	4.3205273e-18
1.9200614598026715e-09	0.024884675	0.24330178	-0.9046057	0	0	0.38	4.3664052e-18
1.9300036022145474e-09	0.028396538	0.2592727	-0.89899194	0	0	0.38	4.3834327e-18
1.9400574194935273e-09	0.050522264	0.26536623	-0.8996556	0	0	0.38	3.8661127e-18
1.9500230902404306e-09	0.0635352	0.25541404	-0.8981525	0	0	0.38	4.0827588e-18
1.960007114051197e-09	0.079551585	0.2528655	-0.89533913	0	0	0.38	4.6866134e-18
1.9700575063264624e-09	0.06855187	0.23326491	-0.8993317	0	0	0.38	4.3521103e-18
1.9800327445651275e-09	0.042117406	0.23228312	-0.9049009	0	0	0.38	5.0899223e-18
1.9900587059010776e-09	0.03886206	0.23025967	-0.9061329	0	0	0.38	4.2989354e-18
2.00002878587804e-09	0.02773655	0.24002053	-0.90639657	0	0	0.38	4.0043234e-18
2.0100211445235387e-09	0.025553904	0.23980461	-0.90490746	0	0	0.38	4.417156e-18
2.0200069946865733e-09	0.026605865	0.2439214	-0.904982	0	0	0.38	4.3414624e-18
2.0300503286320518e-09	0.04715176	0.2489243	-0.9096442	0	0	0.38	5.0052207e-18
2.0400238570086047e-09	0.04507802	0.24874458	-0.9156572	0	0	0.38	4.98069e-18
2.050054527850324e-09	0.08387116	0.23746035	-0.91877306	0	0	0.38	4.1065998e-18
2.0600071814880463e-09	0.1039065	0.22901921	-0.915475	0	0	0.38	5.0519837e-18
2.070029754632305e-09	0.10553933	0.22224937	-0.9128944	0	0	0.38	4.1372104e-18
2.0800551708154443e-09	0.09587879	0.21032774	-0.9135288	0	0	0.38	5.04821e-18
2.0900150451595213e-09	0.09869259	0.22080903	-0.91667545	0	0	0.38	4.2823604e-18
2.100043088265969e-09	0.10717623	0.21220165	-0.9172003	0	0	0.38	4.0048934e-18
2.110012914661538e-09	0.08744185	0.21237434	-0.91475815	0	0	0.38	4.66383e-18
2.1200604738822e-09	0.103257634	0.22283725	-0.9122115	0	0	0.38	4.5425645e-18
2.130019078198882e-09	0.11098283	0.23702097	-0.9117648	0	0	0.38	3.7873846e-18
2.1400249502557445e-09	0.11165591	0.22190754	-0.915211	0	0	0.38	3.5317837e-18
2.1500201785634466e-09	0.12897737	0.21089014	-0.91001195	0	0	0.38	5.047033e-18
2.16003891882696e-09	0.14221378	0.2021352	-0.91520894	0	0	0.38	4.6430074e-18
2.1700500068580163e-09	0.14259431	0.18364306	-0.9238517	0	0	0.38	4.855003e-18
2.180047088273762e-09	0.16348661	0.17341816	-0.9185633	0	0	0.38	3.5029006e-18
2.19004968066976e-09	0.1712337	0.1727991	-0.91642046	0	0	0.38	4.522979e-18
2.200017439201059e-09	0.16874103	0.16623127	-0.9178344	0	0	0.38	4.5148254e-18
2.210031821869844e-09	0.1810065	0.1672654	-0.921026	0	0	0.38	4.7576348e-18
2.2200581420034193e-09	0.191087	0.1596001	-0.91739315	0	0	0.38	4.245432e-18
2.2300320176641204e-09	0.1998898	0.17408343	-0.9131398	0	0	0.38	5.296626e-18
2.2400599132253836e-09	0.21199106	0.16063511	-0.91066206	0	0	0.38	4.461033e-18
2.250003706078221e-09	0.22696453	0.14333738	-0.9108396	0	0	0.38	4.788144e-18
2.260044189564869e-09	0.22267069	0.12774006	-0.9167999	0	0	0.38	4.3171785e-18
2.2700455990326572e-09	0.21976076	0.1155318	-0.9197993	0	0	0.38	4.841295e-18
2.2800531723210585e-09	0.22944973	0.097479455	-0.9176201	0	0	0.38	5.0286138e-18
2.290011951248562e-09	0.22413953	0.094723225	-0.91125065	0	0	0.38	3.7083996e-18
2.3000443226595197e-09	0.21858966	0.09561083	-0.9128859	0	0	0.38	4.748821e-18
2.310011178436832e-09	0.21340159	0.08445752	-0.91393155	0	0	0.38	4.038716e-18
2.3200533338596117e-09	0.22763707	0.059680447	-0.9090394	0	0	0.38	4.264619e-18
2.3300491495611885e-09	0.22539245	0.03735162	-0.9177263	0	0	0.38	4.068451e-18
2.3400188568730218e-09	0.2394048	0.024165101	-0.9103604	0	0	0.38	4.992979e-18
2.350000960581713e-09	0.23642185	0.020154323	-0.91239804	0	0	0.38	4.7917754e-18
2.3600152169986724e-09	0.22254996	0.023020815	-0.9100534	0	0	0.38	5.1273936e-18
2.3700095295883692e-09	0.23482382	0.04272993	-0.90914196	0	0	0.38	3.97308e-18
2.3800337221427507e-09	0.24574983	0.053003024	-0.90726143	0	0	0.38	4.5449397e-18
2.390010335472228e-09	0.24364719	0.053421512	-0.91101736	0	0	0.38	5.32996e-18
2.4000008725013755e-09	0.2637498	0.05133479	-0.90585	0	0	0.38	3.7627396e-18
2.4100330265689663e-09	0.27783212	0.041423388	-0.9051243	0	0	0.38	5.102576e-18
2.420063094792028e-09	0.27524436	0.027763303	-0.90106916	0	0	0.38	4.3158285e-18
2.430010849353596e-09	0.28033534	0.022511022	-0.89764005	0	0	0.38	4.4744147e-18
2.4400603813396463e-09	0.28375688	0.009487828	-0.8937815	0	0	0.38	4.3895365e-18
2.4500227565393498e-09	0.2800999	0.018327864	-0.893071	0	0	0.38	3.0306866e-18
2.460037782428004e-09	0.277813	0.014629293	-0.8972157	0	0	0.38	4.219416e-18
2.470031026033874e-09	0.2719709	0.014858476	-0.89803696	0	0	0.38	4.0489246e-18
2.48003986814403e-09	0.2849099	0.016849322	-0.89299625	0	0	0.38	4.0420255e-18
2.49000376388973e-09	0.28633776	0.0022763596	-0.8954441	0	0	0.38	5.1010595e-18
2.500059816448981e-09	0.2780904	0.0035203502	-0.89342827	0	0	0.38	4.301073e-18
2.5100603293526587e-09	0.28370866	0.00052012305	-0.8894841	0	0	0.38	4.1564465e-18
2.5200614151702126e-09	0.28447047	-0.0015781237	-0.88617605	0	0	0.38	4.7375355e-18
2.5300058888910313e-09	0.26079416	0.007586382	-0.8912475	0	0	0.38	5.0427354e-18
2.5400608285834307e-09	0.26222277	0.010952662	-0.8995257	0	0	0.38	4.665174e-18
2.5500611863527658e-09	0.2633388	0.015733955	-0.89798886	0	0	0.38	4.0409522e-18
2.5600342252363995e-09	0.2480437	0.025372608	-0.9004244	0	0	0.38	4.4260073e-18
2.570027834914003e-09	0.2457312	0.028442726	-0.9019099	0	0	0.38	4.042805e-18
2.5800317716042234e-09	0.23917927	0.026933141	-0.9051358	0	0	0.38	4.2823914e-18
2.5900178831877222e-09	0.25992826	0.034690995	-0.90247816	0	0	0.38	4.649501e-18
2.600010262070008e-09	0.26860675	0.022063768	-0.90174633	0	0	0.38	4.3703467e-18
2.6100364906737346e-09	0.2923105	0.00936269	-0.9036713	0	0	0.38	4.4881054e-18
2.62005525758211e-09	0.30076882	0.007606741	-0.89733404	0	0	0.38	5.0673945e-18
2.6300449321697373e-09	0.3119422	0.017870612	-0.88953	0	0	0.38	4.2237984e-18
2.640023118519193e-09	0.3031708	0.02379333	-0.89218956	0	0	0.38	4.921436e-18
2.6500530067891983e-09	0.29454133	0.043806776	-0.8944466	0	0	0.38	4.8617106e-18
2.660058345135819e-09	0.2964576	0.057212323	-0.8913441	0	0	0.38	4.3424385e-18
2.6700554262167884e-09	0.30783033	0.055829324	-0.8913302	0	0	0.38	4.6092617e-18
2.680053259845362e-09	0.30189094	0.04468623	-0.8919846	0	0	0.38	4.3759682e-18
2.690023810351235e-09	0.30520496	0.034330156	-0.89079136	0	0	0.38	4.0674944e-18
2.7000054005750918e-09	0.2833086	0.030025108	-0.89171493	0	0	0.38	4.78606e-18
2.7100468460071628e-09	0.27738932	0.031661373	-0.8973619	0	0	0.38	4.7920145e-18
2.7200325791068853e-09	0.26518133	0.016980713	-0.9030289	0	0	0.38	3.5510024e-18
2.730018067556563e-09	0.25783747	0.022774002	-0.9058687	0	0	0.38	4.8470828e-18
2.740039147113581e-09	0.25749886	0.015193848	-0.90570855	0	0	0.38	4.374722e-18
2.750010811513003e-09	0.2573307	0.015339466	-0.90511906	0	0	0.38	3.5122486e-18
2.7600394435479434e-09	0.26254132	0.007104514	-0.9020166	0	0	0.38	5.2740333e-18
2.770047022056881e-09	0.2717444	-0.010488745	-0.9002236	0	0	0.38	4.4655407e-18
2.7800210413854326e-09	0.27265018	-0.01599555	-0.90028733	0	0	0.38	3.7259486e-18
2.7900082396403667e-09	0.2847885	-0.019956676	-0.89749414	0	0	0.38	4.0206983e-18
2.8000513606411497e-09	0.28758556	-0.026677454	-0.8922085	0	0	0.38	4.9984498e-18
2.810065137690618e-09	0.27643383	-0.030022321	-0.89861894	0	0	0.38	4.3321603e-18
2.8200249855291426e-09	0.28971168	-0.011481262	-0.89248234	0	0	0.38	5.1153486e-18
2.8300592924116178e-09	0.2893585	-0.027553884	-0.89400584	0	0	0.38	3.890442e-18
2.840047820843599e-09	0.28000587	-0.0052722124	-0.8938504	0	0	0.38	4.3207573e-18
2.850023064952437e-09	0.2807591	0.0024262625	-0.9006016	0	0	0.38	4.7547177e-18
2.8600225867405378e-09	0.27538773	0.004993765	-0.90911007	0	0	0.38	4.8970106e-18
2.8700064885538227e-09	0.27271366	-0.007243726	-0.912542	0	0	0.38	4.1963116e-18
2.880055652361916e-09	0.292588	-0.025201803	-0.9051595	0	0	0.38	4.6330543e-18
2.890049268525624e-09	0.3011283	-0.02975899	-0.90459985	0	0	0.38	4.3326596e-18
2.900057011281791e-09	0.2918794	-0.034810312	-0.90485233	0	0	0.38	4.6260117e-18
2.9100448589955427e-09	0.29575035	-0.026029225	-0.8969752	0	0	0.38	4.865099e-18
2.920050669967369e-09	0.2806702	-0.031328462	-0.8995145	0	0	0.38	4.7194525e-18
2.9300123181995706e-09	0.28504673	-0.034967832	-0.8988392	0	0	0.38	4.3182153e-18
2.9400166547485826e-09	0.29354748	-0.028755266	-0.8934905	0	0	0.38	4.6673124e-18
2.9500143331433338e-09	0.29413465	-0.03185013	-0.89528215	0	0	0.38	4.6720075e-18
2.9600169117864293e-09	0.29039118	-0.021596147	-0.8960395	0	0	0.38	4.176151e-18
2.9700254032946274e-09	0.30296963	-0.0073849703	-0.9009416	0	0	0.38	4.7064546e-18
2.9800431733548537e-09	0.2973574	-0.0027425785	-0.90063906	0	0	0.38	3.6429344e-18
2.9900601004853974e-09	0.28505477	-0.01082865	-0.8966188	0	0	0.38	4.480729e-18
3.0000475626701432e-09	0.26812106	-0.022139072	-0.90412617	0	0	0.38	5.0534358e-18
3.0100374857430385e-09	0.25107944	0.0010174953	-0.90373087	0	0	0.38	5.501238e-18
3.020002230742527e-09	0.23501505	0.0067960722	-0.9073085	0	0	0.38	4.564858e-18
3.03000797464123e-09	0.24824901	-0.0004890884	-0.908734	0	0	0.38	4.7876275e-18
3.04004927875476e-09	0.24849987	-0.018483944	-0.9108921	0	0	0.38	4.725399e-18
3.050056866089512e-09	0.2357437	-0.0443013	-0.9103109	0	0	0.38	3.624263e-18
3.060036655550634e-09	0.23559101	-0.07028723	-0.91154456	0	0	0.38	4.791188e-18
3.0700059619062377e-09	0.2279695	-0.08076708	-0.9110569	0	0	0.38	5.2316e-18
3.080016702093535e-09	0.22928768	-0.06670898	-0.91411126	0	0	0.38	4.750448e-18
3.0900544170351323e-09	0.24439536	-0.06696573	-0.90952224	0	0	0.38	4.543369e-18
3.100053048931653e-09	0.24899115	-0.06490728	-0.9090578	0	0	0.38	4.249378e-18
3.1100358945835912e-09	0.25449654	-0.048382096	-0.90505743	0	0	0.38	5.060868e-18
3.1200077739408887e-09	0.25731662	-0.04376494	-0.9059167	0	0	0.38	5.02489e-18
3.1300494041153325e-09	0.23714663	-0.0306689	-0.9088822	0	0	0.38	4.2412255e-18
3.140060691047804e-09	0.24609677	-0.034048714	-0.9077767	0	0	0.38	3.77474e-18
3.150008889125129e-09	0.25493786	-0.03869398	-0.90969247	0	0	0.38	4.147488e-18
3.1600134095877508e-09	0.2575538	-0.07204719	-0.90158546	0	0	0.38	5.1305472e-18
3.1700202757558452e-09	0.27026093	-0.062243756	-0.8999458	0	0	0.38	4.0250695e-18
3.1800108163469045e-09	0.25449616	-0.061627932	-0.90366113	0	0	0.38	5.335557e-18
3.1900247372273416e-09	0.23921497	-0.06651832	-0.91155285	0	0	0.38	4.910561e-18
3.200016055912591e-09	0.23386124	-0.06798747	-0.9089997	0	0	0.38	4.2565478e-18
3.2100488285197244e-09	0.24394551	-0.06541798	-0.9096735	0	0	0.38	5.478639e-18
3.22002056980721e-09	0.2502615	-0.076035775	-0.90718055	0	0	0.38	4.4740413e-18
3.23003301585254e-09	0.22797848	-0.087885626	-0.9038527	0	0	0.38	4.4036987e-18
3.2400519707249544e-09	0.22748514	-0.06411204	-0.9010602	0	0	0.38	4.286039e-18
3.2500282413577308e-09	0.23218675	-0.06814515	-0.9028645	0	0	0.38	3.861591e-18
3.260008745910522e-09	0.23976274	-0.06707389	-0.9023702	0	0	0.38	4.6603e-18
3.2700568697508243e-09	0.2642906	-0.064540096	-0.89573646	0	0	0.38	5.0473333e-18
3.2800497497505368e-09	0.28074747	-0.07247783	-0.8936393	0	0	0.38	4.177661e-18
3.290019279120936e-09	0.2703278	-0.09755552	-0.8934006	0	0	0.38	4.804533e-18
3.300000474027284e-09	0.29749325	-0.0923716	-0.8797854	0	0	0.38	5.0879044e-18
3.310027940705537e-09	0.28338295	-0.09711761	-0.8808947	0	0	0.38	5.3954725e-18
3.320024705833617e-09	0.28384703	-0.08701297	-0.88135487	0	0	0.38	3.9730796e-18
3.3300313716826847e-09	0.28083998	-0.090188265	-0.87751395	0	0	0.38	4.8731365e-18
3.3400056355161748e-09	0.28971276	-0.08370649	-0.8723152	0	0	0.38	3.6047725e-18
3.350040628645581e-09	0.30793184	-0.08226613	-0.86659145	0	0	0.38	4.163248e-18
3.3600609067487106e-09	0.3186887	-0.0798847	-0.858752	0	0	0.38	4.8519925e-18
3.370060521602906e-09	0.30712765	-0.07357972	-0.85677373	0	0	0.38	5.1480045e-18
3.3800440560189486e-09	0.29636317	-0.057350405	-0.8600004	0	0	0.38	4.4065657e-18
3.3900334222952517e-09	0.30389693	-0.034170955	-0.86166275	0	0	0.38	5.191909e-18
3.4000254356083313e-09	0.28687322	-0.031221185	-0.8657381	0	0	0.38	5.5129975e-18
3.410002443904725e-09	0.26145428	0.0017701252	-0.8740442	0	0	0.38	4.267328e-18
3.42006495920859e-09	0.25124118	0.018184714	-0.87413764	0	0	0.38	4.318421e-18
3.430032865350454e-09	0.24738649	0.026693018	-0.8748215	0	0	0.38	4.651425e-18
3.44002006235592e-09	0.24960087	0.04234202	-0.8729798	0	0	0.38	5.510652e-18
3.450010585282969e-09	0.230019	0.06756736	-0.87278485	0	0	0.38	4.0001714e-18
3.460044859818273e-09	0.23476438	0.09532831	-0.87485325	0	0	0.38	4.999877e-18
3.4700401126463204e-09	0.25427854	0.10925689	-0.8716722	0	0	0.38	4.0992937e-18
3.4800037328671216e-09	0.24467607	0.13046771	-0.8707337	0	0	0.38	4.374276e-18
3.490050756456937e-09	0.24309915	0.15070094	-0.8705001	0	0	0.38	4.166084e-18
3.5000430091559972e-09	0.24683057	0.14649704	-0.87160784	0	0	0.38	4.6753704e-18
3.510010530955353e-09	0.23153377	0.16708711	-0.8717671	0	0	0.38	4.305909e-18
3.520029940369055e-09	0.23588637	0.18144894	-0.870348	0	0	0.38	4.5475416e-18
3.530056566297438e-09	0.2206436	0.18982984	-0.8708867	0	0	0.38	5.290229e-18
3.5400484166646907e-09	0.21731827	0.19716851	-0.86344904	0	0	0.38	4.9101503e-18
3.5500194295776526e-09	0.19665638	0.19457579	-0.8742721	0	0	0.38	5.4099465e-18
3.5600215154768296e-09	0.19694237	0.18989879	-0.8679607	0	0	0.38	4.7391725e-18
3.5700457971473084e-09	0.1974991	0.20662314	-0.86463445	0	0	0.38	4.1444487e-18
3.580027802094523e-09	0.17965907	0.21761818	-0.86341685	0	0	0.38	3.3132895e-18
3.5900533981543788e-09	0.17026421	0.245741	-0.8595938	0	0	0.38	4.258308e-18
3.6000059801626334e-09	0.14576785	0.2611004	-0.85762906	0	0	0.38	4.0067243e-18
3.6100291304955174e-09	0.13287129	0.28269398	-0.8561188	0	0	0.38	4.8425345e-18
3.6200286489946483e-09	0.12948395	0.31313384	-0.84445804	0	0	0.38	4.4170237e-18
3.6300343851298646e-09	0.08893016	0.31871852	-0.83044523	0	0	0.38	5.371192e-18
3.6400126141782286e-09	0.031169515	0.3158755	-0.8257863	0	0	0.38	4.9937973e-18
3.6500059785490542e-09	-0.029144024	0.31459007	-0.82149655	0	0	0.38	5.2683224e-18
3.6600607565469907e-09	-0.08959649	0.27396962	-0.825408	0	0	0.38	4.927778e-18
3.6700137814639584e-09	-0.14227512	0.23425974	-0.8242413	0	0	0.38	4.3316603e-18
3.6800492369130507e-09	-0.19571422	0.18147211	-0.8216115	0	0	0.38	4.0122474e-18
3.6900333850650516e-09	-0.21109997	0.12772615	-0.82708776	0	0	0.38	5.4778e-18
3.700036712943734e-09	-0.20639355	0.03926403	-0.8294153	0	0	0.38	4.3322853e-18
3.7100098300290518e-09	-0.18326527	-0.013827804	-0.8266314	0	0	0.38	4.2076854e-18
3.7200137645099062e-09	-0.16941303	-0.08295334	-0.82398057	0	0	0.38	5.5691908e-18
3.730002034445803e-09	-0.111372635	-0.1310955	-0.8235738	0	0	0.38	4.48762e-18
3.740038049907114e-09	-0.03771284	-0.16007513	-0.8175097	0	0	0.38	4.2110173e-18
3.750012526060179e-09	0.031266857	-0.17751262	-0.8027058	0	0	0.38	5.077396e-18
3.760028240117253e-09	0.10859415	-0.20453407	-0.79048884	0	0	0.38	3.805063e-18
3.770044969139756e-09	0.20448928	-0.1665754	-0.77997625	0	0	0.38	4.53056e-18
3.780014711042613e-09	0.28182724	-0.10240587	-0.77205503	0	0	0.38	4.9412382e-18
3.790032849908446e-09	0.3202106	-0.0042961785	-0.7703151	0	0	0.38	4.6549626e-18
3.800012696657112e-09	0.3254054	0.11271438	-0.7650414	0	0	0.38	4.329496e-18
3.81005093432955e-09	0.30986673	0.2075696	-0.7592384	0	0	0.38	4.388356e-18
3.820008063799378e-09	0.26524392	0.27340075	-0.74455416	0	0	0.38	5.434054e-18
3.830038284010239e-09	0.14839266	0.30636463	-0.71828187	0	0	0.38	4.207904e-18
3.840032616319326e-09	0.02403674	0.27945822	-0.6986493	0	0	0.38	4.2802548e-18
3.850025891070614e-09	-0.07871148	0.1832543	-0.6827805	0	0	0.38	4.652452e-18
3.860037020922409e-09	-0.15638132	0.055236056	-0.6744607	0	0	0.38	4.117223e-18
3.870015895459967e-09	-0.18823062	-0.07936492	-0.6725299	0	0	0.38	4.7456055e-18
3.880045820642593e-09	-0.16855015	-0.21971437	-0.6715497	0	0	0.38	4.7438668e-18
3.890038194948941e-09	-0.08850378	-0.33040616	-0.66776776	0	0	0.38	4.7179355e-18
3.90001239430468e-09	0.047239568	-0.43048298	-0.6521226	0	0	0.38	5.3887157e-18
3.91000604069141e-09	0.19373895	-0.41099057	-0.6408964	0	0	0.38	4.331771e-18
3.920043974550636e-09	0.3187116	-0.31501696	-0.6243171	0	0	0.38	4.0268943e-18
3.93006341192444e-09	0.3779206	-0.16912423	-0.62099546	0	0	0.38	4.7316894e-18
3.940033792864261e-09	0.34800163	0.00030060002	-0.6182494	0	0	0.38	3.831739e-18
3.9500645481742955e-09	0.2529937	0.10631242	-0.6212173	0	0	0.38	3.8728145e-18
3.960063660231893e-09	0.12693758	0.19376601	-0.62576956	0	0	0.38	4.500445e-18
3.970024873905298e-09	-0.044497907	0.18802199	-0.62174	0	0	0.38	4.340352e-18
3.980049798550037e-09	-0.18481135	0.106107436	-0.6128793	0	0	0.38	4.613678e-18
3.990039108176761e-09	-0.3074437	-0.03482592	-0.6016618	0	0	0.38	4.3236925e-18
4.000031467512737e-09	-0.33503863	-0.18500677	-0.6075799	0	0	0.38	4.1933892e-18
4.010059840432422e-09	-0.2740673	-0.35827756	-0.60749257	0	0	0.38	4.8735525e-18
4.0200142688161845e-09	-0.12146953	-0.43880242	-0.6000527	0	0	0.38	3.9321747e-18
4.030005793833529e-09	0.055957735	-0.4017092	-0.5915116	0	0	0.38	4.022465e-18
4.040023797659214e-09	0.16802454	-0.24839324	-0.5774206	0	0	0.38	4.022782e-18
4.050014466591186e-09	0.20800053	-0.09936397	-0.57738644	0	0	0.38	3.4531997e-18
4.0600354910209555e-09	0.22825818	0.07116515	-0.58048236	0	0	0.38	3.960246e-18
4.0700133495315464e-09	0.13205363	0.24703912	-0.57933265	0	0	0.38	4.5742666e-18
4.080017560055182e-09	-0.033251796	0.3301006	-0.56446177	0	0	0.38	4.3428173e-18
4.090023015931865e-09	-0.2131681	0.30249724	-0.55511993	0	0	0.38	3.4986973e-18
4.100048363135586e-09	-0.33875087	0.17595981	-0.544609	0	0	0.38	3.881499e-18
4.110001855425849e-09	-0.34774426	-0.018777212	-0.545345	0	0	0.38	4.8799504e-18
4.120045676275607e-09	-0.264438	-0.19960466	-0.54111093	0	0	0.38	2.420995e-18
4.130058194327616e-09	-0.080217	-0.25982115	-0.5394613	0	0	0.38	3.3851033e-18
4.1400570081099245e-09	0.07171498	-0.21457984	-0.5216892	0	0	0.38	3.746482e-18
4.150028653490944e-09	0.20918466	-0.17319225	-0.51702595	0	0	0.38	4.7160764e-18
4.160032082013724e-09	0.3702246	-0.008036073	-0.49953178	0	0	0.38	4.615877e-18
4.170063950379145e-09	0.36189803	0.2381626	-0.49304375	0	0	0.38	4.935629e-18
4.180039425128302e-09	0.23704304	0.38312972	-0.49571845	0	0	0.38	3.3216194e-18
4.190011724824268e-09	0.09602342	0.40540424	-0.48070335	0	0	0.38	2.849112e-18
4.200021825262919e-09	-0.08585197	0.33558205	-0.4623705	0	0	0.38	3.8551977e-18
4.210048175518942e-09	-0.22453007	0.16097815	-0.44922668	0	0	0.38	4.2049793e-18
4.220023026231059e-09	-0.25815287	-0.055755578	-0.4458574	0	0	0.38	4.733523e-18
4.23005837798266e-09	-0.22473821	-0.23011516	-0.44239175	0	0	0.38	3.2983045e-18
4.240033382874142e-09	-0.09006057	-0.3382067	-0.44236088	0	0	0.38	2.7513121e-18
4.250032834392091e-09	0.086212486	-0.35975623	-0.43840113	0	0	0.38	3.6507405e-18
4.260044039215725e-09	0.26838195	-0.25003192	-0.4151056	0	0	0.38	3.67696e-18
4.270027660376934e-09	0.3681425	-0.05793548	-0.40119228	0	0	0.38	3.0475923e-18
4.280042373007886e-09	0.34023035	0.16039033	-0.4019231	0	0	0.38	4.3798022e-18
4.290013980118465e-09	0.2059077	0.3025549	-0.40423912	0	0	0.38	2.8145224e-18
4.300041881207734e-09	0.035325427	0.30345514	-0.39670315	0	0	0.38	3.0850563e-18
4.310020065234922e-09	-0.14751288	0.23808089	-0.36991787	0	0	0.38	3.726587e-18
4.320048763833291e-09	-0.27293187	0.06541852	-0.35233742	0	0	0.38	3.3151612e-18
4.330006576512702e-09	-0.30186602	-0.16361424	-0.33408424	0	0	0.38	2.5904908e-18
4.340000832616137e-09	-0.21546187	-0.35825002	-0.31760207	0	0	0.38	2.8850838e-18
4.350004023026412e-09	-0.05176145	-0.44521403	-0.29679555	0	0	0.38	3.874918e-18
4.360045713457264e-09	0.14444599	-0.3935126	-0.28383103	0	0	0.38	3.6288413e-18
4.370018388325674e-09	0.30356953	-0.22367743	-0.26302177	0	0	0.38	2.8050162e-18
4.380030473718617e-09	0.31317654	0.049226478	-0.2581852	0	0	0.38	3.8360182e-18
4.3900438220743915e-09	0.18950944	0.2628945	-0.25179267	0	0	0.38	2.6234525e-18
4.400032664761991e-09	0.015560335	0.32853398	-0.2552174	0	0	0.38	3.0642788e-18
4.410056691325037e-09	-0.15183316	0.30661938	-0.25375873	0	0	0.38	2.6782243e-18
4.420007102861565e-09	-0.32716244	0.18906918	-0.24164514	0	0	0.38	2.9657107e-18
4.430030931431565e-09	-0.4075228	-0.07279782	-0.2242734	0	0	0.38	1.988734e-18
4.440042416670687e-09	-0.2710964	-0.3485847	-0.21721134	0	0	0.38	3.7446545e-18
4.45002844588082e-09	-0.012446587	-0.43005034	-0.20784248	0	0	0.38	3.5017562e-18
4.460048301868815e-09	0.19102673	-0.31646195	-0.19321425	0	0	0.38	2.9368067e-18
4.470004241161244e-09	0.2791643	-0.14749233	-0.17344204	0	0	0.38	3.0102656e-18
4.480041383807344e-09	0.32813397	0.06359397	-0.16054791	0	0	0.38	4.655179e-18
4.4900107621703755e-09	0.23496164	0.32253826	-0.14554249	0	0	0.38	2.2545784e-18
4.500006097252297e-09	-0.007962438	0.44037026	-0.14064413	0	0	0.38	3.3054168e-18
4.510005475485187e-09	-0.23510064	0.33506757	-0.12740259	0	0	0.38	2.67075e-18
4.5200590150788225e-09	-0.33572823	0.12844656	-0.110579014	0	0	0.38	3.5925976e-18
4.530061149802345e-09	-0.3128631	-0.118591644	-0.096900426	0	0	0.38	2.1581572e-18
4.540028099284734e-09	-0.17616479	-0.31942725	-0.08946501	0	0	0.38	1.8599282e-18
4.550006480815985e-09	0.051652633	-0.39952955	-0.083331294	0	0	0.38	1.8739917e-18
4.5600110560049096e-09	0.28859007	-0.3306021	-0.062251054	0	0	0.38	2.5868287e-18
4.570061052368639e-09	0.4150369	-0.07627624	-0.04465436	0	0	0.38	2.4434388e-18
4.5800410386341986e-09	0.33822295	0.20869847	-0.040067635	0	0	0.38	2.712384e-18
4.5900525369522824e-09	0.10406771	0.3565607	-0.029352836	0	0	0.38	2.8296027e-18
4.600024129163647e-09	-0.11828494	0.35324425	-0.016838158	0	0	0.38	1.9695898e-18
4.61003587639186e-09	-0.2791486	0.24147709	-0.0045503606	0	0	0.38	1.9395464e-18
4.620052414536847e-09	-0.3504372	0.0221512	-0.0018058739	0	0	0.38	2.1893508e-18
4.630004643793147e-09	-0.27678275	-0.23393726	0.02230631	0	0	0.38	3.282353e-18
4.640060204362842e-09	-0.04359409	-0.4086499	0.035871685	0	0	0.38	2.3885421e-18
4.650032593250857e-09	0.19070117	-0.3675674	0.0370042	0	0	0.38	2.0414654e-18
4.660058341734829e-09	0.3337386	-0.1835997	0.041212298	0	0	0.38	2.3881759e-18
4.670035227930687e-09	0.36890358	0.027113192	0.057215866	0	0	0.38	1.6058786e-18
4.680062446159911e-09	0.24274024	0.26627398	0.07421879	0	0	0.38	2.8874691e-18
4.6900226002299065e-09	0.020599483	0.3784833	0.0826861	0	0	0.38	2.3259924e-18
4.700033045325719e-09	-0.23182288	0.29593173	0.08792737	0	0	0.38	2.9655167e-18
4.710019475936929e-09	-0.3485978	0.090455264	0.100189716	0	0	0.38	1.9382236e-18
4.72006034317712e-09	-0.3089217	-0.15482123	0.12781066	0	0	0.38	1.8004235e-18
4.73003481220562e-09	-0.15184344	-0.34100318	0.14062154	0	0	0.38	2.1163664e-18
4.7400496258495354e-09	0.06920336	-0.3547077	0.1434542	0	0	0.38	8.4544543e-19
4.750025392736099e-09	0.25444314	-0.22739163	0.15364584	0	0	0.38	1.7293518e-18
4.760040667146969e-09	0.32206836	0.018408028	0.18271686	0	0	0.38	1.9744812e-18
4.7700427513523405e-09	0.2011297	0.29701012	0.20178817	0	0	0.38	2.704147e-18
4.780000743406933e-09	-0.022415135	0.3997522	0.21131285	0	0	0.38	2.4096325e-18
4.790006058453339e-09	-0.22989345	0.3398154	0.21345724	0	0	0.38	1.848467e-18
4.800036972207192e-09	-0.34441748	0.14735869	0.23483506	0	0	0.38	2.0075893e-18
4.810057102025188e-09	-0.27152246	-0.12299463	0.26359326	0	0	0.38	2.4588028e-18
4.820059844646141e-09	-0.06196787	-0.2887165	0.28131288	0	0	0.38	7.5879134e-19
4.8300181002827395e-09	0.13470152	-0.29634047	0.28408295	0	0	0.38	2.2065765e-18
4.840040883280403e-09	0.27232218	-0.22646546	0.2951582	0	0	0.38	2.1279775e-18
4.8500503655141015e-09	0.37099338	-0.029128803	0.32035512	0	0	0.38	2.0940735e-18
4.860044628267926e-09	0.25899047	0.25478038	0.33537048	0	0	0.38	4.5257595e-19
4.870057618456298e-09	-0.036140077	0.37106276	0.34916472	0	0	0.38	1.4318672e-18
4.880034389976908e-09	-0.25048214	0.24271409	0.3518682	0	0	0.38	9.277351e-19
4.890015581488549e-09	-0.2993512	0.05043713	0.35734686	0	0	0.38	1.6698867e-18
4.900038780117956e-09	-0.27161393	-0.1398238	0.38147306	0	0	0.38	9.775287e-19
4.910017190130219e-09	-0.09888264	-0.33413893	0.3948301	0	0	0.38	1.3732231e-18
4.920016846095868e-09	0.18955468	-0.31515455	0.40468588	0	0	0.38	1.1848865e-18
4.93005336693898e-09	0.35331994	-0.10101253	0.41273135	0	0	0.38	1.4810917e-18
4.940052766155292e-09	0.29591012	0.15610653	0.4329622	0	0	0.38	1.1200964e-18
4.950046331033083e-09	0.084982716	0.31908593	0.44853127	0	0	0.38	7.4139123e-19
4.9600629092862005e-09	-0.15584908	0.27077338	0.44471842	0	0	0.38	1.3383476e-18
4.9700533218666324e-09	-0.26970914	0.10951846	0.4506906	0	0	0.38	1.1244026e-18
4.980000222582321e-09	-0.2385002	-0.073635854	0.46565536	0	0	0.38	1.941186e-18
4.9900340931589835e-09	-0.15032125	-0.23675676	0.47506154	0	0	0.38	1.489245e-18
5.0000340963921205e-09	0.070293136	-0.30731818	0.48500043	0	0	0.38	1.4144358e-18
5.0100117495798025e-09	0.26816374	-0.16811138	0.48613384	0	0	0.38	3.9365104e-19
5.020027518793227e-09	0.2865311	0.056569435	0.5010284	0	0	0.38	1.5411928e-19
5.030027737358665e-09	0.14558427	0.2322796	0.5149066	0	0	0.38	1.9293326e-18
5.040048184990689e-09	-0.023174599	0.23903298	0.52577084	0	0	0.38	6.2854074e-19
5.050014306595955e-09	-0.15421309	0.16467197	0.5264893	0	0	0.38	6.247237e-19
5.060008551039725e-09	-0.24732043	0.03143822	0.53057677	0	0	0.38	1.0919512e-18
5.070063051407214e-09	-0.22019815	-0.18746987	0.54911524	0	0	0.38	6.605292e-19
5.080050325677522e-09	-0.0119906105	-0.3102084	0.5565981	0	0	0.38	1.0823756e-18
5.090053526111263e-09	0.21949734	-0.24036121	0.555127	0	0	0.38	5.798725e-19
5.100011726613993e-09	0.31316403	-0.0022587904	0.5660138	0	0	0.38	3.9428288e-19
5.110033864255298e-09	0.20322374	0.2138207	0.58094984	0	0	0.38	4.655747e-19
5.120032885531713e-09	-0.019770755	0.27121738	0.5934316	0	0	0.38	4.5498475e-19
5.130011285248437e-09	-0.17551968	0.17879774	0.5936042	0	0	0.38	9.896374e-19
5.140045218016305e-09	-0.24163993	0.039379746	0.5967759	0	0	0.38	1.1013359e-18
5.150042380695668e-09	-0.21952055	-0.1534465	0.61436975	0	0	0.38	1.875472e-18
5.160003641178061e-09	-0.055327777	-0.2827409	0.6313187	0	0	0.38	-5.0379732e-20
5.170027908954082e-09	0.16653666	-0.22961399	0.6474736	0	0	0.38	1.0495818e-19
5.180026010557759e-09	0.27105945	-0.036542565	0.6592432	0	0	0.38	1.1959654e-20
5.1900618678423656e-09	0.18554093	0.16721903	0.6633229	0	0	0.38	1.06867257e-19
5.200010068852551e-09	0.0155585725	0.22992332	0.6720028	0	0	0.38	1.0753741e-18
5.210042194628756e-09	-0.1698846	0.18054451	0.6834368	0	0	0.38	6.552863e-19
5.220064068263795e-09	-0.26348758	-0.01261294	0.68107295	0	0	0.38	4.925733e-19
5.230026468862763e-09	-0.18661551	-0.21188161	0.6957686	0	0	0.38	5.222574e-19
5.2400585967566105e-09	0.023670113	-0.28276777	0.7023234	0	0	0.38	-2.240424e-19
5.2500179927598765e-09	0.22766013	-0.15435682	0.7150792	0	0	0.38	-8.3249923e-19
5.2600552133082035e-09	0.24763013	0.05427981	0.7244735	0	0	0.38	1.9624128e-19
5.270061475339197e-09	0.098138236	0.18762869	0.7297784	0	0	0.38	4.2471726e-19
5.2800600596545155e-09	-0.038578127	0.16505188	0.742873	0	0	0.38	1.8886696e-19
5.290044755826034e-09	-0.15444484	0.13042879	0.7572509	0	0	0.38	-3.905955e-21
5.300008419297726e-09	-0.22531356	-0.055954054	0.76289284	0	0	0.38	4.442638e-19
5.310063043894669e-09	-0.099035	-0.23534343	0.77392143	0	0	0.38	-3.3757817e-19
5.3200005710560595e-09	0.15555824	-0.22946103	0.78228134	0	0	0.38	-3.3348182e-19
5.3300643273118505e-09	0.26942444	0.0024581025	0.792525	0	0	0.38	2.8149778e-19
5.340021148887023e-09	0.14985834	0.22480838	0.79602367	0	0	0.38	-6.9817156e-19
5.3500068283886885e-09	-0.11101144	0.2384587	0.8045186	0	0	0.38	-4.0057255e-19
5.36005396985627e-09	-0.23198159	0.025056543	0.8135809	0	0	0.38	2.0712528e-19
5.370014017171202e-09	-0.14970735	-0.14653184	0.81690496	0	0	0.38	-2.07366e-19
5.380060979591614e-09	-0.0032475616	-0.19646569	0.829902	0	0	0.38	-4.6522375e-19
5.390057007511537e-09	0.17046066	-0.124738485	0.8416025	0	0	0.38	-5.5007e-19
5.40002730232033e-09	0.19541225	0.05912214	0.84218293	0	0	0.38	-9.018311e-19
5.410035859760144e-09	0.052623108	0.21975318	0.84343183	0	0	0.38	-1.7732252e-18
5.420046285026371e-09	-0.20112151	0.1541383	0.85381395	0	0	0.38	3.348832e-19
5.430028460932435e-09	-0.2291915	-0.1042625	0.8579802	0	0	0.38	-4.870317e-19
5.440032546295488e-09	0.011845391	-0.23780991	0.8649217	0	0	0.38	-7.471826e-19
5.4500026642479e-09	0.20114978	-0.09060053	0.8738144	0	0	0.38	-5.36411e-19
5.460007126478132e-09	0.15923707	0.14990097	0.8824	0	0	0.38	-1.418096e-18
5.470032886121782e-09	-0.090227835	0.2079467	0.89028805	0	0	0.38	-1.0780736e-18
5.480004612710352e-09	-0.22744319	-0.038194597	0.89738184	0	0	0.38	-4.180246e-19
5.490063277074238e-09	-0.01686388	-0.22490384	0.89935905	0	0	0.38	-2.0316336e-19
5.500047572322537e-09	0.20656973	-0.049854346	0.9114857	0	0	0.38	-1.5329089e-18
5.510016700775242e-09	0.07989976	0.17007037	0.91802406	0	0	0.38	-9.480826e-19
5.520017087551999e-09	-0.11649688	0.11263642	0.9266398	0	0	0.38	-1.0583752e-18
5.530014013749566e-09	-0.15369882	-0.076123714	0.9319524	0	0	0.38	-1.2185638e-18
5.540015877995561e-09	0.04645925	-0.18293469	0.93343395	0	0	0.38	-1.6009299e-18
5.5500500794987515e-09	0.17859569	0.026458533	0.936894	0	0	0.38	-9.084607e-19
5.560025178714106e-09	-0.016454011	0.17301299	0.9434234	0	0	0.38	-1.4910177e-19
5.570021538376808e-09	-0.18904753	0.02922477	0.9380569	0	0	0.38	-1.2992021e-18
5.580013447543605e-09	-0.045570586	-0.18296246	0.939686	0	0	0.38	3.8974714e-19
5.590026367452416e-09	0.15848522	-0.054639347	0.9441079	0	0	0.38	-1.106302e-18
5.600055765179166e-09	0.062459897	0.13053626	0.9474028	0	0	0.38	-1.4559551e-18
5.610037094163006e-09	-0.0968869	0.075695835	0.95118964	0	0	0.38	-6.19026e-19
5.6200421101522145e-09	-0.07847386	-0.06878019	0.95109326	0	0	0.38	1.9857635e-19
5.6300518354859306e-09	0.030772053	-0.09407526	0.95390266	0	0	0.38	-1.7556315e-18
5.640025960201593e-09	0.10318262	0.01834044	0.95823073	0	0	0.38	-1.3166304e-18
5.650034541636383e-09	-0.00907945	0.100351416	0.95852196	0	0	0.38	-1.7636738e-18
5.660002364790025e-09	-0.09641171	0.01495266	0.9612529	0	0	0.38	-1.5030065e-18
5.670014606821851e-09	-0.022819985	-0.08046675	0.96438116	0	0	0.38	-4.5106133e-19
5.6800083393526896e-09	0.07794209	-0.028216599	0.9654529	0	0	0.38	-1.9083822e-18
5.6900207239554375e-09	0.016553612	0.07385546	0.9647873	0	0	0.38	-1.3498477e-18
5.700017615013186e-09	-0.070907086	0.024329482	0.9651215	0	0	0.38	-1.0329572e-18
5.710058535673963e-09	-0.044718023	-0.05839494	0.9656937	0	0	0.38	-9.132072e-19
5.7200217730090855e-09	0.05611046	-0.02822121	0.96446866	0	0	0.38	-2.4368102e-19
5.730010013725373e-09	0.032075904	0.039823316	0.9682888	0	0	0.38	-1.9872317e-18
5.740045225087379e-09	-0.040045127	0.043953612	0.96309674	0	0	0.38	-1.0796254e-18
5.750042722368592e-09	-0.052842624	-0.015196619	0.9637821	0	0	0.38	-1.5524703e-18
5.760047226786819e-09	-0.0008593028	-0.046215348	0.9633961	0	0	0.38	-7.5535026e-19
5.7700175683835816e-09	0.0501449	-0.00034588957	0.9638985	0	0	0.38	-1.0530097e-18
5.780023626395431e-09	0.008115917	0.049534854	0.9647208	0	0	0.38	-1.5548117e-18
5.790013434913076e-09	-0.05230729	0.0041475166	0.96517456	0	0	0.38	-1.2441821e-18
5.800033921104295e-09	-0.010827447	-0.040991534	0.9656501	0	0	0.38	-1.7733346e-18
5.810036950534186e-09	0.018615711	-0.023177639	0.9653133	0	0	0.38	-1.1043735e-18
5.820017496034576e-09	0.03303233	0.008528697	0.96764463	0	0	0.38	-1.110894e-18
5.8300586594529055e-09	-0.005977231	0.04421727	0.9638074	0	0	0.38	-9.958779e-19
5.8400361642953085e-09	-0.047618896	-0.016472628	0.96497416	0	0	0.38	-1.6148079e-18
5.850022278821968e-09	0.009665837	-0.039163306	0.9646831	0	0	0.38	-1.2684658e-18
5.860011888763809e-09	0.037549675	0.00910127	0.96534985	0	0	0.38	-1.7745156e-18
5.87003900164631e-09	-0.008119864	0.019068899	0.96598613	0	0	0.38	-1.6251399e-18
5.8800512396976724e-09	-0.037187	-0.007035766	0.9627659	0	0	0.38	-9.016469e-19
5.890046593015708e-09	-0.005141927	-0.017222648	0.96105665	0	0	0.38	-1.2386139e-19
5.900000533918836e-09	0.014059048	-0.0057071103	0.96095014	0	0	0.38	-1.0225119e-18
5.910034635376371e-09	0.008991086	0.0050436934	0.96208245	0	0	0.38	-1.996055e-19
5.920027112602681e-09	-0.009254585	0.015614388	0.96176344	0	0	0.38	-2.0618362e-18
5.930048476351951e-09	0.0037208544	-0.005172995	0.9641428	0	0	0.38	-1.3810854e-18
5.9400336563088475e-09	0.014239312	0.027174313	0.96477264	0	0	0.38	-1.8407912e-18
5.950033425013867e-09	-0.016961891	0.029098094	0.963174	0	0	0.38	-2.2362906e-18
5.960045308343673e-09	-0.028252872	-0.038960855	0.95973	0	0	0.38	-1.9382488e-18
5.970002871835581e-09	0.04256043	-0.03224364	0.96165186	0	0	0.38	-1.6170728e-18
5.980013384446841e-09	0.020087682	0.04789442	0.9624369	0	0	0.38	-1.3789336e-18
5.990013373593584e-09	-0.03186776	0.016252805	0.9644285	0	0	0.38	-1.8857834e-18
6.000037047254683e-09	-0.029861838	-0.011480453	0.9671255	0	0	0.38	-1.6021152e-18
6.0100544707797015e-09	0.01702462	-0.03107698	0.9660213	0	0	0.38	-1.7593385e-18
6.0200445211561546e-09	0.037370343	0.008023384	0.962496	0	0	0.38	-1.0920611e-18
6.030035166700378e-09	0.0021437218	0.023317492	0.96275455	0	0	0.38	-1.2858835e-18
6.04005655530701e-09	-0.0026305933	-0.0021515514	0.96288896	0	0	0.38	-1.811674e-18
6.050044081821673e-09	0.002369009	0.0029932808	0.9644399	0	0	0.38	-2.135807e-18
6.060030831799267e-09	-0.014156684	-0.0043885102	0.9661689	0	0	0.38	-1.7002956e-18
6.070058496872506e-09	0.00091499824	-0.0041361423	0.9654245	0	0	0.38	-2.0591309e-18
6.080007649027519e-09	0.0034121282	0.004882975	0.96484697	0	0	0.38	-6.0096217e-19
6.090002399506465e-09	-0.005828973	0.0114384545	0.9644187	0	0	0.38	-2.1240534e-18
6.1000461172412306e-09	-0.012538149	-0.0123403855	0.9642315	0	0	0.38	-7.4804233e-19
6.110005660689033e-09	0.006188954	-0.0055470327	0.9595478	0	0	0.38	-1.2232502e-18
6.120046290052998e-09	0.00606379	-0.0026301092	0.96608925	0	0	0.38	-9.257393e-19
6.130034618016094e-09	-0.013717835	0.027044227	0.9647662	0	0	0.38	-1.3081034e-18
6.1400415565455024e-09	-0.014072919	0.0036213575	0.96504724	0	0	0.38	-1.340539e-18
6.150024865821422e-09	-0.013839393	-0.018112713	0.96800196	0	0	0.38	-1.5686516e-18
6.160062724521404e-09	0.030221684	0.014365272	0.9667071	0	0	0.38	-9.48912e-19
6.17005271713564e-09	-0.009467208	0.030191125	0.96729976	0	0	0.38	-9.375869e-19
6.180002641813951e-09	-0.023282286	-0.00901881	0.9639507	0	0	0.38	-1.4690627e-18
6.190049928273839e-09	-0.0060433247	-0.02961169	0.9612991	0	0	0.38	-8.335632e-19
6.200004715584383e-09	0.021225797	-0.0028452731	0.9596762	0	0	0.38	-1.3174134e-18
6.210023848344464e-09	-0.0015388546	0.015487185	0.9624104	0	0	0.38	-6.1909826e-19
6.220017672467897e-09	-0.010533688	-0.0078083863	0.96154666	0	0	0.38	-2.191457e-18
6.230053972727465e-09	0.009604024	-0.0044000256	0.96377045	0	0	0.38	-2.0627519e-18
6.2400324761732366e-09	0.0067727203	0.0065831468	0.96480685	0	0	0.38	-7.1127653e-19
6.250021039441538e-09	-0.0013570463	0.0032376351	0.9656073	0	0	0.38	-1.3382782e-18
6.260046481684995e-09	0.0009276808	-0.003043132	0.96963066	0	0	0.38	-1.3013898e-18
6.270041199924531e-09	0.01777891	0.0064199357	0.965189	0	0	0.38	-1.161565e-18
6.280051269209923e-09	0.0160135	0.006950715	0.9669061	0	0	0.38	-1.5965128e-18
6.290017740395247e-09	-0.0006842355	0.04663847	0.9653407	0	0	0.38	-2.003959e-19
6.3000178620713826e-09	-0.04652386	-0.0012837491	0.9682182	0	0	0.38	-1.9288638e-18
6.310007038751347e-09	-0.015095093	-0.037260257	0.967107	0	0	0.38	-5.6069114e-19
6.320030690779309e-09	0.028052952	-0.017436372	0.9617006	0	0	0.38	-1.5348251e-18
6.330049082669376e-09	0.013769523	0.04419262	0.9624941	0	0	0.38	-1.7396222e-18
6.340053113910448e-09	-0.037179496	0.018888377	0.96598375	0	0	0.38	-1.2551709e-18
6.350028923639622e-09	-0.019840114	-0.03379619	0.96501935	0	0	0.38	-7.6719833e-19
6.3600399455557495e-09	0.031677373	-0.02949156	0.96516436	0	0	0.38	-1.031355e-18
6.370057072238538e-09	0.022400556	0.013350079	0.9662682	0	0	0.38	-1.2919038e-18
6.380017642893661e-09	-0.014617139	0.01205134	0.9667655	0	0	0.38	-1.7210319e-18
6.390004223943204e-09	-0.013463025	-0.020147342	0.9655396	0	0	0.38	-9.246915e-19
6.400024679114784e-09	0.030292036	-0.020292263	0.96773136	0	0	0.38	-6.9964e-19
6.410045036765251e-09	0.02090043	0.050671358	0.9675756	0	0	0.38	-1.0699269e-18
6.420018768465341e-09	-0.048612345	0.03516591	0.96602154	0	0	0.38	-3.6839972e-19
6.43002547873757e-09	-0.041545108	-0.048616048	0.9629866	0	0	0.38	-6.871056e-19
6.440046724406965e-09	0.031966873	-0.043241736	0.96384525	0	0	0.38	-7.496676e-19
6.450031674828916e-09	0.04067811	0.019866176	0.9658938	0	0	0.38	-8.916534e-19
6.460044921268767e-09	-0.016809188	0.050455812	0.9645772	0	0	0.38	-5.1580414e-19
6.4700186967460364e-09	-0.04569452	0.011274261	0.966221	0	0	0.38	-1.3909657e-18
6.480059922847425e-09	-0.029898183	-0.03267537	0.967181	0	0	0.38	-1.4672823e-18
6.4900463647934375e-09	0.023211733	-0.03437863	0.967144	0	0	0.38	-1.4453406e-18
6.5000495604192484e-09	0.03664238	0.026909474	0.9682574	0	0	0.38	-1.3123623e-18
6.5100392674925184e-09	-0.018655384	0.036285244	0.96588224	0	0	0.38	-6.289715e-19
6.520041884858861e-09	-0.038153052	-0.023838181	0.9633827	0	0	0.38	-1.3467928e-18
6.53004504629357e-09	0.021810615	-0.0318917	0.9663402	0	0	0.38	-6.165209e-19
6.540010421194991e-09	0.031143827	0.018510409	0.96714216	0	0	0.38	-6.3692607e-19
6.550055858774457e-09	-0.009973338	0.023009822	0.9653946	0	0	0.38	-2.4738902e-18
6.560004037423236e-09	-0.013702133	0.0052180383	0.9654333	0	0	0.38	-2.5586526e-19
6.5700144937623434e-09	-0.0013770822	-0.008669796	0.9675819	0	0	0.38	-1.958593e-18
6.580009258664463e-09	0.000107095744	-0.0022946685	0.9646453	0	0	0.38	-1.3243232e-18
6.590031196757367e-09	-0.005530152	0.021808984	0.96598506	0	0	0.38	-1.7515399e-18
6.600006051378784e-09	-0.021323714	0.0094913	0.96516037	0	0	0.38	-5.6159954e-19
6.610018171435613e-09	-0.025958303	-0.022341339	0.9639306	0	0	0.38	-2.36104e-18
6.62003313024749e-09	0.010051358	-0.025073675	0.9641464	0	0	0.38	-9.623917e-19
6.630005095574231e-09	0.025787838	-0.0034453557	0.9650498	0	0	0.38	-2.22354e-18
6.64005212275485e-09	0.013548256	0.02121488	0.9672088	0	0	0.38	-1.3448132e-18
6.650014376669209e-09	-0.016500326	0.03299917	0.96622163	0	0	0.38	-1.5056916e-18
6.660055531794514e-09	-0.03445164	-0.017423771	0.9665254	0	0	0.38	-1.7708533e-18
6.6700439367366604e-09	0.017863367	-0.036412634	0.9654078	0	0	0.38	-1.2655705e-18
6.680028350445225e-09	0.038546868	0.015681474	0.964708	0	0	0.38	-2.181219e-18
6.690024975035198e-09	0.0050768396	0.030008148	0.96536255	0	0	0.38	-1.3281533e-18
6.700045547195849e-09	-0.015092741	0.008715986	0.96485996	0	0	0.38	-6.6686324e-19
6.710035036957409e-09	-0.008020206	-0.004993049	0.9643302	0	0	0.38	-8.82837e-19
6.720062465192904e-09	0.013647776	-0.0060058096	0.9668192	0	0	0.38	-1.876879e-18
6.730054620925203e-09	0.0147252185	0.019925108	0.96623266	0	0	0.38	-3.4887146e-19
6.740015281222225e-09	-0.024728835	0.007757617	0.96818686	0	0	0.38	-7.7575955e-19
6.7500375504447515e-09	-0.021095341	-0.023863345	0.9641369	0	0	0.38	-5.2768364e-19
6.760012502580365e-09	0.026250882	-0.015638532	0.96588856	0	0	0.38	-1.240487e-18
6.770028279063908e-09	0.005500031	0.029547187	0.96560645	0	0	0.38	-9.391254e-19
6.780012436464976e-09	-0.012971205	0.00569749	0.96494716	0	0	0.38	-1.2033962e-18
6.79005374047108e-09	-0.011698506	-0.0044729034	0.9669544	0	0	0.38	-5.8641827e-19
6.800036820217758e-09	-0.0054169223	-0.0017662283	0.963996	0	0	0.38	-1.0609992e-18
6.810008231007675e-09	0.009222686	-0.0067562764	0.9687249	0	0	0.38	-6.602594e-19
6.820036062913665e-09	0.008078138	0.0013228914	0.96766496	0	0	0.38	-1.912384e-18
6.830002245978096e-09	0.00803798	0.023048839	0.96518356	0	0	0.38	-1.1745894e-18
6.840056034871006e-09	-0.020182516	0.025785273	0.9650225	0	0	0.38	-1.3737499e-18
6.8500201729189e-09	-0.008274054	-0.031896804	0.9649891	0	0	0.38	-1.0660201e-18
6.860036768113103e-09	0.024870865	0.0061474633	0.9671423	0	0	0.38	-1.5713596e-18
6.870039542819018e-09	0.010250045	0.023382474	0.969103	0	0	0.38	-1.2789824e-18
6.880015095786242e-09	-0.026046673	0.005530152	0.96682096	0	0	0.38	-1.7558662e-18
6.8900370342593214e-09	-0.010100914	-0.0142080095	0.9651179	0	0	0.38	-1.1867218e-18
6.900027834117091e-09	0.0021478196	-0.0059282547	0.9683584	0	0	0.38	-1.2284854e-18
6.910034541760655e-09	0.003263127	-0.012142182	0.9665398	0	0	0.38	-6.8849215e-20
6.920037879354142e-09	0.0055840285	0.01018045	0.9645299	0	0	0.38	-7.5923993e-19
6.930047986625328e-09	-0.0058426233	-0.004538803	0.96331364	0	0	0.38	-1.4608039e-18
6.9400199247310445e-09	-0.006639717	0.008971051	0.9631554	0	0	0.38	-1.2023438e-18
6.95003667121576e-09	-0.0034042662	-0.0047855037	0.9640171	0	0	0.38	-1.1829944e-18
6.960064270443459e-09	-0.013828845	-0.0061359312	0.9638369	0	0	0.38	-1.8299638e-18
6.970055444658309e-09	0.017534804	-0.030410228	0.9611987	0	0	0.38	-1.6284659e-18
6.980051847246633e-09	0.042867806	0.00703242	0.96099764	0	0	0.38	-1.0888736e-18
6.990020385656165e-09	-0.011794162	0.058985006	0.9605666	0	0	0.38	-1.478136e-18
7.0000020153034845e-09	-0.047202986	-0.00024294383	0.9580797	0	0	0.38	-2.178231e-18
7.0100080106083735e-09	0.011309117	-0.03728109	0.9581299	0	0	0.38	-1.4494158e-18
7.0200013164104856e-09	0.0117229475	-0.004667131	0.9600071	0	0	0.38	-1.202774e-18
7.030042243362496e-09	0.0095851915	-0.0023108076	0.95803595	0	0	0.38	-2.0207962e-18
7.040039247728676e-09	0.0050214417	0.0074190036	0.95695186	0	0	0.38	-8.595556e-19
7.05003902010905e-09	-0.002949745	-0.0021188876	0.96024567	0	0	0.38	-1.5726103e-18
7.0600130959574675e-09	0.0032998451	-0.014654347	0.95824236	0	0	0.38	-4.820289e-19
7.070010099499804e-09	0.013407482	0.008720303	0.96171826	0	0	0.38	-2.0556102e-18
7.080037036067202e-09	-0.013162263	0.028147222	0.9558203	0	0	0.38	-1.3727705e-18
7.090008367475049e-09	-0.029598137	-0.030677587	0.95771843	0	0	0.38	-8.3245063e-19
7.100048965127381e-09	0.014984831	-0.0050733252	0.958978	0	0	0.38	-1.1389304e-18
7.110029628231802e-09	0.0008276507	0.0046435497	0.9614307	0	0	0.38	-2.3753073e-19
7.120010905879978e-09	0.0020225095	0.0041233124	0.9628037	0	0	0.38	-1.5190189e-18
7.130009893542836e-09	0.0031893493	0.003589149	0.9649123	0	0	0.38	-1.4698832e-18
7.140014715911985e-09	-0.014071037	-0.0076786308	0.9642542	0	0	0.38	-9.710102e-19
7.150046593541805e-09	0.010601578	-0.010426404	0.96203965	0	0	0.38	-2.0985783e-18
7.160034979381388e-09	-0.002236754	0.016672082	0.9632839	0	0	0.38	-1.4413975e-18
7.1700626633121335e-09	-0.022997523	0.008787407	0.9646695	0	0	0.38	-1.1149529e-18
7.180012643272179e-09	-0.0058875014	-0.037232548	0.9646321	0	0	0.38	-1.0838034e-18
7.190031237066935e-09	0.028082192	-0.009909152	0.96632504	0	0	0.38	-1.4285621e-18
7.2000459803332835e-09	0.0038960625	0.024572806	0.96418065	0	0	0.38	-2.2421427e-18
7.210056604902809e-09	-0.0030676501	-0.0021283438	0.9628633	0	0	0.38	-1.1407365e-18
7.2200380508425794e-09	0.005947505	0.01194626	0.964578	0	0	0.38	-1.4802486e-18
7.230037314089535e-09	-0.015156983	-0.026989976	0.9649987	0	0	0.38	-1.1589279e-18
7.240031106107606e-09	0.04557127	-0.020095073	0.9650805	0	0	0.38	-1.4010431e-18
7.2500427397774315e-09	0.016647426	0.020604998	0.9674119	0	0	0.38	-1.0456938e-18
7.26003656590147e-09	-0.028554011	0.013494888	0.9662348	0	0	0.38	-1.4297776e-18
7.27002823146426e-09	0.0036191787	-0.040262815	0.9670969	0	0	0.38	-1.1244496e-18
7.280045550300162e-09	0.021412497	0.0037688806	0.9670903	0	0	0.38	-2.220603e-18
7.290060510354716e-09	0.00044007253	0.012643851	0.9667094	0	0	0.38	-1.4680226e-18
7.300047751712696e-09	-0.025684394	0.00085958355	0.96764123	0	0	0.38	-6.3993184e-19
7.310023279793435e-09	-0.0015871924	-0.031347904	0.9659715	0	0	0.38	-1.5442383e-18
7.320006666849619e-09	0.03608747	-0.0034408134	0.9684149	0	0	0.38	-1.999548e-18
7.330011702491028e-09	-0.0018914369	0.023057586	0.96692	0	0	0.38	-9.629431e-19
7.340040690494392e-09	-0.022827813	0.02199153	0.96835655	0	0	0.38	-1.9366385e-18
7.350014124334027e-09	-0.021474387	-0.011606334	0.96912026	0	0	0.38	-1.8793492e-18
7.360004647407171e-09	0.019742776	-0.027836936	0.9670618	0	0	0.38	-1.8476599e-18
7.3700644142251026e-09	0.017175222	0.0119029945	0.9674854	0	0	0.38	-8.789294e-19
7.380051254834071e-09	-0.005065933	0.031970333	0.9644974	0	0	0.38	-1.4782894e-18
7.390031964721999e-09	-0.02735326	-0.017067384	0.96460336	0	0	0.38	-5.1812726e-20
7.4000426369212625e-09	0.011290851	-0.036798555	0.96432835	0	0	0.38	-1.1787624e-18
7.410039903879276e-09	0.036975514	0.0043797283	0.9614332	0	0	0.38	-1.5101986e-18
7.4200563019460096e-09	-0.0013228063	0.018804325	0.9605054	0	0	0.38	-1.7127618e-18
7.430002476375315e-09	-0.006035766	0.010569875	0.9589334	0	0	0.38	-1.5889147e-18
7.440033428733173e-09	-0.0147986915	-0.016568879	0.96392596	0	0	0.38	-1.9141222e-18
7.4500558281288575e-09	0.0062711616	-0.029291566	0.96226394	0	0	0.38	-1.5913856e-18
7.460025254374928e-09	0.028076503	0.0071232496	0.9647972	0	0	0.38	-1.273593e-18
7.470013392829146e-09	-0.0005015182	0.003517656	0.9652463	0	0	0.38	-1.7318448e-18
7.480032452843292e-09	-0.0120847225	-0.003543198	0.9674845	0	0	0.38	-1.4361171e-18
7.490030084036388e-09	0.031229733	-0.0013970354	0.9643836	0	0	0.38	-8.487172e-19
7.500015156536897e-09	-0.0037223224	0.021916375	0.966204	0	0	0.38	-9.461131e-19
7.510040782416736e-09	-0.018253433	0.003357812	0.9675504	0	0	0.38	-1.5230526e-18
7.520016610577803e-09	-0.000810851	-0.020972209	0.9656512	0	0	0.38	-1.275772e-18
7.530062105028926e-09	0.014718185	-0.018092595	0.96430945	0	0	0.38	-7.9350645e-19
7.540061166387054e-09	0.040923875	0.009249544	0.9644007	0	0	0.38	-1.4067962e-18
7.550044744051987e-09	-0.004775195	0.05085686	0.9672793	0	0	0.38	-1.3051967e-18
7.560003145442666e-09	-0.04208926	0.015331299	0.9654685	0	0	0.38	-2.2008782e-18
7.570048090523668e-09	-0.017578352	-0.02657002	0.96859777	0	0	0.38	-1.5941714e-18
7.580050484156418e-09	0.011294655	-0.01880952	0.96853644	0	0	0.38	-1.8388043e-18
7.59002170292528e-09	0.0058667506	0.006359614	0.9666903	0	0	0.38	-1.7450905e-18
7.600029811532861e-09	-0.020435631	-0.009365797	0.9635784	0	0	0.38	-9.84206e-19
7.610044722876205e-09	0.0027077985	-0.02046861	0.96356	0	0	0.38	-1.4821652e-18
7.620012418639741e-09	0.011347754	0.011612588	0.9637394	0	0	0.38	-1.9363028e-18
7.630045535820113e-09	-0.021577861	0.018720841	0.96409315	0	0	0.38	-1.4928847e-18
7.640000063380408e-09	-0.015942767	-0.033709742	0.96174973	0	0	0.38	-9.460057e-19
7.650023411772436e-09	0.012227381	-0.01094968	0.96564764	0	0	0.38	-1.7180067e-18
7.660042243228407e-09	0.015218347	0.023447847	0.96369004	0	0	0.38	-1.8476566e-18
7.670054695013646e-09	-0.008424056	-0.0009797559	0.9632859	0	0	0.38	-1.1501275e-18
7.68003856623821e-09	0.007756302	0.012254661	0.9643191	0	0	0.38	-1.5612876e-18
7.690058778757625e-09	-0.013180157	0.0073082363	0.9618813	0	0	0.38	-6.4103375e-19
7.700056896449525e-09	-0.022543151	-0.021877846	0.9597447	0	0	0.38	-8.933859e-19
7.71002741103237e-09	0.006788787	-0.025290357	0.96183586	0	0	0.38	-1.2190357e-18
7.720047743528399e-09	0.020181099	0.005605074	0.9650441	0	0	0.38	-1.6410248e-18
7.730053198951531e-09	-0.010048716	0.04200434	0.96173376	0	0	0.38	-5.568068e-19
7.740021057347044e-09	-0.036436386	-0.009490285	0.96093804	0	0	0.38	-1.0341528e-18
7.750015741883546e-09	-0.009910341	-0.04926142	0.96065396	0	0	0.38	-5.7258455e-19
7.760037137116099e-09	0.060220283	-0.013752496	0.9635357	0	0	0.38	-1.7679883e-18
7.77004112616907e-09	0.018522149	0.059809145	0.9614568	0	0	0.38	-2.2460022e-19
7.780043271446124e-09	-0.074188046	0.008381361	0.9629332	0	0	0.38	-8.2237e-19
7.790002167670651e-09	-0.015570697	-0.057300784	0.9650138	0	0	0.38	-1.4303846e-19
7.800038738451537e-09	0.061039966	-0.016188784	0.9639434	0	0	0.38	-1.7739883e-18
7.810063743999e-09	0.017947134	0.054580383	0.96482325	0	0	0.38	-1.2289809e-18
7.820028153984052e-09	-0.04924864	0.03393003	0.96229964	0	0	0.38	-8.829529e-19
7.830011295370712e-09	-0.036361888	-0.048865035	0.9593416	0	0	0.38	-4.5893433e-19
7.840028886293586e-09	0.030077279	-0.037475143	0.9588258	0	0	0.38	-7.751661e-19
7.850045113068106e-09	0.047918927	0.010244656	0.9598051	0	0	0.38	-2.0757103e-18
7.860039296486276e-09	-0.012476655	0.06379827	0.96162164	0	0	0.38	-1.7186665e-18
7.87003889291869e-09	-0.05763469	-0.024495393	0.9627308	0	0	0.38	-9.404665e-19
7.880059333768314e-09	0.02438649	-0.04973738	0.96090984	0	0	0.38	-1.5264393e-18
7.890005777986371e-09	0.061576184	0.029919358	0.961691	0	0	0.38	-1.0977604e-18
7.90001017022468e-09	-0.028102865	0.068666555	0.9636185	0	0	0.38	-4.573974e-19
7.910000985340157e-09	-0.059883345	-0.020696992	0.9616936	0	0	0.38	-1.3524087e-18
7.920016194620157e-09	0.018540498	-0.05048098	0.9642807	0	0	0.38	-1.4210635e-18
7.930032271393281e-09	0.035019286	0.010298152	0.96352583	0	0	0.38	7.2404153e-19
7.940013265153714e-09	-0.0032525577	0.049824733	0.96565026	0	0	0.38	-1.4388286e-18
7.95003543959656e-09	-0.050773878	-0.008698824	0.9667813	0	0	0.38	-1.7458526e-18
7.960044845987853e-09	0.0024451276	-0.025865057	0.9667062	0	0	0.38	-1.3100661e-18
7.970011178618068e-09	0.026632262	0.0017465958	0.96563864	0	0	0.38	-7.633187e-19
7.980050301377825e-09	-0.005247464	0.03591862	0.9666345	0	0	0.38	-1.7258473e-18
7.990058021205332e-09	-0.027742395	0.005226437	0.9658606	0	0	0.38	-1.4749325e-18
8.000059249115733e-09	-0.01004484	-0.0051741134	0.964053	0	0	0.38	-1.4996008e-18
8.010004685641921e-09	0.003004743	-0.007984604	0.96505535	0	0	0.38	-1.2322831e-18
8.020015750203631e-09	0.022438709	0.016932108	0.9612786	0	0	0.38	-9.000576e-19
8.030010525016848e-09	-0.012525504	0.02456557	0.9617093	0	0	0.38	-9.476578e-19
8.04005595919464e-09	-0.027610842	-0.019059729	0.9658344	0	0	0.38	-1.7577117e-18
8.050033463222799e-09	0.021986317	-0.027261011	0.9663069	0	0	0.38	-2.525526e-18
8.060010409209113e-09	0.021275211	-0.0030463142	0.9679353	0	0	0.38	-8.823399e-19
8.070009381111658e-09	-0.011322182	0.01047533	0.9644422	0	0	0.38	-9.564715e-19
8.080049158648456e-09	-0.019895948	-0.025121078	0.9633879	0	0	0.38	-1.744702e-18
8.090053951262168e-09	0.0022171023	-0.010795119	0.9659346	0	0	0.38	-3.1877605e-19
8.100033119458617e-09	0.016563814	-0.016087072	0.9695389	0	0	0.38	-1.4554822e-19
8.110061190678928e-09	0.024927186	0.007836249	0.9675402	0	0	0.38	-8.227609e-19
8.120063684912383e-09	-0.0073027695	0.028533773	0.9668913	0	0	0.38	-1.1514804e-18
8.130010030156494e-09	-0.02780072	-0.0020873083	0.96806777	0	0	0.38	-1.53678e-18
8.140024357371088e-09	0.009042335	-0.028685149	0.9694608	0	0	0.38	-8.3517087e-19
8.150014652263584e-09	0.021571249	-0.0031423206	0.9662703	0	0	0.38	-1.2785077e-18
8.160013803206686e-09	0.0026018203	0.023538856	0.9683558	0	0	0.38	-5.8810903e-19
8.170047923039862e-09	-0.014556946	0.004801259	0.9686382	0	0	0.38	-1.8615042e-18
8.180035738762722e-09	0.012128642	-0.013775604	0.966366	0	0	0.38	-1.2338853e-18
8.190032486903057e-09	0.017291669	0.012942911	0.9662139	0	0	0.38	-1.6970322e-18
8.200062011960048e-09	-0.0020786196	0.019484838	0.9655025	0	0	0.38	-1.4653818e-18
8.210022779723645e-09	-0.023644865	0.006988871	0.9662131	0	0	0.38	-1.5090823e-18
8.220052247133099e-09	-0.04143069	-0.027800053	0.9626765	0	0	0.38	2.434816e-19
8.23000151992517e-09	0.012866281	-0.05703573	0.963945	0	0	0.38	-1.3854891e-18
8.24004027546991e-09	0.067756176	0.016229443	0.9619058	0	0	0.38	-1.4219018e-18
8.250032733980758e-09	-0.018723622	0.072425306	0.96165025	0	0	0.38	-1.4961734e-18
8.260031686292224e-09	-0.061214317	-0.0053005894	0.9621755	0	0	0.38	-7.0210475e-19
8.270055702072357e-09	-0.008584393	-0.06800669	0.9630901	0	0	0.38	-9.788789e-19
8.280063585507411e-09	0.07101002	-0.017346483	0.9626856	0	0	0.38	-1.2997832e-18
8.290037540794773e-09	0.05098525	0.06115219	0.96418726	0	0	0.38	-7.0521593e-19
8.300001495688078e-09	-0.05018277	0.067199856	0.9630038	0	0	0.38	-7.95999e-19
8.310048192428161e-09	-0.07411362	-0.04560978	0.9642516	0	0	0.38	-1.0436937e-18
8.320047737546851e-09	0.029577311	-0.08105758	0.9625665	0	0	0.38	-1.2590756e-18
8.33002156649432e-09	0.08867207	0.023100019	0.95883447	0	0	0.38	-1.4357104e-18
8.340038787876186e-09	-0.006102393	0.07055231	0.964489	0	0	0.38	-6.2737684e-19
8.350061281756811e-09	-0.06096741	0.01193218	0.96574455	0	0	0.38	-1.6802654e-18
8.360025423926927e-09	-0.020905836	-0.0714395	0.9663607	0	0	0.38	-1.885746e-18
8.370023931097217e-09	0.05815769	-0.021236317	0.9627368	0	0	0.38	-8.740061e-19
8.380021486373288e-09	0.05581848	0.042743936	0.96361566	0	0	0.38	-2.1127791e-18
8.390023055375705e-09	-0.02519251	0.051186133	0.9635474	0	0	0.38	-1.2749855e-18
8.400045244051749e-09	-0.059796404	-0.027309556	0.9625051	0	0	0.38	-1.5143035e-18
8.410055390588981e-09	0.016156653	-0.06870432	0.96325654	0	0	0.38	-1.7982942e-18
8.420018451427722e-09	0.06646119	-0.0005957411	0.9664866	0	0	0.38	-1.1245101e-18
8.43005176866925e-09	-0.0025550732	0.05035129	0.9658911	0	0	0.38	-1.8298776e-18
8.44003264589532e-09	-0.046538986	-0.009480843	0.9649161	0	0	0.38	-4.938383e-19
8.450034278255935e-09	0.015337333	-0.028833415	0.9661533	0	0	0.38	-1.0584227e-18
8.460056693779679e-09	0.017368533	0.017178152	0.9667967	0	0	0.38	-1.9512442e-18
8.470014365448701e-09	-0.023898778	0.018635606	0.96812445	0	0	0.38	-9.190865e-19
8.480052568616492e-09	-0.022070011	-0.0258367	0.96592945	0	0	0.38	-1.6979534e-18
8.490005330145382e-09	0.03766035	-0.012183458	0.96495986	0	0	0.38	-8.447963e-19
8.500029616367988e-09	0.028399942	0.027689986	0.96394145	0	0	0.38	-1.3899636e-18
8.510036994014496e-09	-0.024456337	0.01536843	0.9650536	0	0	0.38	-8.0254e-19
8.52002899090549e-09	-0.007822597	-0.021197498	0.96783733	0	0	0.38	-1.4891383e-18
8.53006440938223e-09	0.00031903342	-0.053907156	0.9663136	0	0	0.38	-9.011714e-19
8.540058946306217e-09	0.05415207	-0.01408934	0.96410525	0	0	0.38	-5.3783563e-19
8.550033759179338e-09	0.022769164	0.025494576	0.9673241	0	0	0.38	-3.425488e-19
8.560043587749545e-09	-0.029153133	0.029915947	0.9665079	0	0	0.38	-3.713771e-19
8.570011123416673e-09	-0.04901404	-0.017110884	0.96621704	0	0	0.38	-3.299338e-19
8.580018987044159e-09	0.033254564	-0.05667384	0.9646235	0	0	0.38	-1.2448443e-18
8.590063779940566e-09	0.058498163	0.022267666	0.96116257	0	0	0.38	-9.877561e-19
8.6000457343894e-09	-0.012995098	0.06763358	0.96099085	0	0	0.38	-9.580287e-19
8.61002012866251e-09	-0.07517033	-0.0008359284	0.96077937	0	0	0.38	-7.2420293e-19
8.620020908277847e-09	-0.0020906455	-0.071139835	0.96222097	0	0	0.38	-1.2561977e-18
8.630058051118113e-09	0.06726851	-0.019640971	0.9621492	0	0	0.38	-6.956089e-19
8.640044211822498e-09	0.027783634	0.055810787	0.9633467	0	0	0.38	-1.0882783e-18
8.650029142081198e-09	-0.026098752	0.02955696	0.9668931	0	0	0.38	-9.50713e-19
8.66004546320407e-09	-0.044094305	-0.01434579	0.9670666	0	0	0.38	-1.2481443e-18
8.670020853834058e-09	0.017858664	-0.039240927	0.9657469	0	0	0.38	-7.990868e-19
8.680014795985999e-09	0.03073927	-0.009734832	0.9671778	0	0	0.38	-1.3628983e-18
8.690032244079129e-09	0.019364707	0.03224126	0.96651655	0	0	0.38	-1.1733596e-18
8.700028271634581e-09	-0.022914229	0.018404257	0.9669327	0	0	0.38	-1.9519047e-18
8.710040355612032e-09	-0.02885716	-0.0037626803	0.9686928	0	0	0.38	-1.3864767e-18
8.720036453862965e-09	-0.009154233	-0.043116294	0.9663503	0	0	0.38	-1.6196951e-18
8.730061771614622e-09	0.042095542	-0.006301603	0.96679294	0	0	0.38	-1.5131577e-18
8.740015535301206e-09	0.004822798	0.03363292	0.9661437	0	0	0.38	-1.824838e-18
8.750046664203832e-09	-0.034253802	0.008804815	0.96574247	0	0	0.38	-1.4422515e-18
8.760012408905591e-09	-0.033080697	-0.02137195	0.9649636	0	0	0.38	-7.759555e-19
8.770049324530618e-09	0.015411403	-0.045838557	0.9650028	0	0	0.38	-8.6368027e-19
8.780036061177787e-09	0.025375906	0.0052770874	0.9638159	0	0	0.38	-7.883788e-19
8.790046516365192e-09	0.0020268597	0.02055628	0.9606457	0	0	0.38	-9.915715e-19
8.800026115201968e-09	-0.021167452	0.013151357	0.9646074	0	0	0.38	-1.0853246e-18
8.810009411340514e-09	-0.042527165	-0.010551829	0.96472114	0	0	0.38	-1.9606865e-18
8.820041664715816e-09	0.008413634	-0.046103697	0.96334434	0	0	0.38	-1.6436461e-18
8.830002866223484e-09	0.035713956	0.018943371	0.9642178	0	0	0.38	-1.7269546e-18
8.840046934469996e-09	-0.01030532	0.04330273	0.96618426	0	0	0.38	-1.6295406e-18
8.850058575052786e-09	-0.05391462	-0.020179674	0.9635574	0	0	0.38	-1.372235e-18
8.860000985131336e-09	-0.00788088	-0.043927252	0.96335465	0	0	0.38	-5.841364e-19
8.870026911728893e-09	0.047875974	-0.010361878	0.96218723	0	0	0.38	-1.14647e-18
8.880012845415536e-09	0.028708192	0.038805008	0.9651862	0	0	0.38	-1.6029844e-18
8.8900449412244e-09	-0.01950526	0.031612013	0.9667017	0	0	0.38	-1.4862112e-18
8.900043868195249e-09	-0.04726968	-0.022240179	0.9651661	0	0	0.38	-1.3921746e-18
8.910009777548695e-09	0.010870503	-0.038097993	0.9646888	0	0	0.38	-5.051084e-19
8.920060856816901e-09	0.026683144	0.0034704749	0.9665712	0	0	0.38	-1.8504092e-18
8.930034651735852e-09	0.0058507635	0.023582546	0.966701	0	0	0.38	-2.375372e-18
8.940059668966407e-09	-0.03264571	0.014014983	0.9652809	0	0	0.38	-1.6482593e-18
8.950005125318009e-09	-0.017214017	-0.03309747	0.9651202	0	0	0.38	-8.337377e-19
8.960019488723273e-09	0.022296043	-0.010806798	0.96541303	0	0	0.38	-1.2208482e-18
8.970050515512751e-09	0.014977139	0.0108425105	0.9644321	0	0	0.38	-1.6668384e-18
8.980023936984679e-09	-0.013931582	0.017184002	0.9663615	0	0	0.38	-2.0857616e-18
8.990013074617078e-09	-0.021182863	-0.00067553966	0.96568346	0	0	0.38	-2.315366e-18
9.000051288063035e-09	0.0059108967	-0.023880737	0.9674498	0	0	0.38	-1.5534297e-18
9.010017230534176e-09	0.027136944	-0.019594237	0.9653098	0	0	0.38	-1.3557796e-18
9.020018201939338e-09	0.011278849	0.0373449	0.9674974	0	0	0.38	-1.5965612e-18
9.03002024984404e-09	-0.040436037	0.019723954	0.965725	0	0	0.38	-6.40422e-19
9.040002030286207e-09	-0.000467344	-0.04334427	0.96522486	0	0	0.38	-9.144584e-19
9.050000291993333e-09	0.026559196	-0.02349978	0.96092284	0	0	0.38	-1.2424551e-18
9.060028840196905e-09	0.032977942	0.04145579	0.9621967	0	0	0.38	-1.3788517e-18
9.070039918703075e-09	-0.035448387	0.037391875	0.9589217	0	0	0.38	-1.9426047e-18
9.080009446549406e-09	-0.049780052	-0.026824396	0.95944166	0	0	0.38	-1.5324649e-18
9.090046071624807e-09	0.001142974	-0.032621443	0.9604106	0	0	0.38	-1.1885174e-18
9.100036222555541e-09	0.028946921	0.0033086461	0.960584	0	0	0.38	-1.3707765e-18
9.110038920958298e-09	0.0075538005	0.012824366	0.95970607	0	0	0.38	-9.529789e-19
9.120041519646716e-09	-0.0132385455	0.024331652	0.9596525	0	0	0.38	-1.7709145e-18
9.130008038438488e-09	-0.029718919	-0.0061690034	0.96139497	0	0	0.38	-1.5894823e-18
9.140033048221796e-09	-0.0030701149	-0.028898245	0.9641209	0	0	0.38	-1.0465921e-18
9.150050513248282e-09	0.02968474	-0.014392038	0.96392715	0	0	0.38	-2.2411904e-18
9.160060132950137e-09	0.032906834	0.02750073	0.96628636	0	0	0.38	-6.9372066e-19
9.170013929434701e-09	-0.025828881	0.023740914	0.9656632	0	0	0.38	-1.6355098e-18
9.180008673638918e-09	-0.029675575	-0.024126604	0.9621848	0	0	0.38	-1.182508e-18
9.190007727920155e-09	0.036994644	-0.034575555	0.96367776	0	0	0.38	-1.6764768e-18
9.2000266954494e-09	0.032785863	0.037806477	0.9645436	0	0	0.38	-9.887384e-19
9.210037719832408e-09	-0.024876216	0.024780333	0.9664627	0	0	0.38	-1.1143183e-18
9.220033092291055e-09	-0.010368635	-0.01733386	0.9646226	0	0	0.38	-2.0023418e-18
9.230052998110666e-09	0.016981874	-0.005429451	0.9683859	0	0	0.38	-2.120229e-18
9.240013141060314e-09	0.0017538312	0.016826205	0.9649678	0	0	0.38	-4.1168513e-19
9.250000510800478e-09	-0.0036293743	-0.0040759183	0.96792585	0	0	0.38	-1.6579275e-18
9.26000721262419e-09	0.008142112	-0.0031310895	0.967709	0	0	0.38	-8.0695543e-19
9.27002632915462e-09	0.027404318	0.003353713	0.9686096	0	0	0.38	-1.4694687e-18
9.280030238422252e-09	0.0023730716	0.032532938	0.9644733	0	0	0.38	-7.1211224e-19
9.290034537094384e-09	-0.03473215	0.01668497	0.9671444	0	0	0.38	-6.5487703e-19
9.300026165286767e-09	-0.014934418	-0.031254485	0.96768814	0	0	0.38	-2.5722172e-18
9.31005436413443e-09	0.021780413	-0.021232756	0.96723557	0	0	0.38	-8.3963516e-19
9.32003334141807e-09	0.023062816	0.0075649633	0.96679837	0	0	0.38	-1.0428289e-18
9.330016038810315e-09	0.0016387348	0.040073264	0.9644907	0	0	0.38	-1.0933571e-18
9.3400305447988e-09	-0.038813546	0.017153487	0.96077424	0	0	0.38	-1.122273e-18
9.35003460974382e-09	-0.0013288676	-0.04329478	0.95959973	0	0	0.38	-1.7051844e-18
9.360055638030612e-09	0.03821062	-0.0053488803	0.9600304	0	0	0.38	-9.393622e-19
9.370035768225328e-09	0.01308845	0.043437574	0.9595498	0	0	0.38	-8.945158e-19
9.380043022003898e-09	-0.045681924	0.0098538	0.96249455	0	0	0.38	-1.0294453e-18
9.390028850814917e-09	-0.021748459	-0.053361923	0.96426964	0	0	0.38	-9.710276e-19
9.400020562299428e-09	0.049367126	-0.030696768	0.9658526	0	0	0.38	-4.2471785e-19
9.410054153513037e-09	0.040123045	0.052700583	0.96390235	0	0	0.38	-1.9425807e-18
9.420043596346052e-09	-0.017690161	0.044088017	0.964906	0	0	0.38	-1.335646e-18
9.430051878700601e-09	-0.019769099	-0.011587013	0.9672324	0	0	0.38	-1.1779986e-18
9.440020366241962e-09	0.009478285	-0.027409572	0.96509975	0	0	0.38	-1.9763144e-18
9.450002302581466e-09	0.039660506	-0.0043141814	0.9623392	0	0	0.38	-9.064278e-19
9.460054369858772e-09	-0.008612775	0.025629373	0.9629647	0	0	0.38	-9.364467e-19
9.470019599581898e-09	-0.020960337	0.0008186842	0.96357983	0	0	0.38	-9.175488e-19
9.480031887354491e-09	0.008933203	0.0027590361	0.96833205	0	0	0.38	-2.1811708e-18
9.49003122272064e-09	-0.0033952214	0.021226568	0.96664006	0	0	0.38	-1.8655628e-18
9.500009877371085e-09	-0.019556807	-0.00734453	0.96532494	0	0	0.38	-1.13753e-18
9.510011529557833e-09	0.0038089918	-0.02197708	0.96416515	0	0	0.38	-1.3888536e-18
9.520052767014877e-09	0.02601109	-0.00043699951	0.9654709	0	0	0.38	-1.0137498e-18
9.530018709716232e-09	-0.0168684	0.015028331	0.9659666	0	0	0.38	-1.3590684e-18
9.540023834359876e-09	-0.0124517	-0.0054534175	0.96535265	0	0	0.38	-1.6994428e-18
9.550051827262031e-09	0.006546164	-0.00512337	0.96429145	0	0	0.38	-1.4221711e-18
9.560051118967803e-09	0.011168483	0.0069303634	0.9655682	0	0	0.38	-1.2176272e-18
9.570042470114157e-09	4.0651983e-05	0.008283261	0.96510684	0	0	0.38	-1.7021721e-18
9.580024531638383e-09	-0.0139967	0.014926938	0.9636421	0	0	0.38	-9.846528e-19
9.59000940103393e-09	-0.022107	-0.009463222	0.9628076	0	0	0.38	-8.092191e-19
9.600029457723455e-09	0.01598626	0.0020690928	0.96121275	0	0	0.38	-1.3141802e-18
9.61002275173362e-09	-0.01513013	0.0052260626	0.96597844	0	0	0.38	-7.4709965e-19
9.620055342027641e-09	-0.015317409	-0.025881864	0.9648322	0	0	0.38	-6.931183e-19
9.630011110793265e-09	0.02553668	-0.024304427	0.9635476	0	0	0.38	-1.2909833e-18
9.640017113155027e-09	0.018834755	0.009805717	0.9633132	0	0	0.38	-1.0114769e-19
9.650006806792697e-09	-0.01909217	0.020299353	0.9637821	0	0	0.38	-1.3323761e-19
9.660036092573233e-09	-0.020716935	-0.0062316693	0.9630857	0	0	0.38	-2.1497432e-18
9.670008351280798e-09	0.004304212	-0.022836676	0.96258986	0	0	0.38	-3.059062e-20
9.680009379112173e-09	0.012950801	-0.007940725	0.963705	0	0	0.38	-1.4221785e-18
9.690017462848743e-09	0.006406789	0.013762577	0.9620989	0	0	0.38	-1.4941651e-18
9.700039617793019e-09	-0.004599435	0.0004484078	0.9627197	0	0	0.38	-1.0849913e-18
9.710044156757661e-09	-0.0039410032	0.0040158466	0.9636987	0	0	0.38	-1.7596888e-18
9.720010138652723e-09	-0.011525975	-0.00854296	0.964016	0	0	0.38	-1.4812228e-18
9.730058081832141e-09	-0.009782325	-0.0051817866	0.96499974	0	0	0.38	-1.2303727e-18
9.740043967078269e-09	0.006546037	0.0019708397	0.9663163	0	0	0.38	-9.006908e-19
9.750008978431981e-09	0.011335835	-0.015004178	0.9654033	0	0	0.38	-1.1857235e-18
9.760000159770198e-09	0.010902571	0.00017688001	0.964471	0	0	0.38	-1.2858631e-18
9.77000348445155e-09	0.0014306477	-0.0069625597	0.965093	0	0	0.38	-2.38071e-18
9.780006295756262e-09	0.01237478	0.009647888	0.9651199	0	0	0.38	-1.7271929e-18
9.790024605715118e-09	0.003817446	0.024201702	0.9656946	0	0	0.38	-1.4495663e-18
9.800000081958203e-09	-0.03634284	0.012448936	0.9652396	0	0	0.38	-1.7022102e-18
9.81000212084186e-09	-0.027218174	-0.036880508	0.96518064	0	0	0.38	-1.6441889e-18
9.820059507885033e-09	0.00965231	-0.026975239	0.9657212	0	0	0.38	-4.830409e-19
9.830060968241609e-09	0.02068427	0.009394465	0.9632182	0	0	0.38	-1.5934382e-18
9.840035571501934e-09	-0.018144283	0.0040758573	0.9615231	0	0	0.38	-1.5880739e-18
9.85005444799857e-09	-0.009457583	-0.011890147	0.96154094	0	0	0.38	-7.9315237e-19
9.8600285838352e-09	0.017461006	-0.034173366	0.96157205	0	0	0.38	-1.3005033e-18
9.87006528792836e-09	0.03322767	0.024765588	0.96429706	0	0	0.38	-1.3071378e-18
9.880046576070103e-09	-0.027358862	0.023820352	0.9609389	0	0	0.38	-1.0977976e-18
9.890033934893586e-09	-0.02630498	-0.0032969194	0.9642486	0	0	0.38	-1.1504805e-18
9.900017160614837e-09	0.006527849	-0.027599847	0.9663889	0	0	0.38	-1.1540136e-18
9.910029782885028e-09	0.025876021	0.01283423	0.9628187	0	0	0.38	-1.8534233e-18
9.920007863699319e-09	-0.009818734	0.008249872	0.9610167	0	0	0.38	-1.060722e-18
9.930044533426699e-09	-0.01559243	0.0023131245	0.9610984	0	0	0.38	-1.1681499e-18
9.940033813853815e-09	-0.01242601	-0.015702974	0.95972735	0	0	0.38	-9.979195e-19
9.950042690528688e-09	0.017824687	-0.02093638	0.95945865	0	0	0.38	-1.1451976e-18
9.960003040181063e-09	0.04214654	0.012473817	0.96209437	0	0	0.38	-2.272487e-19
9.97000797726192e-09	-0.03879032	0.04466989	0.96200687	0	0	0.38	-6.677834e-19
9.980017325300753e-09	-0.051020857	-0.027094183	0.9650971	0	0	0.38	-5.181935e-19
9.99003023693756e-09	0.007117708	-0.04907594	0.9657432	0	0	0.38	-6.7866814e-19
1e-08	0.049681272	0.008334024	0.9650104	0	0	0.38	-1.2755355e-18
