# t (s)	mx ()	my ()	mz ()	B_extx (T)	B_exty (T)	B_extz (T)	E_total (J)
0	0	0	-1	0	0	0.38	1.0996098e-18
1.0031664407529506e-11	0.004192013	0.007655207	-0.9764844	0	0	0.38	3.5209385e-18
2.0033935488649186e-11	0.016143566	0.018330937	-0.96999997	0	0	0.38	4.313906e-18
3.0053199297777835e-11	0.03287861	0.012614525	-0.966549	0	0	0.38	3.8366047e-18
4.003049621409881e-11	0.016744522	0.022680668	-0.96481067	0	0	0.38	4.5015285e-18
5.000524247468213e-11	0.015636556	0.03936533	-0.9631005	0	0	0.38	5.7519414e-18
6.002256224281469e-11	0.019951703	0.045338094	-0.9603662	0	0	0.38	4.6072583e-18
7.003796190243788e-11	0.045813188	0.024715612	-0.9585523	0	0	0.38	4.114589e-18
8.005400683804108e-11	0.056601126	0.008782231	-0.9609996	0	0	0.38	4.3312595e-18
9.004074301601855e-11	0.055769455	-0.0032251915	-0.9624827	0	0	0.38	3.561912e-18
1.0004227330481956e-10	0.054486018	-0.017987704	-0.96346444	0	0	0.38	4.8705904e-18
1.1000249563939193e-10	0.04171031	-0.019879099	-0.96167547	0	0	0.38	3.8094037e-18
1.200482674391068e-10	0.0509979	-0.020091884	-0.9608228	0	0	0.38	4.213806e-18
1.3004690640355267e-10	0.04932037	-0.037296206	-0.96054363	0	0	0.38	4.635369e-18
1.4004120888500882e-10	0.046660617	-0.053520635	-0.95701504	0	0	0.38	4.392008e-18
1.5005726022020516e-10	0.04165739	-0.050594315	-0.9565018	0	0	0.38	4.262079e-18
1.600227135867519e-10	0.034579508	-0.050586592	-0.95399225	0	0	0.38	4.937633e-18
1.700471923375675e-10	0.041357268	-0.035718095	-0.95673704	0	0	0.38	4.6051535e-18
1.800264106109336e-10	0.026838545	-0.033937175	-0.9564532	0	0	0.38	4.178057e-18
1.9003039985338938e-10	0.047126845	-0.04381714	-0.9565239	0	0	0.38	3.298863e-18
2.0002064560544397e-10	0.045765985	-0.038014885	-0.9547797	0	0	0.38	3.8615727e-18
2.1003483361615786e-10	0.023501966	-0.05867544	-0.9553332	0	0	0.38	3.4211115e-18
2.2003423621692497e-10	0.035657097	-0.06011786	-0.95704806	0	0	0.38	4.2333578e-18
2.3004981428240686e-10	0.029241676	-0.07666192	-0.9558842	0	0	0.38	3.988113e-18
2.4000171431188643e-10	0.020425007	-0.099401966	-0.9549964	0	0	0.38	3.771949e-18
2.5001324503059894e-10	0.0029402694	-0.09489651	-0.9532065	0	0	0.38	4.1623604e-18
2.6005205328191547e-10	-0.011586978	-0.101370685	-0.9529458	0	0	0.38	3.7259486e-18
2.7006234226414913e-10	-0.020456662	-0.12085771	-0.95240563	0	0	0.38	4.6515083e-18
2.800078724216044e-10	-0.026776131	-0.12185928	-0.95039105	0	0	0.38	5.33342e-18
2.900595410644551e-10	-0.044187352	-0.107668765	-0.949178	0	0	0.38	4.3652778e-18
3.0001695737297743e-10	-0.06057093	-0.09613162	-0.94646347	0	0	0.38	4.8023844e-18
3.100587532413378e-10	-0.061507974	-0.076576605	-0.9464066	0	0	0.38	4.5524613e-18
3.200550277794504e-10	-0.07170378	-0.078840666	-0.94981384	0	0	0.38	3.8319138e-18
3.3002539796040466e-10	-0.060738612	-0.076642804	-0.95064634	0	0	0.38	4.7785314e-18
3.4005525449029727e-10	-0.05957736	-0.078918345	-0.9498138	0	0	0.38	5.011223e-18
3.50063753357851e-10	-0.06668493	-0.07966417	-0.9508455	0	0	0.38	4.293014e-18
3.6005669315002954e-10	-0.06583222	-0.075133726	-0.9525419	0	0	0.38	4.5432887e-18
3.7002560304153805e-10	-0.0798734	-0.048909493	-0.9525037	0	0	0.38	4.4820773e-18
3.800237486879665e-10	-0.0923394	-0.032602906	-0.95251614	0	0	0.38	4.8837773e-18
3.900134383052768e-10	-0.08328608	-0.0075284964	-0.9495647	0	0	0.38	5.1279015e-18
4.0002500000715643e-10	-0.05409405	-0.0075280257	-0.9514652	0	0	0.38	3.831998e-18
4.10063361014101e-10	-0.04363089	0.0023887663	-0.9545072	0	0	0.38	4.9780408e-18
4.200101967424551e-10	-0.053838078	-0.018716896	-0.956103	0	0	0.38	4.672495e-18
4.3003843045574796e-10	-0.07095621	-0.030928029	-0.95507693	0	0	0.38	4.252247e-18
4.4003195793068184e-10	-0.08359534	-0.022423174	-0.9549099	0	0	0.38	3.9611918e-18
4.500229028656997e-10	-0.1092167	-0.0021446291	-0.9515787	0	0	0.38	4.688323e-18
4.6004046171742447e-10	-0.11740086	0.01587455	-0.94962823	0	0	0.38	4.6301125e-18
4.700089196236462e-10	-0.12185628	0.026217612	-0.9492144	0	0	0.38	4.416644e-18
4.80031405644287e-10	-0.092116475	0.030469358	-0.9522215	0	0	0.38	5.601999e-18
4.900540046718041e-10	-0.06566604	0.03706863	-0.9547442	0	0	0.38	3.7219906e-18
5.000473487658577e-10	-0.03383907	0.039938405	-0.9524495	0	0	0.38	4.2109734e-18
5.100623404733833e-10	-0.039363112	0.02122483	-0.9500801	0	0	0.38	4.443547e-18
5.200056985873029e-10	-0.06150672	-0.00027592664	-0.9509445	0	0	0.38	4.2095254e-18
5.300478433692583e-10	-0.08823592	0.012907411	-0.9470606	0	0	0.38	4.2615166e-18
5.400042554312059e-10	-0.09925239	0.028967252	-0.9462513	0	0	0.38	4.1051745e-18
5.500201897542387e-10	-0.1058966	0.03012202	-0.9392705	0	0	0.38	4.348199e-18
5.600135443243319e-10	-0.106091686	0.0531856	-0.93957776	0	0	0.38	4.292163e-18
5.70020264232996e-10	-0.08191154	0.060941827	-0.9444537	0	0	0.38	3.4512961e-18
5.800011323373961e-10	-0.057622567	0.05851661	-0.94665724	0	0	0.38	4.4573905e-18
5.900221661662273e-10	-0.060455784	0.060183287	-0.9464598	0	0	0.38	3.8833226e-18
6.000459607906414e-10	-0.06102377	0.04995044	-0.94645035	0	0	0.38	4.580825e-18
6.100026395232892e-10	-0.06762512	0.05868722	-0.94616985	0	0	0.38	4.381532e-18
6.200568596661846e-10	-0.06252963	0.077025525	-0.94476336	0	0	0.38	3.681131e-18
6.300120085151591e-10	-0.08098624	0.08371027	-0.94135857	0	0	0.38	4.371597e-18
6.400530254452148e-10	-0.06990331	0.07878974	-0.94051033	0	0	0.38	4.094852e-18
6.50017577795194e-10	-0.053028397	0.08227246	-0.9463412	0	0	0.38	4.8908563e-18
6.600383383951217e-10	-0.022565696	0.08612384	-0.95053744	0	0	0.38	4.4701887e-18
6.70031097148788e-10	-0.009293293	0.06641266	-0.95258164	0	0	0.38	5.1870122e-18
6.800624611360797e-10	-0.00911	0.052994058	-0.9550225	0	0	0.38	3.6737126e-18
6.900215715747453e-10	0.00575396	0.02932452	-0.9528134	0	0	0.38	5.3061845e-18
7.000043508734505e-10	-0.0009734337	0.01921345	-0.95270556	0	0	0.38	4.162367e-18
7.100268282494209e-10	-0.008077445	0.010646956	-0.9506589	0	0	0.38	3.902728e-18
7.20028756728183e-10	-0.017945927	0.026869169	-0.95910424	0	0	0.38	4.7114557e-18
7.300157508506871e-10	-0.015246556	0.042870052	-0.95495254	0	0	0.38	4.386922e-18
7.400635026445674e-10	-0.015127034	0.03834272	-0.95454603	0	0	0.38	4.589287e-18
7.500146609541278e-10	0.0012785366	0.03742154	-0.9508931	0	0	0.38	4.5278217e-18
7.600074095496929e-10	-0.007174228	0.035986505	-0.9509252	0	0	0.38	4.226365e-18
7.700663279164e-10	-0.0034816132	0.021266509	-0.9470851	0	0	0.38	5.133455e-18
7.800165411976264e-10	-0.004444408	0.01425409	-0.9474332	0	0	0.38	4.980206e-18
7.900630125196826e-10	0.0004535156	0.016237784	-0.9486072	0	0	0.38	4.098464e-18
8.000541638545315e-10	-0.011167498	0.0069054957	-0.9492781	0	0	0.38	6.0895444e-18
8.100093161174257e-10	-0.0078805275	5.3598375e-05	-0.95394224	0	0	0.38	4.443637e-18
8.200419386883156e-10	-0.027700251	0.008100928	-0.95201945	0	0	0.38	4.072397e-18
8.300356075696499e-10	-0.028349482	-0.005965381	-0.94858414	0	0	0.38	5.1891554e-18
8.400409907202288e-10	-0.013450411	-0.024527961	-0.9463931	0	0	0.38	4.3409975e-18
8.50013195018759e-10	-0.018309053	-0.025288489	-0.949629	0	0	0.38	5.2939414e-18
8.600151092092506e-10	-0.036586244	-0.029583987	-0.9467146	0	0	0.38	3.6293683e-18
8.700561385813387e-10	-0.03736268	-0.010097895	-0.9454622	0	0	0.38	4.7237187e-18
8.800594170719044e-10	-0.064061575	-0.008782931	-0.9496127	0	0	0.38	5.800828e-18
8.900462508118289e-10	-0.054803763	-0.0008923115	-0.95120525	0	0	0.38	3.2439542e-18
9.000033522575789e-10	-0.052269816	0.017222082	-0.94742495	0	0	0.38	3.8384138e-18
9.10063670077245e-10	-0.046316363	0.00643025	-0.9461475	0	0	0.38	4.6247523e-18
9.200183068338348e-10	-0.040075827	0.0122704385	-0.94503236	0	0	0.38	5.058999e-18
9.300177707452508e-10	-0.028063115	0.025941618	-0.9452158	0	0	0.38	4.894538e-18
9.400029413966659e-10	-0.027971573	0.03524025	-0.94894695	0	0	0.38	4.8800017e-18
9.500374268691118e-10	-0.021748928	0.02615171	-0.94645953	0	0	0.38	5.3014647e-18
9.600559325030293e-10	-0.021702467	0.023050468	-0.94656605	0	0	0.38	4.837536e-18
9.700108177474348e-10	-0.026591925	0.019828605	-0.9454033	0	0	0.38	4.1374627e-18
9.80038197177505e-10	-0.01725483	0.0146036185	-0.9438767	0	0	0.38	4.7425433e-18
9.900112182599251e-10	-0.02546313	0.009155576	-0.9444577	0	0	0.38	5.2342095e-18
1.0000579429835417e-09	-0.0067403046	0.016194541	-0.94497186	0	0	0.38	4.7374917e-18
1.0100066574903989e-09	-0.010046917	0.013968534	-0.94455963	0	0	0.38	4.329346e-18
1.020009339138451e-09	-0.012327632	0.021086482	-0.94475186	0	0	0.38	4.764414e-18
1.0300644657713304e-09	-0.009091542	0.022433512	-0.9416365	0	0	0.38	4.8188072e-18
1.0400176178255136e-09	0.0017555206	0.034422897	-0.93988866	0	0	0.38	5.635812e-18
1.0500028720871953e-09	0.01751554	0.03310233	-0.94226134	0	0	0.38	4.2683777e-18
1.0600230554237358e-09	0.024583217	0.03635426	-0.9465481	0	0	0.38	3.902247e-18
1.0700356589031164e-09	0.010622391	0.039942846	-0.9475752	0	0	0.38	4.301137e-18
1.0800435215323164e-09	0.0066539072	0.031142127	-0.9551928	0	0	0.38	3.613839e-18
1.0900359408605435e-09	-0.0068264725	0.022063114	-0.95192987	0	0	0.38	4.3619227e-18
1.1000141355828798e-09	-0.0054175183	0.032582894	-0.9424536	0	0	0.38	4.3631552e-18
1.1100203889718512e-09	0.010383791	0.03347906	-0.9431287	0	0	0.38	4.7078215e-18
1.1200563119939435e-09	-0.0031247598	0.03457419	-0.93929565	0	0	0.38	5.244036e-18
1.1300447635071636e-09	-0.0060894573	0.019974055	-0.9427325	0	0	0.38	5.172438e-18
1.14006428578084e-09	0.0016330592	0.012690553	-0.94668126	0	0	0.38	3.744702e-18
1.1500306083443075e-09	0.027367167	0.020168938	-0.9424664	0	0	0.38	4.0559164e-18
1.160063844091201e-09	0.029010035	0.005530133	-0.94865465	0	0	0.38	4.5579372e-18
1.1700375326218726e-09	0.027502492	0.018671403	-0.95329636	0	0	0.38	4.510008e-18
1.1800261917895425e-09	0.031755734	0.01835058	-0.9470614	0	0	0.38	4.51098e-18
1.190030903671775e-09	0.022404825	0.032218765	-0.95114	0	0	0.38	4.822503e-18
1.2000346668704167e-09	0.015105444	0.033814758	-0.95478135	0	0	0.38	4.6022443e-18
1.2100320080712283e-09	0.029168209	0.034444377	-0.9560613	0	0	0.38	4.949042e-18
1.2200110385525418e-09	0.040618453	0.040449	-0.9567738	0	0	0.38	4.341212e-18
1.2300589757762214e-09	0.04054493	0.039576195	-0.9539308	0	0	0.38	4.675102e-18
1.2400112477584023e-09	0.040162828	0.026618209	-0.94898045	0	0	0.38	4.1816122e-18
1.2500237093374961e-09	0.026327599	0.024565741	-0.9511072	0	0	0.38	4.2192142e-18
1.2600223152603855e-09	0.032780685	0.00474361	-0.94507027	0	0	0.38	5.0782603e-18
1.2700222885864588e-09	0.04368802	0.015473961	-0.9467218	0	0	0.38	4.2985437e-18
1.2800335037100987e-09	0.053534478	0.019874692	-0.9513412	0	0	0.38	4.7461613e-18
1.2900280820040095e-09	0.07995477	0.033834405	-0.95024	0	0	0.38	4.506179e-18
1.3000538481389188e-09	0.083392404	0.01857515	-0.95022434	0	0	0.38	4.487993e-18
1.3100527914660588e-09	0.103201665	0.0056573376	-0.9484702	0	0	0.38	4.6815465e-18
1.3200598118138312e-09	0.10687879	0.0022668326	-0.94689596	0	0	0.38	5.3273467e-18
1.330053377743673e-09	0.10658826	-0.017474987	-0.95283854	0	0	0.38	4.5120577e-18
1.3400628407963568e-09	0.117067985	-0.027656367	-0.94825965	0	0	0.38	4.8108808e-18
1.3500497257762511e-09	0.10439438	-0.041981306	-0.94990367	0	0	0.38	4.3645974e-18
1.3600271435741202e-09	0.09439555	-0.05844188	-0.9515602	0	0	0.38	5.0907615e-18
1.3700444633858072e-09	0.09616467	-0.052883767	-0.95164585	0	0	0.38	4.1138513e-18
1.3800580340891576e-09	0.075078025	-0.06143312	-0.95251113	0	0	0.38	4.31143e-18
1.3900648748635406e-09	0.08411605	-0.05256353	-0.95438534	0	0	0.38	3.2949931e-18
1.4000358969392251e-09	0.08066235	-0.052791283	-0.9529246	0	0	0.38	4.5060945e-18
1.4100459182797416e-09	0.08279437	-0.051183823	-0.95264095	0	0	0.38	3.8187306e-18
1.4200537133954636e-09	0.04915623	-0.053039275	-0.95304227	0	0	0.38	3.5478587e-18
1.4300489205106585e-09	0.054265004	-0.054345522	-0.95048577	0	0	0.38	5.8401743e-18
1.4400064462198208e-09	0.05585752	-0.07399371	-0.9474214	0	0	0.38	4.5475267e-18
1.4500144991418233e-09	0.037188053	-0.06936068	-0.9527755	0	0	0.38	4.104343e-18
1.4600511313628347e-09	0.039640244	-0.055275574	-0.9563397	0	0	0.38	3.925736e-18
1.4700523909032167e-09	0.03170858	-0.056738127	-0.9536875	0	0	0.38	5.2005763e-18
1.4800225307870176e-09	0.027303278	-0.043166064	-0.9580302	0	0	0.38	5.085633e-18
1.4900375235197435e-09	0.02868976	-0.061907027	-0.9557178	0	0	0.38	4.1758886e-18
1.5000148206949527e-09	0.020764897	-0.075259954	-0.95245343	0	0	0.38	4.7381513e-18
1.5100278674084516e-09	-0.0010365982	-0.07494093	-0.95171255	0	0	0.38	6.2090286e-18
1.5200175939823114e-09	-0.002162376	-0.08128216	-0.9501844	0	0	0.38	3.9089268e-18
1.5300103188477746e-09	-0.02196023	-0.071136326	-0.95356727	0	0	0.38	3.719779e-18
1.5400528014431348e-09	-0.032664794	-0.07909335	-0.95222753	0	0	0.38	4.437367e-18
1.5500283112603918e-09	-0.033679083	-0.080781154	-0.95049614	0	0	0.38	4.3575217e-18
1.56002892416663e-09	-0.027218226	-0.080092125	-0.9482077	0	0	0.38	4.4770414e-18
1.5700352113818123e-09	-0.028855141	-0.08231196	-0.9559436	0	0	0.38	3.690605e-18
1.580012711661631e-09	-0.023368653	-0.08059511	-0.9556474	0	0	0.38	4.0617418e-18
1.590011205038629e-09	-0.028839411	-0.067335375	-0.95240474	0	0	0.38	4.012115e-18
1.6000661586942825e-09	-0.026566317	-0.06672454	-0.9493586	0	0	0.38	5.0021597e-18
1.6100426292957085e-09	-0.024831682	-0.07568025	-0.9498047	0	0	0.38	4.8086147e-18
1.62000870505865e-09	-0.03813174	-0.05721205	-0.95067817	0	0	0.38	3.468406e-18
1.6300102742686048e-09	-0.045697764	-0.055794183	-0.94998497	0	0	0.38	4.536126e-18
1.6400452091535201e-09	-0.057748314	-0.05152415	-0.9500032	0	0	0.38	5.0554727e-18
1.650029023894278e-09	-0.06860239	-0.042533137	-0.9482697	0	0	0.38	4.4197534e-18
1.6600206431688642e-09	-0.06741977	-0.03889312	-0.9451738	0	0	0.38	4.0082815e-18
1.6700062737575902e-09	-0.07159065	-0.04595764	-0.94002837	0	0	0.38	4.274881e-18
1.680004799989191e-09	-0.07773743	-0.04240543	-0.9408106	0	0	0.38	3.370027e-18
1.6900320056961043e-09	-0.09030887	-0.061087478	-0.9403745	0	0	0.38	4.7246187e-18
1.7000620948896127e-09	-0.09506427	-0.0633438	-0.93971634	0	0	0.38	4.6803815e-18
1.7100473802524146e-09	-0.101863205	-0.07058468	-0.9328162	0	0	0.38	4.7751176e-18
1.7200080917199921e-09	-0.10670745	-0.06450263	-0.93377835	0	0	0.38	4.9450842e-18
1.73006120208752e-09	-0.10919146	-0.07813489	-0.93209267	0	0	0.38	5.384008e-18
1.7400449664864736e-09	-0.10662909	-0.085627705	-0.9334542	0	0	0.38	4.3800868e-18
1.7500339530950092e-09	-0.10973376	-0.088359326	-0.93823606	0	0	0.38	3.610378e-18
1.7600345735835698e-09	-0.11019593	-0.096142165	-0.93905985	0	0	0.38	3.136091e-18
1.7700037543881748e-09	-0.094093606	-0.10272154	-0.93959415	0	0	0.38	4.31056e-18
1.7800361226093938e-09	-0.104941	-0.10062375	-0.9400487	0	0	0.38	5.2599017e-18
1.790045852307426e-09	-0.10653171	-0.09625852	-0.9424552	0	0	0.38	4.2456865e-18
1.800014009223291e-09	-0.11755016	-0.09532895	-0.94204026	0	0	0.38	4.196755e-18
1.810004670230171e-09	-0.121027604	-0.10032196	-0.93755776	0	0	0.38	4.8151937e-18
1.820052835306552e-09	-0.13021125	-0.09658338	-0.9364638	0	0	0.38	4.5265424e-18
1.8300567273958978e-09	-0.1517031	-0.100286834	-0.9340909	0	0	0.38	4.474757e-18
1.8400103172947653e-09	-0.1398026	-0.09536823	-0.93625903	0	0	0.38	4.3909605e-18
1.850041580662607e-09	-0.15367357	-0.08298738	-0.93276435	0	0	0.38	4.0521643e-18
1.8600228573428987e-09	-0.14248024	-0.07329992	-0.93405014	0	0	0.38	3.4443544e-18
1.8700569754981686e-09	-0.16700222	-0.041958902	-0.93758196	0	0	0.38	5.2887455e-18
1.880034856423298e-09	-0.15900286	-0.02547899	-0.93753475	0	0	0.38	3.8684975e-18
1.8900327136437213e-09	-0.15477732	-0.02901334	-0.94146204	0	0	0.38	3.8790705e-18
1.9000095567501894e-09	-0.134982	-0.017587313	-0.94200885	0	0	0.38	3.882096e-18
1.9100172646128994e-09	-0.12857206	-0.0230791	-0.93977857	0	0	0.38	4.213671e-18
1.9200553236578575e-09	-0.13468464	-0.0160608	-0.9415462	0	0	0.38	4.6159784e-18
1.9300369611250986e-09	-0.12460094	-1.4853595e-05	-0.9451214	0	0	0.38	3.908118e-18
1.9400552098220747e-09	-0.14231902	0.001884984	-0.94268167	0	0	0.38	4.0713234e-18
1.950052085624932e-09	-0.15282953	0.02533183	-0.94185317	0	0	0.38	4.7509003e-18
1.9600175089934e-09	-0.16269556	0.049474075	-0.9379027	0	0	0.38	4.3249093e-18
1.970024933013764e-09	-0.15334903	0.059452668	-0.9387069	0	0	0.38	4.328397e-18
1.980000872922297e-09	-0.14091249	0.084167525	-0.9371739	0	0	0.38	5.214009e-18
1.9900481071710864e-09	-0.1618508	0.11020859	-0.9309109	0	0	0.38	4.115299e-18
2.0000031279052145e-09	-0.16313289	0.12137834	-0.93035376	0	0	0.38	5.155918e-18
2.0100041337517532e-09	-0.15651932	0.13693756	-0.93190503	0	0	0.38	4.908564e-18
2.020017713826798e-09	-0.16878414	0.12984519	-0.92901504	0	0	0.38	4.2376016e-18
2.030038835731322e-09	-0.17333291	0.13335258	-0.92301357	0	0	0.38	4.3961337e-18
2.0400451101538826e-09	-0.15527043	0.13140307	-0.92750835	0	0	0.38	5.6687184e-18
2.0500423789000532e-09	-0.15971307	0.15370342	-0.9207819	0	0	0.38	4.2428037e-18
2.0600099315541418e-09	-0.15511811	0.15207075	-0.92255044	0	0	0.38	3.554841e-18
2.070027229162793e-09	-0.17403555	0.16762091	-0.9140924	0	0	0.38	4.209454e-18
2.080037165849401e-09	-0.17990834	0.17960179	-0.91151685	0	0	0.38	5.2203385e-18
2.09005192374003e-09	-0.16619326	0.17848669	-0.91148156	0	0	0.38	5.335761e-18
2.100029109125652e-09	-0.13353133	0.19441636	-0.9153337	0	0	0.38	4.4137435e-18
2.110026668427057e-09	-0.12643477	0.1744236	-0.91457444	0	0	0.38	4.277933e-18
2.1200274745086727e-09	-0.11005993	0.17487867	-0.9213951	0	0	0.38	4.254867e-18
2.1300294678526423e-09	-0.104846746	0.17536992	-0.92603683	0	0	0.38	5.199706e-18
2.1400583473644004e-09	-0.10635243	0.15650901	-0.9297531	0	0	0.38	3.146932e-18
2.1500556827740835e-09	-0.09956274	0.1767691	-0.93286884	0	0	0.38	5.4980094e-18
2.1600183583903664e-09	-0.09043149	0.19174713	-0.9307276	0	0	0.38	4.8726493e-18
2.1700106876925466e-09	-0.07581835	0.20534502	-0.9294235	0	0	0.38	4.360205e-18
2.180042052612738e-09	-0.057955757	0.22255954	-0.92732334	0	0	0.38	3.549513e-18
2.190028142449393e-09	-0.04638889	0.21438618	-0.92462003	0	0	0.38	3.8383075e-18
2.200048409541732e-09	-0.029028455	0.20552883	-0.92078066	0	0	0.38	4.652278e-18
2.210062096106281e-09	-0.032145254	0.20959021	-0.9155778	0	0	0.38	4.4075086e-18
2.220022754637817e-09	-0.033381827	0.20732647	-0.9145737	0	0	0.38	4.6983474e-18
2.2300584339679865e-09	-0.0362704	0.19953124	-0.91748065	0	0	0.38	5.0191582e-18
2.240045978774887e-09	-0.050165355	0.21664098	-0.91597474	0	0	0.38	3.9163354e-18
2.25002761760917e-09	-0.037784915	0.22380266	-0.917844	0	0	0.38	3.6165213e-18
2.260026189223792e-09	-0.02614921	0.22016738	-0.9165322	0	0	0.38	4.5964905e-18
2.2700683751724743e-09	-0.032452356	0.23347706	-0.9164599	0	0	0.38	4.675216e-18
2.280036537665481e-09	-0.004156277	0.24725932	-0.9168984	0	0	0.38	5.023638e-18
2.290031561652359e-09	-0.0050667166	0.24223682	-0.9169113	0	0	0.38	4.317274e-18
2.300005246401251e-09	0.008450462	0.22077735	-0.91977525	0	0	0.38	4.0201164e-18
2.3100412200966247e-09	-0.006043641	0.22416022	-0.9181666	0	0	0.38	5.2057615e-18
2.3200055363623638e-09	0.008715386	0.22504906	-0.91054624	0	0	0.38	3.898729e-18
2.3300204084543813e-09	0.007412053	0.20845543	-0.91181433	0	0	0.38	4.7476383e-18
2.3400286574684527e-09	0.0018494329	0.21455672	-0.9220664	0	0	0.38	4.242312e-18
2.3500066003209804e-09	0.0076426193	0.21335441	-0.9242396	0	0	0.38	4.4693756e-18
2.3600175826755573e-09	0.009789237	0.2154845	-0.92636204	0	0	0.38	3.9630335e-18
2.370056724469596e-09	0.031898987	0.20428711	-0.9280871	0	0	0.38	5.718594e-18
2.3800554395808305e-09	0.050416958	0.20657778	-0.92309827	0	0	0.38	4.8986587e-18
2.3900643849639224e-09	0.06284477	0.20181793	-0.922713	0	0	0.38	3.859549e-18
2.4000363313107635e-09	0.056206908	0.2005005	-0.9196982	0	0	0.38	4.5804026e-18
2.4100664230917264e-09	0.051724736	0.19170177	-0.9188388	0	0	0.38	5.054705e-18
2.420030775252088e-09	0.04779997	0.18880673	-0.92677194	0	0	0.38	4.1173386e-18
2.4300479089362915e-09	0.046017725	0.16613063	-0.9284119	0	0	0.38	4.8036736e-18
2.4400408791069055e-09	0.044865917	0.17162251	-0.93075514	0	0	0.38	4.5757183e-18
2.4500346306659195e-09	0.052862495	0.16503078	-0.93390405	0	0	0.38	4.939468e-18
2.4600209636874174e-09	0.07038393	0.16879945	-0.93291396	0	0	0.38	4.457203e-18
2.4700167103492168e-09	0.08693345	0.14510804	-0.937391	0	0	0.38	5.012941e-18
2.480045623066943e-09	0.107488096	0.12815538	-0.9336027	0	0	0.38	4.905853e-18
2.490032027221134e-09	0.10948826	0.14062667	-0.9313573	0	0	0.38	5.0103025e-18
2.5000085566465967e-09	0.1065164	0.14909504	-0.9288502	0	0	0.38	3.860827e-18
2.5100207385565574e-09	0.116577916	0.1409855	-0.9241506	0	0	0.38	4.1219043e-18
2.520062111273244e-09	0.12008808	0.16061842	-0.9246277	0	0	0.38	5.1115618e-18
2.530028503439042e-09	0.121916115	0.1735477	-0.92240435	0	0	0.38	3.6304965e-18
2.5400245799365704e-09	0.14385924	0.18000121	-0.9218085	0	0	0.38	5.3360644e-18
2.550044692787827e-09	0.1717209	0.18220814	-0.91731757	0	0	0.38	4.585754e-18
2.5600529878637857e-09	0.17085809	0.18583393	-0.9150335	0	0	0.38	4.4036515e-18
2.570042299004124e-09	0.17182137	0.15151563	-0.92008716	0	0	0.38	3.8077175e-18
2.5800037768855803e-09	0.17036915	0.14102645	-0.9237191	0	0	0.38	4.721684e-18
2.5900351477862773e-09	0.1555562	0.13656183	-0.9242194	0	0	0.38	5.1785655e-18
2.6000327281382635e-09	0.15444675	0.12159665	-0.92353904	0	0	0.38	4.236872e-18
2.6100184593016067e-09	0.15515755	0.1344515	-0.9246608	0	0	0.38	3.3055645e-18
2.6200138497087877e-09	0.15150863	0.12660664	-0.9238693	0	0	0.38	4.4198944e-18
2.63004701160041e-09	0.18996431	0.1369221	-0.91529506	0	0	0.38	4.7410212e-18
2.640003844392264e-09	0.20786628	0.12773396	-0.91212827	0	0	0.38	4.1389438e-18
2.6500048816269414e-09	0.20990278	0.11258028	-0.9066821	0	0	0.38	4.1733636e-18
2.6600132656968634e-09	0.21065699	0.10665365	-0.9081391	0	0	0.38	4.450339e-18
2.6700387582779252e-09	0.18959448	0.10908982	-0.9115854	0	0	0.38	4.5862868e-18
2.680050964976931e-09	0.17733584	0.087426625	-0.9103117	0	0	0.38	4.5717036e-18
2.690041868332054e-09	0.17415577	0.11147744	-0.9060962	0	0	0.38	3.7251165e-18
2.7000151078987365e-09	0.16588627	0.122039765	-0.906066	0	0	0.38	4.5400904e-18
2.710040517495938e-09	0.17610793	0.1355259	-0.9076779	0	0	0.38	5.2143952e-18
2.7200272989948404e-09	0.177051	0.13940518	-0.91035336	0	0	0.38	3.566518e-18
2.7300295014500552e-09	0.18790917	0.13494948	-0.91249484	0	0	0.38	3.7471795e-18
2.7400178622050482e-09	0.19226368	0.118140675	-0.91974306	0	0	0.38	3.1019976e-18
2.7500244206585415e-09	0.21282455	0.10923239	-0.91392833	0	0	0.38	5.353189e-18
2.760012973337795e-09	0.2095196	0.08811446	-0.91345364	0	0	0.38	4.364548e-18
2.7700640503613885e-09	0.19171819	0.06919459	-0.9162963	0	0	0.38	3.5540506e-18
2.7800379878473474e-09	0.18276447	0.06633521	-0.91264063	0	0	0.38	4.0121783e-18
2.7900085218357036e-09	0.17529726	0.09738851	-0.908706	0	0	0.38	4.7914267e-18
2.800053707508503e-09	0.19147669	0.11718433	-0.8993543	0	0	0.38	4.4535797e-18
2.8100207682800054e-09	0.19424859	0.12606555	-0.8995942	0	0	0.38	5.188968e-18
2.8200003306759246e-09	0.19875826	0.13771321	-0.8951485	0	0	0.38	4.147207e-18
2.830027215566759e-09	0.20602301	0.14884244	-0.8975709	0	0	0.38	4.0715017e-18
2.8400507885910983e-09	0.1993401	0.1494482	-0.89471763	0	0	0.38	4.497283e-18
2.850050117091244e-09	0.18602803	0.14973956	-0.89037305	0	0	0.38	3.726532e-18
2.8600094058516996e-09	0.17409903	0.1538	-0.88787466	0	0	0.38	4.256424e-18
2.8700189762051625e-09	0.16132967	0.15159264	-0.89553076	0	0	0.38	4.667305e-18
2.8800245398675987e-09	0.14810751	0.1545538	-0.8892192	0	0	0.38	4.662684e-18
2.8900371676820047e-09	0.13780153	0.16828421	-0.88295966	0	0	0.38	4.2374097e-18
2.9000217349505032e-09	0.13808806	0.18412393	-0.88701403	0	0	0.38	4.7923606e-18
2.9100652966864747e-09	0.14841142	0.20301718	-0.88467526	0	0	0.38	3.910652e-18
2.920002446538029e-09	0.16428028	0.1997795	-0.8872765	0	0	0.38	4.82401e-18
2.9300382312164155e-09	0.17364663	0.18663171	-0.89101	0	0	0.38	4.2833604e-18
2.940020352273227e-09	0.18095881	0.16660199	-0.8988111	0	0	0.38	3.4567607e-18
2.950034195136916e-09	0.19014357	0.15005317	-0.9021951	0	0	0.38	5.0771746e-18
2.9600461574040655e-09	0.18232244	0.12346559	-0.9072856	0	0	0.38	4.238658e-18
2.970025579963302e-09	0.1581466	0.117142275	-0.91294545	0	0	0.38	3.948343e-18
2.9800415978813205e-09	0.15812202	0.1113336	-0.9142576	0	0	0.38	3.823164e-18
2.9900014354005214e-09	0.13189782	0.12129192	-0.9161962	0	0	0.38	4.8762537e-18
3.0000657789130005e-09	0.11454698	0.14603606	-0.91393673	0	0	0.38	3.9721734e-18
3.0100610336478054e-09	0.12452838	0.16681685	-0.90726906	0	0	0.38	5.425925e-18
3.0200387761628495e-09	0.12420428	0.17683902	-0.90642756	0	0	0.38	3.949628e-18
3.0300411095191973e-09	0.13962989	0.21460153	-0.8983201	0	0	0.38	4.6736416e-18
3.0400086637271327e-09	0.16851057	0.22140275	-0.8972041	0	0	0.38	4.4124188e-18
3.050049215915626e-09	0.18804522	0.21528465	-0.89100134	0	0	0.38	4.9335326e-18
3.060058159229994e-09	0.20209225	0.19331194	-0.8946609	0	0	0.38	5.534375e-18
3.0700085452695077e-09	0.19682166	0.1864202	-0.8961885	0	0	0.38	4.5599663e-18
3.08001476714833e-09	0.19039956	0.18976882	-0.8961406	0	0	0.38	4.0492948e-18
3.090055980361478e-09	0.19533892	0.19200453	-0.89918554	0	0	0.38	5.296395e-18
3.100062966574553e-09	0.18250263	0.20277709	-0.9014001	0	0	0.38	5.7985026e-18
3.110044054402133e-09	0.19029185	0.22705933	-0.8941562	0	0	0.38	4.7026124e-18
3.12004501744267e-09	0.19757245	0.2349575	-0.8931718	0	0	0.38	4.7032125e-18
3.1300255165425464e-09	0.21196248	0.23688364	-0.8979641	0	0	0.38	4.4970356e-18
3.1400246291633195e-09	0.21392745	0.24059577	-0.8957052	0	0	0.38	4.60883e-18
3.150053598189852e-09	0.23370223	0.24501666	-0.88796633	0	0	0.38	3.7260144e-18
3.160013192180274e-09	0.23342046	0.22683392	-0.89197046	0	0	0.38	3.7153065e-18
3.170043822471998e-09	0.20854555	0.23310637	-0.8949344	0	0	0.38	3.4133232e-18
3.1800019790479675e-09	0.19512075	0.20967922	-0.89867175	0	0	0.38	4.3129023e-18
3.1900247187992932e-09	0.18312758	0.20107508	-0.90014935	0	0	0.38	4.1372617e-18
3.2000110492122605e-09	0.19434561	0.1953477	-0.89870805	0	0	0.38	3.7257563e-18
3.210057424388472e-09	0.19846804	0.20374857	-0.89991915	0	0	0.38	4.7953616e-18
3.2200382860256242e-09	0.21176372	0.2115564	-0.9042143	0	0	0.38	2.8019951e-18
3.2300138792782188e-09	0.2045758	0.2216642	-0.9018768	0	0	0.38	4.692074e-18
3.2400024258494913e-09	0.21584249	0.21251303	-0.90159553	0	0	0.38	4.284698e-18
3.250049119483516e-09	0.23242258	0.18815531	-0.9046075	0	0	0.38	6.2371027e-18
3.2600236529325555e-09	0.23665707	0.1624887	-0.90606034	0	0	0.38	4.0568817e-18
3.2700494122886077e-09	0.23093222	0.14556928	-0.9060942	0	0	0.38	5.48727e-18
3.280041863859128e-09	0.24091215	0.14499383	-0.90742517	0	0	0.38	4.0584723e-18
3.2900439474549426e-09	0.2138175	0.15686364	-0.9087853	0	0	0.38	4.554429e-18
3.3000089429540736e-09	0.22556245	0.16444	-0.90905094	0	0	0.38	4.3766213e-18
3.3100248642152556e-09	0.2311816	0.14590316	-0.9132952	0	0	0.38	4.8617135e-18
3.3200383636004634e-09	0.21226248	0.14232922	-0.9155352	0	0	0.38	5.4855545e-18
3.3300302279677805e-09	0.22501488	0.11930535	-0.91273063	0	0	0.38	4.518797e-18
3.3400524652040026e-09	0.22596091	0.12007094	-0.91140425	0	0	0.38	4.7646186e-18
3.3500249444171917e-09	0.22707027	0.12545407	-0.9136336	0	0	0.38	4.2129413e-18
3.3600518201353462e-09	0.24064001	0.12277635	-0.90768915	0	0	0.38	4.4445093e-18
3.3700210955317948e-09	0.22477154	0.105170205	-0.9132104	0	0	0.38	4.1346077e-18
3.380027304564101e-09	0.22300367	0.1069646	-0.9109613	0	0	0.38	4.7114582e-18
3.3900667442749468e-09	0.22325918	0.10108584	-0.90892065	0	0	0.38	4.8278152e-18
3.400062236244168e-09	0.23097041	0.096033774	-0.90560585	0	0	0.38	3.4546059e-18
3.410027349353344e-09	0.24210691	0.11994157	-0.8987343	0	0	0.38	4.850921e-18
3.4200214529174974e-09	0.2651302	0.107996054	-0.89758104	0	0	0.38	4.821851e-18
3.4300165847601396e-09	0.28272277	0.112119325	-0.8952444	0	0	0.38	4.3742543e-18
3.4400159342231542e-09	0.29328096	0.09993577	-0.89369255	0	0	0.38	4.471998e-18
3.4500274401630895e-09	0.29525414	0.09689451	-0.8996253	0	0	0.38	3.90692e-18
3.460014421370922e-09	0.28831604	0.0702765	-0.90025437	0	0	0.38	5.1376936e-18
3.4700630764785622e-09	0.29396752	0.076865576	-0.8992122	0	0	0.38	4.5247292e-18
3.4800666552803134e-09	0.28601602	0.067118324	-0.8967339	0	0	0.38	4.337573e-18
3.4900290454610374e-09	0.27567533	0.053826187	-0.8986301	0	0	0.38	5.0862145e-18
3.5000605454013115e-09	0.28693298	0.063377135	-0.89327914	0	0	0.38	4.806658e-18
3.5100205135422e-09	0.28079396	0.09412474	-0.88415277	0	0	0.38	4.8326782e-18
3.5200502930345488e-09	0.27213198	0.10428041	-0.89161366	0	0	0.38	4.041461e-18
3.5300553243259767e-09	0.29750347	0.108275935	-0.8882729	0	0	0.38	4.2287868e-18
3.540021544820847e-09	0.3032342	0.09755944	-0.8834897	0	0	0.38	5.5968033e-18
3.5500647802978155e-09	0.2987396	0.10230162	-0.8859216	0	0	0.38	5.0590705e-18
3.560051650070095e-09	0.3037634	0.08027707	-0.8866562	0	0	0.38	4.9582203e-18
3.5700595735558546e-09	0.30462617	0.06862156	-0.8813018	0	0	0.38	4.884753e-18
3.5800558488850135e-09	0.27941546	0.060613755	-0.8805921	0	0	0.38	5.1555314e-18
3.5900186087553295e-09	0.27314633	0.06015399	-0.8779043	0	0	0.38	4.782092e-18
3.600008291136487e-09	0.25898984	0.055054154	-0.8813218	0	0	0.38	4.5319576e-18
3.6100551013271848e-09	0.2374713	0.0388044	-0.88729537	0	0	0.38	4.29779e-18
3.620023531649889e-09	0.22062999	0.049998432	-0.89323455	0	0	0.38	4.557855e-18
3.6300410388998122e-09	0.22048916	0.064388014	-0.8930104	0	0	0.38	3.5959295e-18
3.640029749265243e-09	0.21388555	0.06905622	-0.89969367	0	0	0.38	4.723923e-18
3.650009936907321e-09	0.21780424	0.07950611	-0.90338016	0	0	0.38	3.7379444e-18
3.6600164535497567e-09	0.23956667	0.10508518	-0.898163	0	0	0.38	3.6912616e-18
3.670010551808444e-09	0.23310436	0.09516886	-0.8994085	0	0	0.38	4.39934e-18
3.6800644937748538e-09	0.25568688	0.09861752	-0.88961655	0	0	0.38	4.6939323e-18
3.69002081611009e-09	0.22920671	0.09452856	-0.90077907	0	0	0.38	4.2312125e-18
3.7000432861032046e-09	0.23283106	0.07010722	-0.9012478	0	0	0.38	4.571224e-18
3.7100136000017846e-09	0.24075092	0.06559721	-0.896184	0	0	0.38	5.0618763e-18
3.72005017336764e-09	0.2337684	0.060598277	-0.8945684	0	0	0.38	5.775966e-18
3.7300594916148305e-09	0.23113553	0.07086227	-0.89216125	0	0	0.38	5.8854165e-18
3.740014138628802e-09	0.23116626	0.057403903	-0.894905	0	0	0.38	5.320574e-18
3.750065121103357e-09	0.2313082	0.07038523	-0.89716566	0	0	0.38	4.793093e-18
3.760025131361181e-09	0.24039082	0.084871285	-0.9029398	0	0	0.38	5.4807714e-18
3.7700647937734335e-09	0.23525167	0.10476219	-0.9053925	0	0	0.38	4.014249e-18
3.7800532802777115e-09	0.23758863	0.10298581	-0.9067133	0	0	0.38	4.73627e-18
3.790063502553524e-09	0.24495418	0.102251075	-0.9058282	0	0	0.38	4.4147634e-18
3.800032066837875e-09	0.25440264	0.095794655	-0.9075258	0	0	0.38	4.702605e-18
3.81005300639545e-09	0.2491702	0.09429908	-0.90019596	0	0	0.38	4.987843e-18
3.820050974739901e-09	0.23392212	0.10860896	-0.901964	0	0	0.38	4.4954073e-18
3.830028884391337e-09	0.24621578	0.11671455	-0.89264786	0	0	0.38	4.1685254e-18
3.840058198259851e-09	0.2412552	0.12700284	-0.893381	0	0	0.38	5.211352e-18
3.85004676098908e-09	0.22745067	0.11494662	-0.89333814	0	0	0.38	5.082744e-18
3.860036205345851e-09	0.2231596	0.13137963	-0.8912396	0	0	0.38	4.3351188e-18
3.870001175684244e-09	0.23729196	0.13809131	-0.89118934	0	0	0.38	5.060969e-18
3.8800111665625175e-09	0.24456267	0.13155878	-0.89177537	0	0	0.38	4.749776e-18
3.8900596859105495e-09	0.24073285	0.1344035	-0.89236903	0	0	0.38	4.267315e-18
3.9000205728082945e-09	0.24207224	0.15796666	-0.8888297	0	0	0.38	4.9387852e-18
3.910025741029329e-09	0.2531693	0.16268978	-0.8880225	0	0	0.38	4.973979e-18
3.920011989182355e-09	0.2485703	0.17817748	-0.88676995	0	0	0.38	3.771012e-18
3.930034164670246e-09	0.2384661	0.17086649	-0.88894564	0	0	0.38	4.976506e-18
3.940044937084174e-09	0.23483413	0.17981686	-0.8868653	0	0	0.38	4.3205873e-18
3.950011776197354e-09	0.22613694	0.17982216	-0.8896895	0	0	0.38	4.361557e-18
3.960061767328609e-09	0.233605	0.16719796	-0.8900578	0	0	0.38	4.91861e-18
3.970025453697704e-09	0.24329253	0.17191048	-0.88601595	0	0	0.38	4.1354613e-18
3.980035774069611e-09	0.23670264	0.18212047	-0.8902989	0	0	0.38	3.752806e-18
3.990015629579816e-09	0.24576865	0.17066523	-0.897767	0	0	0.38	5.3974122e-18
4.00005474307757e-09	0.26845542	0.15450291	-0.8960113	0	0	0.38	4.6805506e-18
4.010015937520641e-09	0.27347574	0.14076687	-0.89328843	0	0	0.38	4.8152586e-18
4.0200638531016455e-09	0.2830171	0.11940254	-0.89236546	0	0	0.38	4.420284e-18
4.0300392958578e-09	0.27208093	0.13106729	-0.89541835	0	0	0.38	3.819048e-18
4.0400071578624815e-09	0.26427752	0.13405281	-0.8936454	0	0	0.38	3.6677176e-18
4.050057093327137e-09	0.2556005	0.1445494	-0.8939655	0	0	0.38	3.8793435e-18
4.060002054666868e-09	0.2414813	0.13959762	-0.8993187	0	0	0.38	3.6430006e-18
4.070039154121249e-09	0.2329239	0.13937686	-0.8965943	0	0	0.38	4.09025e-18
4.0800242906939446e-09	0.2338885	0.14195986	-0.9023287	0	0	0.38	4.353576e-18
4.090006149509605e-09	0.23534818	0.14900249	-0.8991185	0	0	0.38	4.226665e-18
4.1000071951174756e-09	0.23503104	0.13494287	-0.9023195	0	0	0.38	4.482911e-18
4.110004876258634e-09	0.23744525	0.12045155	-0.90159	0	0	0.38	5.1504715e-18
4.120023042575842e-09	0.24087885	0.12266313	-0.8980118	0	0	0.38	4.2426842e-18
4.130036582949474e-09	0.23944677	0.12631537	-0.8918976	0	0	0.38	4.2476713e-18
4.140025497681333e-09	0.23964138	0.14017895	-0.886897	0	0	0.38	4.4719183e-18
4.150046971593665e-09	0.23580602	0.1390217	-0.88781124	0	0	0.38	4.5317805e-18
4.160013855859864e-09	0.23235637	0.14299631	-0.88830835	0	0	0.38	4.634229e-18
4.170017438245765e-09	0.22800945	0.17697902	-0.8860244	0	0	0.38	4.157241e-18
4.180055718611106e-09	0.23995444	0.16521987	-0.8862344	0	0	0.38	4.8015767e-18
4.190045320996277e-09	0.24206963	0.16938683	-0.87975836	0	0	0.38	4.5892597e-18
4.200050255518623e-09	0.25270784	0.19144359	-0.8665973	0	0	0.38	5.159444e-18
4.210032873944924e-09	0.23952247	0.19919747	-0.8686296	0	0	0.38	4.300507e-18
4.2200005545125946e-09	0.2402022	0.19700103	-0.8691515	0	0	0.38	3.795742e-18
4.230048945597602e-09	0.23577696	0.1933724	-0.8741553	0	0	0.38	5.0031047e-18
4.240061802233947e-09	0.23772803	0.19090857	-0.87585974	0	0	0.38	4.6502928e-18
4.250004709979546e-09	0.21806471	0.19008875	-0.8822338	0	0	0.38	4.2981095e-18
4.260024537226453e-09	0.21761388	0.18943666	-0.8806494	0	0	0.38	4.281754e-18
4.270045650018557e-09	0.19567995	0.1983913	-0.8856642	0	0	0.38	4.135094e-18
4.280025102858589e-09	0.16980043	0.20609756	-0.8877033	0	0	0.38	4.545187e-18
4.2900229049696545e-09	0.17538524	0.21802269	-0.8886527	0	0	0.38	4.25734e-18
4.300056895396174e-09	0.1840279	0.23654133	-0.88332486	0	0	0.38	4.246712e-18
4.310039555036059e-09	0.20446034	0.25997937	-0.8766482	0	0	0.38	4.6559143e-18
4.3200613918678274e-09	0.21107498	0.26319492	-0.881349	0	0	0.38	4.541463e-18
4.330056205699046e-09	0.21861444	0.24476308	-0.87971246	0	0	0.38	4.986116e-18
4.340004354413546e-09	0.21395463	0.2171271	-0.8883461	0	0	0.38	4.180802e-18
4.3500381496487814e-09	0.21069947	0.2292096	-0.88043565	0	0	0.38	4.0411495e-18
4.360005956375795e-09	0.20188254	0.23666017	-0.8796867	0	0	0.38	4.51461e-18
4.3700491605261855e-09	0.1950289	0.22537267	-0.8793	0	0	0.38	4.217647e-18
4.380003064665341e-09	0.19184457	0.23815805	-0.8759238	0	0	0.38	3.990019e-18
4.390057714188574e-09	0.19352832	0.25864366	-0.87275237	0	0	0.38	4.064701e-18
4.40004060477535e-09	0.18101618	0.25891587	-0.8768984	0	0	0.38	4.712576e-18
4.4100184682712596e-09	0.18449433	0.26748765	-0.8666525	0	0	0.38	5.593027e-18
4.420019305124909e-09	0.17628643	0.27199984	-0.87521815	0	0	0.38	4.1275696e-18
4.4300159911480085e-09	0.17480217	0.2757456	-0.8691902	0	0	0.38	4.7807036e-18
4.440055086692906e-09	0.17759448	0.2753113	-0.86348283	0	0	0.38	4.2690572e-18
4.4500618629550075e-09	0.1719385	0.27832812	-0.8639933	0	0	0.38	4.1812623e-18
4.460035603891208e-09	0.16151613	0.28095457	-0.8642339	0	0	0.38	3.64429e-18
4.470019746522136e-09	0.16053014	0.28058955	-0.86151975	0	0	0.38	5.353203e-18
4.480022075339466e-09	0.12103066	0.2973582	-0.8562702	0	0	0.38	4.747816e-18
4.490053987642055e-09	0.10268043	0.31339926	-0.85625577	0	0	0.38	4.6313115e-18
4.500037070077164e-09	0.086120814	0.31690234	-0.8564609	0	0	0.38	4.911251e-18
4.5100116745065036e-09	0.06633432	0.32080394	-0.85644597	0	0	0.38	5.0436494e-18
4.520036686292266e-09	0.047618795	0.3297583	-0.8504624	0	0	0.38	4.9079207e-18
4.530030390620414e-09	0.028495632	0.3254172	-0.8500094	0	0	0.38	3.4564323e-18
4.54002030432989e-09	-0.0066936156	0.32429343	-0.8500772	0	0	0.38	5.4482917e-18
4.550034120939977e-09	-0.0416685	0.3375443	-0.84277594	0	0	0.38	4.9039068e-18
4.560034987887556e-09	-0.06714183	0.33372054	-0.84070635	0	0	0.38	3.848208e-18
4.570031009786455e-09	-0.10937451	0.30185083	-0.8433048	0	0	0.38	4.4992165e-18
4.580056828088027e-09	-0.15307751	0.27221397	-0.8371429	0	0	0.38	5.7850096e-18
4.590041637938515e-09	-0.18744679	0.2376642	-0.83381826	0	0	0.38	4.2373125e-18
4.600034338674313e-09	-0.22213265	0.18028605	-0.8175792	0	0	0.38	3.819875e-18
4.610024269127063e-09	-0.25366324	0.12134751	-0.81426764	0	0	0.38	4.7776567e-18
4.620049127785126e-09	-0.24698068	0.043031722	-0.8060982	0	0	0.38	4.0412455e-18
4.630063125392162e-09	-0.2408638	-0.0624185	-0.8055714	0	0	0.38	4.624707e-18
4.640028809103977e-09	-0.19668594	-0.14832436	-0.8073756	0	0	0.38	4.7947714e-18
4.650040555280029e-09	-0.14594314	-0.20360783	-0.80144274	0	0	0.38	4.851648e-18
4.660001314167392e-09	-0.07258616	-0.23421678	-0.79853106	0	0	0.38	4.8535046e-18
4.670046208853621e-09	0.02541549	-0.2319263	-0.78192115	0	0	0.38	3.2221402e-18
4.680061115386605e-09	0.141666	-0.18072008	-0.76457965	0	0	0.38	3.825935e-18
4.690030818236377e-09	0.19925863	-0.09032444	-0.7529552	0	0	0.38	5.140214e-18
4.7000253619254055e-09	0.24387199	0.017362373	-0.7469211	0	0	0.38	5.2281103e-18
4.710010728135999e-09	0.24878292	0.12990645	-0.74623394	0	0	0.38	4.877114e-18
4.720019641212583e-09	0.17739466	0.22238764	-0.7436662	0	0	0.38	3.8521793e-18
4.7300101613713875e-09	0.07812138	0.30174184	-0.732539	0	0	0.38	4.126982e-18
4.740016373522603e-09	-0.04657349	0.3551826	-0.71838176	0	0	0.38	4.64279e-18
4.750032873808486e-09	-0.17310919	0.31861386	-0.70224494	0	0	0.38	3.9895657e-18
4.760034039725884e-09	-0.2709492	0.23168167	-0.68449926	0	0	0.38	4.6623746e-18
4.770049552540616e-09	-0.3171885	0.070013575	-0.6820383	0	0	0.38	4.7924793e-18
4.780025592664442e-09	-0.2733641	-0.0781613	-0.68190444	0	0	0.38	5.3488662e-18
4.790015068598908e-09	-0.19369802	-0.17844857	-0.6866133	0	0	0.38	3.6424447e-18
4.800015480671591e-09	-0.08739705	-0.26485	-0.6770086	0	0	0.38	3.725573e-18
4.810063934681745e-09	0.055117518	-0.27771205	-0.67178595	0	0	0.38	4.6862768e-18
4.8200160274741204e-09	0.18179305	-0.2032907	-0.66674525	0	0	0.38	4.604054e-18
4.830044547552242e-09	0.2730991	-0.08016081	-0.6583463	0	0	0.38	3.9180998e-18
4.8400199905238665e-09	0.3084615	0.06511054	-0.6532063	0	0	0.38	3.675684e-18
4.850035513649447e-09	0.26511064	0.23424765	-0.6452953	0	0	0.38	4.4216175e-18
4.860043034420607e-09	0.15968877	0.34509555	-0.65195155	0	0	0.38	4.0780682e-18
4.870040120452911e-09	0.055352893	0.3687103	-0.64928913	0	0	0.38	4.7136486e-18
4.8800033147355475e-09	-0.0787333	0.34835675	-0.642443	0	0	0.38	3.1831173e-18
4.89000837732034e-09	-0.20841189	0.19855462	-0.62886584	0	0	0.38	3.304897e-18
4.900005227036703e-09	-0.25275898	0.03813188	-0.6307053	0	0	0.38	4.3025357e-18
4.910048519654065e-09	-0.22861518	-0.13430534	-0.6291471	0	0	0.38	3.8009404e-18
4.9200477570755515e-09	-0.15226042	-0.28725675	-0.63150907	0	0	0.38	3.796331e-18
4.930002140809379e-09	-0.013291322	-0.3736653	-0.62986064	0	0	0.38	4.8724338e-18
4.940028753825263e-09	0.1596491	-0.34665287	-0.62064373	0	0	0.38	3.83636e-18
4.950034706164751e-09	0.2937676	-0.2059526	-0.60380024	0	0	0.38	5.0904418e-18
4.960001968900858e-09	0.32789242	-0.030949747	-0.59966373	0	0	0.38	4.259372e-18
4.9700503070713275e-09	0.29019514	0.13368186	-0.59847295	0	0	0.38	4.7061254e-18
4.980016735840155e-09	0.2031071	0.25954017	-0.60087836	0	0	0.38	3.894691e-18
4.990056158967658e-09	0.018990943	0.3041692	-0.5956941	0	0	0.38	3.4688239e-18
5.000053925630005e-09	-0.14218858	0.23816508	-0.59750736	0	0	0.38	4.169879e-18
5.0100417744201095e-09	-0.25688922	0.13135676	-0.59372073	0	0	0.38	4.389649e-18
5.020035890813559e-09	-0.31689528	-0.043619532	-0.5778901	0	0	0.38	4.9357123e-18
5.030059189246623e-09	-0.2666769	-0.23115705	-0.57661515	0	0	0.38	2.5942224e-18
5.040000255379845e-09	-0.14140753	-0.33336824	-0.57315737	0	0	0.38	4.227875e-18
5.0500114728611554e-09	0.012157854	-0.3746753	-0.5729053	0	0	0.38	4.5886777e-18
5.060020348535758e-09	0.18661621	-0.30904144	-0.55811507	0	0	0.38	4.0460274e-18
5.07001348489776e-09	0.28807366	-0.15216517	-0.54330343	0	0	0.38	4.925828e-18
5.080001297991184e-09	0.31181973	0.020625934	-0.5435299	0	0	0.38	3.969204e-18
5.090056031091259e-09	0.24283758	0.20433709	-0.54121137	0	0	0.38	3.8954297e-18
5.1000006453210954e-09	0.08993738	0.31425458	-0.54297644	0	0	0.38	4.1486338e-18
5.110000900879798e-09	-0.066880986	0.3221905	-0.5470166	0	0	0.38	4.428992e-18
5.120036063841167e-09	-0.22208999	0.27395904	-0.5390277	0	0	0.38	4.320325e-18
5.130062750765014e-09	-0.34892312	0.12243227	-0.52311665	0	0	0.38	4.2998254e-18
5.140043854737492e-09	-0.36138353	-0.109734885	-0.5251531	0	0	0.38	4.16561e-18
5.15002974585784e-09	-0.27242747	-0.271451	-0.5239888	0	0	0.38	4.1178176e-18
5.16004992691242e-09	-0.102961294	-0.3528477	-0.52438545	0	0	0.38	3.917847e-18
5.170042134728119e-09	0.057749115	-0.319363	-0.5158458	0	0	0.38	3.5426446e-18
5.1800602583055825e-09	0.2024143	-0.20260042	-0.49699354	0	0	0.38	3.5967695e-18
5.190063534739149e-09	0.26937523	-0.025296412	-0.47791258	0	0	0.38	4.504645e-18
5.2000265192311274e-09	0.2589875	0.18015812	-0.47046635	0	0	0.38	3.2692843e-18
5.210029933862842e-09	0.12911218	0.34693366	-0.46057993	0	0	0.38	3.887427e-18
5.220036601223109e-09	-0.037904777	0.42560032	-0.4508234	0	0	0.38	4.999337e-18
5.2300150851903264e-09	-0.2125275	0.38913012	-0.4298622	0	0	0.38	3.420449e-18
5.240033107728412e-09	-0.36898947	0.22436452	-0.41160128	0	0	0.38	3.636165e-18
5.250031223492933e-09	-0.3803989	-0.00058853626	-0.39464614	0	0	0.38	4.888e-18
5.26002797504622e-09	-0.2894252	-0.19893226	-0.38505527	0	0	0.38	4.469304e-18
5.270047877592026e-09	-0.12190375	-0.30516094	-0.38519636	0	0	0.38	2.3309009e-18
5.280029208855765e-09	0.0671579	-0.27696916	-0.37195367	0	0	0.38	3.7813346e-18
5.290038181800862e-09	0.23348221	-0.15026306	-0.34191272	0	0	0.38	3.2278531e-18
5.300048705691239e-09	0.3143736	0.062626675	-0.30762818	0	0	0.38	2.8412328e-18
5.310007983070761e-09	0.26277092	0.30999866	-0.2949631	0	0	0.38	3.0398377e-18
5.3200123852651485e-09	0.08191684	0.45333877	-0.28926504	0	0	0.38	3.7626734e-18
5.330035286766047e-09	-0.12869406	0.41847882	-0.27742884	0	0	0.38	3.0666917e-18
5.340048291204635e-09	-0.31308806	0.27158758	-0.2631126	0	0	0.38	2.486971e-18
5.350042384020685e-09	-0.36910343	-0.0022324107	-0.25742534	0	0	0.38	3.314515e-18
5.360050975280925e-09	-0.22078332	-0.2641791	-0.26186332	0	0	0.38	3.3328255e-18
5.370005503185584e-09	-0.0076605007	-0.36052853	-0.26659992	0	0	0.38	2.0174898e-18
5.3800237340639835e-09	0.2083559	-0.34667885	-0.25817153	0	0	0.38	3.1654517e-18
5.390019597370367e-09	0.37969556	-0.19481415	-0.25560442	0	0	0.38	2.4023228e-18
5.400011329988136e-09	0.39571807	0.045129698	-0.24751467	0	0	0.38	3.032563e-18
5.410062765636758e-09	0.22575568	0.2752678	-0.25065407	0	0	0.38	3.7940996e-18
5.420024997653951e-09	0.029504972	0.36448482	-0.24720006	0	0	0.38	3.8204296e-18
5.430016806634885e-09	-0.1339866	0.34775373	-0.23614047	0	0	0.38	3.2881848e-18
5.440033645174876e-09	-0.3267852	0.21547797	-0.2255697	0	0	0.38	3.883032e-18
5.4500445774686955e-09	-0.3823323	-0.035485715	-0.21199699	0	0	0.38	3.5252564e-18
5.4600395461900375e-09	-0.28208703	-0.30544063	-0.19270381	0	0	0.38	2.5543304e-18
5.470033433471853e-09	-0.09281828	-0.42034283	-0.18567806	0	0	0.38	4.0551272e-18
5.480007875975413e-09	0.11094017	-0.40341806	-0.18780085	0	0	0.38	2.7324888e-18
5.4900166125007176e-09	0.2931774	-0.27469084	-0.18107487	0	0	0.38	2.0240086e-18
5.5000079766444476e-09	0.37501007	0.007563457	-0.16468136	0	0	0.38	2.2849677e-18
5.51003540547212e-09	0.23052652	0.29324287	-0.15673132	0	0	0.38	3.298728e-18
5.520001920005161e-09	0.020261891	0.38069612	-0.15199734	0	0	0.38	3.7242016e-18
5.530037805811781e-09	-0.17702335	0.35779634	-0.14304803	0	0	0.38	3.2823569e-18
5.540019373366066e-09	-0.3511962	0.16641317	-0.12955931	0	0	0.38	3.3076163e-18
5.550048270467598e-09	-0.38733327	-0.1175467	-0.11163802	0	0	0.38	3.4266271e-18
5.560040132246855e-09	-0.21616918	-0.35714832	-0.09802916	0	0	0.38	2.6699008e-18
5.570039681647319e-09	-0.0028562793	-0.4053965	-0.09759211	0	0	0.38	1.7403384e-18
5.580015208925842e-09	0.20476714	-0.314145	-0.07930215	0	0	0.38	2.8214004e-18
5.590013168907567e-09	0.34333643	-0.08186847	-0.058745317	0	0	0.38	2.9994251e-18
5.6000303455035085e-09	0.33680648	0.194861	-0.049962685	0	0	0.38	2.3451807e-18
5.610046048916092e-09	0.17758238	0.3991185	-0.045902263	0	0	0.38	3.4063697e-18
5.620023334128241e-09	-0.08830327	0.45503274	-0.043019652	0	0	0.38	3.7343296e-18
5.630001433361266e-09	-0.331816	0.31717035	-0.022966808	0	0	0.38	3.3523231e-18
5.640021794657929e-09	-0.4163759	0.045446012	-0.004186264	0	0	0.38	2.5709539e-18
5.650021353764505e-09	-0.3193286	-0.22800002	0.014059124	0	0	0.38	1.9026198e-18
5.6600456463612395e-09	-0.11186814	-0.37077257	0.027124396	0	0	0.38	2.498426e-18
5.670011274058855e-09	0.11069168	-0.3699208	0.025383653	0	0	0.38	3.3590982e-18
5.680034057781655e-09	0.30690938	-0.22031403	0.03600875	0	0	0.38	1.9163612e-18
5.690009458191089e-09	0.4006595	0.039655708	0.05423139	0	0	0.38	2.0345723e-18
5.7000132984463115e-09	0.28451887	0.30137056	0.07138775	0	0	0.38	2.5302409e-18
5.710062224754564e-09	0.03739611	0.41140708	0.08027192	0	0	0.38	2.7843222e-18
5.720052501259575e-09	-0.1922275	0.35595852	0.09963481	0	0	0.38	2.6594243e-18
5.730015393858131e-09	-0.3578519	0.15182248	0.10741159	0	0	0.38	2.4537697e-18
5.740009219165367e-09	-0.35062838	-0.13591608	0.116997294	0	0	0.38	2.2273712e-18
5.750008945058836e-09	-0.17251278	-0.3417157	0.14014016	0	0	0.38	2.0876339e-18
5.760041852724975e-09	0.034193672	-0.40848094	0.14329937	0	0	0.38	2.8876823e-18
5.770028681717262e-09	0.25841907	-0.32311133	0.15146837	0	0	0.38	2.4739425e-18
5.780049702519754e-09	0.37779972	-0.074043155	0.16246901	0	0	0.38	1.9736103e-18
5.790033218899639e-09	0.3029836	0.21444248	0.18362592	0	0	0.38	1.7060404e-18
5.800027679047499e-09	0.07577894	0.37792984	0.19985688	0	0	0.38	1.48974e-18
5.810011741812025e-09	-0.13575238	0.33600664	0.20389836	0	0	0.38	1.395754e-18
5.820062481206095e-09	-0.30489132	0.20080766	0.20922612	0	0	0.38	1.9629602e-18
5.830043367768131e-09	-0.33905607	-0.060202233	0.22352943	0	0	0.38	1.6811691e-18
5.840056797453408e-09	-0.22719581	-0.30445504	0.23826599	0	0	0.38	2.2891872e-18
5.85004131924646e-09	0.0016011322	-0.40100083	0.24455139	0	0	0.38	1.3689436e-18
5.860005544783126e-09	0.24099275	-0.3098636	0.25666282	0	0	0.38	1.911827e-18
5.870009966054684e-09	0.37059516	-0.046306815	0.2701961	0	0	0.38	1.8326106e-18
5.880063007437442e-09	0.29366478	0.20303605	0.29062772	0	0	0.38	1.2210141e-18
5.890028138076018e-09	0.10414131	0.33677092	0.2963672	0	0	0.38	1.8911049e-18
5.900006120302209e-09	-0.13028175	0.34293672	0.2970881	0	0	0.38	1.5783426e-18
5.910008742329879e-09	-0.30634004	0.1753003	0.31097862	0	0	0.38	2.1885369e-18
5.920032835151203e-09	-0.3277857	-0.104760736	0.3243706	0	0	0.38	1.159042e-18
5.930026776198452e-09	-0.18773355	-0.31410882	0.32558677	0	0	0.38	1.0491154e-18
5.940037275801835e-09	0.04099592	-0.36396453	0.33798343	0	0	0.38	1.8962981e-18
5.950000498785157e-09	0.2403643	-0.24668187	0.3430903	0	0	0.38	1.4808383e-18
5.960014038357195e-09	0.32705837	-0.04368771	0.3533037	0	0	0.38	4.654845e-19
5.970009008680412e-09	0.25938338	0.21153602	0.3679209	0	0	0.38	1.4280223e-18
5.980023312296064e-09	0.035966948	0.34763432	0.38157913	0	0	0.38	8.1663277e-19
5.9900361153597e-09	-0.204814	0.2879938	0.3893375	0	0	0.38	2.1366549e-18
6.000022046813267e-09	-0.33304644	0.07262475	0.39795643	0	0	0.38	2.701382e-18
6.010036095335828e-09	-0.29350942	-0.18162736	0.4137624	0	0	0.38	1.2557065e-18
6.020014949245933e-09	-0.10200286	-0.33480918	0.43046507	0	0	0.38	1.4688524e-18
6.030048575022922e-09	0.12908244	-0.30377963	0.44358134	0	0	0.38	1.5174967e-18
6.040048873040075e-09	0.27324075	-0.13400519	0.4439568	0	0	0.38	8.597912e-19
6.0500428502021026e-09	0.31129926	0.10210501	0.45822874	0	0	0.38	1.0322297e-18
6.060018484532083e-09	0.1569724	0.2888351	0.47142935	0	0	0.38	1.0955065e-18
6.070035512564899e-09	-0.0812003	0.31213346	0.48097104	0	0	0.38	6.9205906e-19
6.08000118672899e-09	-0.28346002	0.17781097	0.4882267	0	0	0.38	1.1748814e-18
6.090043551280419e-09	-0.30814463	-0.062676765	0.5023617	0	0	0.38	-3.126467e-20
6.100003872547306e-09	-0.18320906	-0.25751457	0.52071846	0	0	0.38	9.248485e-19
6.110034605711398e-09	0.046667285	-0.29438728	0.5259285	0	0	0.38	8.997993e-19
6.120047018223052e-09	0.23507063	-0.1730857	0.53278977	0	0	0.38	-5.592403e-19
6.130038544863007e-09	0.28418288	0.043893576	0.5462943	0	0	0.38	8.98291e-19
6.1400511930021146e-09	0.19928512	0.25503874	0.55727905	0	0	0.38	1.6530736e-18
6.150035591927254e-09	-0.03066411	0.33185753	0.56069887	0	0	0.38	1.4430448e-19
6.1600396556349095e-09	-0.25357455	0.18943954	0.56482476	0	0	0.38	5.596522e-19
6.1700269160107254e-09	-0.28896183	-0.06808665	0.57038057	0	0	0.38	8.1437105e-19
6.180040056037644e-09	-0.15657035	-0.274702	0.57724667	0	0	0.38	-5.9087385e-20
6.19003979099383e-09	0.053317346	-0.28763956	0.5912361	0	0	0.38	6.0722496e-19
6.200002090095547e-09	0.20392536	-0.15123017	0.59771514	0	0	0.38	-8.397237e-20
6.21006408961914e-09	0.26119196	0.012859029	0.60969985	0	0	0.38	1.6581121e-19
6.220060781380775e-09	0.18579696	0.23886639	0.62170446	0	0	0.38	-7.678113e-19
6.230049884554871e-09	-0.04559003	0.32812712	0.62563336	0	0	0.38	1.1080858e-18
6.240021588174906e-09	-0.25864437	0.20295928	0.632854	0	0	0.38	-1.392685e-19
6.250057837905987e-09	-0.3154402	-0.07405256	0.639001	0	0	0.38	1.1616981e-18
6.260013922383618e-09	-0.1585474	-0.29377508	0.6537458	0	0	0.38	2.6761875e-19
6.2700133845522145e-09	0.11939528	-0.30035412	0.658251	0	0	0.38	2.3101327e-19
6.280027299458251e-09	0.26007882	-0.10155524	0.6705375	0	0	0.38	-4.842334e-19
6.290029910967256e-09	0.25437716	0.10118881	0.6737639	0	0	0.38	1.2381528e-18
6.3000374875778074e-09	0.09414551	0.26305586	0.68214035	0	0	0.38	-4.1690022e-19
6.310054969871845e-09	-0.098824665	0.26078936	0.6893017	0	0	0.38	9.529185e-19
6.320035029731983e-09	-0.26574883	0.09960123	0.6905777	0	0	0.38	9.603803e-20
6.33001048266909e-09	-0.23987974	-0.15017238	0.7066368	0	0	0.38	1.1546005e-19
6.3400576736143e-09	-0.060592495	-0.28527805	0.7149311	0	0	0.38	1.9677572e-19
6.350043812805834e-09	0.197895	-0.21997692	0.728045	0	0	0.38	2.899818e-19
6.360029657071171e-09	0.28380275	0.017724955	0.73391396	0	0	0.38	4.2861754e-19
6.370057138308442e-09	0.15849362	0.2116292	0.73964524	0	0	0.38	-4.4226483e-19
6.3800376801194025e-09	-0.047122125	0.24003862	0.753726	0	0	0.38	-4.2488933e-19
6.390047355606255e-09	-0.21499836	0.13061522	0.75664455	0	0	0.38	-5.908831e-19
6.400000465976674e-09	-0.2326876	-0.09170598	0.7583065	0	0	0.38	1.086406e-19
6.4100570168116965e-09	-0.06919729	-0.23045895	0.7672695	0	0	0.38	3.0946086e-19
6.4200415271905605e-09	0.12462237	-0.19014212	0.7741858	0	0	0.38	3.6577526e-19
6.430011037951805e-09	0.21984379	-0.011222849	0.7776106	0	0	0.38	4.5507403e-19
6.440038061751572e-09	0.14147373	0.17157982	0.78989357	0	0	0.38	2.6052304e-19
6.450005055651213e-09	-0.052460726	0.22251785	0.8010705	0	0	0.38	1.7002995e-19
6.46001356792556e-09	-0.22325425	0.094707854	0.80672187	0	0	0.38	-9.319929e-19
6.470062690452648e-09	-0.22155574	-0.13371645	0.8093074	0	0	0.38	-1.0151333e-19
6.4800402094602e-09	0.006990938	-0.2747009	0.8177502	0	0	0.38	2.6604626e-20
6.490057981173132e-09	0.26393175	-0.13152827	0.8205458	0	0	0.38	-3.9466744e-19
6.50000191455882e-09	0.23842122	0.19823425	0.8246353	0	0	0.38	-6.468745e-19
6.510026200588639e-09	-0.0690114	0.27973363	0.8419901	0	0	0.38	-2.3905574e-19
6.520028236534953e-09	-0.26762503	0.05875845	0.84314233	0	0	0.38	-4.0466655e-19
6.530013000069015e-09	-0.16442348	-0.19858594	0.8477511	0	0	0.38	1.9095749e-19
6.540065120253818e-09	0.10042505	-0.23683374	0.8568646	0	0	0.38	-1.8453478e-19
6.550015742152913e-09	0.24946737	-0.024354586	0.8602431	0	0	0.38	2.9782964e-19
6.560032359647347e-09	0.11672913	0.21154964	0.8743853	0	0	0.38	-9.666477e-19
6.570053063165293e-09	-0.1448905	0.1764279	0.8853025	0	0	0.38	7.2475906e-19
6.5800481076384435e-09	-0.20101547	-0.07370034	0.8938298	0	0	0.38	-2.258794e-19
6.590023181073849e-09	0.0046688616	-0.20311303	0.9026254	0	0	0.38	-1.3419961e-18
6.6000247048848266e-09	0.18458332	-0.04689006	0.9054079	0	0	0.38	-1.2887182e-19
6.610012191507688e-09	0.10242179	0.15810819	0.915489	0	0	0.38	-8.0589514e-19
6.62001858216988e-09	-0.09811106	0.12920152	0.92835975	0	0	0.38	-9.533785e-19
6.630047837180038e-09	-0.12863883	-0.07390117	0.93017745	0	0	0.38	-8.697171e-19
6.640005272627902e-09	0.034797005	-0.12653635	0.938021	0	0	0.38	-2.3134376e-18
6.650055749884655e-09	0.12237478	0.010341391	0.9382436	0	0	0.38	-7.428877e-19
6.6600477461252255e-09	0.0058582826	0.11854293	0.94353646	0	0	0.38	-9.127717e-19
6.670035344799712e-09	-0.09779951	0.018206341	0.94417703	0	0	0.38	-1.6681895e-19
6.6800295059740866e-09	-0.036186088	-0.08949408	0.95236415	0	0	0.38	-5.505645e-19
6.690063161975276e-09	0.07522123	-0.04137018	0.9518816	0	0	0.38	-1.6560336e-18
6.700021566621e-09	0.049683735	0.060753554	0.9539231	0	0	0.38	-8.597751e-19
6.710017773451199e-09	-0.0376862	0.057057306	0.95779705	0	0	0.38	-2.0842502e-19
6.7200578762582705e-09	-0.0597747	-0.024759203	0.9584882	0	0	0.38	-1.3461017e-18
6.730029450931692e-09	0.009359181	-0.047994476	0.96034276	0	0	0.38	-1.2996641e-18
6.7400494895180255e-09	0.05182978	0.00849379	0.96178824	0	0	0.38	-1.0717533e-18
6.750045117962244e-09	0.00060733553	0.054897863	0.9601142	0	0	0.38	-2.0006254e-18
6.760017104132983e-09	-0.0639883	0.0029286682	0.9580034	0	0	0.38	-6.057676e-19
6.770021542782232e-09	0.01637235	-0.05854367	0.958379	0	0	0.38	-1.6935436e-18
6.78003310676947e-09	0.059792947	0.0027183394	0.9599029	0	0	0.38	-5.882934e-19
6.790053084692411e-09	0.0084673455	0.038033895	0.9609882	0	0	0.38	-1.4199969e-18
6.800010090210436e-09	-0.014418634	0.017458487	0.9604414	0	0	0.38	-1.0293563e-18
6.8100348023419135e-09	-0.027713422	-0.00053943234	0.95992434	0	0	0.38	-4.7304407e-19
6.820038695851212e-09	-0.009008842	-0.019944526	0.9599397	0	0	0.38	-1.2951112e-18
6.830035255873466e-09	0.0088832695	0.0056634783	0.96090966	0	0	0.38	-2.0375725e-18
6.840005357323476e-09	0.0041432353	0.029516878	0.9616451	0	0	0.38	-1.261253e-18
6.850028408372227e-09	-0.044305682	0.007332196	0.9623033	0	0	0.38	-1.5850233e-18
6.8600627476470335e-09	0.015984047	-0.035328843	0.963769	0	0	0.38	-2.1978009e-18
6.870056984373231e-09	0.012466367	0.024908395	0.9628917	0	0	0.38	-6.394443e-19
6.880006193137354e-09	-0.027820278	0.01831341	0.9646947	0	0	0.38	-1.255418e-18
6.890007402922692e-09	-0.024756089	-0.025818858	0.964776	0	0	0.38	-1.4226579e-18
6.900002687890292e-09	0.004125028	-0.018195126	0.9619375	0	0	0.38	-7.106666e-19
6.910021107910259e-09	0.021368489	-0.00807335	0.9618231	0	0	0.38	-8.5381635e-19
6.920048626359406e-09	0.014666342	0.013746118	0.96312666	0	0	0.38	-2.2575302e-18
6.93001292708496e-09	-0.0064999904	0.00093286025	0.965047	0	0	0.38	-1.8959087e-18
6.940022007555169e-09	-0.0048247864	-0.021565743	0.9633101	0	0	0.38	5.7797524e-19
6.950033850512852e-09	-0.0013198993	-0.0075733275	0.96434164	0	0	0.38	-2.026394e-18
6.960023172872729e-09	0.016049553	-0.010313868	0.96315116	0	0	0.38	-3.4606918e-19
6.97002990717118e-09	0.0217646	0.010205761	0.96752536	0	0	0.38	-6.1826886e-19
6.980007329420396e-09	-0.013899085	0.014613351	0.9651443	0	0	0.38	-6.1204546e-19
6.990030163572644e-09	0.0008119139	-0.011623521	0.9667462	0	0	0.38	-1.1043231e-18
7.0000461802847635e-09	0.009765041	0.006731398	0.9657324	0	0	0.38	-7.000008e-19
7.010001834687755e-09	0.0009835366	0.016437255	0.9668617	0	0	0.38	-1.4584219e-18
7.02005901490596e-09	-0.029450614	0.0013535246	0.9674962	0	0	0.38	-1.8887989e-18
7.030045914815454e-09	-0.008234523	-0.02172588	0.96673644	0	0	0.38	-1.553549e-19
7.040044499840992e-09	0.02029372	-0.019208556	0.9633617	0	0	0.38	-1.3779038e-18
7.050050889321811e-09	0.030864548	0.0041672154	0.9654558	0	0	0.38	-9.712001e-19
7.060013701738106e-09	-0.0036345376	0.02288923	0.9647439	0	0	0.38	-1.4650943e-18
7.070058473684393e-09	-0.016355883	-0.006530069	0.965652	0	0	0.38	-7.222225e-19
7.080000200847957e-09	0.01414424	-0.009577532	0.965093	0	0	0.38	-3.5778862e-19
7.090063772611919e-09	0.0067507704	0.011805664	0.9659715	0	0	0.38	-6.7448845e-19
7.1000376934975095e-09	-0.011366889	0.0039887647	0.96771246	0	0	0.38	-1.1199071e-18
7.110005810929815e-09	-0.0061674216	0.0029429172	0.9687118	0	0	0.38	-1.3801638e-18
7.120035412727853e-09	-0.0046643177	-0.010986849	0.9683002	0	0	0.38	-1.1343557e-18
7.13002292844541e-09	0.025127364	0.0015709576	0.9659252	0	0	0.38	-1.8098174e-18
7.140022066949804e-09	0.007832516	0.014434226	0.9668654	0	0	0.38	-8.064327e-19
7.150048412180853e-09	-0.02342469	-0.0054192333	0.9681177	0	0	0.38	-1.6611955e-18
7.160062693639198e-09	-0.0051673492	-0.024355898	0.9675451	0	0	0.38	-2.6209003e-18
7.1700381421331795e-09	0.021176282	0.014698437	0.9681599	0	0	0.38	-1.598936e-18
7.18003230471087e-09	-0.007770779	0.017683115	0.9676317	0	0	0.38	-1.6277262e-18
7.190010699574427e-09	-0.006184564	0.002130479	0.9658272	0	0	0.38	-1.4601302e-18
7.2000413658109344e-09	0.0020021312	0.0037393786	0.96558326	0	0	0.38	-9.974906e-19
7.210005900658109e-09	-0.022794133	0.008684849	0.96326494	0	0	0.38	-8.727557e-19
7.220041634236602e-09	-0.02045737	-0.023789369	0.9629332	0	0	0.38	-1.2381302e-18
7.230009161008498e-09	0.003134109	-0.024677962	0.9636371	0	0	0.38	-8.253988e-19
7.2400436886369625e-09	0.026838537	0.0064683147	0.9630701	0	0	0.38	-2.4435962e-18
7.250057775789786e-09	0.0021289433	0.025650235	0.96433014	0	0	0.38	-1.4671653e-18
7.260034155257048e-09	-0.034981318	0.018128468	0.96545017	0	0	0.38	-1.791502e-18
7.2700041190948684e-09	-0.020002943	-0.041246805	0.9655195	0	0	0.38	-2.0352812e-18
7.280063356237694e-09	0.03584016	-0.016812276	0.9653804	0	0	0.38	-9.805053e-19
7.29004626714277e-09	0.023727275	0.03676288	0.9655806	0	0	0.38	-1.2063909e-18
7.3000632252060316e-09	-0.025592078	0.031063447	0.9654933	0	0	0.38	-1.0680183e-18
7.310018198827787e-09	-0.0319714	-0.017689068	0.9641986	0	0	0.38	-1.4331699e-18
7.320038868267619e-09	0.025669007	-0.02026417	0.96621615	0	0	0.38	-1.1404073e-18
7.330006354962236e-09	0.031619933	0.031215912	0.9680394	0	0	0.38	-1.674302e-18
7.340011578067735e-09	-0.026328819	0.019224433	0.96664536	0	0	0.38	-8.3746205e-19
7.35003487824158e-09	-0.009419573	-0.029771537	0.9649922	0	0	0.38	-1.1064983e-18
7.360002090158585e-09	0.016875956	-0.015962988	0.96522397	0	0	0.38	-7.946287e-19
7.3700530946236415e-09	0.014441962	0.016425781	0.9648938	0	0	0.38	-9.744775e-19
7.3800462875093755e-09	-0.0071261125	0.027999489	0.96715695	0	0	0.38	-2.0295222e-18
7.390045806743687e-09	-0.029089056	0.003584385	0.96659195	0	0	0.38	-1.8745588e-18
7.40004521938305e-09	-0.002172964	-0.018585673	0.9642929	0	0	0.38	-1.1470339e-18
7.4100280450217075e-09	0.0053113024	0.00087305537	0.9644684	0	0	0.38	-8.118559e-19
7.420032402634475e-09	-0.00015479003	0.0017288321	0.9656776	0	0	0.38	-2.1497587e-18
7.430005356537298e-09	0.008558351	0.011621893	0.9644939	0	0	0.38	-8.906891e-19
7.440035043389098e-09	-0.014332587	0.0060222605	0.96500087	0	0	0.38	-1.4298649e-18
7.450010132574868e-09	-0.009672549	-0.013430888	0.9639853	0	0	0.38	-1.8910066e-18
7.460056344124358e-09	0.016903182	0.007747434	0.96546435	0	0	0.38	-1.5453001e-18
7.470038916689041e-09	-0.018513314	0.023228217	0.9658198	0	0	0.38	-2.17502e-18
7.48004736978865e-09	-0.024638519	-0.008580038	0.9677987	0	0	0.38	-1.0606735e-18
7.49002002948514e-09	0.007593205	-0.036252834	0.9651755	0	0	0.38	-1.2374053e-18
7.500030337691579e-09	0.041205805	0.009764663	0.9626655	0	0	0.38	-1.1168905e-18
7.510027181046537e-09	0.0024485334	0.0573889	0.96279234	0	0	0.38	-1.3270538e-18
7.520042075635664e-09	-0.04389353	0.015770458	0.9650499	0	0	0.38	-5.4934843e-19
7.530063763181642e-09	-0.006452571	-0.03781347	0.9650502	0	0	0.38	-1.6305904e-18
7.540033861499584e-09	0.025783982	0.0025890872	0.96355015	0	0	0.38	-1.3858708e-18
7.550023660093264e-09	-0.0013879337	0.017854765	0.96571463	0	0	0.38	-1.213454e-18
7.560025607885664e-09	-0.007766698	0.011108547	0.964377	0	0	0.38	-1.9426159e-18
7.570047634000488e-09	-0.018044535	8.447197e-05	0.96482015	0	0	0.38	-2.2231596e-18
7.580008225344285e-09	0.008395835	-0.0069157737	0.96179813	0	0	0.38	-1.9811563e-18
7.590023647649916e-09	0.021000799	0.01287431	0.96250004	0	0	0.38	-1.0140001e-18
7.600058550502132e-09	-0.00954505	0.012981043	0.9649898	0	0	0.38	-1.4243283e-18
7.6100229479056e-09	-0.0060820123	0.012624224	0.96440065	0	0	0.38	-7.252469e-19
7.620023534839812e-09	-0.007291663	-0.0020223688	0.96392477	0	0	0.38	-7.670022e-19
7.630000927397016e-09	-0.012516788	-0.016814714	0.96342987	0	0	0.38	-1.3013113e-18
7.640058381231202e-09	0.012152676	-0.017979143	0.962946	0	0	0.38	-2.6181195e-18
7.650051530540946e-09	0.022950467	0.04078718	0.9631969	0	0	0.38	-9.894298e-19
7.660020192522607e-09	-0.034265224	0.022832908	0.96192837	0	0	0.38	-1.1031626e-18
7.670035722060973e-09	-0.03221466	-0.0226961	0.9636935	0	0	0.38	-1.6846313e-18
7.68002032359772e-09	0.024796389	-0.02162237	0.96321416	0	0	0.38	-1.4931015e-18
7.690013571222225e-09	0.02106567	0.020253746	0.9625714	0	0	0.38	-9.894716e-19
7.700032105193703e-09	-0.0029521338	0.024315467	0.96432436	0	0	0.38	-1.361784e-18
7.7100126674966e-09	-0.023513535	0.0073239557	0.96217203	0	0	0.38	-1.0949823e-18
7.720016013290904e-09	-0.010821568	-0.008572517	0.9591067	0	0	0.38	-5.9635705e-19
7.730026295128377e-09	-0.011263754	-0.01480638	0.9624997	0	0	0.38	-4.2560017e-19
7.74002313997986e-09	0.03197075	-0.008047204	0.9633783	0	0	0.38	-1.1394575e-18
7.750041961521487e-09	-0.0057615545	0.025864802	0.96428454	0	0	0.38	-1.1037443e-18
7.760044671750183e-09	-0.023561422	-0.0060494663	0.9664445	0	0	0.38	-2.3929154e-18
7.770033460604268e-09	0.012824552	-0.028952673	0.96275127	0	0	0.38	-2.0293832e-18
7.780040556343666e-09	0.012910901	-0.0064017484	0.9627893	0	0	0.38	-2.6507564e-19
7.790000977248143e-09	0.00973352	-0.010428235	0.96420467	0	0	0.38	-1.6381239e-18
7.80003792712159e-09	0.019101113	-0.0030078501	0.96447635	0	0	0.38	-1.4437749e-18
7.8100409371183e-09	-0.00499313	0.010713394	0.96434087	0	0	0.38	-6.640269e-19
7.820057009114966e-09	-0.020383952	-0.013727844	0.96520597	0	0	0.38	-1.3097486e-18
7.830017630944298e-09	0.016782803	-0.020592932	0.9645031	0	0	0.38	-1.0432761e-18
7.840053875543846e-09	0.014111486	0.016441202	0.96595275	0	0	0.38	-1.0919038e-18
7.85000184367308e-09	-0.0348227	0.020396153	0.9643207	0	0	0.38	-9.596639e-19
7.860006021068443e-09	-0.017786285	-0.03753963	0.96440506	0	0	0.38	-1.1905344e-18
7.870014852179011e-09	0.016433634	-0.018883198	0.9645944	0	0	0.38	-1.5844031e-18
7.880019852956174e-09	0.013229419	0.0068437667	0.9654622	0	0	0.38	-1.3853826e-18
7.890026068559626e-09	-0.0047132233	0.007985007	0.9667218	0	0	0.38	-8.669663e-19
7.900033445680227e-09	-0.004464527	0.0069714827	0.96760577	0	0	0.38	-1.2624681e-18
7.910041289134034e-09	0.008179079	-0.025717495	0.9665105	0	0	0.38	-7.509449e-19
7.92006306526905e-09	0.022151666	0.03533908	0.9669843	0	0	0.38	-9.859383e-19
7.930009301359038e-09	-0.030539053	0.02780486	0.9663549	0	0	0.38	-2.0594185e-18
7.940034072465953e-09	-0.028513983	-0.023727864	0.96709317	0	0	0.38	-3.6677638e-19
7.950052739233911e-09	0.014346635	-0.027395602	0.9677856	0	0	0.38	-2.2645052e-18
7.960007176712793e-09	0.015524512	-0.004886054	0.96912295	0	0	0.38	-1.4103305e-18
7.970048938817947e-09	0.013565592	0.020998066	0.9674869	0	0	0.38	-1.2752853e-18
7.980055647277484e-09	-0.011271368	0.026227951	0.965444	0	0	0.38	-1.4627684e-18
7.990052042014665e-09	-0.013245286	-0.015271614	0.96506107	0	0	0.38	-1.5753982e-18
8.000023563834844e-09	0.02010047	-0.02291521	0.96474063	0	0	0.38	-6.657777e-19
8.010031806801728e-09	0.0006178306	0.023279822	0.9632837	0	0	0.38	5.547319e-19
8.020023664792147e-09	-0.014538365	0.015375133	0.9644263	0	0	0.38	-1.5809608e-18
8.030028604954386e-09	-0.019625168	0.008542139	0.9617138	0	0	0.38	-1.3357985e-19
8.040009292695215e-09	-0.003227315	-0.018881671	0.96497756	0	0	0.38	-1.1380712e-18
8.050044381248324e-09	0.015829762	-0.005019753	0.96767735	0	0	0.38	-6.4756894e-19
8.060038239639092e-09	-0.0026672438	0.0027400379	0.9691799	0	0	0.38	-1.3115113e-18
8.070064052825978e-09	0.0028834953	-0.003920456	0.9662476	0	0	0.38	-2.0058578e-18
8.080030519399976e-09	0.008481915	-0.0119913	0.9653675	0	0	0.38	-1.7574542e-18
8.090034485955765e-09	0.0012212234	0.024151094	0.96590984	0	0	0.38	-1.969734e-18
8.100017350935776e-09	-0.015669301	0.0031646746	0.96540433	0	0	0.38	-1.2635636e-18
8.110005037532038e-09	0.009430443	-0.03065121	0.96331215	0	0	0.38	-1.8568643e-18
8.120023390543481e-09	0.037870087	0.016180625	0.9625095	0	0	0.38	-1.150789e-19
8.130012531998377e-09	0.001942825	0.04337043	0.96363455	0	0	0.38	-1.1571901e-18
8.14005175393597e-09	-0.059363227	0.014807485	0.9599056	0	0	0.38	-1.2797695e-18
8.150052880662849e-09	-0.028429562	-0.04488853	0.96108377	0	0	0.38	-4.81731e-19
8.160054392445886e-09	0.038148463	-0.024180701	0.96105963	0	0	0.38	-6.3472024e-19
8.170034365270174e-09	0.03420601	0.011169942	0.9609551	0	0	0.38	1.382186e-19
8.180038493615633e-09	-0.0017835137	0.04620441	0.96120226	0	0	0.38	-1.651502e-18
8.190059516009072e-09	-0.040972173	0.023162296	0.96501595	0	0	0.38	-1.6320932e-18
8.200048151744731e-09	-0.022650495	-0.029794054	0.9662761	0	0	0.38	-1.3652962e-18
8.210032440526309e-09	0.013576315	-0.021281268	0.9665859	0	0	0.38	-1.3312105e-18
8.220034769517393e-09	0.011856207	0.0016183222	0.9670266	0	0	0.38	-1.2066066e-18
8.230004157372195e-09	0.0032439604	0.009732781	0.96792257	0	0	0.38	-6.041746e-19
8.240025659986089e-09	-0.010678441	0.009010438	0.96749645	0	0	0.38	-7.331196e-19
8.250002169986159e-09	-0.0049919826	-0.029544374	0.96329856	0	0	0.38	-5.8290777e-19
8.260039826648013e-09	0.028425282	-0.010336214	0.9621821	0	0	0.38	-1.4247225e-18
8.270058601169772e-09	0.01743271	0.020336619	0.9636232	0	0	0.38	-1.2697442e-18
8.280031342282792e-09	-0.023080971	0.023857638	0.961767	0	0	0.38	-8.224431e-19
8.290018918608178e-09	-0.02129305	-0.020698676	0.961685	0	0	0.38	-3.230815e-19
8.300024288791206e-09	0.017010856	-0.049972262	0.9604366	0	0	0.38	-9.803537e-19
8.310002632229943e-09	0.051801592	0.0038811115	0.9614768	0	0	0.38	-1.4177151e-18
8.320037311016313e-09	0.027737765	0.042309586	0.96313226	0	0	0.38	-1.2960484e-18
8.330064100121829e-09	-0.02879614	0.01650515	0.96448153	0	0	0.38	-1.8899117e-18
8.340048191590115e-09	-0.004907035	-0.02824567	0.96441084	0	0	0.38	-1.4293034e-18
8.350052951853574e-09	0.02796642	-0.0065993136	0.964209	0	0	0.38	-7.775482e-19
8.360064286296311e-09	0.021422908	0.012510301	0.9673612	0	0	0.38	-1.8297537e-18
8.370031245919266e-09	-0.015067708	0.03278261	0.9660876	0	0	0.38	-2.2332443e-18
8.380009112646194e-09	-0.025529016	-0.007548879	0.9665652	0	0	0.38	-1.6432242e-18
8.390001385544726e-09	-0.012406331	-0.024765138	0.9682162	0	0	0.38	-1.1905946e-18
8.40003467888133e-09	0.016353875	-0.013292726	0.96656805	0	0	0.38	-3.2847321e-19
8.410050861563789e-09	0.009924399	-0.0074568377	0.96763873	0	0	0.38	-2.5582403e-18
8.420006889918648e-09	0.025792357	0.005852992	0.9659311	0	0	0.38	-1.0361416e-18
8.430062973056233e-09	-0.014860132	0.034866236	0.9654697	0	0	0.38	-9.00846e-19
8.440012467653976e-09	-0.041131645	0.010570305	0.96760875	0	0	0.38	-1.1638486e-18
8.450063647725324e-09	-0.013309319	-0.054859083	0.96740115	0	0	0.38	-5.67271e-19
8.46003811967966e-09	0.037796218	-0.010770687	0.9650808	0	0	0.38	-6.423836e-19
8.470003923173884e-09	0.016210368	0.019880986	0.96446985	0	0	0.38	-1.0426385e-18
8.480022920119957e-09	-0.015831575	0.013673761	0.9658395	0	0	0.38	-1.3402241e-18
8.490045899481449e-09	-0.022941047	0.00013197966	0.96305597	0	0	0.38	-1.0522837e-18
8.500010196720465e-09	0.0010716739	-0.029984817	0.96219444	0	0	0.38	-1.3817985e-18
8.510027969786772e-09	0.0271929	-0.0036015827	0.9615181	0	0	0.38	-9.994042e-19
8.520041380463044e-09	0.030479917	0.03046741	0.96114486	0	0	0.38	-5.081775e-19
8.530030766685293e-09	-0.029183092	0.033746652	0.96197885	0	0	0.38	-1.3671914e-18
8.540050852638608e-09	-0.030971417	-0.020355506	0.9645605	0	0	0.38	-1.056509e-18
8.550048067938436e-09	0.012466802	-0.034314282	0.96532214	0	0	0.38	-6.87659e-19
8.560005161440423e-09	0.025722405	0.007496399	0.96503633	0	0	0.38	-6.6625164e-19
8.570018708048137e-09	-0.0016030119	0.01601204	0.9636175	0	0	0.38	-1.9819676e-18
8.58002491092259e-09	-0.022542894	-0.00013961228	0.96569103	0	0	0.38	-9.72979e-19
8.590021387352309e-09	-0.009030251	-0.025405748	0.96355194	0	0	0.38	-1.6714214e-18
8.600041043672738e-09	0.019092608	-0.024311122	0.96438444	0	0	0.38	-1.1663574e-18
8.610034478361041e-09	0.025479117	0.008887806	0.96413285	0	0	0.38	-1.9280068e-18
8.620011330953943e-09	-0.010364123	0.016868616	0.964677	0	0	0.38	-8.2574535e-19
8.63005619847594e-09	0.0026672492	-0.006434106	0.965068	0	0	0.38	-8.975279e-19
8.64000324024869e-09	0.0063729496	0.0076510026	0.9666778	0	0	0.38	-1.2725821e-18
8.650045779651236e-09	0.0073647583	-0.002400857	0.96627027	0	0	0.38	-2.6940478e-18
8.660008751070246e-09	-0.0046439455	-0.0003751393	0.96448106	0	0	0.38	-8.3798447e-19
8.670009999298075e-09	-0.005939068	-0.014652081	0.9643907	0	0	0.38	-3.8472132e-19
8.680063160377533e-09	0.0054034386	-0.009512194	0.96670413	0	0	0.38	-1.086577e-18
8.690050823770578e-09	0.019050637	0.009934209	0.9651579	0	0	0.38	-6.4984307e-19
8.700049757235429e-09	-0.009056366	0.02211835	0.96728957	0	0	0.38	-1.042581e-18
8.71002283006332e-09	-0.04945797	0.005490897	0.96712345	0	0	0.38	-1.4980422e-18
8.720021292519385e-09	-0.004077255	-0.05448658	0.9662291	0	0	0.38	-7.228699e-19
8.730029562919962e-09	0.06124816	0.019133648	0.9654863	0	0	0.38	-1.3339708e-18
8.740002481029493e-09	-0.014428672	0.07075806	0.96214604	0	0	0.38	-1.5394444e-18
8.7500591683224e-09	-0.05160596	-0.01620838	0.9596955	0	0	0.38	-8.5247936e-19
8.760048207856738e-09	-0.004444106	-0.040941145	0.9616488	0	0	0.38	-5.4033283e-19
8.770001701053369e-09	0.038210403	-0.022491673	0.96003747	0	0	0.38	-9.25477e-19
8.780024312198882e-09	0.025234096	0.015694913	0.9600413	0	0	0.38	-1.225206e-18
8.790032417180292e-09	-0.017326847	0.030047867	0.9589406	0	0	0.38	-5.8590593e-19
8.800037932754691e-09	-0.03866892	-0.027008569	0.96082973	0	0	0.38	-1.1418321e-18
8.81005912510536e-09	0.019483313	-0.059869494	0.9586585	0	0	0.38	-8.748539e-19
8.820043893884374e-09	0.058994398	0.031410016	0.95797056	0	0	0.38	-1.7988176e-18
8.830016568150836e-09	-0.024467321	0.08658365	0.9600143	0	0	0.38	-4.9235574e-19
8.840047099744327e-09	-0.08087867	-0.017813595	0.96004105	0	0	0.38	-2.569241e-18
8.850050678183544e-09	0.018072302	-0.06994994	0.96357644	0	0	0.38	-1.3885665e-18
8.86004490842353e-09	0.059254	0.022758499	0.96302485	0	0	0.38	-8.6614185e-19
8.870033079061008e-09	-0.010732247	0.052197397	0.9603044	0	0	0.38	-1.2141462e-19
8.880053049529531e-09	-0.051843934	0.008425924	0.96107805	0	0	0.38	-3.750571e-19
8.890029379882132e-09	-0.03637391	-0.05016322	0.96226305	0	0	0.38	-4.3532567e-19
8.900040270899614e-09	0.034545444	-0.047434226	0.9593983	0	0	0.38	-8.772968e-19
8.910027482765426e-09	0.0494399	0.037590165	0.96183723	0	0	0.38	-1.3105822e-18
8.920044660073227e-09	-0.02314824	0.050608188	0.96318895	0	0	0.38	-5.8325766e-19
8.930038667274229e-09	-0.050207354	-0.012916042	0.9615804	0	0	0.38	-1.1184237e-18
8.940037736705416e-09	0.014984932	-0.049332716	0.96003056	0	0	0.38	-5.94411e-19
8.95005038089756e-09	0.035425108	0.0064568236	0.9634837	0	0	0.38	-1.8365606e-18
8.960030198817714e-09	0.008063006	0.03179729	0.9645745	0	0	0.38	-2.1352296e-18
8.97006259750379e-09	-0.022815604	0.03054337	0.9678466	0	0	0.38	-2.5300833e-18
8.98004433328534e-09	-0.04850415	-0.007043268	0.9649508	0	0	0.38	-2.353373e-18
8.990002215736973e-09	-0.010191238	-0.04669778	0.96285367	0	0	0.38	-1.069181e-18
9.000012098879445e-09	0.043711882	-0.02873362	0.9642834	0	0	0.38	-1.3180509e-18
9.010062625234684e-09	0.023164758	0.029421454	0.96375895	0	0	0.38	-8.690549e-19
9.020013572941006e-09	-0.023749925	0.02069536	0.9629119	0	0	0.38	-6.7027107e-19
9.03003186525102e-09	-0.017705098	-0.019976534	0.9647212	0	0	0.38	-1.0523115e-18
9.040020217251163e-09	-0.010420503	-0.01848765	0.96465224	0	0	0.38	-1.2781102e-18
9.050050571888028e-09	0.006038963	-0.02086018	0.96450686	0	0	0.38	-1.8735676e-18
9.060053040003685e-09	0.023056448	0.0027373598	0.9640143	0	0	0.38	-1.2353068e-18
9.070034701510833e-09	-0.006156044	0.028587228	0.9626071	0	0	0.38	-8.910337e-19
9.080047949437294e-09	-0.020973809	-0.005827249	0.9645668	0	0	0.38	-2.2736157e-18
9.090008308056746e-09	0.0073196064	-0.01885941	0.9683289	0	0	0.38	-1.8275664e-18
9.100011537794239e-09	0.018255096	0.023779498	0.9656685	0	0	0.38	-1.052266e-18
9.110057717474335e-09	-0.022724774	0.019314487	0.96324855	0	0	0.38	-5.899065e-19
9.120043558389242e-09	-0.021576162	-0.0025549193	0.9658519	0	0	0.38	-9.81194e-19
9.130047815863346e-09	-0.00067392475	-0.020185694	0.9649065	0	0	0.38	-1.0184671e-18
9.140028543225235e-09	0.03658829	0.010811951	0.96237063	0	0	0.38	-1.551185e-18
9.150003946521728e-09	-0.01731481	0.022968771	0.96256304	0	0	0.38	-8.6283463e-19
9.160053022943973e-09	-0.0076330905	0.0011121627	0.9641761	0	0	0.38	-1.9346915e-18
9.170038506436272e-09	-0.016529696	-0.008895653	0.96252364	0	0	0.38	-1.1123294e-18
9.180062531074443e-09	-0.001767041	-0.00854138	0.96316135	0	0	0.38	-1.3691293e-18
9.190007127151268e-09	0.020315934	-0.010703262	0.9641186	0	0	0.38	-1.0908132e-18
9.200013718166917e-09	0.008942363	0.021884687	0.964431	0	0	0.38	-9.455643e-19
9.210043224770177e-09	-0.013300757	-0.021662472	0.96370447	0	0	0.38	-8.2573294e-19
9.220052268484435e-09	0.021523295	-0.020840855	0.9591896	0	0	0.38	-1.0455599e-18
9.230060799446838e-09	0.009388991	0.015956495	0.9625353	0	0	0.38	-9.480199e-19
9.240004832079957e-09	-0.00803087	0.0027784568	0.9636801	0	0	0.38	-7.697224e-19
9.250016742307819e-09	-0.013415873	0.01726602	0.9624755	0	0	0.38	-1.6969561e-18
9.260019828291514e-09	-0.030454759	-0.007775163	0.96237856	0	0	0.38	-1.0967989e-18
9.270058757162292e-09	-0.0056422697	-0.032959115	0.96353513	0	0	0.38	-1.5632926e-18
9.280002818920116e-09	0.042653024	-0.012154448	0.96308494	0	0	0.38	-1.8305511e-18
9.290057813151094e-09	0.0014913427	0.011778	0.96026963	0	0	0.38	-9.623024e-19
9.300015769284096e-09	0.002821126	-0.0031906143	0.9629921	0	0	0.38	-1.1367466e-18
9.310011046139397e-09	-0.0052008377	-0.021704683	0.9624386	0	0	0.38	-7.340083e-19
9.320026857785243e-09	0.041601233	-0.0129318135	0.96078515	0	0	0.38	-1.2238194e-18
9.330031591514267e-09	0.01235024	0.019791467	0.9644073	0	0	0.38	-2.1307538e-18
9.340049923185906e-09	-0.008679202	0.036302816	0.96547663	0	0	0.38	-1.6820973e-18
9.35000990910417e-09	-0.037310235	0.0056217033	0.96604955	0	0	0.38	-7.7184373e-19
9.360062606709314e-09	-0.0035046146	-0.023747796	0.96552896	0	0	0.38	-1.0553465e-18
9.370021229743169e-09	0.019151576	0.0043452233	0.96551466	0	0	0.38	-9.756401e-19
9.3800600739269e-09	0.02176616	0.002066928	0.9638323	0	0	0.38	-5.5086217e-19
9.390049848889275e-09	0.0052293492	0.017788704	0.9644409	0	0	0.38	-1.2704766e-18
9.400025312311015e-09	-0.014089143	0.020631688	0.9639473	0	0	0.38	-1.9666629e-18
9.410045862342716e-09	-0.03594839	-0.0065175025	0.963437	0	0	0.38	-1.9655313e-18
9.420004414190792e-09	-0.00754981	-0.045026742	0.9618901	0	0	0.38	-1.5501604e-19
9.430020101244413e-09	0.06386456	-0.009592113	0.9655385	0	0	0.38	-1.1190998e-18
9.440053289285616e-09	0.023403656	0.06518126	0.9659179	0	0	0.38	-1.6302604e-18
9.450037109153823e-09	-0.052951578	0.029529434	0.9643421	0	0	0.38	-2.0823548e-18
9.460032145210809e-09	-0.044928033	-0.043738127	0.96506697	0	0	0.38	-1.3595533e-18
9.470025630720694e-09	0.04064215	-0.053127218	0.9638186	0	0	0.38	-6.765203e-19
9.480058496447269e-09	0.049023896	0.033242606	0.9628469	0	0	0.38	-8.2750104e-19
9.49001066135422e-09	-0.008921684	0.034690138	0.9664637	0	0	0.38	-6.206917e-19
9.50001081458697e-09	-0.02903896	-0.0028494587	0.9658594	0	0	0.38	-1.4756939e-18
9.510023030699915e-09	0.00384527	-0.009998032	0.96499497	0	0	0.38	-1.2161942e-18
9.520031525452237e-09	0.025476817	0.0008470598	0.96675867	0	0	0.38	-1.2489808e-18
9.530061464979037e-09	0.0020256266	0.03599666	0.9664519	0	0	0.38	-1.8216494e-18
9.540023176806548e-09	-0.027943853	0.022038558	0.96504503	0	0	0.38	-1.9802135e-18
9.550027346796243e-09	-0.018143864	-0.024654318	0.9666993	0	0	0.38	-1.8091503e-18
9.560052341684602e-09	0.015798442	-0.011348711	0.9685411	0	0	0.38	-2.5276346e-18
9.570037972852063e-09	0.02561635	0.0255956	0.96481097	0	0	0.38	-5.929487e-19
9.580040906692146e-09	-0.012887123	0.00448672	0.96710485	0	0	0.38	-1.2930642e-18
9.590012229777222e-09	0.016411917	-0.004840037	0.9677632	0	0	0.38	-2.2602772e-18
9.600029576951184e-09	-0.0134328175	0.016482553	0.9651195	0	0	0.38	2.487226e-19
9.610050918839064e-09	-0.011049022	-0.009014902	0.96406144	0	0	0.38	-8.722804e-19
9.620045118012408e-09	0.0049412134	-0.017179094	0.96511286	0	0	0.38	-2.2376607e-18
9.630009465565817e-09	0.01597173	-0.009552238	0.9654794	0	0	0.38	-1.2390868e-18
9.640004749953623e-09	0.015413771	0.018180866	0.96748847	0	0	0.38	-8.5588957e-19
9.650041356024892e-09	-0.01447897	0.008313566	0.96622044	0	0	0.38	-1.9853406e-18
9.66000283720782e-09	-0.012972397	0.0014223794	0.96639186	0	0	0.38	-1.9836651e-18
9.6700066772277e-09	0.0031673075	-0.017372116	0.9636978	0	0	0.38	-1.4704164e-18
9.680035396399393e-09	0.010164427	0.015950862	0.96379054	0	0	0.38	-1.5864932e-18
9.690019142370402e-09	-0.027277697	0.016912855	0.962582	0	0	0.38	-9.522413e-19
9.700056762672058e-09	-0.028638355	-0.032551862	0.96328974	0	0	0.38	-1.6671822e-18
9.710000045501249e-09	0.020317202	-0.024931919	0.96230733	0	0	0.38	-7.9239653e-19
9.720040773168587e-09	0.03359845	0.025847055	0.9626991	0	0	0.38	-1.0614746e-18
9.730000863817802e-09	-0.016148537	0.03545033	0.96260124	0	0	0.38	-4.6601846e-19
9.740004017849672e-09	-0.03176944	-0.0192998	0.96381307	0	0	0.38	2.4296143e-19
9.750004101047193e-09	0.015514954	-0.028775783	0.96652657	0	0	0.38	-1.8928517e-18
9.760014381111335e-09	0.030892685	0.002109871	0.9652233	0	0	0.38	-9.927422e-19
9.770006081681233e-09	-0.00037615054	0.03518621	0.96353644	0	0	0.38	-5.893567e-19
9.780034056413832e-09	-0.018361568	0.010523563	0.9672083	0	0	0.38	-1.6627238e-18
9.790003800193099e-09	-0.0030935628	-0.022811092	0.9688441	0	0	0.38	-2.1657377e-18
9.800024189357064e-09	0.012296174	-0.006313256	0.96729326	0	0	0.38	-5.457654e-19
9.81002441317068e-09	0.035190012	-0.004733141	0.9653104	0	0	0.38	-1.3421734e-18
9.82005384919547e-09	0.004245212	0.0342305	0.96328497	0	0	0.38	-1.7538427e-18
9.83005496497748e-09	-0.04112858	-0.008699178	0.96609104	0	0	0.38	-1.1105884e-18
9.840016614915695e-09	0.018742682	-0.026945889	0.9665798	0	0	0.38	-1.1217883e-18
9.850030594407176e-09	0.0210774	0.021142827	0.96501994	0	0	0.38	-1.6248298e-18
9.860027977953538e-09	-0.014962664	0.0058521666	0.96607405	0	0	0.38	-1.4008485e-18
9.870015027516707e-09	-0.013214443	-0.02340273	0.9654129	0	0	0.38	-1.2914117e-18
9.880031040994135e-09	0.031852897	-0.012717846	0.96731544	0	0	0.38	-1.2899023e-18
9.890051042613974e-09	0.0064103813	0.025845157	0.9678189	0	0	0.38	1.0396669e-19
9.900046034588295e-09	-0.025849313	0.006481121	0.9667246	0	0	0.38	-1.3691509e-18
9.910037737068153e-09	-0.0032628546	-0.022434024	0.96556157	0	0	0.38	-1.7825835e-18
9.920046244136202e-09	0.020628177	-0.0063310396	0.96614075	0	0	0.38	-1.3870095e-18
9.93001473618228e-09	0.02198186	0.015816975	0.96583414	0	0	0.38	-3.098378e-19
9.940044307811964e-09	-0.027229222	0.047729697	0.9660553	0	0	0.38	-2.4796732e-18
9.950047986235958e-09	-0.049978685	-0.024829742	0.9667519	0	0	0.38	-1.4876491e-18
9.96000598786382e-09	0.020966701	-0.033432316	0.9636486	0	0	0.38	-1.89289e-18
9.970053612256983e-09	0.02763146	0.010776651	0.9657408	0	0	0.38	-1.0944416e-18
9.980059412739653e-09	-0.0062911934	0.02651111	0.96922415	0	0	0.38	-1.7355126e-18
9.990026013844435e-09	-0.021088364	0.006779443	0.96725684	0	0	0.38	-1.5875121e-18
1e-08	-0.006442133	-0.01339948	0.9655465	0	0	0.38	-2.5829988e-18
