# t (s)	mx ()	my ()	mz ()	B_extx (T)	B_exty (T)	B_extz (T)	E_total (J)
0	0	0	-1	0	0	0.41	1.3250005e-18
1.0041497291851748e-11	-0.0046347715	0.014389085	-0.9743731	0	0	0.41	3.299283e-18
2.0018000429410877e-11	-0.014335323	0.009595997	-0.96926713	0	0	0.41	4.5960004e-18
3.0060750449066226e-11	-0.0069774752	0.0059816437	-0.9655981	0	0	0.41	5.434098e-18
4.0018279418368085e-11	-0.011050363	0.008198947	-0.9600338	0	0	0.41	5.0476087e-18
5.0050401654981716e-11	-0.027546346	-0.00031532854	-0.9591665	0	0	0.41	4.3866327e-18
6.00361849709871e-11	-0.021359991	-0.0020285104	-0.9597083	0	0	0.41	3.8926073e-18
7.005109468364943e-11	-0.0008096623	0.0058569913	-0.95679	0	0	0.41	5.0694686e-18
8.006097645145263e-11	0.0076973755	0.01094959	-0.95948154	0	0	0.41	4.4259196e-18
9.001943517345346e-11	0.018992156	0.019744396	-0.95724773	0	0	0.41	4.301921e-18
1.0000112415813794e-10	0.0065443404	0.015874296	-0.95663345	0	0	0.41	4.412519e-18
1.1005261757254418e-10	0.018907167	0.0009822105	-0.95822525	0	0	0.41	5.5704907e-18
1.2001055151956382e-10	0.0020470596	0.003920051	-0.9546554	0	0	0.41	4.423559e-18
1.3003354500577425e-10	0.010736232	0.012151843	-0.9560129	0	0	0.41	3.8521962e-18
1.4004052965421813e-10	0.027819334	0.011716837	-0.9585914	0	0	0.41	4.82518e-18
1.5000256274939556e-10	0.01317007	-0.0060026143	-0.955671	0	0	0.41	4.881056e-18
1.6006001137118365e-10	0.018651761	0.00432684	-0.9526612	0	0	0.41	4.3561577e-18
1.7002587798836828e-10	0.028947698	0.00038784771	-0.95089483	0	0	0.41	5.302171e-18
1.8003960211303728e-10	0.026488421	-0.00068358454	-0.9578474	0	0	0.41	2.6426692e-18
1.9000820418459127e-10	0.02244108	0.0032451346	-0.9593957	0	0	0.41	4.2394243e-18
2.0001723038656757e-10	0.028238341	-0.017445939	-0.9546946	0	0	0.41	4.9820782e-18
2.1005473223036047e-10	0.025951916	-0.0219105	-0.9553217	0	0	0.41	4.4428404e-18
2.200606267268699e-10	0.028340636	-0.015070889	-0.953327	0	0	0.41	4.6871954e-18
2.300039611610983e-10	0.025610365	0.0054585086	-0.956495	0	0	0.41	5.5485973e-18
2.400544226041097e-10	0.030587835	0.009025917	-0.9586159	0	0	0.41	4.8055116e-18
2.5003725900456764e-10	0.039139304	0.0055910866	-0.95949465	0	0	0.41	4.685743e-18
2.6004227476949874e-10	0.05113567	0.009038713	-0.9557524	0	0	0.41	4.4536293e-18
2.70006169904449e-10	0.044800073	0.00937286	-0.958606	0	0	0.41	4.993979e-18
2.8002725695863645e-10	0.042633913	-0.0031990125	-0.9583766	0	0	0.41	4.0118756e-18
2.900607273217241e-10	0.03229046	-0.011524415	-0.9565087	0	0	0.41	4.7807367e-18
3.000256560736112e-10	0.033155587	0.00477588	-0.9546483	0	0	0.41	4.923715e-18
3.100289163128551e-10	0.038073517	0.0025923287	-0.9526803	0	0	0.41	4.7952318e-18
3.2004246366903396e-10	0.01738726	-0.002363162	-0.9563723	0	0	0.41	4.867597e-18
3.300108611617651e-10	0.020962412	0.014639598	-0.95547456	0	0	0.41	3.9711353e-18
3.4005169765942877e-10	0.040900916	-0.0012345501	-0.95932406	0	0	0.41	4.803123e-18
3.500646838666718e-10	0.019219095	-0.0057594953	-0.95523465	0	0	0.41	4.7197276e-18
3.600014473684216e-10	0.01399317	0.011293149	-0.9587563	0	0	0.41	4.279709e-18
3.700165383270107e-10	0.025022615	0.011523354	-0.9585866	0	0	0.41	4.747798e-18
3.8005850796026697e-10	0.026054008	0.014958818	-0.95899564	0	0	0.41	4.4251565e-18
3.900617281388765e-10	0.031663284	0.020154007	-0.9566429	0	0	0.41	4.9463275e-18
4.000151269196317e-10	0.023709677	0.024000792	-0.95616204	0	0	0.41	4.7478947e-18
4.1001526016353436e-10	0.032976363	0.0031995398	-0.95781887	0	0	0.41	5.0866876e-18
4.2000305529880774e-10	0.02496519	0.028477302	-0.9558525	0	0	0.41	4.466989e-18
4.300420441162885e-10	0.04712987	0.03619221	-0.954426	0	0	0.41	4.3603263e-18
4.400352522660974e-10	0.029426018	0.03707374	-0.9538476	0	0	0.41	4.547468e-18
4.500189393421162e-10	0.03369871	0.06502617	-0.95382595	0	0	0.41	4.450041e-18
4.600005309254108e-10	0.037889313	0.055726483	-0.9554948	0	0	0.41	4.440286e-18
4.700399176652198e-10	0.048784774	0.048884086	-0.9531849	0	0	0.41	3.9906344e-18
4.800397515912737e-10	0.0604747	0.041520737	-0.9543424	0	0	0.41	4.9525206e-18
4.900002278154613e-10	0.060250908	0.031916175	-0.9553586	0	0	0.41	3.9649314e-18
5.00016828666873e-10	0.03672907	0.040085457	-0.95370674	0	0	0.41	5.0093686e-18
5.100485170534785e-10	0.029701738	0.0485392	-0.9549959	0	0	0.41	5.0988195e-18
5.200153283474891e-10	0.02650021	0.059859347	-0.9579401	0	0	0.41	4.509367e-18
5.300504843731697e-10	0.010421982	0.057820514	-0.9557193	0	0	0.41	4.971814e-18
5.400337677203695e-10	0.014572856	0.08403694	-0.9576231	0	0	0.41	5.259961e-18
5.500561762579422e-10	0.017109828	0.080897376	-0.9536855	0	0	0.41	4.0488663e-18
5.600252485093254e-10	0.019750452	0.0716453	-0.9558299	0	0	0.41	4.1046145e-18
5.700516488471531e-10	0.008612081	0.07302372	-0.9540111	0	0	0.41	5.554853e-18
5.800264948819182e-10	0.0015877538	0.053185765	-0.954699	0	0	0.41	5.517857e-18
5.900059215054777e-10	0.0038643142	0.04051226	-0.954376	0	0	0.41	4.6370215e-18
6.000547490103863e-10	-0.026193526	0.04550993	-0.9512254	0	0	0.41	4.4517566e-18
6.10021506404218e-10	-0.008139848	0.052761678	-0.95068353	0	0	0.41	4.1888604e-18
6.200334858554491e-10	-0.014056503	0.063148305	-0.9504964	0	0	0.41	4.2731274e-18
6.300560060659725e-10	-0.017769577	0.080863595	-0.9455774	0	0	0.41	4.78482e-18
6.400501523782084e-10	-0.0064527513	0.095316395	-0.9465484	0	0	0.41	5.42814e-18
6.50002771554184e-10	0.0018226736	0.10648327	-0.94221383	0	0	0.41	5.010362e-18
6.600474937787731e-10	0.002313238	0.08513033	-0.943772	0	0	0.41	4.6667892e-18
6.700008933094812e-10	-0.01581028	0.070435815	-0.94603723	0	0	0.41	4.2300416e-18
6.800518216360637e-10	-0.028724145	0.056232717	-0.9456515	0	0	0.41	4.6147492e-18
6.900249156355775e-10	-0.042534705	0.052079573	-0.9470388	0	0	0.41	4.288567e-18
7.000242255808639e-10	-0.053144034	0.056793604	-0.94682723	0	0	0.41	4.3645267e-18
7.100593476350373e-10	-0.052912615	0.071795896	-0.9470669	0	0	0.41	4.5968958e-18
7.200293924157061e-10	-0.04017193	0.09205239	-0.94763404	0	0	0.41	5.3446526e-18
7.300464876389594e-10	-0.026350405	0.100907296	-0.9511226	0	0	0.41	5.4500776e-18
7.400017437877775e-10	-0.015456999	0.0978161	-0.9464077	0	0	0.41	4.613889e-18
7.500624384720908e-10	-0.017902844	0.09452492	-0.9460338	0	0	0.41	4.0815093e-18
7.600345224434087e-10	-0.01712337	0.09842774	-0.9478441	0	0	0.41	4.1028853e-18
7.700507394753455e-10	-0.007408806	0.10146691	-0.9464124	0	0	0.41	4.995254e-18
7.800147924945217e-10	-0.022542424	0.09716984	-0.94900286	0	0	0.41	4.7385517e-18
7.900295247617632e-10	-0.025873303	0.12199165	-0.94828546	0	0	0.41	4.907011e-18
8.000087587749349e-10	-0.022577439	0.13615581	-0.94528943	0	0	0.41	4.61688e-18
8.100219766103881e-10	-0.013893696	0.13165961	-0.9484834	0	0	0.41	5.350255e-18
8.200131837676569e-10	-0.025187338	0.13679813	-0.9425964	0	0	0.41	4.6403774e-18
8.300635325204349e-10	-0.0061081666	0.13247767	-0.94266695	0	0	0.41	5.0096742e-18
8.400401021549213e-10	0.019982228	0.12526299	-0.9401564	0	0	0.41	5.156117e-18
8.500015289432365e-10	0.024565732	0.10138683	-0.9417992	0	0	0.41	3.871579e-18
8.600079866587892e-10	0.023380872	0.10117748	-0.94529915	0	0	0.41	5.4965453e-18
8.700408912261929e-10	0.02215369	0.12143282	-0.94741595	0	0	0.41	5.7892593e-18
8.800572763541319e-10	0.028995724	0.1179733	-0.9456261	0	0	0.41	5.06929e-18
8.900643077310724e-10	0.009093495	0.11457853	-0.9416044	0	0	0.41	5.43467e-18
9.00006994281697e-10	0.019190017	0.13068785	-0.94291407	0	0	0.41	4.8947954e-18
9.100364958226586e-10	0.030734971	0.12439664	-0.94730544	0	0	0.41	4.210194e-18
9.200583726793004e-10	0.041733485	0.11871551	-0.9455382	0	0	0.41	4.2656612e-18
9.300168874955333e-10	0.043197885	0.10789399	-0.9509993	0	0	0.41	4.7912456e-18
9.40037650086253e-10	0.04368829	0.09504884	-0.94907653	0	0	0.41	4.082796e-18
9.50017042031846e-10	0.040082082	0.09574347	-0.9466287	0	0	0.41	4.8990913e-18
9.60000185629579e-10	0.035398316	0.094525255	-0.94800264	0	0	0.41	4.899063e-18
9.700040033497924e-10	0.021839421	0.09320202	-0.95254296	0	0	0.41	5.09013e-18
9.800414479468617e-10	0.032374725	0.09604304	-0.9511701	0	0	0.41	4.5237366e-18
9.900011601664146e-10	0.030164745	0.111248694	-0.9543517	0	0	0.41	5.2670502e-18
1.0000626409034656e-09	0.028918251	0.113938466	-0.9518789	0	0	0.41	3.630095e-18
1.0100447479991097e-09	0.038161084	0.13029453	-0.94886345	0	0	0.41	5.2472128e-18
1.0200396933175834e-09	0.034553386	0.13571633	-0.94747216	0	0	0.41	4.572409e-18
1.0300237037389882e-09	0.046631213	0.14577992	-0.9431563	0	0	0.41	4.1109495e-18
1.0400306995041373e-09	0.034173403	0.14311415	-0.94185746	0	0	0.41	4.078722e-18
1.0500448266304234e-09	0.04537003	0.14025532	-0.94344354	0	0	0.41	4.1775193e-18
1.0600653374987522e-09	0.043225132	0.12566179	-0.9449084	0	0	0.41	4.2997332e-18
1.070059627085361e-09	0.02102006	0.12039863	-0.94371986	0	0	0.41	4.5204316e-18
1.0800376903306321e-09	0.009095729	0.12910905	-0.9446461	0	0	0.41	4.6710513e-18
1.0900452058246348e-09	0.011031717	0.13214248	-0.94825405	0	0	0.41	5.229219e-18
1.1000337313604104e-09	0.0024859693	0.12619457	-0.95111537	0	0	0.41	5.102292e-18
1.1100033361442654e-09	0.008205371	0.127309	-0.95037085	0	0	0.41	5.1653488e-18
1.1200029615080688e-09	0.021628562	0.13822152	-0.94769204	0	0	0.41	3.974146e-18
1.1300020712918315e-09	0.008690991	0.1372874	-0.94519615	0	0	0.41	4.4964814e-18
1.1400079839948828e-09	0.00056489935	0.14765726	-0.9472598	0	0	0.41	4.5647362e-18
1.1500515793000941e-09	0.0028385117	0.13928798	-0.9486933	0	0	0.41	4.858492e-18
1.1600549419459968e-09	-0.011652359	0.11825244	-0.94922173	0	0	0.41	4.0136545e-18
1.1700038324004759e-09	-0.029942676	0.09752982	-0.94637597	0	0	0.41	5.961776e-18
1.1800333643986996e-09	-0.03766488	0.090103805	-0.9475735	0	0	0.41	4.8769084e-18
1.190061478125644e-09	-0.05067252	0.08266545	-0.9460113	0	0	0.41	4.4687498e-18
1.2000175556999277e-09	-0.049699623	0.09492763	-0.95060873	0	0	0.41	3.855016e-18
1.2100269344561795e-09	-0.042818688	0.09888029	-0.950662	0	0	0.41	5.5987625e-18
1.2200579324256547e-09	-0.04888395	0.10818192	-0.9444269	0	0	0.41	4.8994764e-18
1.2300362894697278e-09	-0.04406742	0.09913812	-0.94072485	0	0	0.41	5.6373058e-18
1.2400646671873854e-09	-0.081878565	0.09398506	-0.93926793	0	0	0.41	4.6663273e-18
1.250023840357858e-09	-0.07144975	0.10136832	-0.9406866	0	0	0.41	5.033539e-18
1.260030966585108e-09	-0.081830874	0.12788051	-0.9368127	0	0	0.41	4.652814e-18
1.270033408267742e-09	-0.08216848	0.13419124	-0.932548	0	0	0.41	4.4197286e-18
1.280014780475714e-09	-0.070391394	0.12417567	-0.9370126	0	0	0.41	5.5809582e-18
1.2900388465821458e-09	-0.07506479	0.12453442	-0.93481934	0	0	0.41	4.775934e-18
1.3000223721100968e-09	-0.064624965	0.10711425	-0.9344846	0	0	0.41	4.880917e-18
1.3100518847154896e-09	-0.07711234	0.100259036	-0.9352403	0	0	0.41	4.383503e-18
1.3200361971450988e-09	-0.09025876	0.106908955	-0.93625313	0	0	0.41	3.8652487e-18
1.3300547174363676e-09	-0.0807396	0.11301066	-0.9377415	0	0	0.41	4.9956928e-18
1.3400114499583521e-09	-0.077433035	0.12263675	-0.9395059	0	0	0.41	4.3864457e-18
1.3500528345026997e-09	-0.0767262	0.13838269	-0.9396433	0	0	0.41	4.892521e-18
1.3600010437640764e-09	-0.056622483	0.13275169	-0.9370861	0	0	0.41	4.897351e-18
1.3700559635876295e-09	-0.044147026	0.1321618	-0.937785	0	0	0.41	5.296919e-18
1.3800337535705005e-09	-0.030572215	0.14178129	-0.9369628	0	0	0.41	5.2280515e-18
1.3900103854137074e-09	-0.03478888	0.14187635	-0.93423665	0	0	0.41	4.361316e-18
1.4000112358888825e-09	-0.034477405	0.13403548	-0.9333047	0	0	0.41	4.549007e-18
1.410015751806072e-09	-0.036650438	0.12578553	-0.9339802	0	0	0.41	4.917495e-18
1.420033937634269e-09	-0.047173813	0.13193786	-0.9312102	0	0	0.41	5.5755526e-18
1.4300621403133755e-09	-0.060416065	0.1500527	-0.9361264	0	0	0.41	4.410942e-18
1.4400608922930033e-09	-0.05146334	0.15872155	-0.9327388	0	0	0.41	4.598271e-18
1.4500480636115227e-09	-0.061013777	0.16690703	-0.931901	0	0	0.41	5.6074975e-18
1.4600518147631921e-09	-0.06682102	0.166608	-0.93400115	0	0	0.41	5.3300198e-18
1.4700544318510093e-09	-0.05790953	0.17259802	-0.9280674	0	0	0.41	4.4231353e-18
1.4800201032166993e-09	-0.067029856	0.15355948	-0.9293605	0	0	0.41	5.518481e-18
1.4900007490341259e-09	-0.06144454	0.13160285	-0.93313825	0	0	0.41	3.714749e-18
1.5000493161120277e-09	-0.062492654	0.11466336	-0.9340348	0	0	0.41	4.780834e-18
1.5100250321215692e-09	-0.067526355	0.12309459	-0.93279713	0	0	0.41	5.5586727e-18
1.5200528786996695e-09	-0.08448526	0.112670764	-0.9295331	0	0	0.41	4.33322e-18
1.5300368892236505e-09	-0.08248081	0.11825543	-0.9348015	0	0	0.41	4.2067742e-18
1.5400109017404004e-09	-0.091090016	0.14831126	-0.9349873	0	0	0.41	4.358219e-18
1.5500284949733448e-09	-0.079151094	0.1626246	-0.9379802	0	0	0.41	4.2108857e-18
1.5600259272935208e-09	-0.06426772	0.16924113	-0.9377161	0	0	0.41	5.3215143e-18
1.5700160423780124e-09	-0.06336656	0.17795844	-0.93320125	0	0	0.41	5.2142124e-18
1.5800548910213412e-09	-0.052761097	0.16002242	-0.93351954	0	0	0.41	5.1452475e-18
1.5900564852901863e-09	-0.060843974	0.13324754	-0.93327314	0	0	0.41	4.7776364e-18
1.6000080469918786e-09	-0.068119146	0.13063559	-0.93706477	0	0	0.41	3.79716e-18
1.610045498609812e-09	-0.07625278	0.11711171	-0.9369267	0	0	0.41	5.0455478e-18
1.6200416894029878e-09	-0.0852312	0.12449955	-0.9357423	0	0	0.41	4.31895e-18
1.6300562834167308e-09	-0.07483661	0.13656257	-0.93698287	0	0	0.41	4.8748913e-18
1.6400424625088986e-09	-0.06814286	0.14028728	-0.942519	0	0	0.41	4.9073205e-18
1.6500257857438704e-09	-0.05479818	0.14900906	-0.9376612	0	0	0.41	3.578264e-18
1.6600395156870903e-09	-0.0501707	0.14338778	-0.9378853	0	0	0.41	3.895018e-18
1.6700037708959014e-09	-0.046522424	0.13706394	-0.9401711	0	0	0.41	4.4005483e-18
1.6800055271582216e-09	-0.022762414	0.14082304	-0.9369205	0	0	0.41	4.435271e-18
1.690059126878044e-09	-0.03442579	0.123450845	-0.9394778	0	0	0.41	4.5695976e-18
1.700034568169174e-09	-0.041042816	0.15559253	-0.93757653	0	0	0.41	4.1175446e-18
1.710026631559193e-09	-0.041770294	0.15749854	-0.9346984	0	0	0.41	4.6301923e-18
1.7200150725608056e-09	-0.042600706	0.16709712	-0.9320019	0	0	0.41	4.36633e-18
1.7300003135020707e-09	-0.043146815	0.18726078	-0.932579	0	0	0.41	5.5519196e-18
1.7400494799537968e-09	-0.04422592	0.18366377	-0.93357015	0	0	0.41	5.921465e-18
1.7500036660773587e-09	-0.032958787	0.17967488	-0.9361402	0	0	0.41	3.9946272e-18
1.7600271407616115e-09	-0.03565687	0.15505087	-0.938917	0	0	0.41	4.9007598e-18
1.7700352286172612e-09	-0.029315282	0.14191072	-0.93737733	0	0	0.41	4.7717833e-18
1.7800283035091173e-09	-0.030667042	0.14216004	-0.9336144	0	0	0.41	4.5833073e-18
1.7900534778665499e-09	-0.03641521	0.14523917	-0.9331478	0	0	0.41	3.9644165e-18
1.8000204203758861e-09	-0.03699767	0.15230688	-0.938052	0	0	0.41	5.3189914e-18
1.8100089804968622e-09	-0.040722307	0.14904396	-0.93727523	0	0	0.41	4.8816267e-18
1.8200232744366363e-09	-0.05141954	0.15417494	-0.93679386	0	0	0.41	3.736958e-18
1.8300610776417271e-09	-0.033037595	0.14984448	-0.93798995	0	0	0.41	5.149811e-18
1.8400446716573998e-09	-0.047387965	0.13091168	-0.93612206	0	0	0.41	4.593374e-18
1.850014650047899e-09	-0.04642763	0.13217525	-0.93876094	0	0	0.41	4.3547995e-18
1.8600088831009492e-09	-0.03087841	0.11229995	-0.93872714	0	0	0.41	5.3731055e-18
1.8700418001643253e-09	-0.04746331	0.098158	-0.9413222	0	0	0.41	4.716887e-18
1.88004078648145e-09	-0.05767827	0.104675844	-0.9372748	0	0	0.41	5.0139727e-18
1.8900590713161624e-09	-0.06891986	0.10431634	-0.9365646	0	0	0.41	4.1185215e-18
1.900027032919907e-09	-0.0714764	0.11242611	-0.9354718	0	0	0.41	4.519598e-18
1.9100494550840463e-09	-0.07988226	0.109292455	-0.9332991	0	0	0.41	4.72012e-18
1.920029648891688e-09	-0.07701036	0.11667079	-0.9315247	0	0	0.41	4.603589e-18
1.9300303534459173e-09	-0.081081934	0.109045245	-0.9294588	0	0	0.41	4.856582e-18
1.9400548208124114e-09	-0.08296552	0.11499621	-0.9313564	0	0	0.41	5.531058e-18
1.950008727205908e-09	-0.08714441	0.117265895	-0.92641973	0	0	0.41	5.2598033e-18
1.9600188182524186e-09	-0.09406294	0.10922587	-0.92971516	0	0	0.41	5.0670967e-18
1.9700075813621504e-09	-0.11439112	0.10143936	-0.9284818	0	0	0.41	5.4560316e-18
1.9800499420366987e-09	-0.118540205	0.09130583	-0.92222947	0	0	0.41	4.1281387e-18
1.990016858568049e-09	-0.14348803	0.080087386	-0.91201043	0	0	0.41	5.147512e-18
2.000000653089331e-09	-0.15036865	0.07028165	-0.9121279	0	0	0.41	5.168931e-18
2.010021131353944e-09	-0.12981428	0.08546489	-0.9168363	0	0	0.41	4.0769106e-18
2.0200642629140193e-09	-0.124204874	0.07448762	-0.910779	0	0	0.41	3.4724463e-18
2.030031645318618e-09	-0.10267402	0.056046452	-0.91666794	0	0	0.41	3.475277e-18
2.0400258074624136e-09	-0.08648073	0.053623106	-0.9110801	0	0	0.41	4.667563e-18
2.0500491791522934e-09	-0.09877248	0.056501117	-0.9039445	0	0	0.41	5.527522e-18
2.0600582302450516e-09	-0.110834695	0.045999415	-0.9057399	0	0	0.41	4.3419906e-18
2.0700102353543467e-09	-0.12666398	0.055811543	-0.9061214	0	0	0.41	5.14663e-18
2.0800006164575255e-09	-0.13911526	0.046057805	-0.91203934	0	0	0.41	5.1394047e-18
2.0900100795442494e-09	-0.15003504	0.026712716	-0.9213723	0	0	0.41	4.7987994e-18
2.1000461506097765e-09	-0.13863455	0.057527956	-0.9249667	0	0	0.41	5.2796006e-18
2.110030409305776e-09	-0.13321128	0.056853455	-0.930191	0	0	0.41	5.0556493e-18
2.1200000584425194e-09	-0.12594326	0.06358648	-0.9278272	0	0	0.41	5.1110874e-18
2.1300270478777182e-09	-0.11928167	0.06682466	-0.9335995	0	0	0.41	5.201629e-18
2.1400508685079666e-09	-0.122880064	0.044111185	-0.9375009	0	0	0.41	4.47445e-18
2.1500232193511168e-09	-0.120224684	0.03191004	-0.9259522	0	0	0.41	3.3808011e-18
2.1600621304492772e-09	-0.11797913	0.021618897	-0.9212442	0	0	0.41	3.8425124e-18
2.170064134111974e-09	-0.14188904	0.0105360225	-0.9126488	0	0	0.41	3.838664e-18
2.1800388219684896e-09	-0.15083294	0.025001492	-0.91383713	0	0	0.41	4.9829637e-18
2.190003757782993e-09	-0.14623499	0.038629	-0.91611695	0	0	0.41	4.6503734e-18
2.200041765083788e-09	-0.14171317	0.062767796	-0.91521645	0	0	0.41	2.9335071e-18
2.2100020813334468e-09	-0.1425806	0.07114777	-0.90941495	0	0	0.41	4.3887643e-18
2.220033902022092e-09	-0.15810324	0.08141184	-0.90497494	0	0	0.41	3.8998352e-18
2.230016940525631e-09	-0.17572059	0.07335243	-0.8976928	0	0	0.41	4.53188e-18
2.2400275692314676e-09	-0.19032581	0.061461575	-0.8959774	0	0	0.41	4.74657e-18
2.250028021406694e-09	-0.21459833	0.04617121	-0.89567333	0	0	0.41	3.690072e-18
2.260001498955018e-09	-0.23604794	0.011014405	-0.8950438	0	0	0.41	4.9193076e-18
2.2700437605422284e-09	-0.24339285	0.0038357321	-0.8989339	0	0	0.41	5.573025e-18
2.2800287582161224e-09	-0.24580407	0.0037542281	-0.90570885	0	0	0.41	4.8932775e-18
2.2900246802898516e-09	-0.2445395	-0.0052723666	-0.9048732	0	0	0.41	3.9230393e-18
2.3000298723153886e-09	-0.25594112	-0.010947269	-0.9085236	0	0	0.41	4.0873695e-18
2.3100200118227707e-09	-0.23913632	-0.029115707	-0.9061846	0	0	0.41	4.6578524e-18
2.320041535415519e-09	-0.23143183	-0.03863476	-0.9076968	0	0	0.41	4.806296e-18
2.3300392844989655e-09	-0.23999166	-0.06698975	-0.9048745	0	0	0.41	4.9472337e-18
2.340006703391548e-09	-0.21718878	-0.063103005	-0.90903276	0	0	0.41	4.88547e-18
2.3500464624996026e-09	-0.18692555	-0.08168991	-0.9049864	0	0	0.41	4.914934e-18
2.360034138985681e-09	-0.16857636	-0.10495295	-0.9142994	0	0	0.41	5.3701562e-18
2.3700237065284494e-09	-0.16330494	-0.12934445	-0.9171434	0	0	0.41	4.9352635e-18
2.380011226674906e-09	-0.16559668	-0.15164459	-0.91694874	0	0	0.41	4.291507e-18
2.3900329912348807e-09	-0.1713834	-0.1552299	-0.92464787	0	0	0.41	5.1379327e-18
2.4000393059800788e-09	-0.19330408	-0.1489107	-0.92583585	0	0	0.41	4.3864627e-18
2.4100133804538403e-09	-0.1960683	-0.14994617	-0.92102057	0	0	0.41	4.617794e-18
2.420059499329038e-09	-0.1922242	-0.16024235	-0.9174048	0	0	0.41	4.7685324e-18
2.4300402461649554e-09	-0.18714134	-0.17576088	-0.9119802	0	0	0.41	4.5418775e-18
2.4400024419401906e-09	-0.16343568	-0.18670286	-0.90859324	0	0	0.41	4.8230825e-18
2.4500462984288936e-09	-0.16181321	-0.20449834	-0.90659803	0	0	0.41	5.2945436e-18
2.4600244258793365e-09	-0.15888666	-0.21871233	-0.90501666	0	0	0.41	5.1687e-18
2.4700656247892983e-09	-0.14520574	-0.23267485	-0.90528	0	0	0.41	4.7892095e-18
2.48001161908949e-09	-0.12052496	-0.25015333	-0.91124433	0	0	0.41	3.99288e-18
2.490056741969949e-09	-0.12547347	-0.27593657	-0.8981732	0	0	0.41	4.98411e-18
2.500040400631769e-09	-0.121458925	-0.26975384	-0.9028026	0	0	0.41	4.9776028e-18
2.510037576671916e-09	-0.13060834	-0.2705526	-0.90135634	0	0	0.41	4.897727e-18
2.5200001844200305e-09	-0.12141747	-0.2673839	-0.90330815	0	0	0.41	5.0760526e-18
2.5300150021902183e-09	-0.12122614	-0.2643064	-0.8959382	0	0	0.41	5.277824e-18
2.5400239765423123e-09	-0.10077606	-0.24976012	-0.89603436	0	0	0.41	5.6731082e-18
2.550008332005853e-09	-0.08272965	-0.22986065	-0.8995116	0	0	0.41	5.002668e-18
2.5600582585520018e-09	-0.06279946	-0.21933983	-0.90365005	0	0	0.41	5.53323e-18
2.5700066127564312e-09	-0.0411977	-0.21586877	-0.9010814	0	0	0.41	5.048739e-18
2.5800196604548923e-09	-0.04199383	-0.2278162	-0.90388346	0	0	0.41	5.0755906e-18
2.5900469732171346e-09	-0.026106933	-0.24507336	-0.90952176	0	0	0.41	4.992921e-18
2.6000143212970827e-09	-0.025508162	-0.25482136	-0.91265404	0	0	0.41	4.1544654e-18
2.610059609725579e-09	-0.041368894	-0.25063154	-0.91253555	0	0	0.41	4.762427e-18
2.6200390593670136e-09	-0.03646743	-0.25705737	-0.90959656	0	0	0.41	4.7311902e-18
2.630061631080254e-09	-0.045011107	-0.2287569	-0.91231984	0	0	0.41	6.2677808e-18
2.640036914075039e-09	-0.035740945	-0.21960156	-0.9187602	0	0	0.41	4.3282697e-18
2.650042242928794e-09	-0.02893897	-0.21984878	-0.91572505	0	0	0.41	5.309526e-18
2.6600464115423896e-09	-0.01695545	-0.2073011	-0.92141056	0	0	0.41	5.4354357e-18
2.6700376943232755e-09	-0.009842374	-0.1987031	-0.9285348	0	0	0.41	5.059934e-18
2.6800057996679735e-09	0.0015488745	-0.20214535	-0.9301191	0	0	0.41	5.243398e-18
2.6900217510467995e-09	0.018877473	-0.20114234	-0.927768	0	0	0.41	5.393907e-18
2.7000472056211132e-09	0.028059814	-0.20871718	-0.93130314	0	0	0.41	5.4462684e-18
2.7100008414151422e-09	0.019135514	-0.1876987	-0.9369231	0	0	0.41	4.569767e-18
2.7200559989618033e-09	0.013036425	-0.20661277	-0.9317809	0	0	0.41	4.4508864e-18
2.7300268458040653e-09	0.011609886	-0.20184217	-0.93301123	0	0	0.41	5.310091e-18
2.7400055873945258e-09	0.01740737	-0.20709194	-0.92757946	0	0	0.41	4.8466994e-18
2.7500258095141336e-09	0.0074705305	-0.19708286	-0.928603	0	0	0.41	4.4700997e-18
2.760017259131406e-09	-0.0027652374	-0.18305895	-0.9324439	0	0	0.41	4.7608384e-18
2.7700153220463776e-09	0.008824114	-0.17995444	-0.9279308	0	0	0.41	4.515742e-18
2.780059643735608e-09	0.015123809	-0.19058295	-0.9241261	0	0	0.41	3.95464e-18
2.7900464237968207e-09	0.00014946614	-0.16467205	-0.9255728	0	0	0.41	4.9478255e-18
2.8000463779576212e-09	0.011356971	-0.1599339	-0.9238442	0	0	0.41	4.551777e-18
2.810027797429264e-09	0.0223845	-0.15166393	-0.92256254	0	0	0.41	5.3566066e-18
2.8200088879767285e-09	0.036422443	-0.1527608	-0.920878	0	0	0.41	4.49566e-18
2.8300291606239704e-09	0.03543095	-0.15264218	-0.92117506	0	0	0.41	4.7427823e-18
2.840025626491969e-09	0.022094715	-0.1653088	-0.92443985	0	0	0.41	3.882378e-18
2.8500161087523596e-09	0.028934414	-0.17445423	-0.927937	0	0	0.41	3.8591855e-18
2.860058509442682e-09	0.030797526	-0.17747562	-0.9290489	0	0	0.41	4.6756777e-18
2.870007669095481e-09	-0.001963531	-0.18989529	-0.9260582	0	0	0.41	4.8641194e-18
2.880065772763457e-09	-0.0075126765	-0.18208387	-0.927274	0	0	0.41	4.4908665e-18
2.890020257252499e-09	0.023326917	-0.18311389	-0.9243444	0	0	0.41	3.916562e-18
2.9000253626922127e-09	0.036341432	-0.1702333	-0.9261965	0	0	0.41	4.5775654e-18
2.9100092959288426e-09	0.036043238	-0.18511993	-0.92482233	0	0	0.41	4.6800477e-18
2.920041949955312e-09	0.05485137	-0.18833925	-0.9198884	0	0	0.41	4.7157724e-18
2.9300113819430976e-09	0.05629892	-0.20785643	-0.9141527	0	0	0.41	5.330332e-18
2.9400562940079875e-09	0.064222924	-0.20825337	-0.9170389	0	0	0.41	4.1692765e-18
2.9500130431953467e-09	0.07390995	-0.2094158	-0.91116047	0	0	0.41	3.902828e-18
2.96002953228155e-09	0.07842551	-0.20627062	-0.9072049	0	0	0.41	4.306285e-18
2.9700224933425733e-09	0.08644574	-0.21000975	-0.910893	0	0	0.41	4.736143e-18
2.9800088929682617e-09	0.08430424	-0.21523334	-0.9038161	0	0	0.41	4.4080327e-18
2.9900062646904793e-09	0.07685646	-0.20954947	-0.90376425	0	0	0.41	5.3146797e-18
3.0000094467000656e-09	0.08522346	-0.20422743	-0.9026375	0	0	0.41	5.0812067e-18
3.0100376716380524e-09	0.10708807	-0.19053735	-0.89781106	0	0	0.41	4.194084e-18
3.020038360234571e-09	0.12931587	-0.18018997	-0.89550513	0	0	0.41	4.526404e-18
3.030039226287944e-09	0.18471839	-0.17459516	-0.89306116	0	0	0.41	4.2136018e-18
3.0400653715062435e-09	0.22766842	-0.16609307	-0.8882083	0	0	0.41	5.2175778e-18
3.050041203790215e-09	0.2500489	-0.15610275	-0.8892108	0	0	0.41	4.5496447e-18
3.0600470724232185e-09	0.24498783	-0.14459945	-0.8912075	0	0	0.41	4.3055206e-18
3.0700212111880724e-09	0.2669946	-0.123360485	-0.8880261	0	0	0.41	5.276367e-18
3.0800571112046587e-09	0.26415485	-0.11015019	-0.89356995	0	0	0.41	3.9529965e-18
3.090064945129507e-09	0.26707247	-0.10060469	-0.8907421	0	0	0.41	4.732912e-18
3.1000299726856836e-09	0.2613565	-0.07666999	-0.8930334	0	0	0.41	4.7076453e-18
3.110005793832398e-09	0.2470293	-0.06992872	-0.8913588	0	0	0.41	4.891108e-18
3.120024715998002e-09	0.23965353	-0.043704335	-0.8875268	0	0	0.41	5.4367347e-18
3.1300058163689377e-09	0.25772715	-0.0056448784	-0.88443655	0	0	0.41	4.541318e-18
3.1400453037854207e-09	0.2766253	0.003428767	-0.87829125	0	0	0.41	5.293836e-18
3.1500336100850047e-09	0.29757515	0.028614702	-0.8781609	0	0	0.41	4.01536e-18
3.160043724907054e-09	0.3289545	0.04608517	-0.8757339	0	0	0.41	4.2952052e-18
3.1700052938599397e-09	0.34075966	0.04069933	-0.8700761	0	0	0.41	5.0656086e-18
3.180061826750137e-09	0.34492296	0.061482362	-0.8660759	0	0	0.41	4.0400196e-18
3.1900194082388913e-09	0.32914418	0.08610275	-0.8645697	0	0	0.41	4.0559027e-18
3.2000347061498943e-09	0.3281589	0.12962373	-0.8611983	0	0	0.41	4.9027636e-18
3.2100502600171102e-09	0.3056632	0.15562016	-0.8630108	0	0	0.41	5.3158774e-18
3.2200195532377273e-09	0.29069293	0.17227131	-0.8608689	0	0	0.41	5.6185945e-18
3.230026676665154e-09	0.27023536	0.19549288	-0.85843045	0	0	0.41	5.4238597e-18
3.240030146283664e-09	0.24958727	0.21917772	-0.85775846	0	0	0.41	4.8137544e-18
3.2500617719222173e-09	0.2273905	0.2533032	-0.85254073	0	0	0.41	3.692604e-18
3.260021761758897e-09	0.17818026	0.2795108	-0.85994744	0	0	0.41	3.9939407e-18
3.2700357884892097e-09	0.14199425	0.322387	-0.8513831	0	0	0.41	5.5024877e-18
3.2800032781808826e-09	0.09702145	0.32499957	-0.8461608	0	0	0.41	4.7771674e-18
3.2900013594406558e-09	0.043048702	0.3169461	-0.8418832	0	0	0.41	5.0315957e-18
3.3000342551167233e-09	-0.0024336786	0.2920321	-0.8352646	0	0	0.41	5.027093e-18
3.310062433211332e-09	-0.04569764	0.2463336	-0.8237364	0	0	0.41	5.206439e-18
3.320030036058683e-09	-0.10199158	0.17541595	-0.815031	0	0	0.41	4.819044e-18
3.3300286341388675e-09	-0.11832219	0.07542613	-0.8136885	0	0	0.41	5.1022097e-18
3.3400170568384077e-09	-0.11994224	-0.03902223	-0.8089711	0	0	0.41	4.321911e-18
3.350036728871894e-09	-0.09168876	-0.15384093	-0.80791634	0	0	0.41	4.7721154e-18
3.360012166010609e-09	-0.029386194	-0.24248151	-0.8037671	0	0	0.41	5.0389692e-18
3.370027182488777e-09	0.052732654	-0.29579222	-0.80061746	0	0	0.41	4.1573444e-18
3.380016316434528e-09	0.14340016	-0.30285922	-0.8055456	0	0	0.41	4.6168614e-18
3.3900298291170178e-09	0.21845147	-0.27451047	-0.79901487	0	0	0.41	5.4623786e-18
3.4000580374989933e-09	0.2990891	-0.19807665	-0.78523666	0	0	0.41	5.19774e-18
3.4100529806510878e-09	0.35020897	-0.07214186	-0.77567554	0	0	0.41	4.4525073e-18
3.420035954103091e-09	0.36376843	0.046016894	-0.7633175	0	0	0.41	4.26463e-18
3.4300280773629864e-09	0.335002	0.17606305	-0.7552857	0	0	0.41	4.8727977e-18
3.440042846150884e-09	0.25822508	0.27583832	-0.74836177	0	0	0.41	5.018366e-18
3.4500225007143424e-09	0.15407915	0.32775003	-0.7389854	0	0	0.41	4.395954e-18
3.4600453771230372e-09	0.027147956	0.32543418	-0.7327556	0	0	0.41	4.0625065e-18
3.470023738456444e-09	-0.09144921	0.263789	-0.72816217	0	0	0.41	5.043347e-18
3.480011174538934e-09	-0.1535948	0.13999216	-0.7281682	0	0	0.41	3.4504462e-18
3.4900316139749235e-09	-0.1576222	-0.0014736805	-0.7268734	0	0	0.41	3.4104667e-18
3.5000575073800744e-09	-0.12510799	-0.14124598	-0.7254108	0	0	0.41	4.4161386e-18
3.510050199799157e-09	-0.03985058	-0.2434247	-0.73383874	0	0	0.41	5.077021e-18
3.5200383934722567e-09	0.08271556	-0.2917822	-0.7238548	0	0	0.41	4.6000023e-18
3.530003409453847e-09	0.20349875	-0.23028512	-0.71852696	0	0	0.41	3.33298e-18
3.5400186372687833e-09	0.29952854	-0.11905779	-0.7139625	0	0	0.41	4.760505e-18
3.550010064456311e-09	0.34842348	0.016495353	-0.7065496	0	0	0.41	4.129345e-18
3.5600083627351762e-09	0.28324974	0.14639467	-0.7087265	0	0	0.41	4.3172707e-18
3.5700590223086898e-09	0.18358447	0.23989752	-0.70709914	0	0	0.41	4.6305587e-18
3.5800314252886105e-09	0.0057735257	0.24771869	-0.7018099	0	0	0.41	4.530498e-18
3.5900386880338867e-09	-0.14358959	0.16321853	-0.6924191	0	0	0.41	4.0376514e-18
3.6000540520267015e-09	-0.23438522	0.042271234	-0.6779167	0	0	0.41	3.6361623e-18
3.6100530192216116e-09	-0.26597697	-0.11267834	-0.6682849	0	0	0.41	4.0200895e-18
3.6200541119682536e-09	-0.2047796	-0.2682073	-0.6643947	0	0	0.41	4.1925244e-18
3.630026462816444e-09	-0.07321167	-0.36832342	-0.6632964	0	0	0.41	3.8371945e-18
3.6400267239937183e-09	0.081532255	-0.3793529	-0.65424323	0	0	0.41	4.5554077e-18
3.6500168715787665e-09	0.22044106	-0.3064698	-0.6443816	0	0	0.41	4.420217e-18
3.66004093363473e-09	0.3078172	-0.14435837	-0.6276731	0	0	0.41	5.5312745e-18
3.670003501642193e-09	0.2808798	0.036918197	-0.63202995	0	0	0.41	4.3966354e-18
3.6800361148669027e-09	0.18855934	0.16696788	-0.64044625	0	0	0.41	3.8974083e-18
3.6900220319866614e-09	0.048376534	0.24485403	-0.6300546	0	0	0.41	4.1058384e-18
3.700042339007095e-09	-0.12041744	0.19947167	-0.62291217	0	0	0.41	3.9569843e-18
3.7100096400299697e-09	-0.2288641	0.10023412	-0.61841685	0	0	0.41	4.4522033e-18
3.7200237199839946e-09	-0.3309379	-0.05085163	-0.60396737	0	0	0.41	3.842454e-18
3.730044565268909e-09	-0.33470744	-0.24902028	-0.5968773	0	0	0.41	4.513818e-18
3.740041764492726e-09	-0.18292741	-0.37056214	-0.5946252	0	0	0.41	4.602527e-18
3.750060822908454e-09	-0.009725731	-0.38612193	-0.5924784	0	0	0.41	3.0331239e-18
3.760038577120188e-09	0.13687482	-0.29907015	-0.57338285	0	0	0.41	4.5396053e-18
3.770056035851764e-09	0.23150301	-0.122651525	-0.5642971	0	0	0.41	4.823801e-18
3.780039418622721e-09	0.2430376	0.053768966	-0.5541286	0	0	0.41	4.3559426e-18
3.790055858365312e-09	0.17144106	0.21297878	-0.55463403	0	0	0.41	4.1793987e-18
3.800038285858003e-09	0.013340022	0.31756285	-0.55154645	0	0	0.41	3.7492458e-18
3.810066035714678e-09	-0.18927498	0.30075705	-0.5311515	0	0	0.41	4.2305106e-18
3.820065627907635e-09	-0.30855674	0.11060513	-0.51823336	0	0	0.41	3.699688e-18
3.8300263520840554e-09	-0.30802208	-0.05660351	-0.5180117	0	0	0.41	4.634071e-18
3.840000213979051e-09	-0.21569787	-0.24111792	-0.5172586	0	0	0.41	3.77392e-18
3.8500005036030034e-09	-0.002839058	-0.3384985	-0.5224281	0	0	0.41	3.5751854e-18
3.86000976539659e-09	0.18077421	-0.2833473	-0.50430137	0	0	0.41	4.563099e-18
3.870058700318916e-09	0.26103547	-0.11323347	-0.4948333	0	0	0.41	3.934758e-18
3.880044875514723e-09	0.3011901	0.07575453	-0.48304945	0	0	0.41	4.2980826e-18
3.8900211397108655e-09	0.23550211	0.30361995	-0.4699743	0	0	0.41	3.6251774e-18
3.900031311282177e-09	0.030805802	0.41830435	-0.4730949	0	0	0.41	3.825799e-18
3.910052306856512e-09	-0.17065941	0.3839169	-0.4744121	0	0	0.41	4.3254238e-18
3.920038144527807e-09	-0.3029731	0.22083369	-0.45502424	0	0	0.41	3.618169e-18
3.93006080926517e-09	-0.31238356	0.0026116488	-0.44370675	0	0	0.41	4.1460158e-18
3.940000720849765e-09	-0.24815357	-0.2020498	-0.43800035	0	0	0.41	3.6161292e-18
3.9500384075900096e-09	-0.0878984	-0.3430347	-0.435601	0	0	0.41	4.304733e-18
3.9600042578452755e-09	0.11747526	-0.34029788	-0.43604854	0	0	0.41	3.3855237e-18
3.970052999915616e-09	0.28918433	-0.16938734	-0.42629403	0	0	0.41	3.564408e-18
3.980063092073283e-09	0.32155907	0.07379057	-0.414322	0	0	0.41	2.4628984e-18
3.9900410293749185e-09	0.22935745	0.2580002	-0.39554432	0	0	0.41	3.8797753e-18
4.0000082658851694e-09	0.07364387	0.3848577	-0.39212406	0	0	0.41	2.8808434e-18
4.010026849950827e-09	-0.1796272	0.38265827	-0.38580757	0	0	0.41	3.8241312e-18
4.020038414466227e-09	-0.35004017	0.16488929	-0.37482277	0	0	0.41	4.1182684e-18
4.030035825467856e-09	-0.35063735	-0.10639828	-0.35059798	0	0	0.41	4.3593134e-18
4.040066195291909e-09	-0.22009616	-0.28825578	-0.3430732	0	0	0.41	3.8682787e-18
4.050058325389178e-09	-0.016579203	-0.37490144	-0.3378057	0	0	0.41	5.038097e-18
4.060006390932317e-09	0.23299216	-0.3208684	-0.32824704	0	0	0.41	3.2811368e-18
4.070045814359374e-09	0.37787575	-0.11074532	-0.31485993	0	0	0.41	2.8689713e-18
4.080021469165599e-09	0.35158393	0.17142795	-0.30704814	0	0	0.41	3.542039e-18
4.090061203709227e-09	0.15298693	0.354181	-0.292213	0	0	0.41	3.201215e-18
4.100005864628503e-09	-0.10196337	0.36773276	-0.29302096	0	0	0.41	2.6055193e-18
4.1100170702263756e-09	-0.31166986	0.22613773	-0.2822602	0	0	0.41	3.603018e-18
4.120021353799426e-09	-0.393047	-0.020425921	-0.25942746	0	0	0.41	2.8957087e-18
4.130016348909153e-09	-0.29661134	-0.28366208	-0.25317228	0	0	0.41	2.9764235e-18
4.140006535627232e-09	-0.070103675	-0.40585184	-0.2440172	0	0	0.41	3.605466e-18
4.15002073960536e-09	0.17775373	-0.35527167	-0.23414753	0	0	0.41	3.2164846e-18
4.160037630484981e-09	0.34106088	-0.16923	-0.23256117	0	0	0.41	3.245967e-18
4.170009408978293e-09	0.32542	0.14319743	-0.22526686	0	0	0.41	3.8271538e-18
4.180052907674333e-09	0.13805789	0.34154847	-0.21158262	0	0	0.41	3.3938302e-18
4.190048198147422e-09	-0.08610243	0.39156356	-0.20262976	0	0	0.41	3.1347136e-18
4.200024984327414e-09	-0.30926254	0.30374292	-0.19527207	0	0	0.41	3.3698139e-18
4.210056387848955e-09	-0.40866098	0.04540692	-0.17764166	0	0	0.41	2.6367106e-18
4.220019115706696e-09	-0.2813054	-0.23338306	-0.16402781	0	0	0.41	3.3422216e-18
4.230055116780615e-09	-0.030779848	-0.3491012	-0.15420488	0	0	0.41	2.0004583e-18
4.24003777845534e-09	0.194475	-0.30027574	-0.15188585	0	0	0.41	3.5780736e-18
4.250012683848534e-09	0.34836718	-0.12614208	-0.13446936	0	0	0.41	2.8673813e-18
4.2600440404283595e-09	0.36996257	0.1381549	-0.12691712	0	0	0.41	3.3797593e-18
4.2700588937962026e-09	0.17832915	0.39529517	-0.11772361	0	0	0.41	3.1575897e-18
4.2800404300353596e-09	-0.095749974	0.43909162	-0.112192295	0	0	0.41	1.495942e-18
4.290051701264875e-09	-0.3273953	0.27095246	-0.109599054	0	0	0.41	3.378029e-18
4.300045455975333e-09	-0.38255557	-0.05583484	-0.09376547	0	0	0.41	2.9830989e-18
4.310057716415147e-09	-0.21329664	-0.26347104	-0.084456205	0	0	0.41	2.6729254e-18
4.3200596380774115e-09	0.008009709	-0.36832792	-0.083481565	0	0	0.41	2.6652572e-18
4.330043571740138e-09	0.26279044	-0.33016613	-0.06537575	0	0	0.41	2.9088871e-18
4.340010980822526e-09	0.41407648	-0.13191955	-0.055141244	0	0	0.41	2.8915773e-18
4.350057036303238e-09	0.37365904	0.20467325	-0.042088043	0	0	0.41	2.5240174e-18
4.360028768106865e-09	0.11164839	0.41135627	-0.026797723	0	0	0.41	2.6261864e-18
4.370047418466678e-09	-0.16879007	0.36373568	-0.019157523	0	0	0.41	2.045974e-18
4.380033185044414e-09	-0.31542397	0.18513642	-0.009524265	0	0	0.41	2.815595e-18
4.390048239674505e-09	-0.3398745	-0.06439182	0.00053533545	0	0	0.41	2.208526e-18
4.400017909874384e-09	-0.21257259	-0.31317884	0.019776555	0	0	0.41	2.5534172e-18
4.410028417674859e-09	0.06091194	-0.39650723	0.021804735	0	0	0.41	3.3966797e-18
4.420034908418862e-09	0.29719886	-0.2734273	0.030150108	0	0	0.41	2.3692415e-18
4.430062373129626e-09	0.3951495	-0.026498146	0.046359096	0	0	0.41	2.2104836e-18
4.440044874073116e-09	0.28598097	0.2338703	0.06541244	0	0	0.41	2.0430187e-18
4.450054257968168e-09	0.03403208	0.3635257	0.055025544	0	0	0.41	2.175106e-18
4.460022296292655e-09	-0.23589239	0.30959958	0.04988782	0	0	0.41	1.8717716e-18
4.470045860434355e-09	-0.3968895	0.088779114	0.055416785	0	0	0.41	2.5820575e-18
4.4800066972538306e-09	-0.3429964	-0.1991012	0.069025405	0	0	0.41	2.2944276e-18
4.490056658634538e-09	-0.11027765	-0.3682009	0.078982465	0	0	0.41	2.1262543e-18
4.500048096718485e-09	0.12980944	-0.36245623	0.09016731	0	0	0.41	2.0364738e-18
4.510028248202863e-09	0.3136237	-0.20456421	0.10449899	0	0	0.41	1.6865334e-18
4.520061888473717e-09	0.3626938	0.088316575	0.12773865	0	0	0.41	1.772492e-18
4.530001640831785e-09	0.19720551	0.3337149	0.14540073	0	0	0.41	2.381871e-18
4.540006165277412e-09	-0.06323189	0.3835897	0.15959938	0	0	0.41	1.9066248e-18
4.550065396014103e-09	-0.28689095	0.28548187	0.17161012	0	0	0.41	1.8337076e-18
4.5600221044875876e-09	-0.4062434	0.051729344	0.17883216	0	0	0.41	1.644655e-18
4.570003120087417e-09	-0.31788358	-0.22613719	0.19865271	0	0	0.41	2.2406811e-18
4.580057922379799e-09	-0.03384189	-0.35971513	0.21924575	0	0	0.41	2.487446e-18
4.5900172080353265e-09	0.20949174	-0.2615728	0.22637421	0	0	0.41	2.353564e-18
4.600027946610522e-09	0.272557	-0.06833271	0.24003398	0	0	0.41	1.966357e-18
4.610019071505453e-09	0.23322037	0.153065	0.2613222	0	0	0.41	1.7662397e-18
4.620042639695616e-09	0.056040723	0.33833826	0.28818303	0	0	0.41	2.291662e-18
4.630037643289342e-09	-0.23482695	0.34460133	0.28821906	0	0	0.41	1.8052849e-18
4.640059546490402e-09	-0.4071164	0.1059563	0.30680123	0	0	0.41	1.1883573e-18
4.650033541878957e-09	-0.35053715	-0.19059573	0.31907064	0	0	0.41	1.2167751e-18
4.660012528310353e-09	-0.066496275	-0.37080467	0.32719934	0	0	0.41	1.4762716e-18
4.6700648573570864e-09	0.23188141	-0.277286	0.33129463	0	0	0.41	2.684696e-18
4.68003205119225e-09	0.30499753	-0.04054913	0.33539966	0	0	0.41	2.0009363e-18
4.6900578315550275e-09	0.23754244	0.17268673	0.35740966	0	0	0.41	1.3508118e-18
4.700061124995905e-09	0.043707374	0.3341187	0.36916265	0	0	0.41	2.2942657e-18
4.710000618514452e-09	-0.19922486	0.28313404	0.37713128	0	0	0.41	5.485562e-19
4.720016778262209e-09	-0.30781505	0.07139217	0.38465762	0	0	0.41	9.708697e-19
4.730028244017695e-09	-0.24503969	-0.18731073	0.39498302	0	0	0.41	8.894576e-19
4.7400484185396416e-09	-0.045704823	-0.3501907	0.41117874	0	0	0.41	5.0386647e-19
4.750059287019198e-09	0.20329808	-0.30478415	0.4229135	0	0	0.41	8.891609e-19
4.760026336162957e-09	0.31716317	-0.074262455	0.43848324	0	0	0.41	1.2862162e-18
4.770033573571794e-09	0.20482455	0.15512964	0.45557866	0	0	0.41	1.3619466e-18
4.780004789626759e-09	0.008384636	0.2776118	0.4789837	0	0	0.41	1.3887068e-18
4.7900598807560114e-09	-0.18512985	0.23085569	0.4887009	0	0	0.41	9.437499e-19
4.800010754261902e-09	-0.30314973	0.052466873	0.500069	0	0	0.41	2.5645114e-19
4.8100472057516985e-09	-0.24438557	-0.20019759	0.5186077	0	0	0.41	3.5365588e-19
4.820059532757468e-09	0.011255436	-0.339201	0.5287393	0	0	0.41	2.298189e-19
4.830048504039246e-09	0.23089269	-0.17769104	0.546313	0	0	0.41	5.9247675e-19
4.840035491310366e-09	0.23692903	0.053276703	0.56046695	0	0	0.41	5.2611644e-19
4.85000497083789e-09	0.14140297	0.16751127	0.57493424	0	0	0.41	1.5311118e-19
4.860036914600185e-09	0.0024132705	0.24668857	0.58716345	0	0	0.41	-1.220912e-20
4.870057928418155e-09	-0.20933741	0.2058444	0.5890841	0	0	0.41	-1.209703e-19
4.880049102173805e-09	-0.3034528	-0.04793203	0.6008243	0	0	0.41	2.331749e-19
4.890024835726107e-09	-0.122163445	-0.28294954	0.6144639	0	0	0.41	1.2552988e-18
4.900001885977692e-09	0.14525288	-0.2612951	0.63545865	0	0	0.41	-9.417723e-19
4.9100494183753274e-09	0.2934507	-0.07538663	0.63716215	0	0	0.41	7.7956396e-19
4.920016551058902e-09	0.20928723	0.13628241	0.6589819	0	0	0.41	2.5983684e-19
4.930061716093988e-09	0.02712921	0.20504917	0.677173	0	0	0.41	-6.331315e-19
4.940034379667046e-09	-0.13630238	0.16561143	0.6985532	0	0	0.41	1.7451113e-19
4.950041860338497e-09	-0.23197043	0.00049491116	0.70482856	0	0	0.41	-3.2741378e-19
4.960030786533182e-09	-0.16633837	-0.19374812	0.71968645	0	0	0.41	-9.921617e-19
4.970051056262697e-09	0.057273254	-0.2742066	0.73481494	0	0	0.41	3.420005e-19
4.980040424934147e-09	0.2773646	-0.11250284	0.74114704	0	0	0.41	2.5686951e-19
4.990006303442184e-09	0.23175646	0.17766578	0.75781506	0	0	0.41	-2.5808162e-19
5.000055394317983e-09	-0.023497097	0.2576547	0.77013135	0	0	0.41	-4.7044026e-19
5.0100204813671675e-09	-0.21044946	0.10224549	0.7766847	0	0	0.41	-2.508695e-19
5.020051023149108e-09	-0.19475074	-0.11824308	0.77863765	0	0	0.41	-4.9928017e-19
5.030040368410603e-09	-0.024029514	-0.21266411	0.7877307	0	0	0.41	-3.366925e-19
5.0400234586970175e-09	0.13551383	-0.15363647	0.8038881	0	0	0.41	-5.576703e-21
5.050053831252025e-09	0.19203581	0.004718851	0.810066	0	0	0.41	-3.2400212e-19
5.0600148212266755e-09	0.1020312	0.20314424	0.8124495	0	0	0.41	-8.039983e-19
5.07003887831783e-09	-0.12811758	0.19797336	0.81977963	0	0	0.41	-2.9264368e-19
5.080035055806245e-09	-0.21680048	0.0012702496	0.8275981	0	0	0.41	5.762936e-20
5.090047103701293e-09	-0.10587252	-0.16772714	0.8357923	0	0	0.41	3.7799807e-19
5.10001212658855e-09	0.10445725	-0.18273978	0.8427656	0	0	0.41	-5.296811e-19
5.110040423271758e-09	0.21995439	-0.0029631318	0.8378825	0	0	0.41	-1.0301761e-18
5.1200297618290435e-09	0.098520815	0.17918102	0.84567845	0	0	0.41	-9.921575e-19
5.130026820339682e-09	-0.10555034	0.15953189	0.8507579	0	0	0.41	-1.7090819e-18
5.140016684326823e-09	-0.19035046	0.0024654784	0.86360765	0	0	0.41	-3.797843e-19
5.150052422555288e-09	-0.081799634	-0.15680239	0.8714084	0	0	0.41	-7.729789e-19
5.16000215925146e-09	0.1029288	-0.15989597	0.882877	0	0	0.41	-2.3017893e-19
5.170020005666485e-09	0.19502063	0.04840747	0.89143306	0	0	0.41	-5.614788e-19
5.1800176293637245e-09	-0.0008350523	0.1931451	0.8965295	0	0	0.41	-7.110956e-19
5.190007813292639e-09	-0.17465119	0.05215906	0.9021722	0	0	0.41	-9.409062e-19
5.200035825178128e-09	-0.09040966	-0.145722	0.9064955	0	0	0.41	-4.5480494e-19
5.210042042557611e-09	0.12167189	-0.116083965	0.91518193	0	0	0.41	-1.764827e-18
5.220025335658679e-09	0.14314817	0.08133581	0.91886926	0	0	0.41	-1.3240304e-18
5.230031812043494e-09	-0.04807662	0.1562181	0.92217267	0	0	0.41	-9.127808e-19
5.240005530897513e-09	-0.1716472	-0.008346724	0.9253636	0	0	0.41	-9.04556e-19
5.250050918564468e-09	-0.03758794	-0.14559442	0.93080395	0	0	0.41	-1.9493851e-18
5.260057013669417e-09	0.14231135	-0.060597423	0.9383134	0	0	0.41	-7.903799e-19
5.270061409558999e-09	0.064083554	0.13416073	0.9407714	0	0	0.41	-1.5142813e-18
5.2800100868573895e-09	-0.11496711	0.064483285	0.9447278	0	0	0.41	-1.2586988e-18
5.29005291300812e-09	-0.072210416	-0.10196818	0.94898736	0	0	0.41	-1.4639522e-18
5.300025419910052e-09	0.08261516	-0.08324789	0.94954646	0	0	0.41	-4.707995e-19
5.310045598617884e-09	0.07368853	0.076543294	0.9485344	0	0	0.41	-8.938604e-19
5.320020119419541e-09	-0.054679975	0.06464429	0.9520647	0	0	0.41	-2.7039529e-19
5.330044964271495e-09	-0.07351297	-0.036709912	0.9527835	0	0	0.41	-2.1868635e-18
5.340023788602501e-09	0.022951296	-0.08523913	0.95643264	0	0	0.41	-1.6360652e-18
5.350008418034224e-09	0.09117788	0.024582403	0.95865095	0	0	0.41	-1.662878e-18
5.360062174223884e-09	-0.022569347	0.08240387	0.962427	0	0	0.41	-1.256956e-18
5.370032802605028e-09	-0.08317735	-0.015066746	0.959795	0	0	0.41	-2.0670038e-18
5.380011809876466e-09	0.00865898	-0.06853045	0.9618563	0	0	0.41	-1.282806e-18
5.390022074587278e-09	0.05439749	0.006305382	0.96039975	0	0	0.41	-2.919516e-19
5.4000086811598075e-09	0.006643678	0.042736433	0.9616156	0	0	0.41	-1.2484859e-18
5.410008677322488e-09	-0.04356208	-9.274688e-05	0.96269804	0	0	0.41	-8.78233e-19
5.420030771504453e-09	-0.007307662	-0.034796495	0.9615543	0	0	0.41	-1.5102586e-18
5.430011200107111e-09	0.031601354	-0.018081672	0.9639356	0	0	0.41	-8.275402e-19
5.440054438227989e-09	0.014143086	0.031301595	0.9649624	0	0	0.41	-9.818027e-19
5.450020278083792e-09	-0.032344617	0.012891319	0.96524936	0	0	0.41	-1.8780658e-18
5.460034911096141e-09	-0.013573492	-0.05342724	0.9656841	0	0	0.41	-1.8816262e-18
5.470062408656391e-09	0.039364982	-0.0112260375	0.96511525	0	0	0.41	-2.211774e-18
5.4800089867365515e-09	0.0030548796	0.03865109	0.9690758	0	0	0.41	-1.7735656e-18
5.490026196890318e-09	-0.045848284	0.0077885687	0.9679675	0	0	0.41	-2.0683265e-18
5.500014080606272e-09	-0.013582212	-0.048453864	0.9670368	0	0	0.41	-7.0156993e-19
5.510022717646633e-09	0.043873865	-0.020699657	0.96610296	0	0	0.41	-1.8158556e-18
5.5200568191151644e-09	0.013122454	0.051118784	0.9651166	0	0	0.41	-1.8794923e-18
5.530055364569499e-09	-0.028578363	0.01653501	0.9644088	0	0	0.41	-8.988765e-19
5.540028671289544e-09	-0.0063888626	-0.014256922	0.96308184	0	0	0.41	-7.238998e-19
5.5500161231430836e-09	0.016079323	-0.005566936	0.96460456	0	0	0.41	-1.8054348e-18
5.5600547249277635e-09	0.014339637	0.020131536	0.9634189	0	0	0.41	-1.5570771e-18
5.570000205622812e-09	-0.014124676	0.019227756	0.96138126	0	0	0.41	-9.251156e-19
5.5800293515139965e-09	-0.02244434	-0.00025225861	0.9626845	0	0	0.41	-1.7049913e-18
5.590001135604521e-09	0.005901028	-0.025344003	0.9634236	0	0	0.41	-1.2318376e-18
5.600012095587991e-09	0.02074428	0.006775356	0.9628886	0	0	0.41	-1.4238424e-18
5.61000133320027e-09	0.011205292	0.01745284	0.96531856	0	0	0.41	-1.5507718e-18
5.620016399438831e-09	-0.01607371	0.005476178	0.96490425	0	0	0.41	-1.777778e-18
5.630050657360129e-09	-0.010065894	-0.0047287764	0.963809	0	0	0.41	-1.1620538e-18
5.640000736853366e-09	0.0100091435	-0.016660076	0.9675043	0	0	0.41	-1.2245569e-18
5.650050286557299e-09	0.024381932	0.0020325137	0.96856606	0	0	0.41	-2.72162e-18
5.660020431483334e-09	0.0021192038	0.017719677	0.97156906	0	0	0.41	-1.4236656e-18
5.6700518412332525e-09	-0.02327632	-0.0009185399	0.96944076	0	0	0.41	-1.1014668e-18
5.68002513363426e-09	0.0036327492	-0.03575635	0.970035	0	0	0.41	-1.9346098e-18
5.690057148585529e-09	0.03415306	-0.016667727	0.97009987	0	0	0.41	-1.5633212e-18
5.7000356937595836e-09	0.011120315	0.038196675	0.9668296	0	0	0.41	-1.729156e-18
5.7100070195430255e-09	-0.036079425	0.0009804412	0.9671459	0	0	0.41	-7.8571653e-19
5.7200344183370005e-09	0.003958996	-0.023408582	0.9662194	0	0	0.41	-1.5642032e-18
5.7300008994540105e-09	0.02975406	0.0064595267	0.9685802	0	0	0.41	-2.2977762e-18
5.740009144952129e-09	-0.012495319	0.03558959	0.96911126	0	0	0.41	-1.8628556e-18
5.750016653210559e-09	-0.040893752	-0.008539794	0.9648179	0	0	0.41	-1.1406504e-18
5.7600289349999085e-09	0.0020832194	-0.03813244	0.9653233	0	0	0.41	-1.2695515e-18
5.7700245128373535e-09	0.013883169	-0.008081535	0.9632399	0	0	0.41	-1.6488837e-18
5.780049545554071e-09	0.01309774	0.020503439	0.9635315	0	0	0.41	-9.613298e-19
5.790051297161778e-09	-0.029566182	0.011622087	0.9652152	0	0	0.41	-1.0691214e-18
5.800019968220827e-09	-0.0068342793	-0.02287532	0.963671	0	0	0.41	-1.9378675e-18
5.810030791706018e-09	0.034567874	-0.019596715	0.9639538	0	0	0.41	-8.987252e-19
5.820019474939003e-09	0.024247997	0.054716337	0.96047807	0	0	0.41	-1.8793318e-18
5.830026484828757e-09	-0.06651886	0.031894013	0.95809555	0	0	0.41	-7.4837403e-19
5.840021797123742e-09	-0.03997642	-0.05417398	0.96046716	0	0	0.41	1.3219362e-19
5.850045375041819e-09	0.053538956	-0.04407344	0.9627067	0	0	0.41	-1.499189e-18
5.8600041314690025e-09	0.044161737	0.033898	0.96486306	0	0	0.41	-1.901972e-18
5.870001637599221e-09	-0.023480471	0.038045812	0.9633711	0	0	0.41	-7.364844e-19
5.8800317204928245e-09	-0.021739868	-0.015462393	0.966323	0	0	0.41	-1.0367883e-18
5.890052134881639e-09	0.023603294	-0.010532686	0.96657556	0	0	0.41	-1.3493343e-18
5.900062562680725e-09	0.030806517	0.022502212	0.9631348	0	0	0.41	-1.3956892e-18
5.910023221186301e-09	0.002499026	0.04250151	0.9654272	0	0	0.41	-1.2560586e-18
5.9200536134799825e-09	-0.04303621	0.019168798	0.9613849	0	0	0.41	-2.0078509e-18
5.930018593991412e-09	-0.019730574	-0.048005138	0.96069485	0	0	0.41	-1.4277951e-18
5.940016410229451e-09	0.032651648	-0.016277047	0.963091	0	0	0.41	-2.4605796e-18
5.950028995936158e-09	0.043012585	0.017881095	0.9605754	0	0	0.41	-1.5142599e-18
5.960042095525348e-09	-0.015348969	0.024479	0.96516037	0	0	0.41	-1.4971674e-18
5.970024235220003e-09	-0.021807186	-0.015866723	0.96389776	0	0	0.41	-2.0648585e-18
5.980026578305047e-09	0.034671966	-0.024965886	0.9625527	0	0	0.41	-5.088633e-19
5.990027515469302e-09	0.017412337	0.026704121	0.9636591	0	0	0.41	-1.3461184e-18
6.000009467145728e-09	-0.0034661463	0.019422777	0.96506006	0	0	0.41	-1.5977481e-19
6.010024276203552e-09	-0.004005308	-0.015145323	0.96364	0	0	0.41	-2.2998045e-18
6.020020954503039e-09	0.014889374	-0.005182096	0.96508324	0	0	0.41	-4.5891164e-19
6.030049979186337e-09	-0.011879186	0.01842359	0.9643263	0	0	0.41	-1.9301542e-18
6.040005775382612e-09	-0.011716324	-0.017327676	0.96540713	0	0	0.41	-1.3925711e-18
6.050036537937748e-09	0.007360288	-0.005292288	0.9632438	0	0	0.41	-2.1953276e-18
6.060030892681833e-09	0.0155038	-0.0030480206	0.96490026	0	0	0.41	-1.7653637e-18
6.070013759333436e-09	-0.009955903	0.011178654	0.9661088	0	0	0.41	-9.982709e-19
6.0800402870227655e-09	0.0027429787	0.007697492	0.9659416	0	0	0.41	-1.0791517e-18
6.090037688143111e-09	0.002903961	0.004026049	0.9668867	0	0	0.41	-1.973703e-18
6.1000031657413655e-09	-0.0069523235	0.0026288216	0.9658591	0	0	0.41	-1.7212019e-18
6.110048348207555e-09	-0.00084775424	-0.0011431713	0.96366286	0	0	0.41	-1.2224245e-18
6.120005021962504e-09	0.01006514	0.0058544036	0.9653991	0	0	0.41	-1.4277876e-18
6.130033258784855e-09	-0.01172413	0.010895366	0.96440834	0	0	0.41	-9.494989e-19
6.140047781319173e-09	-0.01647861	-0.017515702	0.96192414	0	0	0.41	-5.75798e-19
6.150012508079623e-09	0.017870488	-0.030148758	0.9634793	0	0	0.41	-1.4071273e-18
6.160016433631096e-09	0.024543108	0.012699672	0.96512425	0	0	0.41	-3.505388e-19
6.170031891542867e-09	0.008224924	0.022789625	0.9628647	0	0	0.41	1.3102762e-19
6.180050518842744e-09	-0.02034727	0.021975067	0.96294427	0	0	0.41	-1.079976e-18
6.190052370873444e-09	-0.012533977	-0.01775009	0.9654376	0	0	0.41	-7.0447876e-19
6.200055039229446e-09	0.010493167	-0.0043972596	0.9670528	0	0	0.41	-1.7982704e-18
6.21005656702038e-09	0.01928572	0.006338915	0.9644557	0	0	0.41	-1.5436925e-18
6.220042351245085e-09	0.0044330354	0.01744154	0.9643957	0	0	0.41	-2.177126e-18
6.230023639585228e-09	-0.008837123	0.02254215	0.9631517	0	0	0.41	-1.9333668e-18
6.240011456901398e-09	-0.04053622	-0.01292437	0.96261597	0	0	0.41	-1.745913e-18
6.2500059330476166e-09	0.020875866	-0.043446075	0.961702	0	0	0.41	-2.141715e-18
6.260021932864576e-09	0.055283904	0.013944309	0.9602025	0	0	0.41	-2.197983e-18
6.270060971370778e-09	0.0036597287	0.035231493	0.96093297	0	0	0.41	-1.0363331e-18
6.280049953824851e-09	-0.036608137	0.013096443	0.95888585	0	0	0.41	-1.9151655e-18
6.290060476143291e-09	-0.023130793	-0.018977538	0.9603506	0	0	0.41	-1.4366209e-18
6.300005968403804e-09	0.013865134	-0.024895048	0.9621642	0	0	0.41	-2.2023295e-18
6.310056623198386e-09	0.011293537	0.020534497	0.96693385	0	0	0.41	-2.2384171e-18
6.320009633727427e-09	-0.01496852	0.007618141	0.9669056	0	0	0.41	-2.3257101e-18
6.330016927551904e-09	0.012872957	-0.013384399	0.9666831	0	0	0.41	-7.1952786e-19
6.340059553231467e-09	0.021865722	0.009743093	0.9677043	0	0	0.41	-1.36132e-18
6.35004686528919e-09	-0.006872575	0.005537665	0.96825135	0	0	0.41	-1.3577964e-18
6.360044120521106e-09	-0.016714275	-0.012826149	0.9693554	0	0	0.41	-9.829349e-19
6.3700149168275436e-09	0.022688868	-0.014659419	0.9685119	0	0	0.41	-2.107957e-18
6.3800079507819156e-09	0.0076853726	0.019322613	0.96927226	0	0	0.41	-2.4203847e-18
6.390017458961938e-09	0.0028793588	-0.003522476	0.9683093	0	0	0.41	-1.6746232e-18
6.400039848691773e-09	-0.002768539	0.0071434667	0.96757096	0	0	0.41	-2.1045164e-18
6.41000435195785e-09	-0.0072741495	-0.006444766	0.96688634	0	0	0.41	-8.0037417e-19
6.420012924345811e-09	0.019349115	0.009307447	0.9656586	0	0	0.41	-1.7636018e-18
6.430049427008563e-09	-0.0037982676	0.02882451	0.9641284	0	0	0.41	-2.3626568e-18
6.440059858605038e-09	-0.02432981	-0.00083789334	0.9614305	0	0	0.41	-1.636002e-18
6.450026535146282e-09	0.0017904325	-0.02165879	0.9651081	0	0	0.41	-9.089882e-19
6.460012885119225e-09	0.013602118	-0.012476862	0.96559423	0	0	0.41	-1.5162469e-18
6.47000342585794e-09	-0.003194641	0.009489161	0.96649307	0	0	0.41	-1.8475104e-18
6.480004350767443e-09	0.004644884	0.011842779	0.96951526	0	0	0.41	-2.1965583e-18
6.490010262269455e-09	-0.017965041	0.00064328505	0.9679869	0	0	0.41	-2.7516312e-18
6.500026487352631e-09	-0.012089267	-0.015283359	0.96542525	0	0	0.41	-8.525806e-19
6.51004940717722e-09	0.028121088	-0.012205983	0.9664623	0	0	0.41	-2.0489247e-18
6.520016577569016e-09	0.005896471	0.02944008	0.9678262	0	0	0.41	-1.0802899e-18
6.530043751279366e-09	-0.029089108	0.016789772	0.9673462	0	0	0.41	-1.7313949e-18
6.540032248321706e-09	-0.013888049	-0.009596295	0.9644066	0	0	0.41	-2.7722534e-18
6.550041148041191e-09	-3.6926693e-05	-0.020861184	0.96601635	0	0	0.41	-2.0165172e-18
6.560004250753166e-09	0.017149616	-0.02129634	0.96740156	0	0	0.41	-1.8466925e-18
6.570010174331836e-09	0.023522424	0.008934385	0.9636381	0	0	0.41	-1.2828055e-18
6.580045074710942e-09	0.010505795	0.026271252	0.9655571	0	0	0.41	-1.9009485e-18
6.590065272622043e-09	-0.024061598	0.0028702707	0.96555406	0	0	0.41	-1.3573297e-18
6.600053450999411e-09	-0.0049278066	-0.01890799	0.967308	0	0	0.41	-1.9725327e-18
6.610001430969943e-09	0.038683426	0.015719155	0.96564204	0	0	0.41	-3.553869e-19
6.620003578414788e-09	-0.013341286	0.050994985	0.96402925	0	0	0.41	-2.0894955e-18
6.630061440675953e-09	-0.034676448	0.0063068443	0.9678907	0	0	0.41	-1.1047969e-18
6.640003732913853e-09	0.0084976535	-0.023717871	0.9688603	0	0	0.41	-2.4185857e-18
6.650058913992194e-09	0.022941876	-0.003117176	0.9704696	0	0	0.41	-2.8051765e-18
6.660048196221026e-09	0.019431686	0.013354624	0.96746314	0	0	0.41	-1.5195371e-18
6.67003536557541e-09	-0.0044545447	0.0068836026	0.96800613	0	0	0.41	-1.4866486e-18
6.680019646501264e-09	-0.005453387	0.002010706	0.9658947	0	0	0.41	-2.1511872e-18
6.6900290901291165e-09	-0.0040236902	0.001430027	0.9662928	0	0	0.41	-9.785396e-19
6.700037604711995e-09	-0.008826813	-0.006573708	0.9664344	0	0	0.41	-1.6782491e-18
6.7100468140420405e-09	-0.00073668757	0.0016899244	0.96293724	0	0	0.41	-9.401484e-19
6.7200541516033265e-09	0.0010291561	0.010368432	0.9654511	0	0	0.41	-1.5985022e-18
6.730017773747768e-09	-0.0138551025	0.011565888	0.9658332	0	0	0.41	-1.9032952e-18
6.740027970782461e-09	-0.0010670635	-0.018338846	0.9628858	0	0	0.41	-8.891272e-19
6.7500283206886275e-09	0.015236012	-0.006727694	0.96535677	0	0	0.41	-1.1589868e-18
6.760009402395243e-09	0.011668173	0.0074802525	0.9635005	0	0	0.41	-5.9958295e-19
6.770005107197449e-09	-0.00031925188	0.020073196	0.9630881	0	0	0.41	-2.0289677e-18
6.7800542516989885e-09	-0.0143135125	-0.0042718993	0.9646554	0	0	0.41	-1.8680385e-19
6.790028417365709e-09	0.011095186	-0.013977133	0.9622115	0	0	0.41	-1.2685681e-18
6.8000286757077135e-09	0.0040171985	-0.015693955	0.9613366	0	0	0.41	-1.830142e-18
6.810036099458574e-09	-0.0052813557	-0.002128759	0.9660847	0	0	0.41	-2.12472e-18
6.82000150690832e-09	-0.0007282804	-0.011792664	0.96491146	0	0	0.41	-1.7129352e-18
6.830042780647752e-09	-0.0026614508	0.0051194318	0.9666391	0	0	0.41	-1.8158172e-18
6.840021400562874e-09	-0.010823031	0.00021011489	0.96812516	0	0	0.41	-1.5783563e-18
6.850047047089842e-09	0.0073925275	-0.007137941	0.9669415	0	0	0.41	-7.6920616e-19
6.860020255924598e-09	-0.0040484187	0.0017236465	0.9679459	0	0	0.41	-9.744006e-19
6.87002875735586e-09	0.00490555	-0.007547329	0.96569717	0	0	0.41	-1.4377695e-18
6.8800235165076285e-09	0.018345974	-0.005195491	0.96422255	0	0	0.41	-2.3744137e-18
6.890014509369779e-09	0.011360066	0.0069217025	0.96392536	0	0	0.41	-2.325993e-18
6.900060240160824e-09	-0.021462966	0.025641441	0.96561855	0	0	0.41	-2.3009116e-18
6.910005301955076e-09	-0.0049110586	-0.010542554	0.9658448	0	0	0.41	-1.0658576e-18
6.920059260723449e-09	0.020363465	0.007357424	0.9663391	0	0	0.41	-9.52711e-19
6.930044302762699e-09	-0.008259323	0.026721103	0.9644879	0	0	0.41	-1.5503241e-18
6.940022988923201e-09	-0.03069676	-0.0027850824	0.9606033	0	0	0.41	-1.6611225e-18
6.950034440435891e-09	-0.008404004	-0.02357661	0.96125513	0	0	0.41	-7.156398e-19
6.960040542904174e-09	0.047873475	-0.01600032	0.96177304	0	0	0.41	-1.3112042e-18
6.970028380055769e-09	0.00717213	0.0341361	0.96228755	0	0	0.41	-8.518737e-19
6.9800569047306445e-09	-0.027817097	0.018602679	0.96402127	0	0	0.41	-1.2014813e-18
6.990049815896178e-09	-0.024667734	-0.020695597	0.9644101	0	0	0.41	-9.553734e-19
7.000031475705977e-09	0.01719956	-0.03428772	0.96234614	0	0	0.41	-9.371453e-19
7.010021499046205e-09	0.029297153	0.0023639344	0.96478915	0	0	0.41	-1.4155744e-18
7.02005461876296e-09	-0.002565522	0.0092512695	0.9642176	0	0	0.41	-1.6077918e-18
7.030043785191215e-09	0.0074010384	-0.017527565	0.96427363	0	0	0.41	-1.2828149e-18
7.040040416455459e-09	0.032261286	-0.0016196938	0.96550125	0	0	0.41	-1.6904921e-18
7.05003751663145e-09	-0.0029227845	0.011772379	0.96535546	0	0	0.41	-1.7212816e-18
7.060018988594834e-09	-0.00057758484	0.01635502	0.96642554	0	0	0.41	-2.0919625e-18
7.0700298095880905e-09	0.015430366	-0.001650998	0.9659586	0	0	0.41	-3.1057613e-18
7.080023115256005e-09	-0.0107639525	0.013926754	0.96667	0	0	0.41	-4.850281e-19
7.0900549114434865e-09	-0.015188802	-0.015717069	0.96651846	0	0	0.41	-2.0937724e-18
7.100013262100396e-09	-0.012642222	-0.028259752	0.9673945	0	0	0.41	-1.338066e-18
7.110056766847115e-09	0.022863388	-0.019369012	0.9639136	0	0	0.41	-1.6872091e-18
7.12006215980818e-09	0.035307612	0.024969218	0.9644507	0	0	0.41	-2.0569155e-18
7.1300563785060854e-09	-0.0067296904	0.039796114	0.96649605	0	0	0.41	-2.0324043e-18
7.1400095032039926e-09	-0.026218852	-0.011572729	0.9637552	0	0	0.41	-1.5540466e-18
7.150015233993829e-09	0.017198717	-0.023436382	0.9675126	0	0	0.41	-2.1010603e-18
7.160011555906557e-09	0.02457824	0.0057735234	0.9668778	0	0	0.41	-1.6083759e-18
7.170037070813875e-09	0.0011733354	0.03270004	0.96499455	0	0	0.41	-1.0358661e-18
7.180060719872105e-09	-0.052296564	0.004662307	0.9652968	0	0	0.41	-1.0515712e-18
7.190029366253562e-09	-0.0035391583	-0.05349362	0.9626784	0	0	0.41	-9.626145e-19
7.200001577774558e-09	0.07408679	-0.02470475	0.9643967	0	0	0.41	-1.4941756e-18
7.2100424134878615e-09	0.03337609	0.07756719	0.96318173	0	0	0.41	-1.952318e-18
7.220060341564571e-09	-0.081328854	0.049769603	0.96331203	0	0	0.41	-1.2046399e-18
7.230003467098747e-09	-0.04742218	-0.06335066	0.9596938	0	0	0.41	-1.6685706e-18
7.2400072880661425e-09	0.058476742	-0.035890017	0.9619501	0	0	0.41	-1.5191154e-18
7.250051163878512e-09	0.04085798	0.06620029	0.9606989	0	0	0.41	-1.4026351e-18
7.260007894943403e-09	-0.04327758	0.06228213	0.96234787	0	0	0.41	-9.667118e-19
7.270021354932229e-09	-0.055448662	-0.043924566	0.9626912	0	0	0.41	-1.3905911e-18
7.28003619608556e-09	0.052784607	-0.059067003	0.96274734	0	0	0.41	-1.3242104e-18
7.290017934714362e-09	0.049143203	0.03490754	0.9630289	0	0	0.41	-1.990994e-18
7.300027638411379e-09	-0.022798575	0.040865604	0.96354187	0	0	0.41	-7.2688016e-19
7.310036776019422e-09	-0.037666317	-0.01396352	0.9672239	0	0	0.41	-1.9347134e-18
7.320058294794752e-09	0.021282589	-0.043002304	0.9653658	0	0	0.41	-1.3648847e-18
7.330022495627951e-09	0.027325056	0.017645096	0.9664929	0	0	0.41	-1.911601e-18
7.340024189542725e-09	-0.00721316	0.020159831	0.9654791	0	0	0.41	-1.3629313e-18
7.350001775715856e-09	-0.019180294	0.006306687	0.96611166	0	0	0.41	-2.2551146e-18
7.360001218380584e-09	-0.0048131444	-0.025636295	0.9652935	0	0	0.41	-1.3127061e-18
7.370049552284172e-09	0.02073489	0.012552359	0.96770865	0	0	0.41	-2.0310783e-18
7.380009668516179e-09	-0.012198972	0.02040255	0.96750766	0	0	0.41	-1.039791e-18
7.390033166474453e-09	-0.010720324	-0.016405918	0.96585953	0	0	0.41	-7.1246767e-19
7.400036914237801e-09	0.018639915	-0.012722325	0.96283734	0	0	0.41	-1.0982811e-18
7.4100127304551265e-09	-0.008112773	0.024237672	0.96493125	0	0	0.41	-1.375145e-18
7.420035252346983e-09	-0.036796182	-0.013776425	0.9641796	0	0	0.41	-2.1777095e-18
7.430031722420412e-09	0.01200344	-0.03176039	0.96429336	0	0	0.41	-1.9338995e-18
7.440052035723993e-09	0.036898803	0.007943797	0.96599054	0	0	0.41	-1.94751e-18
7.450001122914037e-09	0.012565031	0.03954411	0.96147203	0	0	0.41	-2.6945355e-18
7.46000135438647e-09	-0.021788027	0.041598767	0.9649822	0	0	0.41	-1.6706671e-18
7.470038734196799e-09	-0.041338272	-0.011889632	0.9639142	0	0	0.41	-9.504286e-19
7.480059686172093e-09	0.025358923	-0.019859377	0.9632057	0	0	0.41	-1.4719728e-18
7.490040339675474e-09	0.03409262	0.033513136	0.96303207	0	0	0.41	-1.8896902e-18
7.500045650278897e-09	-0.029950725	0.0461523	0.9648893	0	0	0.41	-2.0273318e-18
7.510059968552858e-09	-0.06304946	-0.030754356	0.96605587	0	0	0.41	-1.3895644e-18
7.52006495815028e-09	0.018811025	-0.046639763	0.9667182	0	0	0.41	-1.7492153e-18
7.530018110061121e-09	0.038482003	0.011842942	0.9638183	0	0	0.41	-1.6550713e-18
7.540029277115662e-09	-0.0056487117	0.04695246	0.9646237	0	0	0.41	-5.908697e-19
7.550026099317639e-09	-0.024349255	-0.0020373706	0.9679998	0	0	0.41	-1.2479667e-18
7.560049961970339e-09	-0.011491421	-0.039214537	0.96626645	0	0	0.41	-1.2783488e-18
7.570027845042016e-09	0.032374874	-0.013863272	0.9650487	0	0	0.41	-7.855256e-19
7.580022322318512e-09	0.0076541454	0.046404053	0.9637558	0	0	0.41	-1.5667415e-18
7.590022715012308e-09	-0.02780794	-0.0017051738	0.96595544	0	0	0.41	-1.3071498e-18
7.600025404862166e-09	0.005656568	-0.021153495	0.96679664	0	0	0.41	-2.6737474e-18
7.610037824148339e-09	0.034971725	0.0006962022	0.9667182	0	0	0.41	-9.343483e-19
7.620052430063929e-09	0.0052757086	0.046039235	0.96287155	0	0	0.41	-1.5944266e-18
7.63003546887275e-09	-0.011987635	-0.0001848199	0.96205837	0	0	0.41	-7.193619e-19
7.640032931007803e-09	-0.0036380943	-0.017100058	0.9634675	0	0	0.41	-1.7616982e-18
7.6500154379926e-09	0.026314849	-0.0064947912	0.96230906	0	0	0.41	-1.2066177e-18
7.660020248495535e-09	-0.011449476	0.017276995	0.96259373	0	0	0.41	-9.517148e-19
7.670014496665464e-09	-0.0051412983	-0.020728352	0.9646243	0	0	0.41	-2.2031935e-18
7.680032510159319e-09	0.030241651	0.0030289942	0.9653876	0	0	0.41	-1.0311142e-18
7.690055051930252e-09	-6.474415e-05	0.021001948	0.966351	0	0	0.41	-1.209388e-18
7.700024752920748e-09	-0.006368508	-0.01661769	0.9688079	0	0	0.41	-1.683611e-18
7.710025959377269e-09	-0.0009686677	-0.03290752	0.9673508	0	0	0.41	-1.6427381e-18
7.720003300283392e-09	0.019750556	-0.010459045	0.9661282	0	0	0.41	-2.4314428e-18
7.730057606650758e-09	0.0036189908	0.023922738	0.96461165	0	0	0.41	-1.92285e-18
7.740039293919992e-09	-0.014480486	0.014923216	0.9648731	0	0	0.41	-1.6959375e-18
7.750040287582415e-09	-0.014574713	-0.004339095	0.9640303	0	0	0.41	-2.5359357e-19
7.760025568906696e-09	0.010365431	-0.0053520906	0.96312547	0	0	0.41	-9.046201e-19
7.770009463345767e-09	-0.007242232	-0.014175064	0.965902	0	0	0.41	-6.157184e-19
7.780025437530995e-09	-0.004054355	0.008435218	0.9651006	0	0	0.41	-1.1451525e-18
7.790050909878123e-09	-0.012128273	-0.029343776	0.9638337	0	0	0.41	-8.965789e-19
7.800055336582886e-09	0.021807348	-0.0066956086	0.96272856	0	0	0.41	-1.760265e-18
7.8100249527217e-09	0.008624886	0.022257283	0.962633	0	0	0.41	-1.6767121e-18
7.820001798673994e-09	-0.024644045	0.016153855	0.96362275	0	0	0.41	-2.5755904e-18
7.830017042533887e-09	-0.019816518	-0.036127247	0.9596713	0	0	0.41	-2.3696587e-19
7.840027295721033e-09	0.04021333	-0.03268186	0.96108633	0	0	0.41	-2.590603e-18
7.850021173008212e-09	0.031381976	0.03399675	0.96149725	0	0	0.41	-4.7357563e-19
7.860022666976848e-09	-0.004465385	0.026832398	0.9634649	0	0	0.41	-1.0573107e-18
7.870008149846808e-09	-0.020054815	0.0031280632	0.967202	0	0	0.41	-1.3847643e-18
7.880026042473356e-09	-0.010983849	-0.009632078	0.96730787	0	0	0.41	-1.5918937e-18
7.890023336240596e-09	0.008537922	-0.021681974	0.97105753	0	0	0.41	-2.0819023e-18
7.900023160495689e-09	0.008365301	0.014981108	0.9697718	0	0	0.41	-1.8261577e-18
7.910007154701508e-09	-0.015141327	-0.0022261948	0.96808475	0	0	0.41	-9.300696e-19
7.920044598670802e-09	-0.009383526	-0.026307642	0.9695725	0	0	0.41	-8.2100173e-19
7.930053670439986e-09	0.0167192	0.007996411	0.96917844	0	0	0.41	-1.2448273e-18
7.940049467863434e-09	-0.009032422	0.0034604566	0.9675563	0	0	0.41	-1.674701e-18
7.9500631714827e-09	-0.0014804009	0.0022535822	0.9674086	0	0	0.41	-7.2234023e-19
7.960030959213583e-09	-0.029400555	-0.010222265	0.96636665	0	0	0.41	-3.8279828e-19
7.970063469003997e-09	-0.0057943612	-0.03780953	0.9661359	0	0	0.41	-2.5223564e-18
7.980035157016058e-09	0.039760944	-0.020151846	0.96447206	0	0	0.41	-1.2969353e-18
7.99004977552421e-09	0.022659132	0.026038386	0.9648496	0	0	0.41	-1.0063111e-18
8.000053113936073e-09	-0.0343435	0.028246868	0.96225446	0	0	0.41	-7.4111257e-19
8.010063846451496e-09	-0.0300373	-0.037287436	0.9635664	0	0	0.41	-1.7563844e-18
8.020008466820132e-09	0.045228995	-0.035223696	0.9637412	0	0	0.41	-2.6137836e-18
8.030016471060769e-09	0.032890197	0.04613706	0.9654976	0	0	0.41	-1.5440245e-18
8.04006411891508e-09	-0.021974718	0.029549712	0.9640841	0	0	0.41	-1.4672758e-18
8.050041673303188e-09	-0.030398186	-0.0068738624	0.9659353	0	0	0.41	-2.1346686e-18
8.060042908023421e-09	0.012830954	-0.038530488	0.96568465	0	0	0.41	-1.5488999e-18
8.070010934510163e-09	0.029665478	0.010369364	0.9666912	0	0	0.41	-1.7042368e-18
8.080012122246712e-09	-0.0026503303	0.0144689595	0.97018945	0	0	0.41	-1.2670868e-18
8.090010824477676e-09	-0.020589476	0.013874688	0.96784395	0	0	0.41	-1.769731e-18
8.10005654244174e-09	-0.012515276	-0.014859829	0.96665317	0	0	0.41	-1.5669333e-18
8.11001252659305e-09	0.018475	-0.017327212	0.9665867	0	0	0.41	-2.000004e-18
8.120032469991828e-09	0.01784314	0.0083430875	0.96923167	0	0	0.41	-1.3227373e-18
8.130062252876598e-09	-0.010077315	0.012971443	0.9685516	0	0	0.41	-2.081316e-18
8.140007631141302e-09	-0.003084861	-0.027223418	0.96826005	0	0	0.41	-1.3156482e-18
8.150057321408753e-09	0.032121684	-0.013429403	0.9668398	0	0	0.41	-1.6323961e-18
8.160014407437586e-09	0.0043199398	0.042148218	0.96411616	0	0	0.41	-1.6038025e-18
8.170031074006089e-09	-0.040120684	0.0042079166	0.96425474	0	0	0.41	-1.6863412e-18
8.18001614989021e-09	-0.0014789022	-0.025810052	0.9666333	0	0	0.41	-3.000774e-18
8.190010389130512e-09	0.024560364	-0.0066420673	0.9657665	0	0	0.41	-1.7963654e-18
8.200010505715547e-09	0.028220914	0.040339597	0.96268	0	0	0.41	-1.0496367e-18
8.210002353668899e-09	-0.027326044	0.017718963	0.96413517	0	0	0.41	-5.6204694e-19
8.220009217437015e-09	-0.015045947	-0.03148056	0.9648795	0	0	0.41	-7.2789035e-19
8.230052048807661e-09	0.028409041	-0.020327648	0.96385336	0	0	0.41	-9.29578e-19
8.240045269718902e-09	0.01259079	0.025246488	0.96009827	0	0	0.41	-1.2581164e-18
8.250011668249923e-09	-0.03580112	0.024528267	0.96247727	0	0	0.41	-1.7659454e-18
8.260026286924636e-09	-0.02570559	-0.019554848	0.9604516	0	0	0.41	-8.888651e-19
8.270008318925384e-09	0.027901955	-0.019332496	0.96253705	0	0	0.41	-1.8940879e-18
8.280063375654421e-09	0.026536701	0.028527312	0.96201116	0	0	0.41	-1.4369157e-18
8.290000240625209e-09	-0.029189419	0.007524052	0.9639694	0	0	0.41	-8.6383785e-19
8.300043388316061e-09	-0.009900173	-0.025750127	0.9654033	0	0	0.41	-1.163623e-18
8.310062984742205e-09	0.019402055	0.0020741934	0.9661292	0	0	0.41	-1.740822e-18
8.320035757651882e-09	-0.015509573	0.010725579	0.96444845	0	0	0.41	-9.411738e-19
8.330046494449854e-09	-0.017370507	-0.013091754	0.9668175	0	0	0.41	-1.6728362e-18
8.340015450003935e-09	0.005946681	-0.019859519	0.96424437	0	0	0.41	-1.6798012e-18
8.350044499412774e-09	0.026895072	-0.010315106	0.9659727	0	0	0.41	-1.0507028e-18
8.360052212735041e-09	0.023208404	0.028278088	0.96459496	0	0	0.41	-2.3833092e-18
8.37003923962829e-09	-0.0097622825	0.029956512	0.96524185	0	0	0.41	-1.3654224e-18
8.380008513413899e-09	-0.038888704	-0.011655599	0.9657336	0	0	0.41	-8.0785064e-19
8.390030109836163e-09	0.0072089024	-0.039900154	0.9670241	0	0	0.41	-2.8183716e-18
8.400050500210829e-09	0.03028164	0.01686718	0.9659643	0	0	0.41	-1.4498101e-18
8.410013895893568e-09	-0.025633639	0.007402972	0.9662116	0	0	0.41	-1.4023539e-18
8.42003669063921e-09	-0.006636198	-0.015288469	0.9680732	0	0	0.41	-1.8935043e-18
8.430058738262643e-09	0.011662943	0.0055443943	0.96878535	0	0	0.41	-1.2841809e-18
8.440005576085758e-09	0.00046150203	0.022473363	0.9665713	0	0	0.41	-1.8759356e-18
8.450041199508752e-09	-0.0115897255	0.0063827964	0.965877	0	0	0.41	-1.1736956e-18
8.460016004501482e-09	0.0031282443	-0.0018495771	0.96616054	0	0	0.41	-1.3745219e-18
8.47003869777668e-09	0.0059473035	0.005624285	0.96696	0	0	0.41	-5.54899e-19
8.480053009392696e-09	-0.01925187	0.011773622	0.9654693	0	0	0.41	-1.2794068e-18
8.490061412610052e-09	0.011112559	-0.02198788	0.9633746	0	0	0.41	-1.5371347e-18
8.500039261363586e-09	0.017145159	0.0126941735	0.96392745	0	0	0.41	-4.736268e-19
8.510027896799137e-09	-0.0018716017	-0.0021253168	0.96488523	0	0	0.41	-1.3230345e-18
8.520027971225318e-09	-0.017288921	0.011568423	0.96439785	0	0	0.41	-9.615437e-19
8.530043801633379e-09	-0.016204728	-0.013607384	0.9671536	0	0	0.41	-1.8894433e-18
8.54001169622037e-09	0.0224479	-0.007036568	0.9643259	0	0	0.41	-1.570568e-18
8.550027213099911e-09	-0.0026426518	0.024930825	0.96324015	0	0	0.41	-9.614533e-19
8.56005263210879e-09	-0.029112067	-0.010296384	0.96213883	0	0	0.41	-1.867361e-18
8.570037851904224e-09	0.008354528	-0.023102572	0.96575445	0	0	0.41	-1.8401518e-18
8.580000282734361e-09	0.009745303	0.014098105	0.9657235	0	0	0.41	-8.3135855e-19
8.59006440631475e-09	-0.016837424	0.0074436534	0.9652499	0	0	0.41	-1.4551416e-18
8.600005942210854e-09	-0.0013933299	-0.013259749	0.9680451	0	0	0.41	-1.885041e-18
8.61005685713954e-09	0.0034587795	0.007602433	0.96532303	0	0	0.41	-2.096755e-18
8.62001579398011e-09	-0.0022917169	0.0040614377	0.9661169	0	0	0.41	-1.11225e-18
8.630003407572089e-09	-0.009182324	-0.011944961	0.96589667	0	0	0.41	-1.7426884e-18
8.640045370911212e-09	-0.008330373	-0.021053692	0.9636298	0	0	0.41	-1.6042779e-18
8.650035816071722e-09	0.01832487	-0.014162045	0.9667482	0	0	0.41	-2.1880871e-18
8.660037036920052e-09	0.00429108	0.0326917	0.96550006	0	0	0.41	-1.5675993e-18
8.670052284855768e-09	-0.04387197	-0.025491564	0.96204394	0	0	0.41	-2.389225e-18
8.680061014993881e-09	0.037741702	-0.035801437	0.96622306	0	0	0.41	-1.4447389e-18
8.690022549023365e-09	0.028179554	0.017236743	0.96744543	0	0	0.41	-8.782356e-19
8.700024404152799e-09	-0.021952718	0.0252775	0.96935177	0	0	0.41	-1.4464832e-18
8.710051263096106e-09	-0.036939126	-0.020370312	0.9663388	0	0	0.41	-1.9462923e-18
8.720036745562177e-09	-0.0012847274	-0.052968424	0.9639414	0	0	0.41	-1.0203306e-18
8.730061527803751e-09	0.04825162	0.0047703134	0.9645384	0	0	0.41	-1.2196028e-18
8.740026831152935e-09	-0.008660102	0.05250258	0.965917	0	0	0.41	-1.9238544e-18
8.750053958919148e-09	-0.061748195	0.0011267595	0.9678038	0	0	0.41	-1.7068689e-18
8.760000833512075e-09	-0.0066091567	-0.05282465	0.96550024	0	0	0.41	-9.80255e-19
8.770032433567225e-09	0.051421046	-0.016860135	0.9665605	0	0	0.41	-1.3695622e-18
8.780058002245036e-09	0.0023313144	0.04353597	0.96742713	0	0	0.41	-1.7033655e-18
8.790015398299606e-09	-0.027385216	0.021772807	0.9664579	0	0	0.41	-8.382097e-19
8.800017137372288e-09	-0.025727803	-0.025663018	0.9671309	0	0	0.41	-1.4052057e-18
8.810029484348115e-09	0.0153121	-0.03248503	0.96641684	0	0	0.41	-1.275935e-18
8.820023304592409e-09	0.030157492	-0.004672417	0.9656668	0	0	0.41	-1.1471784e-18
8.83000993210356e-09	-0.009425653	0.013955436	0.9662082	0	0	0.41	-1.0101952e-18
8.840021945336618e-09	-0.017495614	-0.017818622	0.96712536	0	0	0.41	-1.5505479e-18
8.850000922104633e-09	0.0010274878	-0.005874565	0.96623105	0	0	0.41	-1.2885191e-18
8.860019353998796e-09	-0.0021107749	0.0032105562	0.9669126	0	0	0.41	-1.3277856e-18
8.8700304813367e-09	-0.00991644	0.0016109732	0.96332526	0	0	0.41	-1.3988131e-18
8.88006099873009e-09	-0.011685822	-0.009958561	0.964532	0	0	0.41	-2.0081164e-18
8.89006034132849e-09	0.009142251	0.006492738	0.96656847	0	0	0.41	-1.6896233e-18
8.900009482900463e-09	0.01875372	0.012725597	0.96691865	0	0	0.41	-8.333991e-19
8.910018873220575e-09	-0.0146433525	0.0337502	0.9635537	0	0	0.41	-1.0757211e-18
8.920046308947793e-09	-0.03381661	0.0013005392	0.9619091	0	0	0.41	-1.3601489e-18
8.93004362816008e-09	0.008264759	-0.0522342	0.965021	0	0	0.41	-1.2838794e-18
8.94003969901528e-09	0.059743535	0.0065679927	0.96438205	0	0	0.41	-1.6474312e-18
8.95005677947171e-09	0.0011188784	0.06478919	0.9623655	0	0	0.41	-8.245251e-19
8.960000527512481e-09	-0.067931004	0.012833708	0.9594127	0	0	0.41	-2.2547314e-18
8.970042098857032e-09	0.0046704216	-0.05756969	0.95971555	0	0	0.41	-1.1050794e-18
8.980012294055743e-09	0.0631708	-0.0044725332	0.95989615	0	0	0.41	-1.468839e-18
8.990060435523277e-09	0.013872366	0.068858065	0.961918	0	0	0.41	-1.8698467e-18
9.000048978242869e-09	-0.058911987	0.019259235	0.96446085	0	0	0.41	-1.3945944e-18
9.010054800871142e-09	-0.030405726	-0.03861382	0.9637758	0	0	0.41	-3.5671856e-19
9.020006425432549e-09	0.041305862	-0.036070116	0.9651233	0	0	0.41	-1.1654579e-18
9.03004881679327e-09	0.06135619	0.044144794	0.9664239	0	0	0.41	-1.1039757e-18
9.04005351752075e-09	-0.063920856	0.062467504	0.9617706	0	0	0.41	-2.4245532e-18
9.050056519724568e-09	-0.052219324	-0.05348674	0.96208876	0	0	0.41	-6.4095217e-19
9.060054357534781e-09	0.06530453	-0.053455018	0.96118456	0	0	0.41	-4.9191873e-19
9.070012562739784e-09	0.04048665	0.057257622	0.96240973	0	0	0.41	-1.6252718e-18
9.080034651571563e-09	-0.05695923	0.03953679	0.9626848	0	0	0.41	-1.4935304e-18
9.090013873743681e-09	-0.015536907	-0.0479338	0.9637075	0	0	0.41	-1.1579209e-18
9.10004496464538e-09	0.03733083	-0.013844041	0.9642743	0	0	0.41	-1.3948992e-18
9.110044364438001e-09	0.02004031	0.020866595	0.963498	0	0	0.41	-1.2434027e-18
9.120019534639778e-09	-0.025023883	0.025411235	0.96200264	0	0	0.41	-9.601238e-19
9.130021300660477e-09	-0.03972718	-0.0028811393	0.96409285	0	0	0.41	-2.867779e-18
9.140038788566084e-09	0.00046601085	-0.0500552	0.96272707	0	0	0.41	-7.545453e-19
9.150008962494932e-09	0.02769838	-0.0015308768	0.9658558	0	0	0.41	-1.2084921e-18
9.160043292143873e-09	0.023813624	0.041981537	0.96434736	0	0	0.41	-1.7473481e-18
9.170032623764273e-09	-0.042086598	0.027408157	0.9628376	0	0	0.41	-1.056806e-18
9.180013784902349e-09	-0.025073366	-0.018515857	0.9612847	0	0	0.41	-1.4598917e-18
9.19004439475405e-09	0.023531275	-0.030175632	0.96513253	0	0	0.41	-1.5056855e-18
9.200021329860894e-09	0.018945688	0.0010628465	0.96502197	0	0	0.41	-1.6013714e-18
9.210050248677151e-09	0.002834339	0.030979112	0.9643439	0	0	0.41	-1.4167538e-18
9.220014991807718e-09	-0.03860052	0.020788334	0.96047825	0	0	0.41	-1.6285436e-18
9.230046708670933e-09	-0.027509319	-0.029205339	0.9629148	0	0	0.41	-8.4964043e-19
9.240046630018974e-09	0.020622475	-0.016673014	0.9650395	0	0	0.41	-1.5176036e-18
9.250016111081904e-09	-0.0023033791	0.015739482	0.96134835	0	0	0.41	-9.688222e-19
9.260034974781183e-09	-0.0065101907	-0.006840981	0.9601985	0	0	0.41	-1.6305528e-18
9.270013425964404e-09	0.004520509	-0.0051925792	0.96405613	0	0	0.41	-1.106366e-18
9.280058376551342e-09	-0.0056484416	0.025062209	0.96484673	0	0	0.41	-2.003881e-18
9.290043025713165e-09	-0.025626328	-0.00058388826	0.96341914	0	0	0.41	-1.2183087e-18
9.300050472053005e-09	-0.012354778	-0.018492887	0.9667741	0	0	0.41	-2.237225e-18
9.310043152768466e-09	-0.0007378638	-0.028552365	0.96689415	0	0	0.41	-3.5763394e-19
9.320044466674975e-09	0.052555818	-0.002370001	0.964355	0	0	0.41	-7.8466224e-19
9.330055555581047e-09	-0.0059712455	0.023428107	0.96591365	0	0	0.41	-1.38044e-18
9.340042888896467e-09	-0.019164287	-0.02232236	0.96570337	0	0	0.41	-6.134324e-19
9.350047204143473e-09	0.01244334	-0.007952507	0.9641985	0	0	0.41	-1.3812804e-18
9.360016703757499e-09	-0.0022225804	0.016381457	0.9673272	0	0	0.41	-3.5520312e-19
9.370010284961283e-09	-0.013010934	0.010880205	0.9675881	0	0	0.41	-1.1090649e-18
9.380027506258851e-09	-0.01160382	-0.033169635	0.96535677	0	0	0.41	-1.7522541e-18
9.390019465073006e-09	0.0276864	-0.022669187	0.9631665	0	0	0.41	-1.5136973e-18
9.40000295328627e-09	0.02018478	0.010895863	0.9627508	0	0	0.41	-1.1666944e-18
9.410022349596353e-09	-0.000586542	0.020046977	0.9652804	0	0	0.41	-1.1717676e-18
9.420055787526236e-09	-0.011828838	0.0026842533	0.9663817	0	0	0.41	-8.591855e-19
9.430055257283459e-09	-0.025505373	-0.00037435006	0.9650919	0	0	0.41	-1.0423983e-18
9.440040194476822e-09	-0.0058636637	-0.04123461	0.9665126	0	0	0.41	-1.6693918e-18
9.450031144198485e-09	0.040336397	-0.010733623	0.9664657	0	0	0.41	-1.8337157e-18
9.460014379762554e-09	0.012574528	0.05413731	0.9654858	0	0	0.41	-1.8224437e-18
9.47006173900471e-09	-0.04226368	0.012120437	0.9667021	0	0	0.41	-1.6360825e-18
9.480018236100804e-09	-0.006096652	-0.017681636	0.96630627	0	0	0.41	-1.2755018e-18
9.49002339033053e-09	0.025086243	-0.014811741	0.96334976	0	0	0.41	-1.771639e-18
9.500024310485687e-09	0.027427884	0.025969077	0.9608246	0	0	0.41	-2.1595773e-18
9.510048574268723e-09	-0.015939254	0.021666853	0.96230686	0	0	0.41	-1.538509e-18
9.520019069783285e-09	-0.02798166	-0.015795209	0.96421295	0	0	0.41	-2.3469974e-18
9.530001744947245e-09	0.0065142843	-0.034127273	0.9647905	0	0	0.41	-2.2047736e-18
9.54000654112905e-09	0.03264843	0.0037184854	0.96339434	0	0	0.41	-1.898803e-18
9.550001619305525e-09	0.00902762	0.014346986	0.9639957	0	0	0.41	-1.7647969e-18
9.560045686814831e-09	-0.019130835	0.008868722	0.9636734	0	0	0.41	-1.0761012e-18
9.570021629288623e-09	-0.0031847898	-0.02463404	0.96431756	0	0	0.41	-2.654923e-18
9.58005810132782e-09	0.022668302	-0.017732037	0.9631865	0	0	0.41	-1.445949e-18
9.590058977992612e-09	0.03533642	0.0203769	0.964297	0	0	0.41	-8.5726957e-19
9.600043665501998e-09	-0.012781263	0.04782257	0.9654299	0	0	0.41	-1.6369551e-18
9.610051851649415e-09	-0.042375095	-0.01221767	0.96384597	0	0	0.41	-1.4146326e-18
9.620054363685812e-09	0.002346285	-0.03312573	0.966125	0	0	0.41	-1.8928407e-18
9.630035360295708e-09	0.020190075	-0.0029468671	0.96514004	0	0	0.41	-4.913706e-19
9.640005265114077e-09	0.0023971885	0.0014081119	0.9639239	0	0	0.41	-1.6251048e-18
9.650038279768953e-09	-0.0029644868	0.020947222	0.9644816	0	0	0.41	-1.3900519e-18
9.66005104460312e-09	-0.021065416	-0.001007367	0.9685764	0	0	0.41	-2.3238787e-18
9.670062523172512e-09	0.006477814	-0.016635993	0.9677548	0	0	0.41	-1.7554371e-18
9.680013057323344e-09	0.018588161	0.010716711	0.9658473	0	0	0.41	-8.85531e-19
9.690001477543517e-09	-0.0122003835	0.011153397	0.9682333	0	0	0.41	-4.740359e-19
9.700025777567187e-09	-0.01067796	0.0050498075	0.9677336	0	0	0.41	-1.6611096e-18
9.710036300196157e-09	0.0050111767	0.0074894098	0.9675445	0	0	0.41	-2.053417e-18
9.720063346500708e-09	-0.013227153	-0.0075720707	0.9656297	0	0	0.41	-1.6053374e-18
9.73004314295151e-09	0.020663654	-0.005825065	0.96274257	0	0	0.41	-2.8488054e-19
9.740051553787393e-09	0.002678857	0.025564544	0.9652105	0	0	0.41	-7.7886256e-19
9.750028695155827e-09	-0.022493757	-0.032261617	0.9646676	0	0	0.41	-2.1329719e-18
9.760027061779716e-09	0.03154083	-0.0008308124	0.9659508	0	0	0.41	-1.6290428e-18
9.77002837803874e-09	-0.0098776715	0.009162711	0.9665254	0	0	0.41	-1.0072503e-18
9.780059111957221e-09	-0.0033948198	-0.032745365	0.96245795	0	0	0.41	-1.2192013e-18
9.790009415159645e-09	0.040435858	0.0039644474	0.9631626	0	0	0.41	-1.859258e-18
9.800035191377716e-09	-0.011320196	0.035786614	0.96306217	0	0	0.41	-2.3743353e-18
9.810029552911003e-09	-0.03749806	-0.025983907	0.9604596	0	0	0.41	-1.9466178e-18
9.820021055209854e-09	0.0052224146	-0.019704258	0.9596511	0	0	0.41	-6.058009e-19
9.830037693326697e-09	0.025241178	0.002764105	0.9615707	0	0	0.41	-1.7824381e-18
9.840042304951292e-09	0.0056399065	0.034865435	0.9627492	0	0	0.41	-5.911738e-19
9.850024496274026e-09	-0.033802226	0.007248917	0.96300185	0	0	0.41	-8.4361147e-19
9.860042069417861e-09	-0.007379156	-0.04276877	0.9648445	0	0	0.41	-1.0525123e-18
9.870042269598454e-09	0.04709613	-0.0057774223	0.96338564	0	0	0.41	-1.7728416e-18
9.88003072280275e-09	0.005268837	0.041426484	0.96399915	0	0	0.41	-1.5724639e-18
9.890005024625381e-09	-0.042494986	0.00966925	0.9673767	0	0	0.41	-3.7079524e-20
9.900018470654974e-09	0.00053059176	-0.025392875	0.9665559	0	0	0.41	-1.4431858e-18
9.910018828872672e-09	0.018405318	-0.014460138	0.96576387	0	0	0.41	-1.3883765e-18
9.920042246197896e-09	0.014551854	0.01779504	0.9646096	0	0	0.41	-1.5667875e-18
9.930046022649256e-09	-0.034313776	0.027480142	0.9625627	0	0	0.41	-1.7100257e-18
9.940062774920468e-09	-0.024224982	-0.032005414	0.9650222	0	0	0.41	-1.8836383e-18
9.950056181704043e-09	0.012286384	-0.0038176805	0.965056	0	0	0.41	-4.0102254e-19
9.960039271618264e-09	0.0033988308	0.017718	0.9654555	0	0	0.41	-1.9543377e-18
9.970057544313805e-09	-0.037303723	-0.0031091203	0.96480316	0	0	0.41	-1.4337678e-18
9.980004207463914e-09	-0.007558292	-0.03531757	0.9622564	0	0	0.41	-1.0133114e-18
9.990053070032106e-09	0.024792805	-0.0011040202	0.96617883	0	0	0.41	-2.2781902e-18
1e-08	0.0050014993	0.021237584	0.96333337	0	0	0.41	-2.4185127e-19
