# t (s)	mx ()	my ()	mz ()	B_extx (T)	B_exty (T)	B_extz (T)	E_total (J)
0	0	0	-1	0	0	0.41	1.3250005e-18
1.0029542403813796e-11	-0.011854917	-0.0018355638	-0.9750849	0	0	0.41	4.93148e-18
2.005549866887893e-11	-0.018324489	-0.027250206	-0.96997505	0	0	0.41	5.242016e-18
3.006439483651214e-11	-0.009709674	-0.02722025	-0.9647864	0	0	0.41	4.6938624e-18
4.0009189375380627e-11	-0.011348002	-0.0020034395	-0.9646462	0	0	0.41	4.9232835e-18
5.001779822073452e-11	0.0028676859	-0.0073248413	-0.9625076	0	0	0.41	5.1836456e-18
6.001849913354373e-11	0.016356045	0.004577618	-0.9628691	0	0	0.41	5.8368114e-18
7.004764121953223e-11	0.028200084	-0.00062693516	-0.96491534	0	0	0.41	4.5304045e-18
8.005420342312942e-11	0.02805764	0.012750098	-0.9616131	0	0	0.41	4.908917e-18
9.000037082118594e-11	0.03206767	0.0072559463	-0.96094406	0	0	0.41	4.247987e-18
1.0002664626909927e-10	0.011663972	0.029699162	-0.9581937	0	0	0.41	4.5534746e-18
1.1002341232791687e-10	0.005033014	0.035021182	-0.9559723	0	0	0.41	5.31056e-18
1.200552270262096e-10	0.018493518	0.035403486	-0.9525408	0	0	0.41	4.344445e-18
1.3003680036966206e-10	0.011190899	0.05118634	-0.94878924	0	0	0.41	5.1252884e-18
1.4002238267726306e-10	0.019017164	0.069221616	-0.9481039	0	0	0.41	5.5964844e-18
1.5003383973090359e-10	0.026077796	0.07414343	-0.9453104	0	0	0.41	4.5436423e-18
1.6000413209240403e-10	0.02417081	0.08683927	-0.94633687	0	0	0.41	5.3556574e-18
1.7000363634377291e-10	0.019665394	0.077651866	-0.95100725	0	0	0.41	4.739986e-18
1.800536868815721e-10	0.028321745	0.06853137	-0.95353216	0	0	0.41	4.790984e-18
1.9001354196629892e-10	0.029799247	0.07160042	-0.9470923	0	0	0.41	5.6009533e-18
2.0004096064167825e-10	0.018534344	0.0787886	-0.95301044	0	0	0.41	4.6239165e-18
2.10006597512776e-10	0.030525822	0.062093765	-0.9531813	0	0	0.41	5.319882e-18
2.2003179968287782e-10	0.024085602	0.067361824	-0.9502685	0	0	0.41	4.1691532e-18
2.3005414574192678e-10	0.025870515	0.083380796	-0.9457692	0	0	0.41	4.6633937e-18
2.400428646851206e-10	0.025987633	0.086064346	-0.94031864	0	0	0.41	5.510824e-18
2.500638068328165e-10	0.03393373	0.08350317	-0.9401207	0	0	0.41	4.7710247e-18
2.6000160875810077e-10	0.029536434	0.07285233	-0.9410895	0	0	0.41	5.1210595e-18
2.7000980500720473e-10	0.037910584	0.08633303	-0.9370825	0	0	0.41	4.7124475e-18
2.8002740165028985e-10	0.02530547	0.0821321	-0.9339807	0	0	0.41	4.3763293e-18
2.9000670730098125e-10	0.017918877	0.08309408	-0.9383793	0	0	0.41	5.7238607e-18
3.000309832148459e-10	0.0410607	0.077245474	-0.93540734	0	0	0.41	4.602679e-18
3.100419252751388e-10	0.039189633	0.06185346	-0.93614507	0	0	0.41	4.471097e-18
3.2004612164033015e-10	0.05640017	0.048253354	-0.93605334	0	0	0.41	4.562686e-18
3.300320666245191e-10	0.07311281	0.023293741	-0.93819845	0	0	0.41	5.53982e-18
3.400323798833308e-10	0.07499909	0.03059786	-0.94058305	0	0	0.41	5.535403e-18
3.500003768996138e-10	0.061253417	0.024467694	-0.9419951	0	0	0.41	4.261724e-18
3.600249625928622e-10	0.06507196	0.010336998	-0.9506597	0	0	0.41	4.117696e-18
3.700509702035688e-10	0.057793114	0.022698266	-0.94830966	0	0	0.41	4.3871612e-18
3.800314885370804e-10	0.046875194	0.031153914	-0.95085514	0	0	0.41	4.6604175e-18
3.900438145479966e-10	0.057171423	0.016917983	-0.9477764	0	0	0.41	4.03819e-18
4.00061286352691e-10	0.052288275	0.033171855	-0.94564366	0	0	0.41	4.533498e-18
4.1004797483950124e-10	0.052542776	0.027089639	-0.9440809	0	0	0.41	4.916211e-18
4.200487273261201e-10	0.049151637	0.034711484	-0.9349946	0	0	0.41	4.8110102e-18
4.3005228033907054e-10	0.060396515	0.026224658	-0.93216234	0	0	0.41	4.2355374e-18
4.4004258958377225e-10	0.048181195	0.025039738	-0.93361753	0	0	0.41	4.252832e-18
4.500026395956276e-10	0.039368432	0.01726656	-0.9364851	0	0	0.41	4.4106217e-18
4.6000453425477696e-10	0.038970277	0.019470828	-0.9374612	0	0	0.41	4.686878e-18
4.700223522234383e-10	0.03410374	0.022545673	-0.93899864	0	0	0.41	4.735616e-18
4.800663572638556e-10	0.032332793	0.03689949	-0.94531655	0	0	0.41	5.156999e-18
4.900295035420102e-10	0.017645411	0.040642507	-0.9430849	0	0	0.41	4.3603986e-18
5.000208360724866e-10	0.03737731	0.04273283	-0.942961	0	0	0.41	5.01781e-18
5.100001045229892e-10	0.030473648	0.039021805	-0.95200545	0	0	0.41	5.596848e-18
5.200046608082903e-10	0.034770295	0.044945177	-0.94761807	0	0	0.41	4.393397e-18
5.300408098743942e-10	0.04313266	0.044588696	-0.9461116	0	0	0.41	5.5489956e-18
5.400306277916792e-10	0.03579331	0.044744145	-0.945778	0	0	0.41	5.227627e-18
5.5002416962775e-10	0.03410966	0.052377652	-0.9412568	0	0	0.41	4.8476506e-18
5.600529174957705e-10	0.025403544	0.03467667	-0.9441676	0	0	0.41	5.334491e-18
5.700285626473382e-10	0.028539568	0.044788808	-0.938609	0	0	0.41	3.9064146e-18
5.800185010548787e-10	0.020739907	0.04828935	-0.93865484	0	0	0.41	4.561611e-18
5.900137177271342e-10	0.009339103	0.03401664	-0.93707275	0	0	0.41	4.5803104e-18
6.000459923826872e-10	-0.00088779564	0.029710883	-0.9395565	0	0	0.41	4.347101e-18
6.100065398911933e-10	-0.0029172427	0.02779077	-0.9411206	0	0	0.41	4.8106405e-18
6.200341063891507e-10	0.005012848	0.032552864	-0.93624324	0	0	0.41	4.1854665e-18
6.300172987452301e-10	0.017273784	0.030018494	-0.93619704	0	0	0.41	5.3019614e-18
6.400074891708973e-10	0.004033528	0.030821506	-0.93976927	0	0	0.41	5.067268e-18
6.500660700953446e-10	-0.010994808	0.020725762	-0.9403842	0	0	0.41	5.2141988e-18
6.600578671654354e-10	-0.011360627	0.021152424	-0.94440645	0	0	0.41	4.56426e-18
6.700551110466107e-10	-0.014653809	0.052668802	-0.94582456	0	0	0.41	4.500994e-18
6.800526596372937e-10	-0.006352812	0.057075262	-0.94474876	0	0	0.41	5.033701e-18
6.90007009233311e-10	-0.021299306	0.06463189	-0.9417673	0	0	0.41	4.4235547e-18
7.000318127341149e-10	-0.016906507	0.07850903	-0.9404338	0	0	0.41	4.589268e-18
7.100266314145887e-10	-0.022316849	0.06643752	-0.9396468	0	0	0.41	5.0435373e-18
7.200547815831473e-10	-0.0204217	0.06813902	-0.94363165	0	0	0.41	5.3712063e-18
7.300258708732501e-10	-0.020449053	0.07888716	-0.9411457	0	0	0.41	4.5490343e-18
7.400262959500336e-10	-0.024630217	0.09326931	-0.9414399	0	0	0.41	5.421364e-18
7.500493080800652e-10	-0.019309267	0.094783016	-0.9364547	0	0	0.41	5.4938685e-18
7.600045919582965e-10	-0.020453284	0.093683556	-0.93940884	0	0	0.41	5.370834e-18
7.700467444624442e-10	-0.016236953	0.08730769	-0.9435836	0	0	0.41	4.2670513e-18
7.800278608953766e-10	-0.01645072	0.092364	-0.94529915	0	0	0.41	5.3721832e-18
7.900059292392733e-10	-0.027003746	0.120796576	-0.9423132	0	0	0.41	4.1359713e-18
8.000594875295804e-10	-0.020754196	0.11597251	-0.9450601	0	0	0.41	3.659438e-18
8.100037600774945e-10	-0.03345039	0.114847474	-0.9431307	0	0	0.41	4.40113e-18
8.200598473774982e-10	-0.025502581	0.11417507	-0.9464543	0	0	0.41	4.5843222e-18
8.300242040294137e-10	-0.027682774	0.11695646	-0.9469156	0	0	0.41	4.378061e-18
8.400204111099627e-10	-0.03532211	0.11818795	-0.9472843	0	0	0.41	5.184734e-18
8.500601577745468e-10	-0.036569092	0.10573578	-0.9510997	0	0	0.41	5.808409e-18
8.600089933683741e-10	-0.027005833	0.11682135	-0.95105237	0	0	0.41	4.4125544e-18
8.700218448817905e-10	-0.017768502	0.13230811	-0.9494286	0	0	0.41	4.489526e-18
8.800192817063813e-10	-0.0021526157	0.13786842	-0.9490364	0	0	0.41	4.8875257e-18
8.900592573474649e-10	0.0010353131	0.11286214	-0.9475412	0	0	0.41	4.9415236e-18
9.000273519844645e-10	-0.0074601644	0.10971752	-0.94824564	0	0	0.41	4.2660384e-18
9.100571167328711e-10	-0.018590497	0.120554544	-0.94574636	0	0	0.41	3.9039244e-18
9.200048403269645e-10	-0.02353529	0.122244395	-0.9397898	0	0	0.41	4.5454944e-18
9.300622458216665e-10	-0.019668316	0.11932373	-0.94023705	0	0	0.41	4.714869e-18
9.40020198801146e-10	-0.016007025	0.10854664	-0.94199073	0	0	0.41	4.509879e-18
9.500073062221172e-10	-0.00020738423	0.12734035	-0.9398501	0	0	0.41	5.3096215e-18
9.600275518207729e-10	-0.004724174	0.11847067	-0.9383941	0	0	0.41	5.0125846e-18
9.700435278538475e-10	-0.012818644	0.13554169	-0.93976957	0	0	0.41	5.6566506e-18
9.800192626669173e-10	-0.0063686613	0.13234673	-0.94196594	0	0	0.41	5.666601e-18
9.90018070611812e-10	-0.009960963	0.13470376	-0.9438266	0	0	0.41	4.197151e-18
1.0000055413645402e-09	0.003525598	0.13384116	-0.94528365	0	0	0.41	4.1770516e-18
1.0100473080945688e-09	0.013254412	0.1337414	-0.9451188	0	0	0.41	5.5131853e-18
1.0200404846494517e-09	0.028769886	0.1319028	-0.9440578	0	0	0.41	3.7958504e-18
1.0300614889255617e-09	0.027023846	0.12860474	-0.94302285	0	0	0.41	4.60542e-18
1.040056849691634e-09	0.006168844	0.12925191	-0.9445927	0	0	0.41	3.761812e-18
1.0500029313396936e-09	-0.0048705772	0.11277876	-0.94463915	0	0	0.41	4.924891e-18
1.0600313207246861e-09	0.009866475	0.11685198	-0.9411471	0	0	0.41	5.6880967e-18
1.0700007884276126e-09	0.0069136433	0.11233235	-0.9405624	0	0	0.41	4.7963907e-18
1.0800100676964895e-09	0.019632796	0.10258052	-0.94215655	0	0	0.41	4.5095244e-18
1.0900335235855523e-09	0.018979574	0.10208237	-0.9449633	0	0	0.41	4.7147107e-18
1.1000240000874737e-09	0.021895424	0.0937781	-0.948081	0	0	0.41	4.4093905e-18
1.1100530760630378e-09	0.011733976	0.0879067	-0.9478677	0	0	0.41	4.675845e-18
1.1200300345935571e-09	0.011660045	0.08641746	-0.9475968	0	0	0.41	4.9423545e-18
1.1300214890780849e-09	0.02883273	0.091473095	-0.94668984	0	0	0.41	5.114457e-18
1.1400339464664783e-09	0.014086023	0.10396403	-0.9483312	0	0	0.41	5.5074554e-18
1.1500573747914914e-09	0.026752092	0.10053569	-0.94868344	0	0	0.41	4.0708056e-18
1.1600345226947518e-09	0.025351	0.10310471	-0.9444822	0	0	0.41	3.944326e-18
1.1700426527867986e-09	0.027945796	0.10480722	-0.94040114	0	0	0.41	4.472789e-18
1.180057478659373e-09	0.048234466	0.09925818	-0.94432044	0	0	0.41	5.1059597e-18
1.1900479539540503e-09	0.051610444	0.10410936	-0.9426386	0	0	0.41	4.0924856e-18
1.2000243287081836e-09	0.06531871	0.109727316	-0.9408628	0	0	0.41	3.7913397e-18
1.2100083359388574e-09	0.06485245	0.09931641	-0.93788815	0	0	0.41	4.8634614e-18
1.2200636696555023e-09	0.059373192	0.08753052	-0.93435436	0	0	0.41	4.170074e-18
1.2300328794742293e-09	0.041389395	0.08297143	-0.9340342	0	0	0.41	6.079543e-18
1.240037393279521e-09	0.036260817	0.07584311	-0.9348344	0	0	0.41	4.128732e-18
1.250050416008512e-09	0.025683919	0.07352036	-0.93490654	0	0	0.41	4.454324e-18
1.260027018820883e-09	0.03520064	0.092373796	-0.9350496	0	0	0.41	4.7108813e-18
1.2700353734584367e-09	0.0384442	0.11148316	-0.9319593	0	0	0.41	4.695511e-18
1.2800042344807434e-09	0.034260232	0.12155145	-0.93601435	0	0	0.41	5.0370944e-18
1.2900398711312184e-09	0.030527195	0.12801553	-0.9404154	0	0	0.41	5.0615335e-18
1.3000490948851175e-09	0.033421744	0.12208918	-0.9439453	0	0	0.41	4.3258097e-18
1.3100317122069837e-09	0.046346463	0.10005673	-0.94668984	0	0	0.41	5.4323718e-18
1.3200365743257031e-09	0.0386445	0.10585184	-0.94711125	0	0	0.41	4.305044e-18
1.3300316413662065e-09	0.04110378	0.1122529	-0.94167024	0	0	0.41	3.623799e-18
1.3400603798565001e-09	0.029363742	0.11726931	-0.93963134	0	0	0.41	5.783341e-18
1.350002639270941e-09	0.042127226	0.11995823	-0.9409526	0	0	0.41	4.3767173e-18
1.3600561548337213e-09	0.025143275	0.10790707	-0.94088393	0	0	0.41	4.5977465e-18
1.370043384726761e-09	0.024495952	0.102380775	-0.93982404	0	0	0.41	3.996345e-18
1.380052805374961e-09	0.01651869	0.10062603	-0.9351396	0	0	0.41	4.4889913e-18
1.3900434565697951e-09	0.010357241	0.11614858	-0.93728256	0	0	0.41	4.195946e-18
1.400040739147659e-09	0.022734834	0.11680192	-0.9349498	0	0	0.41	5.484498e-18
1.4100485862038891e-09	0.021147342	0.11404503	-0.93703955	0	0	0.41	4.441936e-18
1.4200485076259448e-09	0.025905255	0.10538654	-0.93148744	0	0	0.41	5.0944627e-18
1.4300329279497788e-09	0.033903677	0.09907939	-0.9331277	0	0	0.41	3.8703347e-18
1.4400456800230155e-09	0.030487131	0.09561299	-0.93444043	0	0	0.41	4.740734e-18
1.4500009494316393e-09	0.012654681	0.10855028	-0.9353451	0	0	0.41	4.6521237e-18
1.4600117588718284e-09	0.012369321	0.106947444	-0.9395993	0	0	0.41	4.4246834e-18
1.4700280843027827e-09	0.00027728901	0.11130071	-0.9392464	0	0	0.41	4.3246855e-18
1.4800296245882464e-09	0.018523807	0.115779035	-0.9391053	0	0	0.41	5.2874166e-18
1.4900116846711286e-09	0.02771159	0.13142273	-0.93718874	0	0	0.41	3.6637103e-18
1.5000500908331756e-09	0.033492893	0.13287881	-0.93867445	0	0	0.41	4.282163e-18
1.5100224869822673e-09	0.035377406	0.12731223	-0.9421853	0	0	0.41	3.8388278e-18
1.52004727332338e-09	0.03301798	0.12166783	-0.9412315	0	0	0.41	5.6046437e-18
1.530029337953017e-09	0.02903453	0.1166112	-0.9382502	0	0	0.41	4.231984e-18
1.540066350640685e-09	0.018948367	0.12434617	-0.92969996	0	0	0.41	4.305921e-18
1.5500287021366601e-09	0.01441225	0.12840189	-0.9201447	0	0	0.41	4.9810546e-18
1.5600559357451306e-09	0.002494596	0.11636411	-0.9228731	0	0	0.41	5.415723e-18
1.5700258934609575e-09	0.031015856	0.12262806	-0.927823	0	0	0.41	4.5611202e-18
1.5800534335122994e-09	0.031445995	0.12327847	-0.92911583	0	0	0.41	4.731117e-18
1.5900254027941499e-09	0.027458481	0.13077834	-0.93104756	0	0	0.41	4.475379e-18
1.6000404505651473e-09	0.04438614	0.11875722	-0.93919915	0	0	0.41	4.743856e-18
1.6100614979037345e-09	0.05821423	0.112145096	-0.93564075	0	0	0.41	4.1141925e-18
1.6200413176640056e-09	0.047780093	0.09968499	-0.9427266	0	0	0.41	4.549293e-18
1.6300090355646949e-09	0.042586144	0.09237092	-0.93875694	0	0	0.41	4.4167296e-18
1.6400399937141648e-09	0.0015832568	0.09410364	-0.9407811	0	0	0.41	5.9202698e-18
1.650022191697259e-09	0.0012990101	0.07489146	-0.94459426	0	0	0.41	5.707092e-18
1.6600351164529775e-09	0.0056932	0.06238383	-0.9500304	0	0	0.41	4.898083e-18
1.6700492412849018e-09	-0.013136302	0.06826898	-0.9493725	0	0	0.41	5.061591e-18
1.6800353688922387e-09	-0.013048672	0.07509194	-0.94924784	0	0	0.41	4.6791696e-18
1.6900555090253388e-09	-0.010582916	0.06554946	-0.9490699	0	0	0.41	5.7773826e-18
1.7000235026876572e-09	-0.009951622	0.039289344	-0.94732755	0	0	0.41	5.821103e-18
1.7100025035920232e-09	-0.0031082642	0.04935637	-0.94275516	0	0	0.41	5.0097693e-18
1.7200318585153288e-09	0.009663375	0.03416738	-0.94530886	0	0	0.41	3.95974e-18
1.7300406490628812e-09	0.0037101784	0.03644504	-0.94425195	0	0	0.41	4.473773e-18
1.7400598384989894e-09	-0.019252723	0.04129859	-0.944929	0	0	0.41	4.5045597e-18
1.7500584473945694e-09	-0.020806687	0.034671247	-0.9433778	0	0	0.41	4.4063547e-18
1.7600005487602782e-09	-0.026612867	0.035783276	-0.93894815	0	0	0.41	5.3899895e-18
1.770023966740999e-09	-0.040228747	0.047395438	-0.9385525	0	0	0.41	4.3174452e-18
1.7800201389157522e-09	-0.03102887	0.040353302	-0.938466	0	0	0.41	4.8675315e-18
1.79002627274078e-09	-0.020840293	0.03363912	-0.94268245	0	0	0.41	4.0942884e-18
1.8000352286569587e-09	-0.011259074	0.034332294	-0.94852424	0	0	0.41	4.6082435e-18
1.8100467312447082e-09	-0.010878383	0.03901489	-0.94066036	0	0	0.41	5.5427516e-18
1.8200372307683858e-09	-0.00487828	0.049354464	-0.9432203	0	0	0.41	4.5639814e-18
1.830014689745914e-09	-0.026179248	0.048073	-0.9411633	0	0	0.41	3.7704063e-18
1.84006124575509e-09	-0.024043327	0.06361236	-0.942288	0	0	0.41	4.659416e-18
1.8500278019100622e-09	-0.037035473	0.0668973	-0.9410492	0	0	0.41	5.15703e-18
1.8600197098295964e-09	-0.047047287	0.06446456	-0.9407276	0	0	0.41	4.5227184e-18
1.870004739476873e-09	-0.056431953	0.070622616	-0.9346345	0	0	0.41	4.7808488e-18
1.880027541646174e-09	-0.05383455	0.040570673	-0.9326208	0	0	0.41	4.6426624e-18
1.8900112548453897e-09	-0.07248978	0.03972603	-0.93406266	0	0	0.41	5.2730667e-18
1.900051561239519e-09	-0.074350655	0.03779415	-0.9330159	0	0	0.41	4.414353e-18
1.9100526607130627e-09	-0.08340778	0.02788735	-0.9325639	0	0	0.41	4.278254e-18
1.920008082563216e-09	-0.09257951	0.03782292	-0.93309873	0	0	0.41	4.792674e-18
1.9300225034719056e-09	-0.09298692	0.0392617	-0.93420774	0	0	0.41	5.281981e-18
1.9400354347674347e-09	-0.08266787	0.034144804	-0.9360508	0	0	0.41	5.5111206e-18
1.9500011318961126e-09	-0.07698885	0.035453632	-0.93924963	0	0	0.41	4.8789602e-18
1.960056963736736e-09	-0.06411064	0.050639447	-0.9367793	0	0	0.41	4.4660106e-18
1.9700052339577097e-09	-0.058064513	0.05888768	-0.93791986	0	0	0.41	4.9826676e-18
1.9800395252334258e-09	-0.06035732	0.073259585	-0.9385215	0	0	0.41	5.019662e-18
1.9900330832853596e-09	-0.049028367	0.07235121	-0.94101095	0	0	0.41	4.644648e-18
2.0000489622432463e-09	-0.051490698	0.06309248	-0.94081694	0	0	0.41	3.980416e-18
2.0100344128684625e-09	-0.04296734	0.05067472	-0.94422346	0	0	0.41	4.2130505e-18
2.0200086292886394e-09	-0.05899197	0.06163883	-0.94305027	0	0	0.41	4.847575e-18
2.030049234379961e-09	-0.054919455	0.051975664	-0.9466145	0	0	0.41	4.849423e-18
2.0400053963899485e-09	-0.07233047	0.033534627	-0.9485451	0	0	0.41	4.311551e-18
2.050026766075011e-09	-0.06879456	0.03565824	-0.94876957	0	0	0.41	4.418933e-18
2.0600607966476147e-09	-0.06776814	0.04003863	-0.94777495	0	0	0.41	3.9405573e-18
2.0700291584597042e-09	-0.0590609	0.048869815	-0.9464218	0	0	0.41	4.0493126e-18
2.080018412669476e-09	-0.051768936	0.05652104	-0.94637805	0	0	0.41	5.396644e-18
2.0900192004294713e-09	-0.06280441	0.048322134	-0.944054	0	0	0.41	3.1569712e-18
2.100047243571973e-09	-0.07633966	0.044209063	-0.94830775	0	0	0.41	3.6931786e-18
2.1100500561758105e-09	-0.09585027	0.049406633	-0.9422873	0	0	0.41	4.6221728e-18
2.1200229159447285e-09	-0.09419167	0.06325982	-0.94244003	0	0	0.41	4.4625207e-18
2.130042231715749e-09	-0.089152575	0.060591947	-0.94114053	0	0	0.41	4.6332297e-18
2.1400224110643048e-09	-0.073425464	0.054524127	-0.93724084	0	0	0.41	4.8277913e-18
2.150033870097092e-09	-0.07545852	0.041124005	-0.94198805	0	0	0.41	5.097564e-18
2.1600604344623418e-09	-0.07270454	0.040654704	-0.94382674	0	0	0.41	4.549051e-18
2.170056773329244e-09	-0.0836724	0.041016955	-0.94337547	0	0	0.41	5.206875e-18
2.180017333537154e-09	-0.0730966	0.056056853	-0.9447788	0	0	0.41	3.612792e-18
2.1900267573983277e-09	-0.08337484	0.04823902	-0.9480086	0	0	0.41	4.570133e-18
2.20001555747601e-09	-0.09250296	0.045090437	-0.9467243	0	0	0.41	4.0451295e-18
2.2100430069336877e-09	-0.109361134	0.059953503	-0.94242114	0	0	0.41	5.374605e-18
2.220035958480894e-09	-0.10864242	0.058161706	-0.94279397	0	0	0.41	4.8516567e-18
2.2300511764567305e-09	-0.11704322	0.07320195	-0.94768345	0	0	0.41	4.736253e-18
2.24000977772996e-09	-0.105133496	0.07573585	-0.9528397	0	0	0.41	4.7039445e-18
2.250020744819842e-09	-0.10650765	0.08925492	-0.9454744	0	0	0.41	4.956538e-18
2.2600013529488307e-09	-0.10835645	0.074851446	-0.94511884	0	0	0.41	5.3855827e-18
2.270010263111567e-09	-0.11151065	0.07228014	-0.94873655	0	0	0.41	5.528271e-18
2.280038617148432e-09	-0.11467008	0.07791943	-0.9435008	0	0	0.41	4.5814023e-18
2.290055208372347e-09	-0.13242312	0.09038274	-0.93836015	0	0	0.41	4.418145e-18
2.300005623426627e-09	-0.119757585	0.10034844	-0.9349256	0	0	0.41	5.4216346e-18
2.3100033254681163e-09	-0.117950775	0.10831938	-0.9369665	0	0	0.41	3.7126294e-18
2.3200149710433177e-09	-0.12455925	0.09828296	-0.9348548	0	0	0.41	5.0954855e-18
2.330012749070819e-09	-0.1303423	0.08268681	-0.93651396	0	0	0.41	4.8823856e-18
2.340029873850697e-09	-0.138704	0.083642304	-0.9320737	0	0	0.41	5.02208e-18
2.35005326542979e-09	-0.13893229	0.060904767	-0.9340225	0	0	0.41	3.8531157e-18
2.3600462104153503e-09	-0.162811	0.048957627	-0.9324752	0	0	0.41	4.4010616e-18
2.370019979003637e-09	-0.17021954	0.040740564	-0.9350153	0	0	0.41	4.4354744e-18
2.3800507592499043e-09	-0.17148791	0.039839875	-0.9336787	0	0	0.41	5.054801e-18
2.3900460662407583e-09	-0.18139288	0.028510662	-0.9326497	0	0	0.41	4.9172368e-18
2.400055943705641e-09	-0.19316413	0.041049868	-0.92886305	0	0	0.41	5.2851994e-18
2.4100003290024733e-09	-0.18070531	0.020278893	-0.92977995	0	0	0.41	4.996266e-18
2.4200359229318808e-09	-0.18568248	0.009010907	-0.9296194	0	0	0.41	4.568093e-18
2.430014542879308e-09	-0.17567162	0.00010752561	-0.9217296	0	0	0.41	4.933619e-18
2.440064141003552e-09	-0.16958189	-0.03629683	-0.9232206	0	0	0.41	4.855655e-18
2.4500158400388463e-09	-0.16527241	-0.04882856	-0.9180698	0	0	0.41	4.8305495e-18
2.460000805324969e-09	-0.18867217	-0.057751223	-0.9243641	0	0	0.41	5.1351286e-18
2.470045428922331e-09	-0.19184612	-0.056328647	-0.9231964	0	0	0.41	5.265316e-18
2.4800244330756535e-09	-0.19057818	-0.049710233	-0.9217086	0	0	0.41	5.332639e-18
2.4900351463484355e-09	-0.20068213	-0.03762398	-0.92598766	0	0	0.41	5.402535e-18
2.5000207521928732e-09	-0.1985931	-0.020050626	-0.92176104	0	0	0.41	4.603675e-18
2.5100565274588573e-09	-0.17629012	-0.018597804	-0.92805386	0	0	0.41	4.83953e-18
2.520016752587526e-09	-0.161861	-0.018665122	-0.9337884	0	0	0.41	5.292091e-18
2.5300531552388005e-09	-0.18460964	-0.03322244	-0.93212545	0	0	0.41	3.846062e-18
2.540015012488967e-09	-0.19223884	-0.03337237	-0.93039757	0	0	0.41	5.0843728e-18
2.5500031859716255e-09	-0.20443293	-0.03698647	-0.9244685	0	0	0.41	4.797693e-18
2.560020318278566e-09	-0.20159999	-0.056022335	-0.92385846	0	0	0.41	4.77845e-18
2.5700252838786794e-09	-0.20844953	-0.07443591	-0.9159241	0	0	0.41	4.588606e-18
2.580032559676401e-09	-0.20943335	-0.07120511	-0.91684335	0	0	0.41	4.739547e-18
2.5900201175060437e-09	-0.201576	-0.06877628	-0.9176543	0	0	0.41	4.9781433e-18
2.6000223410202954e-09	-0.19805793	-0.07565846	-0.92104346	0	0	0.41	4.685333e-18
2.610054261662941e-09	-0.19153982	-0.06906023	-0.91757864	0	0	0.41	4.7254496e-18
2.6200107363325487e-09	-0.19210543	-0.078105554	-0.9164583	0	0	0.41	4.7357285e-18
2.630001285546949e-09	-0.17629522	-0.07802411	-0.91701525	0	0	0.41	5.0473676e-18
2.6400089613822968e-09	-0.14726277	-0.09094232	-0.91897	0	0	0.41	4.6519293e-18
2.6500330712304663e-09	-0.12413029	-0.107824974	-0.9207518	0	0	0.41	5.3168907e-18
2.6600507177837722e-09	-0.14374329	-0.112803265	-0.92022943	0	0	0.41	4.968631e-18
2.6700514491719198e-09	-0.15906143	-0.09701153	-0.9152279	0	0	0.41	3.503675e-18
2.6800412419994166e-09	-0.15579733	-0.08358379	-0.9223441	0	0	0.41	4.9613768e-18
2.690028229520037e-09	-0.17554446	-0.056811515	-0.9233208	0	0	0.41	4.804804e-18
2.7000645585944133e-09	-0.18117632	-0.035599604	-0.9255123	0	0	0.41	5.7568172e-18
2.7100150983229354e-09	-0.17726077	-0.03235989	-0.92799777	0	0	0.41	5.2758324e-18
2.720053176828848e-09	-0.15595733	-0.026964104	-0.9296881	0	0	0.41	4.321429e-18
2.730018953340449e-09	-0.16540658	-0.026086148	-0.92469984	0	0	0.41	5.0059118e-18
2.740064323617831e-09	-0.15466693	-0.033260107	-0.9225968	0	0	0.41	4.5338253e-18
2.750052449850143e-09	-0.14956854	-0.055991665	-0.92359143	0	0	0.41	4.5112785e-18
2.7600590761861933e-09	-0.14499606	-0.06294474	-0.9305223	0	0	0.41	4.6933574e-18
2.7700145418422197e-09	-0.15330692	-0.08269713	-0.9226907	0	0	0.41	4.604425e-18
2.7800093503524294e-09	-0.1529526	-0.076575466	-0.9214051	0	0	0.41	3.976855e-18
2.7900462854541108e-09	-0.15125869	-0.07334814	-0.91733813	0	0	0.41	5.024069e-18
2.8000431595798553e-09	-0.13417058	-0.060326364	-0.9197957	0	0	0.41	5.5132183e-18
2.810057161690105e-09	-0.11175201	-0.051078737	-0.9262517	0	0	0.41	5.3286615e-18
2.8200459412263165e-09	-0.10210958	-0.035611156	-0.92859846	0	0	0.41	4.8704084e-18
2.8300305781770677e-09	-0.07642501	-0.043033928	-0.9298138	0	0	0.41	4.8387613e-18
2.840042211520098e-09	-0.08358076	-0.05525648	-0.92354566	0	0	0.41	4.950718e-18
2.8500484466579753e-09	-0.08004486	-0.07246022	-0.9245013	0	0	0.41	3.6077313e-18
2.860042859313424e-09	-0.0815063	-0.08109368	-0.9240918	0	0	0.41	5.115972e-18
2.870014636218347e-09	-0.094169684	-0.06909568	-0.9328415	0	0	0.41	3.8041933e-18
2.88001399569608e-09	-0.114111766	-0.07964947	-0.93054605	0	0	0.41	4.8651765e-18
2.890030947143686e-09	-0.12528944	-0.0718321	-0.9285125	0	0	0.41	4.602907e-18
2.9000035083753354e-09	-0.12820052	-0.062070806	-0.9253051	0	0	0.41	4.7178503e-18
2.9100537793060064e-09	-0.1395207	-0.055867933	-0.9223273	0	0	0.41	5.161731e-18
2.9200147227734664e-09	-0.11582238	-0.07193437	-0.925788	0	0	0.41	4.894828e-18
2.9300015728925726e-09	-0.10922571	-0.10680829	-0.9279555	0	0	0.41	4.6788433e-18
2.940012386086559e-09	-0.09235515	-0.13256647	-0.92733335	0	0	0.41	4.8715524e-18
2.950008230867731e-09	-0.08757158	-0.13525054	-0.9274776	0	0	0.41	4.847297e-18
2.9600514362294706e-09	-0.08096138	-0.14376737	-0.92658544	0	0	0.41	5.7086207e-18
2.970031172077582e-09	-0.090049244	-0.15425074	-0.92596513	0	0	0.41	5.044439e-18
2.980034198757717e-09	-0.10481209	-0.15430954	-0.92724687	0	0	0.41	6.1155514e-18
2.9900636388589184e-09	-0.089605175	-0.1263709	-0.932618	0	0	0.41	5.2223713e-18
3.000022415613932e-09	-0.08795834	-0.12878789	-0.929431	0	0	0.41	4.673936e-18
3.0100566307434053e-09	-0.07946123	-0.12428026	-0.9268327	0	0	0.41	4.899015e-18
3.020048970412061e-09	-0.05543072	-0.11823826	-0.9297022	0	0	0.41	4.4354446e-18
3.0300190901987237e-09	-0.03315986	-0.13300936	-0.93094325	0	0	0.41	4.335222e-18
3.0400312039988048e-09	-0.03876669	-0.14719109	-0.9335177	0	0	0.41	4.5562866e-18
3.050027941105523e-09	-0.059409216	-0.1520119	-0.9363432	0	0	0.41	5.0148346e-18
3.0600381165990502e-09	-0.06303747	-0.14571702	-0.9396302	0	0	0.41	4.4135094e-18
3.0700550585091157e-09	-0.08308371	-0.14758371	-0.9371604	0	0	0.41	5.2686198e-18
3.0800219873955696e-09	-0.09300625	-0.15687598	-0.9314465	0	0	0.41	5.3924475e-18
3.0900136950525328e-09	-0.087999165	-0.1399322	-0.93554604	0	0	0.41	4.3267915e-18
3.100052143422695e-09	-0.10161177	-0.12608929	-0.9282722	0	0	0.41	5.1772904e-18
3.1100189313515477e-09	-0.096116826	-0.13413039	-0.92297935	0	0	0.41	4.7662043e-18
3.120011092443029e-09	-0.06414175	-0.118214495	-0.9236175	0	0	0.41	4.928213e-18
3.1300338724895794e-09	-0.049732696	-0.14401728	-0.92347145	0	0	0.41	4.626283e-18
3.140020580336204e-09	-0.05111137	-0.16329613	-0.92910385	0	0	0.41	3.676954e-18
3.150064144850377e-09	-0.044263728	-0.16205487	-0.9355565	0	0	0.41	4.7206676e-18
3.1600425321464337e-09	-0.056056064	-0.17429551	-0.9362278	0	0	0.41	4.38817e-18
3.1700633649890573e-09	-0.06915939	-0.17905234	-0.9281947	0	0	0.41	4.3693678e-18
3.180020282915056e-09	-0.06996233	-0.17767814	-0.9307218	0	0	0.41	5.0791963e-18
3.1900355903026024e-09	-0.07710557	-0.16785438	-0.93099886	0	0	0.41	4.520398e-18
3.2000367846235068e-09	-0.070520416	-0.15218088	-0.93435234	0	0	0.41	3.9693846e-18
3.210050819450447e-09	-0.027142081	-0.16866618	-0.9376975	0	0	0.41	4.565497e-18
3.2200405115806243e-09	-0.0063616326	-0.1674997	-0.93736845	0	0	0.41	3.761768e-18
3.2300373148368873e-09	-0.0014768374	-0.18285787	-0.9366476	0	0	0.41	4.295835e-18
3.240028067986167e-09	-0.004536368	-0.19023672	-0.9382862	0	0	0.41	4.2088683e-18
3.2500459980246116e-09	-0.009497306	-0.18976341	-0.9410636	0	0	0.41	4.537576e-18
3.260032532982759e-09	-0.014909302	-0.1904078	-0.93755496	0	0	0.41	3.9389274e-18
3.270019460582376e-09	-0.03359498	-0.1597195	-0.94479895	0	0	0.41	4.939484e-18
3.2800652955422132e-09	-0.033484176	-0.1634423	-0.94197345	0	0	0.41	4.338367e-18
3.290037314674343e-09	-0.03601968	-0.1644377	-0.94023544	0	0	0.41	4.1634507e-18
3.300008439887009e-09	-0.027960371	-0.16809598	-0.93633294	0	0	0.41	3.7460032e-18
3.3100634467992287e-09	-0.0125545785	-0.1870575	-0.93310434	0	0	0.41	6.144104e-18
3.320055096980365e-09	-0.0013372557	-0.17430045	-0.9360807	0	0	0.41	5.554391e-18
3.3300424640937946e-09	0.00949376	-0.18389171	-0.9414407	0	0	0.41	3.933493e-18
3.3400125954452705e-09	0.017066162	-0.18873565	-0.93884647	0	0	0.41	5.126964e-18
3.3500604545717123e-09	0.0012378575	-0.17966656	-0.9451479	0	0	0.41	4.362856e-18
3.3600089046466394e-09	0.003851416	-0.18391053	-0.94182	0	0	0.41	4.6293163e-18
3.370063370520467e-09	-0.005657694	-0.17113413	-0.94198376	0	0	0.41	3.5690606e-18
3.3800131838738687e-09	-0.010598524	-0.16267346	-0.9408874	0	0	0.41	6.2205864e-18
3.3900412586492213e-09	-0.009745664	-0.15825288	-0.939773	0	0	0.41	4.813419e-18
3.4000059342538677e-09	-0.01723928	-0.15071952	-0.93858135	0	0	0.41	5.056046e-18
3.410019773875039e-09	0.0005929599	-0.14704011	-0.94200855	0	0	0.41	3.658365e-18
3.4200458266985032e-09	-0.0014874301	-0.15101887	-0.94064224	0	0	0.41	4.4494413e-18
3.4300085534502264e-09	-0.012608637	-0.16063619	-0.94269824	0	0	0.41	4.6835554e-18
3.4400184212671566e-09	-0.026496924	-0.15488705	-0.94370395	0	0	0.41	3.9952935e-18
3.4500341908215944e-09	-0.024077613	-0.14673646	-0.9426356	0	0	0.41	5.3612313e-18
3.4600432793597673e-09	-0.027466089	-0.15249152	-0.93541956	0	0	0.41	3.9213763e-18
3.4700076394389754e-09	-0.004032553	-0.14654104	-0.93286777	0	0	0.41	4.4609263e-18
3.480056507627754e-09	0.030054832	-0.13912192	-0.9366709	0	0	0.41	4.280675e-18
3.490036646376077e-09	0.03966806	-0.14216638	-0.93514955	0	0	0.41	4.9462373e-18
3.5000565620171047e-09	0.053821687	-0.15775365	-0.9353215	0	0	0.41	5.1814354e-18
3.5100597703783733e-09	0.06530922	-0.17495312	-0.9332203	0	0	0.41	5.314043e-18
3.520050019002552e-09	0.07396047	-0.199223	-0.9330263	0	0	0.41	4.083241e-18
3.5300284856016616e-09	0.07120241	-0.19302745	-0.93193406	0	0	0.41	3.9705054e-18
3.54000724258259e-09	0.07264652	-0.18660629	-0.9340066	0	0	0.41	4.2599462e-18
3.5500073430991728e-09	0.07557184	-0.16141956	-0.93227834	0	0	0.41	4.7072603e-18
3.560063537173033e-09	0.07730283	-0.18366268	-0.93272483	0	0	0.41	5.373782e-18
3.570024364141917e-09	0.07925779	-0.17401086	-0.93088204	0	0	0.41	5.269935e-18
3.580011654953429e-09	0.087848306	-0.16921148	-0.9263943	0	0	0.41	3.68601e-18
3.590032665654849e-09	0.10322571	-0.17070778	-0.9276861	0	0	0.41	4.5657702e-18
3.6000068339554784e-09	0.11531856	-0.17377582	-0.92646646	0	0	0.41	4.7517684e-18
3.6100085804420295e-09	0.122515306	-0.16726704	-0.92512214	0	0	0.41	4.9467204e-18
3.62003839952706e-09	0.12383099	-0.16290638	-0.9241262	0	0	0.41	4.2684186e-18
3.6300125514188844e-09	0.12794955	-0.16266213	-0.9248695	0	0	0.41	4.657883e-18
3.6400616175710244e-09	0.11618612	-0.15387562	-0.9269409	0	0	0.41	5.2521333e-18
3.650052377899207e-09	0.12572448	-0.14050719	-0.9261363	0	0	0.41	4.6819184e-18
3.6600518751032753e-09	0.14379694	-0.14768836	-0.92245406	0	0	0.41	5.3250496e-18
3.6700461856853494e-09	0.15527444	-0.1394168	-0.92885596	0	0	0.41	4.5762713e-18
3.6800562635123806e-09	0.13950023	-0.1367283	-0.9296018	0	0	0.41	4.9174882e-18
3.6900592034556034e-09	0.13944355	-0.11597104	-0.9334915	0	0	0.41	4.3995e-18
3.7000183850823177e-09	0.14042214	-0.10084357	-0.9416288	0	0	0.41	4.5209226e-18
3.710006318337044e-09	0.12122159	-0.09985352	-0.9395778	0	0	0.41	5.3182643e-18
3.720042848968659e-09	0.13966124	-0.10106877	-0.9411121	0	0	0.41	4.6913594e-18
3.730026518526296e-09	0.15253112	-0.09607002	-0.93852043	0	0	0.41	5.3005543e-18
3.740037214581106e-09	0.15270966	-0.111770436	-0.94001865	0	0	0.41	4.4786896e-18
3.750055644783967e-09	0.1463107	-0.12803924	-0.93812627	0	0	0.41	4.9844125e-18
3.76003984067712e-09	0.14369152	-0.118700795	-0.940222	0	0	0.41	5.0853455e-18
3.770010183359714e-09	0.13904004	-0.119888626	-0.9372461	0	0	0.41	4.394302e-18
3.7800229558843805e-09	0.14817668	-0.121545725	-0.9395032	0	0	0.41	4.885952e-18
3.790027018824965e-09	0.14385523	-0.11678324	-0.9386921	0	0	0.41	4.5965058e-18
3.800030791682041e-09	0.15692881	-0.10453802	-0.9336211	0	0	0.41	5.3553542e-18
3.81004951727201e-09	0.16612343	-0.09658985	-0.9326782	0	0	0.41	4.849998e-18
3.820022858404792e-09	0.1783875	-0.07761391	-0.9308392	0	0	0.41	3.729114e-18
3.830020596048966e-09	0.1865461	-0.057724167	-0.93205464	0	0	0.41	3.6828058e-18
3.8400470744668876e-09	0.16580099	-0.05896277	-0.9398211	0	0	0.41	4.8255744e-18
3.850048271221358e-09	0.1742328	-0.07572454	-0.9368596	0	0	0.41	4.493649e-18
3.860062858209078e-09	0.1648664	-0.084324434	-0.93780845	0	0	0.41	4.5291604e-18
3.870059226188013e-09	0.1506226	-0.09543643	-0.9388264	0	0	0.41	4.493191e-18
3.880039778439562e-09	0.15056406	-0.09834538	-0.93988603	0	0	0.41	4.5350367e-18
3.8900108121305836e-09	0.13777854	-0.101998895	-0.9372381	0	0	0.41	4.6640368e-18
3.900036282487853e-09	0.1484016	-0.09099115	-0.9352429	0	0	0.41	5.322896e-18
3.910008425690239e-09	0.1601308	-0.08271538	-0.9382815	0	0	0.41	4.2616767e-18
3.920047065312388e-09	0.17981355	-0.08413616	-0.937209	0	0	0.41	3.9203687e-18
3.930024615087646e-09	0.17750324	-0.09795999	-0.9369964	0	0	0.41	4.6219358e-18
3.9400102023694944e-09	0.1901656	-0.1077263	-0.9306508	0	0	0.41	5.0570506e-18
3.9500488576773094e-09	0.18324772	-0.13160236	-0.93156135	0	0	0.41	5.2753737e-18
3.960012534753955e-09	0.17678228	-0.13084748	-0.9335996	0	0	0.41	4.1916836e-18
3.970023303702534e-09	0.17240818	-0.12738812	-0.9351721	0	0	0.41	4.248284e-18
3.980041129604987e-09	0.16260143	-0.11588067	-0.93508816	0	0	0.41	4.121643e-18
3.990028861426942e-09	0.16504656	-0.11400096	-0.9310151	0	0	0.41	3.743377e-18
4.000043072512742e-09	0.17289813	-0.109921515	-0.93284297	0	0	0.41	4.293219e-18
4.010056795559183e-09	0.18804865	-0.1086592	-0.9267115	0	0	0.41	4.2840606e-18
4.020039837872487e-09	0.21172708	-0.09180287	-0.92389214	0	0	0.41	4.8090746e-18
4.030030446952099e-09	0.21420294	-0.109133534	-0.9200184	0	0	0.41	4.8567004e-18
4.040056996388563e-09	0.21712057	-0.11661583	-0.9203659	0	0	0.41	4.9724672e-18
4.0500305719629155e-09	0.21496637	-0.13946408	-0.9236211	0	0	0.41	4.7373238e-18
4.060027585351651e-09	0.18497282	-0.14249824	-0.9262096	0	0	0.41	5.1578773e-18
4.070058389515384e-09	0.17708106	-0.14722666	-0.9298165	0	0	0.41	5.4533404e-18
4.080032250175333e-09	0.16307764	-0.14312871	-0.92650336	0	0	0.41	5.2806367e-18
4.090031590749897e-09	0.15434974	-0.124808796	-0.9193948	0	0	0.41	4.9138213e-18
4.100029140656526e-09	0.16363074	-0.11779244	-0.91521555	0	0	0.41	4.7846604e-18
4.1100187747163075e-09	0.18886384	-0.10950472	-0.9102726	0	0	0.41	4.394493e-18
4.12001030876833e-09	0.20507944	-0.103938326	-0.90872604	0	0	0.41	4.4633144e-18
4.130064552844369e-09	0.23735715	-0.08717293	-0.9051738	0	0	0.41	3.9747277e-18
4.1400557951196275e-09	0.27288073	-0.07469286	-0.90338576	0	0	0.41	5.637103e-18
4.1500355690965295e-09	0.28278726	-0.0623493	-0.9087239	0	0	0.41	4.2092835e-18
4.1600182730806615e-09	0.28540576	-0.05790155	-0.90643764	0	0	0.41	4.7666266e-18
4.1700516696183925e-09	0.2821892	-0.056991763	-0.9051571	0	0	0.41	4.468832e-18
4.180061252885947e-09	0.2697616	-0.052123893	-0.9020621	0	0	0.41	4.337399e-18
4.190008473330176e-09	0.24408792	-0.035755012	-0.90662146	0	0	0.41	5.2667785e-18
4.2000155853168456e-09	0.24142326	0.004505755	-0.9103354	0	0	0.41	5.5630324e-18
4.210039114579055e-09	0.23604102	0.03379279	-0.91570264	0	0	0.41	4.501038e-18
4.22004556034261e-09	0.23738402	0.06552899	-0.9096277	0	0	0.41	4.3609177e-18
4.230063291032503e-09	0.25608203	0.087937474	-0.90509695	0	0	0.41	5.1272195e-18
4.2400610923998495e-09	0.28204077	0.100821644	-0.90262294	0	0	0.41	5.352876e-18
4.250061413573157e-09	0.29995385	0.095731445	-0.89609486	0	0	0.41	4.258824e-18
4.260049724888259e-09	0.30555207	0.10008687	-0.89389056	0	0	0.41	5.0042893e-18
4.270032384715779e-09	0.28432664	0.096033126	-0.8932187	0	0	0.41	4.126037e-18
4.280018310590963e-09	0.2508224	0.07995099	-0.89439046	0	0	0.41	4.3466964e-18
4.2900205094269256e-09	0.20141853	0.097395234	-0.88666725	0	0	0.41	5.0596843e-18
4.300065487877043e-09	0.15437113	0.12810978	-0.88770825	0	0	0.41	5.4133756e-18
4.3100425464435755e-09	0.13462983	0.16525033	-0.89983094	0	0	0.41	4.1668835e-18
4.3200289686972854e-09	0.12670074	0.19811594	-0.9034415	0	0	0.41	4.9316045e-18
4.3300525772939045e-09	0.13179918	0.23166704	-0.9036643	0	0	0.41	4.961702e-18
4.3400588367520995e-09	0.1370356	0.24434811	-0.90256536	0	0	0.41	5.351238e-18
4.3500363414118255e-09	0.1325393	0.2595132	-0.89588267	0	0	0.41	4.2260385e-18
4.360055794872472e-09	0.11900629	0.26013944	-0.89698964	0	0	0.41	4.7554804e-18
4.3700056123038225e-09	0.11771406	0.2557981	-0.9000745	0	0	0.41	5.702983e-18
4.380060480923748e-09	0.11197071	0.21254113	-0.90569913	0	0	0.41	5.2428775e-18
4.390033417113805e-09	0.07459927	0.20280527	-0.90807325	0	0	0.41	4.853051e-18
4.400059867107848e-09	0.050177973	0.20140098	-0.90801287	0	0	0.41	4.909373e-18
4.410032176267551e-09	0.006828078	0.18866152	-0.9104387	0	0	0.41	3.7330913e-18
4.4200110258934045e-09	-0.008720699	0.19537456	-0.915244	0	0	0.41	5.2806247e-18
4.430020842385641e-09	-0.008486828	0.21136178	-0.9157766	0	0	0.41	4.9882478e-18
4.440048109623602e-09	-0.013942922	0.20703773	-0.9232057	0	0	0.41	4.972725e-18
4.450006362116158e-09	-0.027186934	0.2222297	-0.9214348	0	0	0.41	4.8462e-18
4.460031647818901e-09	-0.015069861	0.22519447	-0.9128633	0	0	0.41	5.6889644e-18
4.4700237375606245e-09	-0.029505227	0.22913496	-0.90856814	0	0	0.41	4.5767907e-18
4.480000019079582e-09	-0.02618069	0.22873135	-0.914303	0	0	0.41	4.72387e-18
4.490012815794901e-09	-0.036396004	0.21993639	-0.9119444	0	0	0.41	4.940333e-18
4.500035007303839e-09	-0.057420995	0.22083673	-0.91054094	0	0	0.41	4.477283e-18
4.510016504416535e-09	-0.07399684	0.20887466	-0.9071433	0	0	0.41	4.0165264e-18
4.5200130477432694e-09	-0.087972015	0.20827493	-0.9019461	0	0	0.41	5.634426e-18
4.5300174647441715e-09	-0.11802879	0.22606279	-0.8973872	0	0	0.41	4.8041997e-18
4.540018609099075e-09	-0.11524895	0.23140304	-0.8969141	0	0	0.41	3.906627e-18
4.550016081537131e-09	-0.10239154	0.24663754	-0.8998221	0	0	0.41	5.3981153e-18
4.5600032191253176e-09	-0.10538374	0.2525881	-0.8998508	0	0	0.41	4.1601738e-18
4.570033907040939e-09	-0.09094721	0.2623865	-0.90426695	0	0	0.41	4.9569712e-18
4.580022992126254e-09	-0.0781009	0.25941902	-0.90582246	0	0	0.41	5.277163e-18
4.590013197155795e-09	-0.0716933	0.24435526	-0.90805537	0	0	0.41	3.945211e-18
4.600037342850851e-09	-0.0784704	0.246248	-0.9076129	0	0	0.41	4.8575305e-18
4.610007223344664e-09	-0.08833666	0.24304989	-0.89932275	0	0	0.41	4.7281594e-18
4.6200068627633355e-09	-0.12447839	0.21575992	-0.90209246	0	0	0.41	4.224524e-18
4.630027852334467e-09	-0.1534528	0.23210391	-0.90534085	0	0	0.41	5.6793853e-18
4.640029244050142e-09	-0.17287238	0.23234852	-0.9039669	0	0	0.41	4.1646116e-18
4.650021415565517e-09	-0.19778663	0.22376949	-0.9060126	0	0	0.41	4.7771058e-18
4.660023908012369e-09	-0.20775315	0.22685607	-0.9012812	0	0	0.41	4.2355634e-18
4.670054936397528e-09	-0.21493365	0.22128123	-0.90076286	0	0	0.41	3.7036052e-18
4.680021249453885e-09	-0.21074691	0.21394724	-0.9040977	0	0	0.41	5.2021033e-18
4.690036826950272e-09	-0.22022465	0.2122363	-0.9038133	0	0	0.41	4.5843342e-18
4.700030460075429e-09	-0.20289081	0.1981435	-0.9121259	0	0	0.41	4.7621665e-18
4.710006812002758e-09	-0.21564202	0.18504979	-0.90895605	0	0	0.41	3.491169e-18
4.720045136081373e-09	-0.21127744	0.17662564	-0.9126324	0	0	0.41	3.9992785e-18
4.73000149938905e-09	-0.2164937	0.16683725	-0.91089433	0	0	0.41	5.283463e-18
4.7400460286449415e-09	-0.23084466	0.13485722	-0.91223127	0	0	0.41	4.185072e-18
4.750046861438964e-09	-0.21811117	0.14593138	-0.9133386	0	0	0.41	4.305796e-18
4.760001180631503e-09	-0.21772495	0.13232934	-0.9146294	0	0	0.41	5.1668803e-18
4.770057459757504e-09	-0.22489925	0.10688772	-0.91904145	0	0	0.41	4.133043e-18
4.780020984528076e-09	-0.24707735	0.10777631	-0.9158643	0	0	0.41	4.4276993e-18
4.79001364875876e-09	-0.25252947	0.10597648	-0.9160988	0	0	0.41	4.70246e-18
4.800058849924483e-09	-0.24657767	0.09935546	-0.91616327	0	0	0.41	4.828168e-18
4.810029539082622e-09	-0.27068987	0.09752343	-0.9062984	0	0	0.41	5.1551567e-18
4.820027111165898e-09	-0.27486083	0.083181575	-0.9035224	0	0	0.41	4.705662e-18
4.830046695887994e-09	-0.2726646	0.06865488	-0.90825146	0	0	0.41	5.1746856e-18
4.840035045504445e-09	-0.28572217	0.054165155	-0.903392	0	0	0.41	4.8360097e-18
4.850051088994868e-09	-0.2887165	0.04219462	-0.90524346	0	0	0.41	4.5903983e-18
4.860022368264194e-09	-0.27948484	0.031846277	-0.9020267	0	0	0.41	4.68972e-18
4.870036084412371e-09	-0.2667264	0.018830946	-0.90917087	0	0	0.41	4.7550453e-18
4.880048529507777e-09	-0.26929098	0.019702516	-0.9056577	0	0	0.41	4.612098e-18
4.8900236236505516e-09	-0.26260623	0.017279528	-0.907662	0	0	0.41	4.9628438e-18
4.900033598167944e-09	-0.27483824	0.0120097315	-0.90256804	0	0	0.41	5.0777305e-18
4.910061355405412e-09	-0.26518172	0.015323909	-0.905612	0	0	0.41	4.49763e-18
4.920040461210799e-09	-0.26734185	0.010631814	-0.902797	0	0	0.41	5.0530784e-18
4.930018085912583e-09	-0.28500938	-0.020407638	-0.89845747	0	0	0.41	4.410712e-18
4.940066247658546e-09	-0.29252338	-0.031409275	-0.89428747	0	0	0.41	3.6005753e-18
4.950038058454097e-09	-0.2670638	-0.06891197	-0.8944621	0	0	0.41	4.8093145e-18
4.960027083211127e-09	-0.28005695	-0.09646103	-0.89010644	0	0	0.41	5.2493324e-18
4.970004288399625e-09	-0.27303353	-0.11295067	-0.89473826	0	0	0.41	5.490184e-18
4.9800231012891044e-09	-0.28958714	-0.11996086	-0.8917668	0	0	0.41	3.502178e-18
4.99003459236194e-09	-0.30095905	-0.12401031	-0.88868	0	0	0.41	3.9451684e-18
5.000040373832994e-09	-0.307184	-0.119241595	-0.8864913	0	0	0.41	5.376453e-18
5.010016477518476e-09	-0.31563982	-0.14125744	-0.8801169	0	0	0.41	5.5935384e-18
5.0200538315921735e-09	-0.29799965	-0.16111289	-0.8779242	0	0	0.41	5.2696997e-18
5.030024185197863e-09	-0.27238375	-0.19396901	-0.8785215	0	0	0.41	4.375077e-18
5.040036729681461e-09	-0.2698843	-0.20991395	-0.8771961	0	0	0.41	5.6865487e-18
5.050018561834619e-09	-0.25460973	-0.2298101	-0.8712104	0	0	0.41	5.1546202e-18
5.060015676348587e-09	-0.23285194	-0.25609174	-0.87309676	0	0	0.41	4.7218786e-18
5.070011410838029e-09	-0.22933713	-0.26917866	-0.8792359	0	0	0.41	4.3606575e-18
5.080007404396846e-09	-0.21220133	-0.29459664	-0.8753755	0	0	0.41	5.326809e-18
5.090042141314683e-09	-0.21087426	-0.30852175	-0.87649745	0	0	0.41	5.5445122e-18
5.100014204010513e-09	-0.1895184	-0.3167648	-0.87882656	0	0	0.41	4.0340254e-18
5.1100411784842306e-09	-0.18161954	-0.32876396	-0.8728322	0	0	0.41	5.1005235e-18
5.120044814612644e-09	-0.16758326	-0.3387279	-0.8669365	0	0	0.41	4.304956e-18
5.130026171073796e-09	-0.13940337	-0.3480281	-0.8642679	0	0	0.41	4.2034957e-18
5.1400599071666044e-09	-0.11158043	-0.35468033	-0.8666914	0	0	0.41	5.7053468e-18
5.1500349253929155e-09	-0.09614261	-0.36470047	-0.86414564	0	0	0.41	5.9972737e-18
5.160017630462803e-09	-0.082574405	-0.38072196	-0.86365604	0	0	0.41	5.727123e-18
5.170029429685804e-09	-0.04697297	-0.37642992	-0.86004466	0	0	0.41	4.0132822e-18
5.1800516386075754e-09	-0.007970764	-0.37205535	-0.8592323	0	0	0.41	3.6106736e-18
5.190016791248862e-09	0.030208522	-0.35663775	-0.85977954	0	0	0.41	4.9789196e-18
5.2000360094065426e-09	0.0798018	-0.37762555	-0.84767556	0	0	0.41	4.269414e-18
5.210019965852277e-09	0.11454029	-0.3657516	-0.84558827	0	0	0.41	4.486622e-18
5.220056753908489e-09	0.15541068	-0.35555673	-0.83421606	0	0	0.41	4.6035306e-18
5.230040553590072e-09	0.20311628	-0.33498096	-0.82706714	0	0	0.41	4.2428877e-18
5.2400056645585345e-09	0.25723344	-0.31311256	-0.8075843	0	0	0.41	4.5830107e-18
5.2500403853870665e-09	0.32260907	-0.26378953	-0.7987683	0	0	0.41	5.1639632e-18
5.2600622391625075e-09	0.35252982	-0.17763704	-0.7911906	0	0	0.41	5.188562e-18
5.270052117672071e-09	0.3899844	-0.08782183	-0.7781833	0	0	0.41	4.2322212e-18
5.2800038405991655e-09	0.39751723	0.017144285	-0.7661342	0	0	0.41	4.0383214e-18
5.290004158019347e-09	0.34836635	0.1186865	-0.7605199	0	0	0.41	4.2475265e-18
5.300031458955598e-09	0.25687212	0.21068047	-0.7633697	0	0	0.41	4.3444336e-18
5.310015963246462e-09	0.14846821	0.2468024	-0.7587666	0	0	0.41	5.4796687e-18
5.320055793821737e-09	0.035302464	0.23069116	-0.76273304	0	0	0.41	4.480881e-18
5.330020187904239e-09	-0.06082558	0.17081048	-0.7595837	0	0	0.41	4.0670787e-18
5.340019791452339e-09	-0.1370757	0.07520992	-0.754059	0	0	0.41	4.8976334e-18
5.350024799150474e-09	-0.14510024	-0.08285325	-0.736282	0	0	0.41	4.9981797e-18
5.360063945675622e-09	-0.09554473	-0.2123284	-0.7340575	0	0	0.41	5.3055865e-18
5.370044965147718e-09	-0.030604573	-0.3290839	-0.72229284	0	0	0.41	4.3538862e-18
5.380004415657012e-09	0.07640684	-0.41757637	-0.71138376	0	0	0.41	4.5893213e-18
5.3900567628105235e-09	0.20404664	-0.41878784	-0.7053781	0	0	0.41	4.7263347e-18
5.400044214681031e-09	0.3229508	-0.329751	-0.6925176	0	0	0.41	5.9013964e-18
5.410021299772512e-09	0.39380237	-0.1839946	-0.6850493	0	0	0.41	4.201356e-18
5.420024056575801e-09	0.4022011	-0.038355798	-0.6821789	0	0	0.41	4.7732437e-18
5.430050557385462e-09	0.34818077	0.09780971	-0.6849529	0	0	0.41	4.800229e-18
5.440060781239801e-09	0.2494242	0.1860779	-0.6911859	0	0	0.41	5.839821e-18
5.4500595904396615e-09	0.10087284	0.17923428	-0.68201756	0	0	0.41	5.1289565e-18
5.460018908422793e-09	-0.018300282	0.1052133	-0.6677493	0	0	0.41	3.4094917e-18
5.470060369390686e-09	-0.09761367	-0.029462593	-0.6427477	0	0	0.41	3.9517387e-18
5.480043054335243e-09	-0.124859996	-0.19891024	-0.62678915	0	0	0.41	5.0670516e-18
5.490001518175426e-09	-0.06133663	-0.3394358	-0.6132435	0	0	0.41	4.4207754e-18
5.500013473642011e-09	0.060732182	-0.41484585	-0.6221876	0	0	0.41	4.994986e-18
5.510007638570091e-09	0.24104719	-0.40393355	-0.6293637	0	0	0.41	4.362731e-18
5.520043770076301e-09	0.40854317	-0.27374807	-0.6277599	0	0	0.41	4.9873552e-18
5.530008922088073e-09	0.47538322	-0.09989523	-0.61208093	0	0	0.41	4.7876225e-18
5.5400215461925345e-09	0.43459085	0.11433025	-0.6150552	0	0	0.41	4.381356e-18
5.550025274483864e-09	0.29073158	0.27080733	-0.62058204	0	0	0.41	4.9993816e-18
5.560037887113017e-09	0.109527014	0.30673552	-0.615389	0	0	0.41	4.6266242e-18
5.570043889034587e-09	-0.01654062	0.22650212	-0.6070187	0	0	0.41	4.8290622e-18
5.580064778939549e-09	-0.11157996	0.10325483	-0.5995463	0	0	0.41	4.9373894e-18
5.590042118595404e-09	-0.1333611	-0.06836583	-0.59109104	0	0	0.41	3.847794e-18
5.6000453214532485e-09	-0.08654095	-0.23488334	-0.5866809	0	0	0.41	3.4102998e-18
5.6100071278145015e-09	0.049244773	-0.3862398	-0.58508414	0	0	0.41	4.7233357e-18
5.620061215955852e-09	0.24904944	-0.40213862	-0.57827765	0	0	0.41	3.7266364e-18
5.6300154328238425e-09	0.40232858	-0.24685153	-0.5601116	0	0	0.41	3.736547e-18
5.640065687436339e-09	0.40586808	-0.035924383	-0.55417264	0	0	0.41	4.7462114e-18
5.650052591163317e-09	0.3183057	0.121878356	-0.54453903	0	0	0.41	4.2255045e-18
5.660033398852089e-09	0.18546098	0.20299344	-0.5322445	0	0	0.41	3.5956214e-18
5.670047421408943e-09	0.013635694	0.23127517	-0.5190654	0	0	0.41	3.7460135e-18
5.680018919666194e-09	-0.1822249	0.12091381	-0.5065649	0	0	0.41	3.8269577e-18
5.6900566892871176e-09	-0.2517962	-0.06459086	-0.48203713	0	0	0.41	3.584323e-18
5.700051395737983e-09	-0.24863194	-0.25127998	-0.46546394	0	0	0.41	3.7553036e-18
5.710030576254104e-09	-0.12353581	-0.41617107	-0.4552039	0	0	0.41	4.70452e-18
5.720033893165335e-09	0.117251664	-0.46376655	-0.4405175	0	0	0.41	3.2452132e-18
5.730055766188686e-09	0.31979913	-0.3738022	-0.4351964	0	0	0.41	3.69817e-18
5.740056942846649e-09	0.42564407	-0.10684232	-0.42431897	0	0	0.41	4.992756e-18
5.750040591339769e-09	0.3280389	0.16307966	-0.4269476	0	0	0.41	3.5252436e-18
5.760024640906518e-09	0.11022023	0.25289717	-0.42849907	0	0	0.41	3.5075407e-18
5.770006316534125e-09	-0.100135125	0.23399644	-0.4190528	0	0	0.41	3.5828596e-18
5.780007138972845e-09	-0.24713653	0.072846845	-0.4085135	0	0	0.41	3.3500126e-18
5.7900339857632565e-09	-0.29178348	-0.12230282	-0.39165154	0	0	0.41	3.6068458e-18
5.8000115421583015e-09	-0.22631006	-0.31952852	-0.38486812	0	0	0.41	3.895466e-18
5.810016429132272e-09	-0.02778824	-0.45886528	-0.37944523	0	0	0.41	3.9558817e-18
5.820010932395601e-09	0.21958378	-0.4140716	-0.35508022	0	0	0.41	3.6951734e-18
5.830008765155624e-09	0.36162722	-0.18351975	-0.34160358	0	0	0.41	2.8619208e-18
5.8400017705158025e-09	0.38279295	0.06350914	-0.33446017	0	0	0.41	3.8918864e-18
5.850033110241953e-09	0.25423476	0.30217376	-0.31130666	0	0	0.41	3.1931207e-18
5.860003404327364e-09	0.03184192	0.4265895	-0.30378193	0	0	0.41	3.7906317e-18
5.870013385407279e-09	-0.1981438	0.35472396	-0.2896868	0	0	0.41	3.3556178e-18
5.880066085529989e-09	-0.31163606	0.15903436	-0.26262358	0	0	0.41	4.054357e-18
5.890027764381527e-09	-0.2986123	-0.044372343	-0.25093952	0	0	0.41	3.2989433e-18
5.900052492839465e-09	-0.17461887	-0.22968194	-0.25557268	0	0	0.41	3.523495e-18
5.910046975349688e-09	0.03270939	-0.2954054	-0.2571956	0	0	0.41	3.62909e-18
5.9200203983980706e-09	0.24441566	-0.22100662	-0.2498069	0	0	0.41	3.218189e-18
5.930030202863093e-09	0.40191832	0.017569084	-0.23404449	0	0	0.41	2.995787e-18
5.9400391445668675e-09	0.33529055	0.30197737	-0.2175018	0	0	0.41	2.7917038e-18
5.950057955420613e-09	0.091285944	0.48932666	-0.1997338	0	0	0.41	2.5923073e-18
5.960009433985076e-09	-0.21068723	0.43707675	-0.18470035	0	0	0.41	2.8443168e-18
5.970004576057199e-09	-0.38716042	0.18108155	-0.18010372	0	0	0.41	3.698921e-18
5.9800498785790825e-09	-0.33826724	-0.10986686	-0.17056452	0	0	0.41	2.571294e-18
5.990002018376376e-09	-0.14709698	-0.2885547	-0.17435677	0	0	0.41	2.8352387e-18
6.0000294565401096e-09	0.099229164	-0.33499157	-0.16487949	0	0	0.41	3.1032454e-18
6.010040110579467e-09	0.2949288	-0.18725768	-0.1447375	0	0	0.41	3.218249e-18
6.020002028817547e-09	0.37849262	0.07723988	-0.12647894	0	0	0.41	2.8154079e-18
6.03006195258221e-09	0.2899384	0.31871814	-0.11511169	0	0	0.41	2.3049725e-18
6.04005433425356e-09	0.04539876	0.42841542	-0.10363004	0	0	0.41	2.5329323e-18
6.050033604490828e-09	-0.23134352	0.35743946	-0.08040612	0	0	0.41	2.150201e-18
6.060030151036557e-09	-0.388043	0.08387864	-0.060185973	0	0	0.41	2.3174247e-18
6.070061456881334e-09	-0.3373158	-0.20653269	-0.04829713	0	0	0.41	2.0466922e-18
6.080002177459169e-09	-0.15982728	-0.3685191	-0.03601368	0	0	0.41	3.7444473e-18
6.090009677115716e-09	0.072799474	-0.3872354	-0.037559222	0	0	0.41	2.6786031e-18
6.1000316133389485e-09	0.28672504	-0.25512657	-0.016876817	0	0	0.41	3.1741244e-18
6.110004995266094e-09	0.38650882	0.03565526	-0.010870858	0	0	0.41	2.1613384e-18
6.120005368993354e-09	0.27215394	0.31279558	0.0048847925	0	0	0.41	2.416117e-18
6.130007087295537e-09	0.0027526023	0.39693266	0.00534339	0	0	0.41	2.9744215e-18
6.140056650560986e-09	-0.22431941	0.30820566	0.011644692	0	0	0.41	2.21078e-18
6.150007004315018e-09	-0.36354026	0.091309436	0.02495567	0	0	0.41	2.6523145e-18
6.1600051870710994e-09	-0.34585255	-0.22682768	0.037314393	0	0	0.41	1.7977013e-18
6.17005069274831e-09	-0.067917585	-0.43491274	0.043943245	0	0	0.41	2.4241938e-18
6.180062950542866e-09	0.23657718	-0.36083525	0.06807398	0	0	0.41	2.2299751e-18
6.1900010619900176e-09	0.3876743	-0.09253261	0.088724375	0	0	0.41	2.9821896e-18
6.200025747536558e-09	0.31923747	0.20995826	0.10659758	0	0	0.41	2.8804063e-18
6.210031902952378e-09	0.10347428	0.34505737	0.11559354	0	0	0.41	2.6896317e-18
6.2200528612626786e-09	-0.10977994	0.31165558	0.12136698	0	0	0.41	2.4351076e-18
6.230047305263841e-09	-0.30849135	0.15365171	0.14531842	0	0	0.41	2.3600495e-18
6.240037364774768e-09	-0.34170708	-0.12525521	0.15760618	0	0	0.41	1.8954366e-18
6.250044030354856e-09	-0.19270922	-0.35687125	0.16436552	0	0	0.41	1.5414449e-18
6.260065278621207e-09	0.055365905	-0.4291922	0.17424664	0	0	0.41	2.4606907e-18
6.2700353499046994e-09	0.31575468	-0.31365684	0.18937707	0	0	0.41	1.8597893e-18
6.280003982083127e-09	0.41280672	-0.005221266	0.21075626	0	0	0.41	1.9408306e-18
6.290035225016361e-09	0.2735454	0.27446723	0.21864052	0	0	0.41	2.5271896e-18
6.300031486788626e-09	0.030328149	0.3368089	0.22533868	0	0	0.41	1.5581262e-18
6.310039584797656e-09	-0.15649545	0.27602395	0.23441431	0	0	0.41	1.0274006e-18
6.320006440477036e-09	-0.29797873	0.11839839	0.25222725	0	0	0.41	2.0496723e-18
6.330055274070563e-09	-0.30165902	-0.11992652	0.2802203	0	0	0.41	1.6783015e-18
6.340018398396916e-09	-0.108322255	-0.34812176	0.29400378	0	0	0.41	8.808937e-20
6.350056297641867e-09	0.1930565	-0.35711628	0.2975304	0	0	0.41	1.8856903e-18
6.360060623363595e-09	0.3919175	-0.14135209	0.31801745	0	0	0.41	1.2912313e-18
6.370015902368282e-09	0.34916192	0.2001707	0.33394596	0	0	0.41	1.2449531e-18
6.380024703997131e-09	0.08005593	0.39162058	0.34433386	0	0	0.41	1.4922783e-18
6.390012825341005e-09	-0.20191535	0.3141122	0.35306343	0	0	0.41	1.8083504e-18
6.4000524963196266e-09	-0.35658392	0.036920734	0.36855966	0	0	0.41	1.4054253e-18
6.4100183411591904e-09	-0.2512306	-0.22295086	0.37308574	0	0	0.41	1.5388923e-18
6.420035849647605e-09	-0.056982994	-0.3126092	0.3764786	0	0	0.41	4.840776e-19
6.430015239614061e-09	0.14445175	-0.2499873	0.388552	0	0	0.41	1.2628264e-18
6.44002772114108e-09	0.27162257	-0.05973292	0.41341558	0	0	0.41	7.1577133e-19
6.450020124559257e-09	0.28336778	0.16097146	0.43576247	0	0	0.41	1.922822e-18
6.4600034310521094e-09	0.11456991	0.35700667	0.4576586	0	0	0.41	9.145727e-19
6.470026367478489e-09	-0.15962505	0.36043462	0.4676897	0	0	0.41	8.756791e-21
6.480056750888445e-09	-0.35415947	0.1270818	0.47138518	0	0	0.41	1.0163402e-18
6.490010453757955e-09	-0.30753976	-0.18728378	0.4924711	0	0	0.41	1.3645075e-18
6.500033769675865e-09	-0.05892906	-0.3067934	0.5111044	0	0	0.41	7.503142e-19
6.510054643440826e-09	0.14185908	-0.21342693	0.5132255	0	0	0.41	1.8766877e-19
6.520048232073322e-09	0.25214148	-0.045422543	0.5214613	0	0	0.41	9.497203e-19
6.530023311029416e-09	0.21674424	0.14573044	0.5368524	0	0	0.41	7.9707987e-19
6.540040083979614e-09	0.07210095	0.3132684	0.5460474	0	0	0.41	2.0250932e-18
6.5500025970892986e-09	-0.23683439	0.28854397	0.55405647	0	0	0.41	1.1604498e-18
6.560045714068378e-09	-0.38792777	-0.024696259	0.5636345	0	0	0.41	7.0181467e-19
6.5700625195488425e-09	-0.21941319	-0.3212956	0.5704436	0	0	0.41	1.1089688e-18
6.580025493287682e-09	0.111283116	-0.3283535	0.57650286	0	0	0.41	1.4255471e-18
6.590036494810398e-09	0.2836939	-0.08599436	0.5804936	0	0	0.41	5.4633987e-19
6.600061259014902e-09	0.20922674	0.12622929	0.60407346	0	0	0.41	1.0188311e-18
6.6100388380220675e-09	0.10488365	0.21151887	0.61740583	0	0	0.41	8.059028e-19
6.620009008141463e-09	-0.03929208	0.26566356	0.6192665	0	0	0.41	-1.3428489e-19
6.630053763968728e-09	-0.23998421	0.15274456	0.6315431	0	0	0.41	9.183056e-19
6.6400211363309714e-09	-0.29159904	-0.1151653	0.6423639	0	0	0.41	5.671539e-20
6.6500164213883225e-09	-0.07169001	-0.3214045	0.6573446	0	0	0.41	-1.3034856e-19
6.660002110121782e-09	0.1632412	-0.23264828	0.6557712	0	0	0.41	-3.0111137e-19
6.670062514203738e-09	0.25572282	-0.03898053	0.6626771	0	0	0.41	-5.0368563e-19
6.68005744322022e-09	0.21842584	0.15548757	0.6809825	0	0	0.41	4.3761804e-19
6.690061986987126e-09	0.0052816556	0.33101657	0.69364035	0	0	0.41	-5.6657245e-19
6.700063295664372e-09	-0.30236322	0.20365997	0.70166975	0	0	0.41	-4.4912427e-20
6.710033416596643e-09	-0.28284916	-0.15073806	0.7095639	0	0	0.41	6.699767e-19
6.720014065599888e-09	-0.02935062	-0.28506446	0.72383034	0	0	0.41	-2.902731e-20
6.73004832201864e-09	0.15215108	-0.16636494	0.7281468	0	0	0.41	3.0575665e-20
6.7400556979369105e-09	0.17818356	-0.026803916	0.7399163	0	0	0.41	-6.817095e-20
6.750013570190152e-09	0.16367054	0.104989596	0.75425065	0	0	0.41	-3.8666225e-20
6.760062441997546e-09	0.032923553	0.21995206	0.7602479	0	0	0.41	-1.2175308e-19
6.770020148637721e-09	-0.20218174	0.16521326	0.7661283	0	0	0.41	-1.2376989e-18
6.780023308854348e-09	-0.2801406	-0.09101228	0.78197694	0	0	0.41	-1.0561019e-18
6.790008150456859e-09	-0.050630324	-0.30171257	0.793765	0	0	0.41	-9.9806714e-20
6.800045879206863e-09	0.22790787	-0.186006	0.8011587	0	0	0.41	-6.919349e-19
6.8100159524776834e-09	0.25360608	0.11507236	0.80771714	0	0	0.41	-9.636794e-19
6.8200414408477685e-09	0.03217417	0.24963686	0.8222919	0	0	0.41	-1.6541453e-18
6.830001196783834e-09	-0.18808474	0.14168154	0.82225066	0	0	0.41	-4.945215e-19
6.840030217753744e-09	-0.200106	-0.07995372	0.82221013	0	0	0.41	-1.0781873e-18
6.8500076197648505e-09	-0.04509825	-0.21814881	0.82516545	0	0	0.41	6.4191547e-19
6.860001503894122e-09	0.15252723	-0.1563846	0.8298436	0	0	0.41	-1.7812918e-19
6.870004422889547e-09	0.200307	0.046910282	0.83761704	0	0	0.41	-1.6058653e-18
6.880050019935756e-09	0.067600936	0.19978622	0.8436135	0	0	0.41	-8.6178246e-19
6.8900142117143296e-09	-0.12958382	0.17040366	0.85039127	0	0	0.41	-6.8654093e-19
6.900014109184983e-09	-0.21038373	-0.045338474	0.8589935	0	0	0.41	-8.4319545e-19
6.910065891913662e-09	-0.04504539	-0.20663959	0.8709149	0	0	0.41	-6.70326e-19
6.920009134493237e-09	0.18104944	-0.11731652	0.87581843	0	0	0.41	-6.185781e-19
6.930003506865432e-09	0.18868631	0.11544033	0.88064224	0	0	0.41	-2.4493932e-19
6.9400110044106766e-09	-0.045090135	0.23299089	0.88327855	0	0	0.41	-5.484688e-19
6.950006544849693e-09	-0.2491329	-0.006212023	0.89080673	0	0	0.41	-5.0673286e-19
6.960002934645619e-09	-0.055998623	-0.25594148	0.8942211	0	0	0.41	-1.1410677e-18
6.9700545188936544e-09	0.22712429	-0.08760949	0.8992989	0	0	0.41	-2.0211605e-19
6.980002483058077e-09	0.11569058	0.1928174	0.9081818	0	0	0.41	-1.2886382e-18
6.990030177687322e-09	-0.14999786	0.1386039	0.91780156	0	0	0.41	-1.3777999e-18
7.000022801066279e-09	-0.15159002	-0.10526535	0.9262955	0	0	0.41	-1.0193007e-18
7.010015486523873e-09	0.07851548	-0.1682672	0.92677313	0	0	0.41	-2.001539e-18
7.020022143580106e-09	0.1812968	0.05394911	0.929441	0	0	0.41	-6.8966685e-19
7.030039938485323e-09	-0.029688934	0.16821791	0.9359254	0	0	0.41	-1.5243711e-18
7.040046256108119e-09	-0.1707044	-0.026029352	0.9400883	0	0	0.41	-8.973952e-19
7.050004584043633e-09	0.023112822	-0.15089878	0.94744605	0	0	0.41	-1.393909e-18
7.060063038738532e-09	0.14729433	0.01513533	0.947551	0	0	0.41	-1.8016612e-18
7.0700334284379646e-09	0.021626048	0.12286143	0.95132524	0	0	0.41	-8.750749e-19
7.080041783742292e-09	-0.109928824	0.044117026	0.94985765	0	0	0.41	-1.3382181e-18
7.090055532323211e-09	-0.040088892	-0.07992665	0.9541157	0	0	0.41	-8.672525e-19
7.1000554938781085e-09	0.057912983	-0.052478287	0.95747894	0	0	0.41	-1.3829508e-18
7.110024764797542e-09	0.043599736	0.045831263	0.9631026	0	0	0.41	-1.1738902e-18
7.120024862294212e-09	-0.032661624	0.036527015	0.9621588	0	0	0.41	-2.1524946e-18
7.130031143687955e-09	-0.028338945	-0.01659548	0.96396023	0	0	0.41	-1.1994021e-18
7.140024191065074e-09	0.02419936	-0.0314486	0.96384823	0	0	0.41	-2.2073284e-18
7.150037740017281e-09	0.028627528	-0.0037555848	0.9617845	0	0	0.41	-9.017477e-19
7.160061768487689e-09	0.011962192	0.026963416	0.9634126	0	0	0.41	-1.1968966e-18
7.170043429759934e-09	-0.02977466	0.011844067	0.96256244	0	0	0.41	-9.011726e-19
7.180043587491864e-09	-0.038247082	-0.02707825	0.9638414	0	0	0.41	-1.2652982e-18
7.1900133660476045e-09	0.01936565	-0.05712527	0.9620306	0	0	0.41	-4.085808e-19
7.200023342490233e-09	0.069661275	0.0036128836	0.9634569	0	0	0.41	-1.9245585e-18
7.210057005184933e-09	0.0017736428	0.07115748	0.9634646	0	0	0.41	-1.3445185e-18
7.220053408832085e-09	-0.07113951	-0.006987191	0.9653599	0	0	0.41	-1.8408863e-18
7.230045617630565e-09	-0.008260151	-0.07254382	0.9640089	0	0	0.41	-2.4150959e-18
7.240000338696595e-09	0.058876373	0.008455088	0.964607	0	0	0.41	-1.2216171e-18
7.250029252007424e-09	-0.005754032	0.03838299	0.9654042	0	0	0.41	-1.0013128e-18
7.260000302473147e-09	-0.027798304	0.0144076375	0.96534	0	0	0.41	-2.324803e-18
7.2700041474004125e-09	-0.009499145	-0.023759782	0.964496	0	0	0.41	-2.0952628e-18
7.280010985346587e-09	0.025925152	-0.01870926	0.9648765	0	0	0.41	-7.6134386e-19
7.290006196713952e-09	0.030668791	0.022678949	0.96350217	0	0	0.41	-1.0659284e-18
7.300033554016164e-09	-0.041258585	0.046015725	0.96335465	0	0	0.41	-2.1141208e-18
7.310034525781127e-09	-0.02455949	-0.055339843	0.9637282	0	0	0.41	-4.3733644e-19
7.320029658736717e-09	0.04607395	-0.015516159	0.9662985	0	0	0.41	-1.3361825e-18
7.3300447715832386e-09	0.0029188213	0.06246963	0.9658224	0	0	0.41	-1.794968e-18
7.340000458863725e-09	-0.045315504	-0.0055797775	0.9655497	0	0	0.41	-1.5988751e-18
7.350024940003163e-09	0.011459803	-0.026564607	0.9658044	0	0	0.41	-2.209335e-18
7.360062170594156e-09	0.019669015	0.0029995947	0.9634417	0	0	0.41	-1.3615248e-18
7.370018708688291e-09	-0.023086028	0.017253216	0.96370137	0	0	0.41	-1.9821115e-18
7.380061666038943e-09	-0.017731588	-0.018919636	0.96305126	0	0	0.41	-1.6791484e-18
7.390002062161542e-09	0.017684951	-0.026007375	0.96408665	0	0	0.41	-1.5141838e-18
7.400012454262555e-09	0.014431674	0.019779861	0.9629278	0	0	0.41	-1.5100436e-18
7.410042943690268e-09	-0.005161115	0.02392743	0.9655638	0	0	0.41	-2.3690128e-18
7.420044369528834e-09	-0.027106484	0.0013271964	0.9653993	0	0	0.41	-1.3619437e-18
7.430045372292369e-09	-0.006391147	-0.012552374	0.9642619	0	0	0.41	-9.409107e-19
7.4400513310321015e-09	8.736749e-05	-0.0066061793	0.96562594	0	0	0.41	-2.3395544e-18
7.4500173648899304e-09	0.008297702	0.006509092	0.9624156	0	0	0.41	-2.0073932e-18
7.460051717192484e-09	-0.0024062674	-0.00041804055	0.9621597	0	0	0.41	-1.5274651e-18
7.470051076107682e-09	-0.02872165	0.013457706	0.9631714	0	0	0.41	-1.1321295e-18
7.480033688983402e-09	-0.019490248	-0.031031845	0.96471673	0	0	0.41	-1.7640357e-18
7.49002791486343e-09	0.026433388	-0.02638627	0.96250796	0	0	0.41	-1.2803331e-18
7.50005158255944e-09	0.023243938	0.026387079	0.9598932	0	0	0.41	-1.2274679e-18
7.510037727644936e-09	-0.01879692	0.02118183	0.9636205	0	0	0.41	-2.293872e-18
7.52004597707056e-09	-0.019491963	-0.015687147	0.96215713	0	0	0.41	-1.4271717e-18
7.530062779766905e-09	0.00617747	-0.01656963	0.96492904	0	0	0.41	-1.9822292e-18
7.540049691007712e-09	0.013252731	-0.0012826385	0.96384615	0	0	0.41	-1.2602982e-18
7.550024179121196e-09	-0.011485753	0.001566667	0.96665466	0	0	0.41	-1.0214487e-18
7.56005671772481e-09	-0.0021140927	-0.020334357	0.96540433	0	0	0.41	-6.1992276e-19
7.570004509041925e-09	0.0021368335	0.016756505	0.96437615	0	0	0.41	-8.97118e-19
7.58000663880004e-09	-0.016478704	0.011370642	0.963201	0	0	0.41	-1.6058691e-18
7.590031934940717e-09	-0.0029819189	-0.009889247	0.96444553	0	0	0.41	-1.0456208e-18
7.600038585184741e-09	0.003431578	0.01785393	0.9640668	0	0	0.41	-6.890023e-19
7.610048960747136e-09	-0.015002364	0.011949141	0.96376604	0	0	0.41	-2.0501223e-18
7.620027149465826e-09	0.005245452	-0.0016410574	0.9633223	0	0	0.41	-2.1263952e-18
7.630036256869118e-09	6.1320556e-05	-0.0064615803	0.9684483	0	0	0.41	-1.3650682e-18
7.640038084854255e-09	-0.0072375657	-0.0016102415	0.96804297	0	0	0.41	-1.3322995e-18
7.65005814079481e-09	0.002615345	-0.0013639886	0.9707684	0	0	0.41	-1.8882246e-18
7.660050425440912e-09	-0.009869484	0.02820831	0.9690666	0	0	0.41	-1.0091738e-18
7.67000655517318e-09	-0.020770133	-0.0068114856	0.96711236	0	0	0.41	-1.5565432e-18
7.680017520355817e-09	0.009048985	-0.0095125735	0.96559054	0	0	0.41	-7.407336e-19
7.690037205385447e-09	0.0066649797	-0.014213547	0.96613747	0	0	0.41	-1.8280534e-18
7.7000201789609e-09	0.020575397	0.018816732	0.9658107	0	0	0.41	-8.8177595e-20
7.710023902692916e-09	-0.020274498	0.0033987162	0.9672472	0	0	0.41	-1.3616038e-18
7.720055139447287e-09	-0.012851041	-0.015285957	0.9681057	0	0	0.41	-8.025641e-19
7.73000690315575e-09	0.016595421	-0.04212851	0.9655401	0	0	0.41	-1.5782325e-18
7.740017236102744e-09	0.036724485	0.013357922	0.9658794	0	0	0.41	-1.3055487e-18
7.750023909536877e-09	-0.0141906245	0.04485776	0.96720076	0	0	0.41	-1.6104879e-18
7.760040288115004e-09	-0.039712865	-0.003984429	0.9685107	0	0	0.41	-1.4139004e-18
7.770047880876127e-09	0.001141795	-0.034425363	0.9654164	0	0	0.41	-1.1248314e-18
7.780011438146601e-09	0.023188192	-0.0065626334	0.9682447	0	0	0.41	-1.3912066e-18
7.790058753406926e-09	-0.0019593404	0.02066787	0.9670975	0	0	0.41	-1.7500098e-18
7.800020237432358e-09	-0.025759779	0.00079120207	0.96671396	0	0	0.41	-1.693608e-18
7.81005670549754e-09	0.008041845	-0.028183604	0.96497786	0	0	0.41	-1.9814686e-18
7.820060639236306e-09	0.02715169	0.007988544	0.9669965	0	0	0.41	-9.34622e-19
7.830044459038862e-09	-0.0044395276	0.043946255	0.96387696	0	0	0.41	-1.8447722e-18
7.840063002635902e-09	-0.034407128	0.0063815415	0.96480507	0	0	0.41	-1.9709772e-18
7.850033706287095e-09	-0.0003617773	-0.021138784	0.964447	0	0	0.41	-9.916131e-19
7.860028966830415e-09	0.02448317	0.0058464254	0.9646695	0	0	0.41	-1.7566175e-18
7.870060971817214e-09	-0.008100316	0.016866125	0.96725583	0	0	0.41	-2.1473445e-18
7.880023180473579e-09	-0.011141481	-0.012750464	0.96486974	0	0	0.41	-1.4940006e-18
7.890042150740483e-09	-0.01075746	-0.0019476331	0.9643714	0	0	0.41	-1.64451e-18
7.90002485032147e-09	0.008200812	-0.008946383	0.96649164	0	0	0.41	-1.237298e-18
7.91006103578332e-09	0.017775588	0.021535162	0.9667001	0	0	0.41	-2.462479e-18
7.920013446483775e-09	-0.025474789	0.020774232	0.965835	0	0	0.41	-1.3594058e-18
7.930003778136574e-09	-0.02765936	-0.03674451	0.9636211	0	0	0.41	-1.0387814e-18
7.940059293651512e-09	0.025044	-0.027417887	0.9636066	0	0	0.41	-2.143516e-18
7.950046430536734e-09	0.02574935	0.02538815	0.9650724	0	0	0.41	-1.3121335e-18
7.960024336075043e-09	-0.025721489	0.033333167	0.966164	0	0	0.41	-1.740848e-18
7.9700420734578e-09	-0.041835878	-0.020243369	0.9643139	0	0	0.41	-1.9091802e-18
7.980048423938848e-09	0.0054561268	-0.038742572	0.9632281	0	0	0.41	-1.4958067e-18
7.990052450820019e-09	0.054650966	-0.0028284371	0.96221733	0	0	0.41	-1.0688107e-18
8.000048828041914e-09	-0.0021825724	0.053357437	0.966515	0	0	0.41	-1.152695e-18
8.010003824522274e-09	-0.036827482	-0.0027064583	0.96850264	0	0	0.41	-1.6701378e-18
8.02004600271881e-09	-0.017936055	-0.03380829	0.9667772	0	0	0.41	-2.3148114e-18
8.030039992253147e-09	0.027345465	-0.012252546	0.96882737	0	0	0.41	-1.0200387e-18
8.0400296091224e-09	0.027978107	0.033235453	0.96749556	0	0	0.41	-1.0623528e-18
8.050046808285371e-09	-0.021139516	0.022709208	0.9656043	0	0	0.41	-7.269419e-19
8.060042602577605e-09	-0.029508842	-0.008638859	0.96484554	0	0	0.41	-2.3620705e-18
8.070054158080081e-09	0.0053281914	-0.024434734	0.96729314	0	0	0.41	-1.7216329e-18
8.080002355816172e-09	0.028129391	0.0130486395	0.96664757	0	0	0.41	-5.898726e-19
8.090051906575303e-09	-0.0011954613	0.013991191	0.96650606	0	0	0.41	-7.1555946e-19
8.100036341432568e-09	-0.019406559	0.021430707	0.96467453	0	0	0.41	-5.5146115e-19
8.110029164203465e-09	-0.03225135	-0.026883233	0.96167964	0	0	0.41	-1.2279706e-18
8.120062215286909e-09	0.021174062	-0.037640586	0.9631405	0	0	0.41	-3.990088e-19
8.130054121416591e-09	0.041933153	0.01899578	0.9618355	0	0	0.41	-5.439054e-19
8.140038747132789e-09	-0.007012027	0.048669275	0.9645003	0	0	0.41	-2.3900218e-19
8.150020251058671e-09	-0.060509887	-0.018827436	0.9658339	0	0	0.41	-1.9141644e-18
8.160053118213707e-09	0.03142916	-0.052552085	0.96431786	0	0	0.41	-2.804318e-19
8.170049414516317e-09	0.04912065	0.012782839	0.9641232	0	0	0.41	-1.5733965e-18
8.180016934969748e-09	-0.019404612	0.046560887	0.9666579	0	0	0.41	-2.2911888e-18
8.19002659061471e-09	-0.057132926	0.0021191337	0.964756	0	0	0.41	-1.1152548e-18
8.200025671682253e-09	-0.021873161	-0.052602235	0.9667323	0	0	0.41	-1.5982454e-18
8.210036869545652e-09	0.059119944	-0.02034151	0.96585536	0	0	0.41	-1.1581755e-18
8.220038510520542e-09	0.03116206	0.056811616	0.9644954	0	0	0.41	-1.6879252e-18
8.23001021130719e-09	-0.059808627	0.029357845	0.96449995	0	0	0.41	-1.7115431e-18
8.240040450626282e-09	-0.039887246	-0.062402293	0.963154	0	0	0.41	-1.6545239e-18
8.250034702631037e-09	0.056994352	-0.050563842	0.96235996	0	0	0.41	-1.3606149e-18
8.26001520236395e-09	0.033997353	0.052891158	0.96423733	0	0	0.41	-2.4091844e-18
8.270002022111447e-09	-0.043761913	0.028152766	0.9658515	0	0	0.41	-1.6312539e-18
8.280003599111325e-09	-0.03177579	-0.023698539	0.9662784	0	0	0.41	-1.7383155e-18
8.290048344989818e-09	0.017056638	-0.031285107	0.96703935	0	0	0.41	-2.5111404e-18
8.300052448475949e-09	0.022781318	0.019073132	0.96784264	0	0	0.41	-1.8250193e-18
8.310051502655466e-09	-0.024055514	0.02426728	0.9644649	0	0	0.41	-5.5680086e-20
8.320050020814561e-09	-0.057373438	-0.039121207	0.9645591	0	0	0.41	-1.1721608e-18
8.330023409360991e-09	0.031315837	-0.054030515	0.96353376	0	0	0.41	-1.1564482e-18
8.340018379448663e-09	0.04718944	0.013372895	0.9634813	0	0	0.41	-1.7981957e-18
8.350060493669474e-09	-0.016263114	0.06062658	0.9635897	0	0	0.41	-1.1055589e-18
8.36005719942737e-09	-0.06288892	-0.008233861	0.96305364	0	0	0.41	-1.5082933e-18
8.370030579098421e-09	-0.008323438	-0.05057882	0.96206605	0	0	0.41	-8.593445e-19
8.380028058219139e-09	0.08232109	-0.0016886202	0.96214694	0	0	0.41	-1.821305e-18
8.390012079031638e-09	-0.014114279	0.0820399	0.9626775	0	0	0.41	-2.3755587e-18
8.400020085404471e-09	-0.05981362	-0.010844543	0.96568334	0	0	0.41	-1.8799342e-18
8.410031888994887e-09	-0.0010800808	-0.044267222	0.96261054	0	0	0.41	-9.294922e-19
8.420034741163445e-09	0.040533893	0.008037753	0.9654624	0	0	0.41	-1.6033336e-18
8.430058555106942e-09	0.008768266	0.03426052	0.96687657	0	0	0.41	-1.4875162e-18
8.440008869155235e-09	-0.030326385	0.004495947	0.96624446	0	0	0.41	-7.1583776e-19
8.450004121303629e-09	-0.017313438	-0.028677536	0.96691567	0	0	0.41	-9.460815e-19
8.460046296997309e-09	0.04049294	-0.0274343	0.96484876	0	0	0.41	-2.1309843e-18
8.470048576680437e-09	0.033461176	0.058491964	0.96596146	0	0	0.41	-7.9395003e-19
8.480002830682213e-09	-0.05218923	0.013946551	0.9683193	0	0	0.41	-1.1488127e-18
8.490020996224237e-09	-0.010340271	-0.03596546	0.96652776	0	0	0.41	-1.852845e-18
8.500002593540288e-09	0.029051414	-0.012669208	0.96914554	0	0	0.41	-1.1128934e-18
8.51000248253902e-09	0.019167462	0.016965382	0.96581054	0	0	0.41	-1.8466702e-18
8.52006168759833e-09	-0.027172908	0.024648206	0.9664672	0	0	0.41	-6.5161846e-19
8.53001003467699e-09	-0.005289296	-0.030573888	0.96761423	0	0	0.41	-1.9238221e-18
8.540033109256678e-09	0.031264078	-0.020844385	0.96505165	0	0	0.41	-2.4341779e-18
8.550006278966477e-09	0.020020396	0.028573375	0.9657619	0	0	0.41	-2.2383743e-18
8.560023188693711e-09	-0.024210075	0.017429909	0.9658846	0	0	0.41	-1.5115711e-18
8.570017211215633e-09	-0.02159834	-0.031582884	0.96749485	0	0	0.41	-1.7467428e-18
8.580054857871939e-09	0.018448787	-0.0062735532	0.9657497	0	0	0.41	-1.253e-18
8.590046501472081e-09	0.0043522525	0.02367862	0.9662295	0	0	0.41	-2.429561e-18
8.600011656856456e-09	-0.022043396	-0.0067944205	0.96370226	0	0	0.41	-1.4777877e-18
8.610027463246477e-09	0.0015463688	-0.019163975	0.9659054	0	0	0.41	-1.4771559e-18
8.620053189086317e-09	0.020724664	-0.009141877	0.9665246	0	0	0.41	-7.8074466e-19
8.63005448983805e-09	0.0014577993	0.028187638	0.9658393	0	0	0.41	-1.9838945e-18
8.640019692209606e-09	-0.013634365	-0.00053284585	0.96872956	0	0	0.41	-4.856539e-19
8.650009732208965e-09	0.0005886872	-0.013414813	0.9670556	0	0	0.41	-1.7653494e-18
8.660030230651612e-09	0.0063553816	-0.0026944035	0.9671626	0	0	0.41	-1.5679957e-18
8.670039223443702e-09	-0.0007188725	0.021177817	0.9682815	0	0	0.41	-1.4535821e-18
8.680051653194591e-09	-0.022069195	-0.012932702	0.96694976	0	0	0.41	-2.0690101e-18
8.690060860921556e-09	0.01036702	-0.024533026	0.96814716	0	0	0.41	-2.3847545e-18
8.700036530629274e-09	0.027279293	-0.0032706484	0.9674076	0	0	0.41	-1.0957399e-18
8.71004769494264e-09	-0.000361644	0.016568882	0.9650315	0	0	0.41	-9.150861e-19
8.72002058553458e-09	-0.026995143	-0.011170081	0.9668021	0	0	0.41	-1.5269601e-18
8.730054485439461e-09	0.0017667403	-0.035430796	0.965132	0	0	0.41	-1.8992274e-18
8.740059868917193e-09	0.025295561	0.008813943	0.9654146	0	0	0.41	-1.9699257e-18
8.750007273504394e-09	0.00628799	0.019606719	0.9665321	0	0	0.41	-1.1506438e-18
8.760060583222441e-09	-0.019909171	0.0015277446	0.96389866	0	0	0.41	-1.2882823e-18
8.770018442359199e-09	0.0013280737	-0.010323817	0.9642372	0	0	0.41	-1.5977279e-18
8.780046377250632e-09	0.013836524	0.0076716957	0.9641655	0	0	0.41	-1.2058711e-18
8.790026208659899e-09	-0.0018065883	0.00498224	0.9638122	0	0	0.41	-1.0092202e-18
8.800004288285e-09	0.002717192	-0.0022934969	0.9620675	0	0	0.41	-1.2217519e-18
8.810005497346362e-09	-0.013357672	0.0037658955	0.9632271	0	0	0.41	-1.6343719e-18
8.82004244144591e-09	-0.010564184	-0.0038245611	0.9651184	0	0	0.41	-3.7833866e-19
8.830056701740684e-09	0.0084580965	0.00924376	0.9639336	0	0	0.41	-1.1846634e-18
8.840037864242622e-09	-0.020162962	0.005257924	0.96352667	0	0	0.41	-1.6145604e-18
8.850008146589607e-09	-0.0105833495	-0.02946362	0.9613583	0	0	0.41	-1.5594481e-18
8.860021467497465e-09	0.023036823	-0.013307676	0.9605483	0	0	0.41	-1.9023605e-18
8.87003765704825e-09	0.03256008	0.013912459	0.9601234	0	0	0.41	-1.8743065e-18
8.880042431337964e-09	-0.008458272	0.048111487	0.96065164	0	0	0.41	-1.6161493e-18
8.89000943031829e-09	-0.039198145	0.00047310468	0.96149856	0	0	0.41	-1.6297802e-18
8.900000156988772e-09	-0.01647133	-0.0367714	0.95991373	0	0	0.41	-8.3070425e-19
8.910042618447547e-09	0.030824943	-0.011571335	0.9630686	0	0	0.41	-2.2374588e-18
8.920024630646442e-09	0.016435495	0.03316672	0.9613282	0	0	0.41	-1.4299884e-18
8.930015688720188e-09	-0.019198688	0.017209703	0.96273696	0	0	0.41	-1.5727324e-18
8.940034399893488e-09	-0.027356826	-0.020607516	0.9631671	0	0	0.41	-1.6668009e-18
8.950056422138176e-09	0.026536612	-0.017439025	0.9599531	0	0	0.41	-1.3787394e-18
8.960003147705491e-09	0.02502828	0.019276032	0.96362585	0	0	0.41	-2.8960069e-18
8.970022882537652e-09	-0.03876048	0.022294628	0.9616448	0	0	0.41	-1.1810224e-18
8.980057891050746e-09	-0.017245976	-0.0482048	0.96240616	0	0	0.41	-1.3554429e-18
8.990024016373404e-09	0.04803486	-0.02860646	0.9624491	0	0	0.41	-1.7985545e-18
9.000055904620018e-09	0.021438068	0.05360807	0.9616821	0	0	0.41	-1.3858505e-18
9.010029194476269e-09	-0.04371497	0.03570915	0.9632226	0	0	0.41	-1.3489894e-18
9.020012814969186e-09	-0.03555321	-0.04219133	0.96598047	0	0	0.41	-2.5375384e-18
9.030032566395808e-09	0.03168779	-0.048375417	0.9625311	0	0	0.41	-1.2009401e-18
9.040007534617293e-09	0.04391546	0.01584738	0.96339214	0	0	0.41	-1.4844223e-18
9.05003307784194e-09	-0.005476329	0.047936548	0.96528924	0	0	0.41	-2.1699173e-18
9.060003706877248e-09	-0.05260345	-0.0033527713	0.96487015	0	0	0.41	-1.2094363e-18
9.07003744066914e-09	0.0067196246	-0.048567127	0.96828383	0	0	0.41	-1.6363234e-18
9.080023332748992e-09	0.03165426	-0.005578903	0.96706814	0	0	0.41	-1.7223764e-18
9.090025806019194e-09	-0.00896182	0.033237897	0.9661782	0	0	0.41	-1.3763489e-18
9.100026855839165e-09	-0.029388715	-0.01568566	0.96417284	0	0	0.41	-2.1496201e-18
9.110002907040822e-09	0.0038850114	-0.037419323	0.963856	0	0	0.41	-1.3440259e-18
9.120053046138896e-09	0.03166843	0.0013863853	0.9643983	0	0	0.41	-1.540046e-18
9.130059310790884e-09	0.0047656866	0.032719474	0.9649534	0	0	0.41	-1.928312e-18
9.140005815775186e-09	-0.03226723	0.0151522085	0.9644933	0	0	0.41	-1.2742241e-18
9.150063518073688e-09	0.0068665724	-0.021909388	0.9647471	0	0	0.41	-1.4588074e-18
9.160032101111662e-09	0.0274842	0.016388934	0.9642784	0	0	0.41	-2.5821617e-18
9.170049453834828e-09	-0.017042724	0.036769185	0.9644569	0	0	0.41	-1.6195363e-19
9.1800424614705e-09	-0.027308399	-0.022992194	0.96489614	0	0	0.41	-1.824536e-18
9.19002012184142e-09	0.018519785	-0.019321812	0.96632594	0	0	0.41	-2.0062627e-18
9.200031558024301e-09	0.013165416	0.01976963	0.9644709	0	0	0.41	-9.607877e-19
9.21004353692e-09	-0.022169951	0.0028898995	0.9637241	0	0	0.41	-1.8557352e-18
9.220008996179409e-09	-0.02262463	-0.011387751	0.9657092	0	0	0.41	-1.815218e-18
9.230056829458127e-09	0.01164319	-0.0356932	0.96557593	0	0	0.41	-1.0641908e-18
9.240011486060957e-09	0.03360016	0.0034296806	0.96353734	0	0	0.41	-1.5057445e-18
9.250004451284045e-09	0.0018899323	0.011477001	0.9673934	0	0	0.41	-1.6557536e-18
9.260052360572716e-09	-0.0064816023	0.010214422	0.9680075	0	0	0.41	-1.7684805e-18
9.270017936279007e-09	-0.0012487085	-0.017431827	0.9664484	0	0	0.41	-2.0414307e-18
9.280045098373707e-09	0.02626162	-0.00079020136	0.9628218	0	0	0.41	-1.2385339e-18
9.290056724237966e-09	0.0012026315	0.019741707	0.9644493	0	0	0.41	-1.9325261e-18
9.300046023239985e-09	0.008347985	-0.0010980902	0.9641697	0	0	0.41	-2.073446e-18
9.310032975117745e-09	-0.009901547	0.013375816	0.9657802	0	0	0.41	-1.8154342e-18
9.320034270162237e-09	-0.0028555682	-0.022422519	0.96357644	0	0	0.41	-1.2008523e-18
9.330012759818524e-09	0.024297995	0.0013617281	0.9648824	0	0	0.41	-2.0682386e-18
9.340063173889688e-09	-0.017724467	0.008807585	0.962422	0	0	0.41	-6.659628e-19
9.350036556060643e-09	-0.0047260257	-0.016789123	0.9660069	0	0	0.41	-6.992869e-19
9.360059141219343e-09	0.019432472	0.0016019057	0.96729463	0	0	0.41	-2.7966668e-18
9.370020953794787e-09	-0.01629408	0.017745726	0.9642395	0	0	0.41	-1.0740624e-18
9.380007614465848e-09	-0.020672617	-0.019067988	0.96485114	0	0	0.41	-1.2136769e-18
9.390000311882915e-09	0.022904223	-0.01601393	0.9663221	0	0	0.41	-1.2355817e-18
9.400059233154597e-09	0.028876774	0.014721988	0.9670646	0	0	0.41	-1.2337813e-18
9.410007777695553e-09	-0.0053170556	0.035017993	0.96423703	0	0	0.41	-5.4984706e-19
9.420040081533787e-09	-0.033735927	0.007914251	0.9674309	0	0	0.41	-1.0277386e-18
9.430004544164439e-09	-0.011514204	-0.024219528	0.96910596	0	0	0.41	-1.5752578e-18
9.440018010946522e-09	0.032118466	-0.006472261	0.96650225	0	0	0.41	-8.4382483e-19
9.450012951792393e-09	-0.0036242537	0.009837136	0.96900856	0	0	0.41	-1.5466973e-18
9.460003918449772e-09	-0.02451612	-0.009654424	0.9674047	0	0	0.41	-1.778152e-18
9.470032587491231e-09	0.0076617654	-0.027328463	0.9653753	0	0	0.41	-2.0316757e-18
9.480010284880961e-09	0.029456	-0.012527178	0.9667024	0	0	0.41	-1.9948193e-18
9.490017864357965e-09	0.016693944	0.021546857	0.96627027	0	0	0.41	-1.0175929e-18
9.500014739016863e-09	-0.01875752	0.012532405	0.9653976	0	0	0.41	-1.5356762e-18
9.510038898958038e-09	-0.0021542893	-0.020702118	0.9642706	0	0	0.41	-2.340855e-18
9.520056146582355e-09	0.02468297	-0.00016838223	0.9653024	0	0	0.41	-4.814778e-19
9.530008203860752e-09	0.004699012	0.012477542	0.9642363	0	0	0.41	-1.7655297e-18
9.540002889969743e-09	-0.01100263	0.0060140947	0.96677464	0	0	0.41	-2.6341902e-18
9.55001383618726e-09	-0.0059255566	-0.0050811158	0.9654112	0	0	0.41	-2.3769337e-18
9.560036848051788e-09	0.0077744448	-0.01088943	0.96226215	0	0	0.41	-1.6438051e-18
9.570024763389732e-09	0.0027523981	0.016066207	0.9627297	0	0	0.41	-6.3120105e-19
9.580053447213624e-09	-0.011353982	0.0069526164	0.9644393	0	0	0.41	-1.4956153e-18
9.590026346278995e-09	0.009551979	-0.00814055	0.9643102	0	0	0.41	-1.4400223e-18
9.600048470140738e-09	0.0074115107	0.020236637	0.9668052	0	0	0.41	-9.51812e-19
9.610060665906129e-09	-0.016551273	-0.00077163527	0.9678713	0	0	0.41	-7.088698e-19
9.620049460138418e-09	0.0019772793	-0.007895632	0.9692353	0	0	0.41	-2.128183e-18
9.630018959690149e-09	-0.0029815312	-0.0012271757	0.9676516	0	0	0.41	-5.99298e-19
9.640015921674485e-09	0.0045646634	0.0049995626	0.96712613	0	0	0.41	-1.5103096e-18
9.65005434399892e-09	0.005175292	0.0102461595	0.9660422	0	0	0.41	-1.764106e-18
9.66003335366633e-09	0.00715828	0.0072184643	0.9637354	0	0	0.41	-1.6670907e-18
9.670021816394341e-09	-0.01675661	-0.008617888	0.9650706	0	0	0.41	-3.9972792e-19
9.680016659360382e-09	0.013199024	-0.001645168	0.96666276	0	0	0.41	-6.594693e-19
9.690012000461506e-09	-0.00483274	0.019000815	0.96476597	0	0	0.41	-7.968753e-19
9.700035923978602e-09	-0.015109863	-0.037848637	0.9643364	0	0	0.41	-1.1501885e-18
9.710057788475656e-09	0.036815457	-0.007044032	0.96636385	0	0	0.41	-1.5043663e-18
9.720060987022085e-09	-0.017897202	0.02827441	0.96806735	0	0	0.41	-8.636605e-19
9.73000098021825e-09	-0.013313326	-0.022766344	0.9661284	0	0	0.41	-1.837981e-18
9.740042025686177e-09	0.041515097	-0.02995134	0.9633262	0	0	0.41	-5.0235444e-19
9.750040450243702e-09	0.024881227	0.054762732	0.9634377	0	0	0.41	-7.294282e-19
9.760006545770517e-09	-0.051742516	0.032402527	0.96341413	0	0	0.41	-1.6779065e-18
9.770060130707381e-09	-0.037281852	-0.048635352	0.96290565	0	0	0.41	-4.9674564e-19
9.780010696939158e-09	0.041476525	-0.04012259	0.9612754	0	0	0.41	-1.1014481e-18
9.790045637619683e-09	0.05317665	0.027340032	0.9613593	0	0	0.41	-1.3629723e-18
9.800045037151854e-09	-0.01212433	0.04388619	0.9591022	0	0	0.41	-1.334882e-18
9.81004811424389e-09	-0.04347772	0.009707261	0.962297	0	0	0.41	-2.0500005e-18
9.82006040936953e-09	-0.017024295	-0.019091278	0.96315366	0	0	0.41	-1.517144e-18
9.830041978061115e-09	0.033176914	-0.011725258	0.9630125	0	0	0.41	-1.0984509e-18
9.84002942550005e-09	0.020138059	0.02492965	0.9601616	0	0	0.41	-1.4245837e-18
9.850009756346602e-09	-0.028531766	0.028166737	0.96180534	0	0	0.41	-2.240335e-18
9.86001107911872e-09	-0.02135001	-0.03362136	0.9619595	0	0	0.41	-1.7921044e-18
9.870039158824088e-09	0.02457502	-0.017339995	0.96505105	0	0	0.41	-1.5944421e-18
9.880004364777676e-09	0.012565491	0.023771925	0.9673987	0	0	0.41	-1.8248996e-18
9.890007212651372e-09	-0.03549144	0.016957419	0.96537185	0	0	0.41	-1.6328686e-18
9.900048109367273e-09	-0.035113115	-0.026881497	0.9645133	0	0	0.41	-1.4495169e-18
9.910047677069142e-09	0.008816454	-0.038832672	0.9622003	0	0	0.41	-1.814711e-18
9.920059156741804e-09	0.0362164	0.009317016	0.9662525	0	0	0.41	-2.0321648e-18
9.930035881453777e-09	0.00053303526	0.039415184	0.96579874	0	0	0.41	-2.3515516e-18
9.940042477040206e-09	-0.026167048	-0.003651593	0.96175593	0	0	0.41	-1.0877911e-18
9.9500029220833e-09	-0.020122208	-0.02893625	0.9633323	0	0	0.41	-1.797412e-18
9.96006157081579e-09	0.02737299	-0.0064447667	0.9663068	0	0	0.41	-1.2139863e-18
9.97003622762856e-09	-0.004442152	0.038315743	0.964931	0	0	0.41	-2.7033975e-18
9.980007185387894e-09	-0.05041481	0.0017627343	0.96668977	0	0	0.41	-2.2919436e-18
9.990050987146611e-09	-0.0036039716	-0.051242426	0.9637446	0	0	0.41	-1.3310949e-18
1e-08	0.053172987	-0.014609027	0.96686816	0	0	0.41	-1.1926542e-18
