# t (s)	mx ()	my ()	mz ()	B_extx (T)	B_exty (T)	B_extz (T)	E_total (J)
0	0	0	-1	0	0	0.38	1.0996098e-18
1.0054392362585974e-11	0.00017924761	-0.005472889	-0.97749984	0	0	0.38	4.2728366e-18
2.0011954184815514e-11	0.0028168403	-0.020646006	-0.9688782	0	0	0.38	3.346857e-18
3.006398306107193e-11	0.0028646472	-0.018705081	-0.96436524	0	0	0.38	4.637432e-18
4.0040250629989104e-11	0.034164388	-0.029911647	-0.96271676	0	0	0.38	4.7434552e-18
5.0028890633732005e-11	0.01825592	-0.051260192	-0.961466	0	0	0.38	4.480024e-18
6.006117710052421e-11	0.009132664	-0.05089704	-0.9610737	0	0	0.38	4.6384335e-18
7.00630019098794e-11	0.0120816	-0.075498305	-0.9581228	0	0	0.38	5.112466e-18
8.004067958713294e-11	0.0006488385	-0.07247618	-0.95896	0	0	0.38	4.984558e-18
9.003088624467164e-11	0.0020691403	-0.06805783	-0.9570679	0	0	0.38	4.7960635e-18
1.0002487457759509e-10	-0.009481596	-0.059152104	-0.95588994	0	0	0.38	5.843633e-18
1.1005738550165481e-10	-0.012200955	-0.047084056	-0.955334	0	0	0.38	3.1806623e-18
1.2003099660056684e-10	-0.009007895	-0.048322406	-0.9565098	0	0	0.38	5.4474554e-18
1.300091162251772e-10	-0.0016815084	-0.06171092	-0.95660985	0	0	0.38	4.5705327e-18
1.4005061936313492e-10	0.0025469156	-0.06934995	-0.9521662	0	0	0.38	4.3211378e-18
1.5003898633101253e-10	-0.007412497	-0.07807258	-0.9486986	0	0	0.38	4.8490647e-18
1.6005032072783667e-10	-0.011591523	-0.08986905	-0.9508649	0	0	0.38	3.580709e-18
1.7003130586221893e-10	-0.027141428	-0.10270735	-0.9513037	0	0	0.38	4.580296e-18
1.8006183707862286e-10	-0.017375764	-0.07904359	-0.94883406	0	0	0.38	4.156194e-18
1.900525737796717e-10	-0.0061920406	-0.081272066	-0.9523033	0	0	0.38	3.7828223e-18
2.0001202698721668e-10	-0.0063205566	-0.07232275	-0.9537431	0	0	0.38	3.814871e-18
2.1001371700890775e-10	-0.021448037	-0.07137503	-0.9536908	0	0	0.38	4.551953e-18
2.2001984230662945e-10	-0.029406032	-0.06528598	-0.9537647	0	0	0.38	4.3998965e-18
2.3003130382855644e-10	-0.024793945	-0.054054245	-0.95577776	0	0	0.38	3.8809573e-18
2.400516823932497e-10	-0.033598144	-0.059336722	-0.9587055	0	0	0.38	3.3242184e-18
2.500172410183302e-10	-0.042909905	-0.046731494	-0.9595125	0	0	0.38	4.3693384e-18
2.6003826332087737e-10	-0.047218967	-0.0302779	-0.9564344	0	0	0.38	4.785471e-18
2.7002745034333885e-10	-0.037410233	-0.034515314	-0.9505322	0	0	0.38	4.3646776e-18
2.800343294657062e-10	-0.05674566	-0.038132213	-0.95478696	0	0	0.38	3.999358e-18
2.900420121888987e-10	-0.04561136	-0.043818377	-0.9502914	0	0	0.38	5.0358793e-18
3.0002115011862413e-10	-0.043629743	-0.02817698	-0.9540701	0	0	0.38	5.549172e-18
3.1001626150437706e-10	-0.05517414	-0.034683738	-0.9525354	0	0	0.38	3.892711e-18
3.2000994526672917e-10	-0.07485955	-0.0172455	-0.9496348	0	0	0.38	4.0760313e-18
3.300048311719707e-10	-0.07933264	-0.019815082	-0.9491931	0	0	0.38	3.7543313e-18
3.4001976105019993e-10	-0.07093324	-0.01999336	-0.95054644	0	0	0.38	3.7661827e-18
3.500603468423816e-10	-0.048579004	-0.028297057	-0.95273954	0	0	0.38	5.579119e-18
3.6001838408562716e-10	-0.0428302	-0.015100664	-0.9553644	0	0	0.38	4.768129e-18
3.7000391765622954e-10	-0.056289833	-0.010738367	-0.9561067	0	0	0.38	3.9386776e-18
3.8000279219817726e-10	-0.06749637	0.005649717	-0.95312935	0	0	0.38	4.6056552e-18
3.900507095544497e-10	-0.06519756	0.013654034	-0.9529965	0	0	0.38	5.3272173e-18
4.000348878973489e-10	-0.07168862	0.0049942057	-0.95054954	0	0	0.38	4.5054026e-18
4.100514947113695e-10	-0.06527849	0.02224404	-0.95284164	0	0	0.38	3.9207174e-18
4.200352176099736e-10	-0.04621112	0.027685367	-0.95340747	0	0	0.38	4.832352e-18
4.300529705892359e-10	-0.040741153	0.008652354	-0.95572364	0	0	0.38	3.8313984e-18
4.4004052062171004e-10	-0.054927394	0.0010347108	-0.9549405	0	0	0.38	4.6267686e-18
4.500182425523015e-10	-0.051328305	0.0061833276	-0.958429	0	0	0.38	4.8211937e-18
4.600153254521511e-10	-0.05942791	0.019220952	-0.9593097	0	0	0.38	4.0919537e-18
4.700080379452724e-10	-0.042032283	0.042752232	-0.95525223	0	0	0.38	4.307563e-18
4.800362269837441e-10	-0.051919386	0.05183615	-0.95453477	0	0	0.38	4.1226727e-18
4.900310004220992e-10	-0.038222976	0.061026514	-0.9551982	0	0	0.38	4.155521e-18
5.000495028565822e-10	-0.03553327	0.063533016	-0.9545052	0	0	0.38	3.7298604e-18
5.100335265045179e-10	-0.006766827	0.06489538	-0.95673877	0	0	0.38	5.5965824e-18
5.20008821390724e-10	0.002441068	0.06299091	-0.95686895	0	0	0.38	4.947169e-18
5.300184867323292e-10	0.00375309	0.039535295	-0.9576202	0	0	0.38	5.329805e-18
5.400151483350617e-10	-0.0068772933	0.033478897	-0.95813656	0	0	0.38	3.9193004e-18
5.500171069558372e-10	-0.026703943	0.033676624	-0.9563648	0	0	0.38	3.6088294e-18
5.600154570767955e-10	-0.030597374	0.041342758	-0.9528562	0	0	0.38	4.98292e-18
5.700300359533472e-10	-0.028861325	0.043414388	-0.952838	0	0	0.38	5.3689795e-18
5.800265148983203e-10	-0.021681922	0.04526302	-0.95645124	0	0	0.38	3.863955e-18
5.900449982753084e-10	-0.005821721	0.04549314	-0.9547226	0	0	0.38	5.0186706e-18
6.000588658915383e-10	-0.009630811	0.035461858	-0.9564231	0	0	0.38	3.412958e-18
6.10015845179177e-10	0.0039926963	0.022550203	-0.95190793	0	0	0.38	5.0841283e-18
6.200407105104606e-10	0.003228291	0.005731348	-0.9500839	0	0	0.38	4.8665955e-18
6.300550671314792e-10	0.017940301	0.007140004	-0.95212364	0	0	0.38	4.0514595e-18
6.400013139204342e-10	0.0053757965	0.0032018817	-0.95211154	0	0	0.38	4.521313e-18
6.50034278791915e-10	0.004173039	0.01375108	-0.9525592	0	0	0.38	4.1927858e-18
6.600193967638441e-10	0.009285123	-0.0069606574	-0.946643	0	0	0.38	3.9789034e-18
6.700517977484617e-10	0.02534583	-0.035829403	-0.94381446	0	0	0.38	4.908619e-18
6.800382728194187e-10	0.01371296	-0.02691882	-0.9447954	0	0	0.38	4.465508e-18
6.900605638036973e-10	0.011601908	-0.020975264	-0.95164376	0	0	0.38	5.901587e-18
7.000157570584716e-10	-0.0013582789	-0.027926497	-0.9489993	0	0	0.38	4.6851973e-18
7.100053981788153e-10	0.002128088	-0.012717368	-0.94557095	0	0	0.38	4.2617052e-18
7.200403282140732e-10	0.0019287977	-0.013947191	-0.9466357	0	0	0.38	3.7568753e-18
7.300238997305429e-10	0.0026612224	0.0037396082	-0.94619733	0	0	0.38	4.590634e-18
7.400065290254712e-10	0.015922925	0.024919081	-0.9480986	0	0	0.38	4.4493665e-18
7.500606307691581e-10	0.036999114	0.025193313	-0.94775754	0	0	0.38	4.7305934e-18
7.600662076368583e-10	0.03629246	0.012163948	-0.9476398	0	0	0.38	4.7056055e-18
7.700332107351566e-10	0.04030472	0.010510827	-0.9450748	0	0	0.38	4.4419243e-18
7.80013694566746e-10	0.024169829	0.024693705	-0.9485422	0	0	0.38	4.1118147e-18
7.900633873007995e-10	0.03501753	0.020843606	-0.94783217	0	0	0.38	4.129438e-18
8.000403036298046e-10	0.033962984	-0.002529581	-0.94786984	0	0	0.38	4.6810862e-18
8.100104758867094e-10	0.028166529	0.02780764	-0.951044	0	0	0.38	5.047407e-18
8.20060196377597e-10	0.03320098	0.032686774	-0.9490258	0	0	0.38	4.1304e-18
8.300462464331052e-10	0.03242284	0.054844476	-0.9506661	0	0	0.38	4.4315192e-18
8.400404924818395e-10	0.0573069	0.048357293	-0.9487591	0	0	0.38	4.421354e-18
8.500135531989846e-10	0.06856241	0.037275586	-0.94879645	0	0	0.38	4.8189677e-18
8.600484484354848e-10	0.055474773	0.03134837	-0.95176256	0	0	0.38	3.6973352e-18
8.700296244441604e-10	0.05496986	0.040766425	-0.9515203	0	0	0.38	4.1749042e-18
8.800359013268633e-10	0.062762685	0.031126093	-0.95323354	0	0	0.38	4.87049e-18
8.900426947131116e-10	0.06444252	0.02264861	-0.9534975	0	0	0.38	4.800585e-18
9.000314968678303e-10	0.05837782	0.0141862575	-0.9534692	0	0	0.38	4.315163e-18
9.100357511211683e-10	0.032039322	0.017641257	-0.95269233	0	0	0.38	5.0878084e-18
9.200598630252213e-10	0.028895075	0.034195695	-0.95169353	0	0	0.38	6.330574e-18
9.300113273261185e-10	0.012980896	0.035471644	-0.95651543	0	0	0.38	4.3117497e-18
9.400029902759513e-10	0.03521616	0.0336608	-0.95872575	0	0	0.38	5.0482456e-18
9.500245072542916e-10	0.032516737	-0.003986024	-0.95538104	0	0	0.38	4.830007e-18
9.600592009814052e-10	0.026748728	-0.012217804	-0.95339614	0	0	0.38	4.1553956e-18
9.7003867580913e-10	0.027324198	-0.02980882	-0.9511346	0	0	0.38	3.6145373e-18
9.800047591191575e-10	0.012653797	-0.036922853	-0.9543517	0	0	0.38	3.962617e-18
9.900322729821399e-10	0.0019594578	-0.02972631	-0.9532749	0	0	0.38	4.3403953e-18
1.000009774703985e-09	-0.0014242445	-0.020990057	-0.95234424	0	0	0.38	5.140571e-18
1.0100056692549088e-09	0.0048217666	-0.027591238	-0.9521363	0	0	0.38	5.533048e-18
1.0200602992912607e-09	-0.0020576974	-0.012834089	-0.95385164	0	0	0.38	5.5001865e-18
1.0300254044754148e-09	0.010802122	-0.025909593	-0.95227313	0	0	0.38	5.1728753e-18
1.0400500093275117e-09	0.033282492	-0.04430784	-0.9507375	0	0	0.38	4.1135212e-18
1.050040037692635e-09	0.022387099	-0.05153976	-0.95249945	0	0	0.38	4.927015e-18
1.0600053048474429e-09	0.0212256	-0.07335098	-0.9501391	0	0	0.38	5.036276e-18
1.0700507456967553e-09	0.006796299	-0.081594855	-0.9516553	0	0	0.38	5.263279e-18
1.0800223553537227e-09	0.0011102202	-0.06726746	-0.9533571	0	0	0.38	4.4015807e-18
1.0900152979369558e-09	0.0027696558	-0.06700833	-0.9526213	0	0	0.38	5.2281405e-18
1.100006255903599e-09	0.00093441294	-0.056968242	-0.9538968	0	0	0.38	4.2041314e-18
1.1100473589783649e-09	0.017864378	-0.07187995	-0.94835854	0	0	0.38	4.6881983e-18
1.1200504998185584e-09	0.01340708	-0.06438958	-0.9501622	0	0	0.38	4.7334997e-18
1.1300327161705667e-09	0.018358923	-0.070744604	-0.9491206	0	0	0.38	4.793421e-18
1.1400514623859432e-09	0.022131234	-0.06982344	-0.94852495	0	0	0.38	5.0790614e-18
1.150057414335913e-09	0.009514785	-0.07994032	-0.9510116	0	0	0.38	4.5325093e-18
1.1600195109682302e-09	-0.020853572	-0.090034276	-0.9521151	0	0	0.38	4.1740084e-18
1.1700294167555948e-09	-0.022940852	-0.08523167	-0.95140374	0	0	0.38	4.4318584e-18
1.1800604791689528e-09	-0.03451301	-0.096243665	-0.9449604	0	0	0.38	4.1858313e-18
1.1900299189556619e-09	-0.010462499	-0.104494065	-0.94499874	0	0	0.38	3.765049e-18
1.2000154586549183e-09	-0.015371093	-0.09936456	-0.9461706	0	0	0.38	4.2832368e-18
1.2100140000039205e-09	-0.018283091	-0.10462017	-0.9486105	0	0	0.38	4.4095046e-18
1.2200514656814572e-09	-0.023002435	-0.10928759	-0.95266515	0	0	0.38	4.809353e-18
1.2300548448212689e-09	-0.012415778	-0.09617011	-0.9550078	0	0	0.38	4.206217e-18
1.2400326607507203e-09	-0.012719051	-0.07303049	-0.9584258	0	0	0.38	3.5451278e-18
1.250002475038874e-09	-0.033741616	-0.07624623	-0.9563236	0	0	0.38	4.803694e-18
1.2600497733795217e-09	-0.01930651	-0.062392306	-0.9562948	0	0	0.38	4.101701e-18
1.2700291747007399e-09	-0.00037606948	-0.05726386	-0.95803094	0	0	0.38	4.6587093e-18
1.2800151040810893e-09	0.00059517735	-0.05312729	-0.9539577	0	0	0.38	4.174546e-18
1.290062196572048e-09	-0.016342325	-0.050741307	-0.95662594	0	0	0.38	4.385625e-18
1.3000186127793348e-09	-0.014385952	-0.053999614	-0.9573943	0	0	0.38	3.68194e-18
1.3100279488706909e-09	-0.037725773	-0.06777645	-0.9502181	0	0	0.38	4.9989047e-18
1.320048321636724e-09	-0.038194284	-0.055279557	-0.9482762	0	0	0.38	4.485842e-18
1.3300317500071925e-09	-0.03540804	-0.048522025	-0.95185226	0	0	0.38	5.1362763e-18
1.3400068512514292e-09	-0.022336744	-0.021917049	-0.95392054	0	0	0.38	5.215185e-18
1.3500521213702708e-09	-0.0246379	-0.03651594	-0.95211595	0	0	0.38	5.0009375e-18
1.3600169954526475e-09	-0.013960918	-0.03530355	-0.9508646	0	0	0.38	3.982876e-18
1.3700502915803653e-09	-0.022599885	-0.031487092	-0.95211095	0	0	0.38	3.8719646e-18
1.3800257187569918e-09	-0.021000447	-0.028711615	-0.95079035	0	0	0.38	3.731926e-18
1.3900364585568277e-09	-0.02398428	-0.028918393	-0.9548224	0	0	0.38	6.1081643e-18
1.4000435017676938e-09	-0.03174937	-0.015958132	-0.95210737	0	0	0.38	4.578855e-18
1.410002310330892e-09	-0.013232001	-0.0048469375	-0.9524016	0	0	0.38	4.172345e-18
1.4200127377274352e-09	-0.022262054	-0.006839645	-0.95288336	0	0	0.38	4.5061508e-18
1.430017790717905e-09	-0.023049058	0.0050910893	-0.9549381	0	0	0.38	4.8589193e-18
1.4400554950398291e-09	-0.0018348271	0.0020463008	-0.95698583	0	0	0.38	4.401358e-18
1.4500395780025353e-09	0.017175933	0.018712131	-0.9562677	0	0	0.38	4.4881492e-18
1.4600017376256573e-09	0.028938709	0.031018332	-0.9509744	0	0	0.38	5.573714e-18
1.4700193600648788e-09	0.02021906	0.019257389	-0.95241004	0	0	0.38	5.310855e-18
1.480044338575996e-09	0.014876083	0.009393662	-0.95516413	0	0	0.38	4.2048428e-18
1.49005158531468e-09	-0.0064866557	0.0039809514	-0.95686114	0	0	0.38	4.6811247e-18
1.50004433575703e-09	-0.0013478624	0.010884083	-0.96011215	0	0	0.38	3.8912805e-18
1.510047864761029e-09	-0.01967786	-0.000341363	-0.95912343	0	0	0.38	4.1258445e-18
1.5200428464517932e-09	-0.039266024	0.008015957	-0.9553992	0	0	0.38	4.007709e-18
1.530008593238342e-09	-0.0296607	0.022914074	-0.95579964	0	0	0.38	4.5703412e-18
1.5400342531103972e-09	-0.031461947	0.02103872	-0.95707273	0	0	0.38	5.190101e-18
1.550010950697852e-09	-0.038948506	0.02859454	-0.95534915	0	0	0.38	4.623553e-18
1.5600181199999012e-09	-0.022555318	0.024732014	-0.9558405	0	0	0.38	4.7184032e-18
1.5700606433767572e-09	-0.032613173	0.052573673	-0.9529924	0	0	0.38	4.7821847e-18
1.580024360388231e-09	-0.036964826	0.06140059	-0.9520139	0	0	0.38	4.043535e-18
1.5900272710414456e-09	-0.027797464	0.049405877	-0.9514433	0	0	0.38	4.2785897e-18
1.6000565748569274e-09	-0.03596202	0.041850373	-0.94938254	0	0	0.38	4.0078766e-18
1.6100117112900215e-09	-0.03492937	0.04550163	-0.953299	0	0	0.38	4.918076e-18
1.6200186414987366e-09	-0.03398546	0.06413993	-0.94997644	0	0	0.38	4.8199165e-18
1.6300080932043625e-09	-0.020724569	0.053276982	-0.9485759	0	0	0.38	5.16848e-18
1.6400326727629186e-09	-0.013490195	0.059159003	-0.951218	0	0	0.38	4.4124163e-18
1.6500626617267133e-09	-0.023713056	0.06895652	-0.9519585	0	0	0.38	3.6206705e-18
1.6600386870912584e-09	-0.01635915	0.071894854	-0.9513222	0	0	0.38	4.1894006e-18
1.670008217608593e-09	-0.0032562083	0.073399864	-0.94612473	0	0	0.38	4.3446586e-18
1.6800153375115465e-09	0.0075001037	0.07649914	-0.9427624	0	0	0.38	4.6145387e-18
1.6900089496091786e-09	0.01504083	0.08949526	-0.9418601	0	0	0.38	3.7772024e-18
1.7000533400568587e-09	0.014303968	0.083558775	-0.9423332	0	0	0.38	4.564861e-18
1.7100152024941815e-09	0.020966271	0.06890411	-0.9431261	0	0	0.38	4.198402e-18
1.72004972122185e-09	0.022811964	0.0671145	-0.9396392	0	0	0.38	5.3805373e-18
1.730059695477372e-09	0.031460956	0.07990876	-0.9445561	0	0	0.38	3.1762187e-18
1.7400383791585676e-09	0.029825013	0.069448024	-0.94222885	0	0	0.38	4.7263533e-18
1.750001808450332e-09	0.013208982	0.07351929	-0.9488473	0	0	0.38	4.99354e-18
1.7600193653514534e-09	0.008904523	0.071614735	-0.9473292	0	0	0.38	4.9644775e-18
1.7700006310668556e-09	0.014619019	0.058004178	-0.95219076	0	0	0.38	4.8796294e-18
1.7800056109988066e-09	0.022260359	0.04285433	-0.95861864	0	0	0.38	4.6523686e-18
1.7900640501220786e-09	0.036341004	0.029417975	-0.95275277	0	0	0.38	4.565783e-18
1.8000567203981236e-09	0.039887864	0.0138427755	-0.95123816	0	0	0.38	5.3584235e-18
1.8100113738933079e-09	0.04059373	0.021040259	-0.9502684	0	0	0.38	4.5655034e-18
1.8200441973655192e-09	0.046210453	0.024159694	-0.9488624	0	0	0.38	3.8029484e-18
1.8300117010386112e-09	0.055995107	0.010171423	-0.94273007	0	0	0.38	4.7543546e-18
1.840026318487453e-09	0.05340099	-0.0074090087	-0.94218946	0	0	0.38	4.2508357e-18
1.8500247643787208e-09	0.044327993	-0.004844178	-0.9387359	0	0	0.38	4.4146096e-18
1.860028558603697e-09	0.051625796	0.0026993118	-0.9436892	0	0	0.38	3.8110407e-18
1.8700589045145596e-09	0.061978176	-0.0044446248	-0.94298476	0	0	0.38	4.6874903e-18
1.8800158832438923e-09	0.075130165	-0.009110023	-0.94446146	0	0	0.38	5.0694215e-18
1.8900644362134425e-09	0.0876612	-0.02652156	-0.9413417	0	0	0.38	5.344202e-18
1.9000068567767712e-09	0.09320228	-0.036185395	-0.94552636	0	0	0.38	4.864776e-18
1.9100082725819616e-09	0.09663125	-0.04392678	-0.9471564	0	0	0.38	4.0966087e-18
1.9200346983988677e-09	0.08106469	-0.057755776	-0.94648105	0	0	0.38	3.3414197e-18
1.9300070799661913e-09	0.08234981	-0.05266073	-0.9428505	0	0	0.38	4.0869505e-18
1.9400084246314e-09	0.0862481	-0.06493273	-0.9344709	0	0	0.38	4.769455e-18
1.9500529795269684e-09	0.07830207	-0.053112	-0.9341426	0	0	0.38	3.8237578e-18
1.9600641097404893e-09	0.08719692	-0.056713782	-0.93078613	0	0	0.38	4.382684e-18
1.9700628098526903e-09	0.065937966	-0.07109819	-0.9320733	0	0	0.38	3.9438855e-18
1.9800284629577195e-09	0.06789992	-0.06762008	-0.93922716	0	0	0.38	4.5530908e-18
1.9900594499190127e-09	0.089947574	-0.07188396	-0.9427505	0	0	0.38	4.59103e-18
2.000032458157403e-09	0.08077193	-0.099423096	-0.9404954	0	0	0.38	3.9614958e-18
2.0100586350671946e-09	0.057231452	-0.08779209	-0.9438238	0	0	0.38	3.7740963e-18
2.020036491885643e-09	0.051953763	-0.09365287	-0.9433286	0	0	0.38	5.3903154e-18
2.0300084399124195e-09	0.052360717	-0.10172545	-0.9438272	0	0	0.38	5.337313e-18
2.0400208912004866e-09	0.055195373	-0.10649314	-0.9378918	0	0	0.38	4.2297967e-18
2.050062822836078e-09	0.041982614	-0.10269893	-0.9397338	0	0	0.38	3.843405e-18
2.0600172605105837e-09	0.042623274	-0.10098228	-0.9366044	0	0	0.38	5.1644252e-18
2.0700611859210015e-09	0.04289566	-0.117919065	-0.9292488	0	0	0.38	5.1751004e-18
2.080009234271801e-09	0.035614043	-0.10359842	-0.9340163	0	0	0.38	4.6602797e-18
2.0900599176140817e-09	0.04595044	-0.12268714	-0.9323092	0	0	0.38	4.2756726e-18
2.1000464026147577e-09	0.020200297	-0.13280942	-0.93008286	0	0	0.38	5.2885577e-18
2.1100416694447774e-09	0.011593133	-0.13355923	-0.9285716	0	0	0.38	5.013211e-18
2.120046044944678e-09	0.009608875	-0.13232552	-0.93157464	0	0	0.38	4.155082e-18
2.1300311198315595e-09	0.006758753	-0.11300457	-0.93476456	0	0	0.38	4.067484e-18
2.140059620622556e-09	0.0050850925	-0.09693357	-0.94051886	0	0	0.38	4.0636067e-18
2.150014959111613e-09	0.018119037	-0.091067486	-0.9443497	0	0	0.38	3.937833e-18
2.1600606069049095e-09	0.026675245	-0.1021474	-0.9407299	0	0	0.38	4.626809e-18
2.170004242868547e-09	0.03297799	-0.106951475	-0.9391903	0	0	0.38	4.867152e-18
2.1800568596914563e-09	0.032431338	-0.10333997	-0.93225855	0	0	0.38	4.6936556e-18
2.1900481288689666e-09	0.024482341	-0.10758446	-0.93405676	0	0	0.38	3.8543486e-18
2.200009477518518e-09	0.0065497365	-0.11790733	-0.9287707	0	0	0.38	6.0546023e-18
2.210009708253842e-09	-0.019591322	-0.115127556	-0.9301951	0	0	0.38	5.0471885e-18
2.2200313390754987e-09	-0.042921696	-0.10066842	-0.92804503	0	0	0.38	4.2147454e-18
2.230061689470513e-09	-0.050099127	-0.10248734	-0.9310695	0	0	0.38	3.610626e-18
2.2400339858785726e-09	-0.0494739	-0.09969282	-0.9270967	0	0	0.38	5.745217e-18
2.250004376381882e-09	-0.051903713	-0.08922436	-0.9330857	0	0	0.38	4.058597e-18
2.260035808074212e-09	-0.06886511	-0.09715269	-0.9298737	0	0	0.38	4.474992e-18
2.2700140203162334e-09	-0.07599536	-0.08378791	-0.93324256	0	0	0.38	3.7685906e-18
2.2800515390447723e-09	-0.07720807	-0.114132	-0.9315332	0	0	0.38	4.1710483e-18
2.2900520461188212e-09	-0.092037044	-0.108349845	-0.9287532	0	0	0.38	4.678453e-18
2.3000229468200917e-09	-0.12266234	-0.10069209	-0.9305984	0	0	0.38	4.627647e-18
2.3100496786234607e-09	-0.12075429	-0.10236941	-0.93370485	0	0	0.38	3.774622e-18
2.320013429633679e-09	-0.14050096	-0.07754337	-0.9360876	0	0	0.38	4.5129357e-18
2.330026525597135e-09	-0.15238842	-0.064103946	-0.9317794	0	0	0.38	4.4747526e-18
2.340041467807361e-09	-0.14466585	-0.06639667	-0.9332567	0	0	0.38	3.760425e-18
2.350043658097129e-09	-0.15067348	-0.074517846	-0.9331014	0	0	0.38	3.9921097e-18
2.360012945996999e-09	-0.14677958	-0.056070317	-0.9309939	0	0	0.38	4.41684e-18
2.370055774799804e-09	-0.13983896	-0.050751925	-0.9358363	0	0	0.38	4.277236e-18
2.380020763783874e-09	-0.12964076	-0.053160924	-0.937078	0	0	0.38	4.460157e-18
2.3900347497227643e-09	-0.14473689	-0.04926187	-0.9346416	0	0	0.38	5.5159704e-18
2.4000059871366634e-09	-0.13987406	-0.049407244	-0.9375011	0	0	0.38	4.9836995e-18
2.4100359041478773e-09	-0.13674474	-0.057405043	-0.9377813	0	0	0.38	4.5311333e-18
2.4200241634463297e-09	-0.15106073	-0.048032004	-0.94196534	0	0	0.38	3.5029693e-18
2.4300420776417657e-09	-0.13123092	-0.016586602	-0.94256395	0	0	0.38	5.015942e-18
2.4400628759980757e-09	-0.116701186	0.0041752355	-0.94326013	0	0	0.38	3.9372424e-18
2.450039099025635e-09	-0.105390236	0.008986509	-0.9444292	0	0	0.38	4.571498e-18
2.4600045059696702e-09	-0.11454755	0.01753488	-0.944543	0	0	0.38	4.340918e-18
2.470006379666013e-09	-0.103508234	0.007432143	-0.94237703	0	0	0.38	4.3841635e-18
2.4800104539890592e-09	-0.10789313	0.017783932	-0.943776	0	0	0.38	4.2742784e-18
2.490064734348803e-09	-0.11916787	0.041044977	-0.94234085	0	0	0.38	4.051165e-18
2.500029301137967e-09	-0.106236786	0.04068124	-0.95096236	0	0	0.38	4.1943376e-18
2.5100121479675423e-09	-0.10163261	0.055651903	-0.9506412	0	0	0.38	4.3118506e-18
2.520051006627198e-09	-0.09690592	0.06967045	-0.9425794	0	0	0.38	4.0159375e-18
2.530026717774312e-09	-0.094430424	0.06784296	-0.9404802	0	0	0.38	5.3626235e-18
2.540048465280735e-09	-0.09108706	0.051461685	-0.94046855	0	0	0.38	4.5814883e-18
2.5500314874085308e-09	-0.08392295	0.050353933	-0.9440327	0	0	0.38	4.53095e-18
2.5600028472073038e-09	-0.08251611	0.043448452	-0.9417293	0	0	0.38	5.509498e-18
2.570057673963459e-09	-0.09313256	0.027338214	-0.94134384	0	0	0.38	4.6950035e-18
2.580012147461531e-09	-0.092705674	0.039404955	-0.9385272	0	0	0.38	4.0780575e-18
2.5900073843872735e-09	-0.10049384	0.051651716	-0.94029295	0	0	0.38	4.9778737e-18
2.600040990069597e-09	-0.10683911	0.06557264	-0.9359617	0	0	0.38	4.0390526e-18
2.6100259748762686e-09	-0.10584177	0.07609512	-0.9325149	0	0	0.38	3.8664804e-18
2.620010094202688e-09	-0.11588931	0.104052015	-0.93060386	0	0	0.38	4.0071007e-18
2.630001259656124e-09	-0.11159486	0.11209293	-0.9310301	0	0	0.38	4.2023186e-18
2.640010637116479e-09	-0.114973456	0.11994598	-0.92506033	0	0	0.38	4.1384173e-18
2.6500107152717917e-09	-0.123012066	0.11707828	-0.9242122	0	0	0.38	4.0204208e-18
2.6600006225543836e-09	-0.14709882	0.097370856	-0.9297506	0	0	0.38	3.991426e-18
2.6700528032542807e-09	-0.12673472	0.10307179	-0.9320094	0	0	0.38	4.655887e-18
2.680021926082791e-09	-0.12852876	0.11074782	-0.93078434	0	0	0.38	4.375465e-18
2.690028205072469e-09	-0.13034348	0.1113705	-0.9320886	0	0	0.38	5.052134e-18
2.70001206534326e-09	-0.12677135	0.10563729	-0.93110305	0	0	0.38	4.9148603e-18
2.710022597680482e-09	-0.11018002	0.13449253	-0.9344482	0	0	0.38	4.076641e-18
2.7200521862792336e-09	-0.07916933	0.14605927	-0.9345338	0	0	0.38	5.231302e-18
2.7300151316274453e-09	-0.08022613	0.12997614	-0.9333744	0	0	0.38	4.6781774e-18
2.740006506360621e-09	-0.08460696	0.14573084	-0.93357587	0	0	0.38	4.476867e-18
2.7500638680544865e-09	-0.07491568	0.13853952	-0.9329096	0	0	0.38	4.619394e-18
2.7600417573016553e-09	-0.06449456	0.13002981	-0.93240434	0	0	0.38	4.1214787e-18
2.770062773456294e-09	-0.07099202	0.14448775	-0.93040717	0	0	0.38	3.330801e-18
2.780024673591133e-09	-0.07397172	0.14699596	-0.9293726	0	0	0.38	4.2824513e-18
2.790007027411741e-09	-0.081742115	0.1544628	-0.92647827	0	0	0.38	4.7040943e-18
2.800013848432296e-09	-0.089378394	0.17299272	-0.9265992	0	0	0.38	5.079188e-18
2.8100620869020743e-09	-0.094484754	0.17890087	-0.92199224	0	0	0.38	4.705997e-18
2.8200259445205325e-09	-0.07916309	0.18389434	-0.9261938	0	0	0.38	4.922483e-18
2.830052002818812e-09	-0.06225762	0.1885571	-0.93086356	0	0	0.38	3.4706124e-18
2.8400265621061724e-09	-0.050101224	0.20691809	-0.9276843	0	0	0.38	4.2295097e-18
2.8500044863787507e-09	-0.04976278	0.2202207	-0.9228083	0	0	0.38	3.5246563e-18
2.8600302580357294e-09	-0.04731517	0.20923272	-0.9247175	0	0	0.38	4.6982932e-18
2.870058333758448e-09	-0.055657446	0.21051194	-0.9213505	0	0	0.38	4.978653e-18
2.880018131111862e-09	-0.04227755	0.20952585	-0.91942924	0	0	0.38	5.773928e-18
2.890055513472708e-09	-0.035474095	0.20368153	-0.9262014	0	0	0.38	4.1182907e-18
2.9000299426987898e-09	-0.025856417	0.20090954	-0.9287959	0	0	0.38	4.1231984e-18
2.9100000993607347e-09	-0.011671863	0.21236911	-0.92362475	0	0	0.38	4.0925555e-18
2.9200153621858624e-09	-0.009783815	0.22427668	-0.9220201	0	0	0.38	5.473599e-18
2.9300409120768057e-09	-0.0015509106	0.24258962	-0.9174456	0	0	0.38	5.4550754e-18
2.9400645097948186e-09	0.0148285795	0.24490595	-0.9129169	0	0	0.38	3.9461007e-18
2.9500390485375587e-09	0.023381134	0.23354697	-0.91390437	0	0	0.38	4.879832e-18
2.960037075395855e-09	0.033267464	0.21602488	-0.91549903	0	0	0.38	4.206368e-18
2.970049645530016e-09	0.039800964	0.21374185	-0.9171777	0	0	0.38	4.9659937e-18
2.980036865344426e-09	0.033482842	0.21600768	-0.91524094	0	0	0.38	5.346294e-18
2.9900428556930394e-09	0.046373535	0.23339194	-0.9127688	0	0	0.38	4.2335033e-18
3.000055447433888e-09	0.052331172	0.24192941	-0.90874004	0	0	0.38	4.4481724e-18
3.0100279289696575e-09	0.053374793	0.23698941	-0.91281	0	0	0.38	4.3675455e-18
3.020016169818444e-09	0.07549246	0.24404135	-0.9033591	0	0	0.38	3.9501493e-18
3.030057502747086e-09	0.08615725	0.23437925	-0.90269035	0	0	0.38	3.5924863e-18
3.0400330225980247e-09	0.08749916	0.23834614	-0.9054609	0	0	0.38	3.8357337e-18
3.0500174715205473e-09	0.11235911	0.23678239	-0.90764457	0	0	0.38	3.5087227e-18
3.0600018312321094e-09	0.13225621	0.2367491	-0.8998432	0	0	0.38	5.0053605e-18
3.0700015919017075e-09	0.11570032	0.22175662	-0.90516037	0	0	0.38	4.493632e-18
3.080059227527887e-09	0.122792624	0.20595104	-0.91014713	0	0	0.38	4.978106e-18
3.090029046412155e-09	0.11522412	0.21063203	-0.913546	0	0	0.38	4.0559317e-18
3.1000605667342037e-09	0.11421822	0.20892607	-0.9125223	0	0	0.38	4.026329e-18
3.110041238406128e-09	0.117606334	0.21722774	-0.9151506	0	0	0.38	3.928485e-18
3.120058962101048e-09	0.12460537	0.22197682	-0.9121408	0	0	0.38	5.187372e-18
3.130005148572158e-09	0.12754557	0.20658197	-0.91355556	0	0	0.38	3.9632514e-18
3.140007685254639e-09	0.12378303	0.21396247	-0.91132265	0	0	0.38	4.436967e-18
3.1500579389031247e-09	0.13352914	0.22173391	-0.9026357	0	0	0.38	4.3033894e-18
3.1600083162837795e-09	0.12684667	0.23665474	-0.90079683	0	0	0.38	4.4691253e-18
3.1700458285432858e-09	0.1289223	0.2327378	-0.9003138	0	0	0.38	4.61378e-18
3.1800312875156093e-09	0.11132347	0.21481554	-0.91262186	0	0	0.38	5.5322605e-18
3.190061565518448e-09	0.09408421	0.20147984	-0.9178116	0	0	0.38	4.8062705e-18
3.200048475077431e-09	0.08459967	0.18396755	-0.92434365	0	0	0.38	4.4703678e-18
3.2100229259534594e-09	0.09296267	0.1812279	-0.9278291	0	0	0.38	3.9955243e-18
3.2200439453871723e-09	0.07784821	0.19248536	-0.93080753	0	0	0.38	4.293898e-18
3.2300539911896973e-09	0.09652468	0.2102168	-0.9239102	0	0	0.38	5.0093582e-18
3.2400463761607005e-09	0.11225898	0.2077052	-0.9242952	0	0	0.38	4.405912e-18
3.2500517921573125e-09	0.13410349	0.19707036	-0.92464495	0	0	0.38	3.8519018e-18
3.2600400689296903e-09	0.13949801	0.18814401	-0.92688227	0	0	0.38	4.4657686e-18
3.2700356803775163e-09	0.14977123	0.16044326	-0.93069667	0	0	0.38	4.3923944e-18
3.280024203736613e-09	0.1675905	0.13459404	-0.9259944	0	0	0.38	4.5706423e-18
3.2900570612756703e-09	0.1494642	0.12229359	-0.93149686	0	0	0.38	5.00484e-18
3.3000491840961455e-09	0.16591366	0.12822628	-0.92315763	0	0	0.38	4.651578e-18
3.3100013616956634e-09	0.15877905	0.14620282	-0.9249069	0	0	0.38	4.7586373e-18
3.320064311972672e-09	0.15496586	0.15121016	-0.92263025	0	0	0.38	3.8194457e-18
3.330011356859682e-09	0.16754027	0.12779526	-0.9255093	0	0	0.38	3.7674557e-18
3.3400285840096815e-09	0.16848458	0.13154867	-0.92703915	0	0	0.38	4.9416733e-18
3.3500339015342966e-09	0.17564616	0.10355817	-0.9281306	0	0	0.38	3.9565778e-18
3.36004651006983e-09	0.15307133	0.08381181	-0.93224084	0	0	0.38	4.9327944e-18
3.3700378042856536e-09	0.15189947	0.082453564	-0.9310775	0	0	0.38	4.3637206e-18
3.3800414477347546e-09	0.14520675	0.07184848	-0.92917496	0	0	0.38	5.603923e-18
3.390049647212981e-09	0.14332406	0.07467646	-0.92964983	0	0	0.38	4.485294e-18
3.40006111119055e-09	0.15077977	0.06653009	-0.93461406	0	0	0.38	4.729138e-18
3.4100652360897066e-09	0.16781431	0.038762327	-0.93612987	0	0	0.38	4.946618e-18
3.4200305595354507e-09	0.16038656	0.023551142	-0.93854403	0	0	0.38	4.307709e-18
3.4300256590077266e-09	0.15179172	0.018323729	-0.93866485	0	0	0.38	4.97053e-18
3.440046847443561e-09	0.15639825	0.01471071	-0.9390902	0	0	0.38	4.708619e-18
3.4500120338152803e-09	0.12850457	0.0146886315	-0.93976843	0	0	0.38	4.6002694e-18
3.4600154335689005e-09	0.13446628	0.004423475	-0.9379686	0	0	0.38	4.38763e-18
3.470057236480358e-09	0.119364746	0.011469333	-0.94292206	0	0	0.38	4.716518e-18
3.480050638187964e-09	0.111105576	0.02385631	-0.94619554	0	0	0.38	4.8829166e-18
3.4900391513490797e-09	0.10392744	0.020592088	-0.9497355	0	0	0.38	3.7342047e-18
3.5000454719338945e-09	0.1138745	0.029344112	-0.94935435	0	0	0.38	4.0166972e-18
3.5100020437219232e-09	0.11905123	0.015237749	-0.9462468	0	0	0.38	4.5764144e-18
3.5200398773708334e-09	0.113714285	0.02471225	-0.94820166	0	0	0.38	4.676545e-18
3.5300305742325545e-09	0.11507085	-0.0058107753	-0.94135094	0	0	0.38	4.1630673e-18
3.540036946435238e-09	0.08641268	-0.042978268	-0.9460389	0	0	0.38	4.5939092e-18
3.550008100735e-09	0.07474258	-0.07192499	-0.94486165	0	0	0.38	4.375646e-18
3.560021455761885e-09	0.0674331	-0.06639139	-0.9467286	0	0	0.38	4.8588105e-18
3.570030537909764e-09	0.06075094	-0.076618634	-0.9483355	0	0	0.38	3.674759e-18
3.5800021743880806e-09	0.04855014	-0.07936421	-0.9449558	0	0	0.38	4.638024e-18
3.5900096841291064e-09	0.06596878	-0.09457193	-0.9420661	0	0	0.38	4.554285e-18
3.6000567647983152e-09	0.06783526	-0.108253196	-0.939396	0	0	0.38	5.490237e-18
3.6100571043691173e-09	0.065607205	-0.106932	-0.93904567	0	0	0.38	4.5851573e-18
3.6200365346628815e-09	0.06383613	-0.11465838	-0.9397078	0	0	0.38	4.222087e-18
3.6300030615597165e-09	0.055656493	-0.117545985	-0.9417744	0	0	0.38	4.472555e-18
3.6400392457410984e-09	0.05501576	-0.11737252	-0.9399495	0	0	0.38	4.4146435e-18
3.6500297088827373e-09	0.054063994	-0.12108987	-0.9399342	0	0	0.38	4.2723072e-18
3.6600274317582044e-09	0.045813378	-0.11516909	-0.9433902	0	0	0.38	4.4088855e-18
3.6700192020941672e-09	0.04694743	-0.12210014	-0.9405426	0	0	0.38	4.7304623e-18
3.6800338945290594e-09	0.036552157	-0.14078213	-0.94122744	0	0	0.38	4.3696155e-18
3.6900447937926577e-09	0.042837143	-0.11421568	-0.9473117	0	0	0.38	4.1012893e-18
3.7000376833181957e-09	0.037256766	-0.10951197	-0.94848406	0	0	0.38	4.498357e-18
3.7100574781036254e-09	0.028729144	-0.1296448	-0.9503683	0	0	0.38	4.156255e-18
3.720050665875244e-09	0.009423263	-0.12807672	-0.9517388	0	0	0.38	4.4049857e-18
3.730028017768176e-09	-0.0038683007	-0.12903135	-0.94862175	0	0	0.38	4.0063567e-18
3.740064820713608e-09	-0.020390764	-0.127949	-0.94625765	0	0	0.38	3.6602477e-18
3.750022219327019e-09	-0.023730585	-0.1178687	-0.94758135	0	0	0.38	3.677598e-18
3.760015400780631e-09	-0.03528899	-0.09942014	-0.94731295	0	0	0.38	6.0790603e-18
3.7700101715608464e-09	-0.045248233	-0.088942595	-0.9485815	0	0	0.38	5.5054697e-18
3.780014912427776e-09	-0.027783226	-0.0826211	-0.9528068	0	0	0.38	4.889095e-18
3.790050348306071e-09	-0.038672235	-0.097714655	-0.9467449	0	0	0.38	3.94179e-18
3.800015177143481e-09	-0.056597915	-0.10166062	-0.9429863	0	0	0.38	4.7015283e-18
3.8100144072413255e-09	-0.066654526	-0.100319415	-0.9417649	0	0	0.38	4.207596e-18
3.820010908625567e-09	-0.07594717	-0.098088294	-0.94729614	0	0	0.38	4.8606733e-18
3.830012979113939e-09	-0.09901335	-0.08928684	-0.947259	0	0	0.38	4.15292e-18
3.840053801089381e-09	-0.09617765	-0.07138764	-0.9478061	0	0	0.38	3.3507565e-18
3.850065782511269e-09	-0.11414723	-0.061395053	-0.9452173	0	0	0.38	4.8886668e-18
3.860017984583418e-09	-0.12373132	-0.051120553	-0.9393385	0	0	0.38	3.5379557e-18
3.870032763174357e-09	-0.12727566	-0.04711183	-0.93608385	0	0	0.38	4.2581976e-18
3.880036549205989e-09	-0.14259739	-0.03398154	-0.93028826	0	0	0.38	4.9996178e-18
3.890024745390372e-09	-0.13677949	-0.03604107	-0.9370382	0	0	0.38	4.502069e-18
3.900037598705109e-09	-0.12034029	-0.022940932	-0.94114137	0	0	0.38	4.1719276e-18
3.9100627516154565e-09	-0.106390685	-0.027118983	-0.9438274	0	0	0.38	5.1064498e-18
3.920039347282488e-09	-0.122286744	-0.017180655	-0.9412511	0	0	0.38	4.707038e-18
3.930027743673409e-09	-0.11234466	-0.0074688285	-0.94149977	0	0	0.38	5.0862393e-18
3.9400328493803124e-09	-0.12463369	-0.0030368746	-0.93679863	0	0	0.38	5.063121e-18
3.950056886650669e-09	-0.13216005	0.008582481	-0.9355428	0	0	0.38	4.991377e-18
3.9600150413480666e-09	-0.13288121	0.02973687	-0.9348613	0	0	0.38	4.547328e-18
3.970052706761282e-09	-0.14724551	0.03959822	-0.9353692	0	0	0.38	4.6696765e-18
3.980024086153346e-09	-0.14611457	0.042595163	-0.93482196	0	0	0.38	4.6225628e-18
3.990027227928302e-09	-0.14492102	0.06260755	-0.9304271	0	0	0.38	4.6069915e-18
4.000054164520581e-09	-0.14837821	0.062280275	-0.93520457	0	0	0.38	4.703236e-18
4.01002459351231e-09	-0.11356004	0.061798688	-0.93756914	0	0	0.38	3.8248215e-18
4.020026228946442e-09	-0.10225461	0.06956512	-0.93799263	0	0	0.38	5.224567e-18
4.030032110521978e-09	-0.10554774	0.068667725	-0.9363124	0	0	0.38	4.448756e-18
4.040006237116545e-09	-0.100956686	0.08374868	-0.9380445	0	0	0.38	3.949678e-18
4.050002015100026e-09	-0.086198196	0.09543724	-0.9364865	0	0	0.38	4.3669483e-18
4.060028118004288e-09	-0.08879209	0.097450145	-0.937937	0	0	0.38	3.9724766e-18
4.070031386654277e-09	-0.09624857	0.12276692	-0.93423384	0	0	0.38	4.239292e-18
4.080043408405694e-09	-0.06772411	0.14318965	-0.9314178	0	0	0.38	5.394851e-18
4.090034713090754e-09	-0.062153723	0.1436026	-0.9352492	0	0	0.38	4.0071015e-18
4.100046984198247e-09	-0.047291093	0.1425459	-0.93767124	0	0	0.38	4.678046e-18
4.110054355724661e-09	-0.039241023	0.13970308	-0.93634677	0	0	0.38	3.7361345e-18
4.120016609157401e-09	-0.051107105	0.12536658	-0.9335644	0	0	0.38	4.447937e-18
4.130026145053708e-09	-0.06738041	0.1373067	-0.9296421	0	0	0.38	4.8451575e-18
4.140044520098843e-09	-0.044464007	0.1466775	-0.932803	0	0	0.38	3.9288643e-18
4.1500170056382355e-09	-0.032846455	0.16647895	-0.9329284	0	0	0.38	4.693034e-18
4.160056672347036e-09	-0.015906507	0.17274494	-0.93271375	0	0	0.38	4.3721355e-18
4.170023507786257e-09	-0.0006479019	0.18542105	-0.9318356	0	0	0.38	4.0265316e-18
4.180026825807785e-09	0.027308332	0.18417919	-0.9301775	0	0	0.38	4.957867e-18
4.1900082270294086e-09	0.04368633	0.17770272	-0.9305074	0	0	0.38	4.6176646e-18
4.200035637173186e-09	0.053229686	0.16499938	-0.93013895	0	0	0.38	4.9339177e-18
4.210041858250472e-09	0.047775995	0.15963092	-0.9301373	0	0	0.38	4.2755808e-18
4.220058821840694e-09	0.048236858	0.14189437	-0.9276451	0	0	0.38	4.5330937e-18
4.230033447655953e-09	0.053526442	0.14341672	-0.9282908	0	0	0.38	5.9396068e-18
4.240063933157815e-09	0.052893236	0.15526545	-0.9314753	0	0	0.38	3.9876615e-18
4.250025594787604e-09	0.05266918	0.15796866	-0.93106276	0	0	0.38	4.780693e-18
4.260030360376594e-09	0.07328883	0.17056793	-0.93376297	0	0	0.38	4.3596645e-18
4.270015929007676e-09	0.087566674	0.15570647	-0.9386792	0	0	0.38	4.5312896e-18
4.280014224994497e-09	0.088614136	0.14425117	-0.94208723	0	0	0.38	4.2815617e-18
4.290034500833889e-09	0.1001513	0.13763161	-0.94024575	0	0	0.38	5.346298e-18
4.3000427430126424e-09	0.102472946	0.109047905	-0.93889636	0	0	0.38	4.2772145e-18
4.310052922750382e-09	0.09938088	0.12163972	-0.93717015	0	0	0.38	4.5762274e-18
4.320042512076033e-09	0.09576309	0.14084162	-0.9331225	0	0	0.38	4.6852953e-18
4.330053429577347e-09	0.0947712	0.15434323	-0.9339335	0	0	0.38	3.9479006e-18
4.340047914858133e-09	0.110755116	0.14751917	-0.93281215	0	0	0.38	3.9784935e-18
4.3500400963115955e-09	0.113073125	0.13988708	-0.935177	0	0	0.38	4.8752557e-18
4.360029987896878e-09	0.1250768	0.11833687	-0.9357921	0	0	0.38	4.322903e-18
4.370038272894456e-09	0.122566976	0.10192724	-0.9377025	0	0	0.38	5.0494496e-18
4.380014738221237e-09	0.11279855	0.10314264	-0.9375737	0	0	0.38	3.9692857e-18
4.390023434568616e-09	0.11218902	0.08954286	-0.9400327	0	0	0.38	3.4777374e-18
4.400015398332179e-09	0.11996114	0.073729664	-0.93580437	0	0	0.38	5.5174895e-18
4.410035699941615e-09	0.13053983	0.07357419	-0.93753505	0	0	0.38	4.532329e-18
4.420057870661824e-09	0.15565439	0.074462414	-0.9296438	0	0	0.38	3.9916887e-18
4.430026517058535e-09	0.15791973	0.060775276	-0.9272507	0	0	0.38	4.5838685e-18
4.440063754113719e-09	0.16023545	0.054448795	-0.9293938	0	0	0.38	5.3737995e-18
4.450054674748227e-09	0.16734035	0.054851994	-0.9250606	0	0	0.38	3.6351622e-18
4.4600343682721245e-09	0.15597703	0.031156125	-0.9325904	0	0	0.38	4.838498e-18
4.470025670700516e-09	0.15430161	0.029109212	-0.9365523	0	0	0.38	3.9585258e-18
4.480049730230229e-09	0.15170562	0.030902376	-0.93368167	0	0	0.38	4.518077e-18
4.490029309064264e-09	0.14152768	0.016982837	-0.9390857	0	0	0.38	5.3403037e-18
4.500047584171364e-09	0.1460882	0.013799444	-0.9359054	0	0	0.38	4.9750207e-18
4.5100144121340604e-09	0.16033217	0.018753033	-0.93966764	0	0	0.38	4.5373843e-18
4.5200551011006386e-09	0.16565993	-0.00783447	-0.9392058	0	0	0.38	3.9236882e-18
4.53005993999339e-09	0.17677653	-0.014735248	-0.93997616	0	0	0.38	4.782811e-18
4.540054630296964e-09	0.18159217	-0.046660908	-0.9366786	0	0	0.38	5.2883592e-18
4.550038067436202e-09	0.17582963	-0.05540306	-0.9374173	0	0	0.38	3.5826094e-18
4.5600640362165634e-09	0.1835373	-0.05902409	-0.9391133	0	0	0.38	4.204957e-18
4.5700254658318676e-09	0.19096078	-0.05922749	-0.93746024	0	0	0.38	3.6786298e-18
4.580009347708351e-09	0.17142126	-0.09181293	-0.93604314	0	0	0.38	5.2605895e-18
4.590023317509514e-09	0.15205197	-0.10117154	-0.9372499	0	0	0.38	3.9885437e-18
4.600018255405083e-09	0.13849585	-0.106019385	-0.9411884	0	0	0.38	4.29123e-18
4.610003124348457e-09	0.13378796	-0.10603063	-0.93855953	0	0	0.38	3.900126e-18
4.620039889480252e-09	0.1261133	-0.10675834	-0.9364674	0	0	0.38	4.1082765e-18
4.630031356805407e-09	0.118118614	-0.11117259	-0.93930054	0	0	0.38	4.461937e-18
4.640046527172803e-09	0.11211578	-0.138924	-0.94286394	0	0	0.38	4.1170582e-18
4.6500147394104016e-09	0.10866719	-0.14818412	-0.93916494	0	0	0.38	4.6337897e-18
4.660012897938413e-09	0.097479306	-0.17588189	-0.93304336	0	0	0.38	3.8459155e-18
4.670020665003639e-09	0.08061955	-0.17147163	-0.9384634	0	0	0.38	4.1297894e-18
4.68000722263216e-09	0.06461846	-0.16733553	-0.94064194	0	0	0.38	4.0591804e-18
4.690048874415449e-09	0.05798079	-0.15525733	-0.942432	0	0	0.38	3.4892612e-18
4.700030549197545e-09	0.06443352	-0.14605293	-0.94240355	0	0	0.38	4.7419473e-18
4.710027235721068e-09	0.060270827	-0.1490216	-0.944892	0	0	0.38	3.890551e-18
4.720058967480879e-09	0.06013994	-0.14079772	-0.94483477	0	0	0.38	4.286052e-18
4.730030947527903e-09	0.051295124	-0.13788295	-0.940884	0	0	0.38	4.899121e-18
4.740062582371173e-09	0.03689384	-0.15592994	-0.94116145	0	0	0.38	5.927242e-18
4.7500365321594145e-09	0.04014864	-0.15298524	-0.94029206	0	0	0.38	4.7773357e-18
4.760056844659049e-09	0.018223386	-0.15229113	-0.94465756	0	0	0.38	4.3209103e-18
4.770057032812775e-09	0.008521468	-0.15963084	-0.9457715	0	0	0.38	3.61143e-18
4.780020617338578e-09	-0.017797172	-0.14817452	-0.94328886	0	0	0.38	3.704351e-18
4.790051211695816e-09	-0.023071436	-0.13967815	-0.9425752	0	0	0.38	4.0472558e-18
4.800012332181368e-09	-0.028319208	-0.14361942	-0.9421965	0	0	0.38	4.7500884e-18
4.810048113901737e-09	-0.042543724	-0.11442778	-0.9472126	0	0	0.38	4.064226e-18
4.820006150766902e-09	-0.046478797	-0.103528425	-0.945725	0	0	0.38	5.8451647e-18
4.830064238112413e-09	-0.04917075	-0.10589633	-0.95139474	0	0	0.38	4.1072255e-18
4.8400519095981115e-09	-0.060945455	-0.08599699	-0.9483413	0	0	0.38	5.2020255e-18
4.850000322723855e-09	-0.06720042	-0.0883834	-0.95137453	0	0	0.38	4.6445277e-18
4.860000134899887e-09	-0.077245526	-0.09065449	-0.951385	0	0	0.38	4.8982476e-18
4.870003371431919e-09	-0.07928821	-0.07677838	-0.9525755	0	0	0.38	5.0337977e-18
4.880038562716577e-09	-0.08598967	-0.08534006	-0.94909215	0	0	0.38	4.9636648e-18
4.890016312283415e-09	-0.09168834	-0.08121656	-0.9482327	0	0	0.38	4.7376e-18
4.9000535495395356e-09	-0.0966459	-0.06785469	-0.94901484	0	0	0.38	5.083948e-18
4.910002223887101e-09	-0.10854847	-0.063013345	-0.94971573	0	0	0.38	4.4443165e-18
4.920016331178875e-09	-0.12200353	-0.05619056	-0.9471422	0	0	0.38	4.5307337e-18
4.930032034321519e-09	-0.12756404	-0.040451884	-0.9424648	0	0	0.38	4.229403e-18
4.940013289196757e-09	-0.12893716	-0.036567457	-0.9392079	0	0	0.38	5.238006e-18
4.95005219655154e-09	-0.115553364	-0.045349874	-0.9384809	0	0	0.38	5.1098826e-18
4.960046248104606e-09	-0.11902938	-0.039889608	-0.93921614	0	0	0.38	4.4982454e-18
4.970042262883188e-09	-0.10985601	-0.045478594	-0.9402607	0	0	0.38	4.251367e-18
4.980047657429141e-09	-0.12062051	-0.03543705	-0.9396448	0	0	0.38	4.44875e-18
4.99002248539388e-09	-0.113275886	-0.025408743	-0.94055504	0	0	0.38	4.1279878e-18
5.000033798061178e-09	-0.12812597	-0.0009788903	-0.9394459	0	0	0.38	4.4031734e-18
5.010060852958231e-09	-0.12896812	0.004511954	-0.93757766	0	0	0.38	4.770498e-18
5.020057602246276e-09	-0.110098556	0.023447972	-0.9400514	0	0	0.38	4.497454e-18
5.030034912654965e-09	-0.112872906	0.030740947	-0.9368014	0	0	0.38	4.88505e-18
5.04002242536866e-09	-0.099969834	0.0383614	-0.9410037	0	0	0.38	5.2500177e-18
5.050020979502179e-09	-0.10237355	0.018986665	-0.94434035	0	0	0.38	4.9532874e-18
5.060008177790426e-09	-0.09703741	0.02479495	-0.9457404	0	0	0.38	4.60732e-18
5.070048016157001e-09	-0.110127755	0.035297353	-0.94025743	0	0	0.38	4.1502584e-18
5.080033319989508e-09	-0.10006189	0.037073877	-0.9420196	0	0	0.38	4.39296e-18
5.0900283269611765e-09	-0.0827384	0.07008861	-0.9435059	0	0	0.38	5.3567997e-18
5.100020228518072e-09	-0.07443702	0.054875247	-0.94709855	0	0	0.38	3.8687593e-18
5.110007775359457e-09	-0.05887656	0.066708304	-0.95119125	0	0	0.38	4.2110007e-18
5.120024836112393e-09	-0.05964634	0.07721328	-0.950174	0	0	0.38	4.3508828e-18
5.130040916154534e-09	-0.05270545	0.08128135	-0.9493645	0	0	0.38	4.889676e-18
5.140017474667983e-09	-0.035105303	0.09144802	-0.943541	0	0	0.38	5.152251e-18
5.150041957176885e-09	-0.03716315	0.11118202	-0.93845934	0	0	0.38	4.1816246e-18
5.160028253638419e-09	-0.035701603	0.09333175	-0.9447925	0	0	0.38	3.7793543e-18
5.170003021855296e-09	-0.039599672	0.101185784	-0.9428591	0	0	0.38	3.852029e-18
5.180032141602607e-09	-0.029348861	0.12185765	-0.94072115	0	0	0.38	4.731577e-18
5.190063069816327e-09	-0.024718398	0.13115162	-0.9398447	0	0	0.38	4.0989235e-18
5.200022731628847e-09	0.010739087	0.122706726	-0.93893194	0	0	0.38	5.057616e-18
5.210060211083453e-09	0.029745154	0.11678091	-0.936617	0	0	0.38	4.3676423e-18
5.220042633967625e-09	0.042217057	0.08846603	-0.93557453	0	0	0.38	4.8377786e-18
5.230033926174738e-09	0.0451184	0.08655456	-0.9401668	0	0	0.38	3.575254e-18
5.240017603323718e-09	0.047380093	0.07039449	-0.9428285	0	0	0.38	4.7688273e-18
5.25004407402428e-09	0.052061267	0.06842511	-0.9414187	0	0	0.38	4.065985e-18
5.260009064104759e-09	0.04695397	0.080768526	-0.9342916	0	0	0.38	4.868382e-18
5.270061867239186e-09	0.048848625	0.07241264	-0.9320665	0	0	0.38	3.6228377e-18
5.2800073103645365e-09	0.040464062	0.07018642	-0.93356323	0	0	0.38	5.4027786e-18
5.2900342780249824e-09	0.05637802	0.074467964	-0.93207717	0	0	0.38	4.2239788e-18
5.300001227850798e-09	0.07743725	0.10338273	-0.9273391	0	0	0.38	4.747228e-18
5.310050094782005e-09	0.08080361	0.102760784	-0.9318971	0	0	0.38	3.8506196e-18
5.320028407008601e-09	0.09136621	0.096300796	-0.9305252	0	0	0.38	4.7383143e-18
5.330036736272584e-09	0.09692628	0.091957346	-0.9321263	0	0	0.38	4.2374515e-18
5.340042887180886e-09	0.10079171	0.071589924	-0.9331616	0	0	0.38	3.671333e-18
5.350030357960003e-09	0.086541936	0.0594367	-0.933307	0	0	0.38	5.103741e-18
5.3600558551061985e-09	0.07762962	0.053575423	-0.93207324	0	0	0.38	3.9028805e-18
5.370032508287387e-09	0.07581357	0.045599274	-0.93326783	0	0	0.38	4.838756e-18
5.38001246352198e-09	0.08050905	0.041635346	-0.9315148	0	0	0.38	4.0032237e-18
5.3900113498004486e-09	0.09252193	0.028557876	-0.92614985	0	0	0.38	3.6944024e-18
5.400044397892309e-09	0.09005195	0.038021915	-0.9283715	0	0	0.38	4.2862754e-18
5.410063790027237e-09	0.089984365	0.022270646	-0.9260864	0	0	0.38	4.752879e-18
5.420029119205462e-09	0.07592928	0.01600744	-0.9331997	0	0	0.38	5.2140933e-18
5.430050438871498e-09	0.08172648	0.010783008	-0.9335854	0	0	0.38	4.5922507e-18
5.440052000654739e-09	0.077679224	-0.008407677	-0.93851465	0	0	0.38	4.357937e-18
5.450038312886142e-09	0.088509284	-0.010611462	-0.93849146	0	0	0.38	4.2093972e-18
5.4600492848081065e-09	0.09776756	-0.027579715	-0.9387529	0	0	0.38	3.9112698e-18
5.470054194606834e-09	0.0827156	-0.027810385	-0.94112045	0	0	0.38	5.365489e-18
5.4800465174031315e-09	0.07659567	-0.026409347	-0.93762577	0	0	0.38	5.902056e-18
5.490046533310449e-09	0.07999277	-0.047448266	-0.9395588	0	0	0.38	4.6175976e-18
5.5000027510073104e-09	0.078845136	-0.06485356	-0.9364081	0	0	0.38	5.0401815e-18
5.510036247982888e-09	0.07909128	-0.05719771	-0.94282895	0	0	0.38	4.0045493e-18
5.520059439021154e-09	0.06834935	-0.078123614	-0.9462022	0	0	0.38	4.0307775e-18
5.530006763351996e-09	0.06006702	-0.06544965	-0.94919467	0	0	0.38	4.1158427e-18
5.540063930484637e-09	0.04975169	-0.07594548	-0.94772345	0	0	0.38	4.0330882e-18
5.5500117505415705e-09	0.038933914	-0.078713566	-0.9526871	0	0	0.38	4.63621e-18
5.5600456540350725e-09	0.027956422	-0.086012326	-0.9484235	0	0	0.38	4.0318785e-18
5.570033366996403e-09	0.018311737	-0.08004652	-0.949132	0	0	0.38	4.7157186e-18
5.5800616191537095e-09	0.020247756	-0.07989478	-0.9479416	0	0	0.38	4.417214e-18
5.590062462742361e-09	0.016694197	-0.085097626	-0.94631577	0	0	0.38	5.1095865e-18
5.6000316585201694e-09	0.020172678	-0.07706861	-0.95035946	0	0	0.38	3.8289653e-18
5.61000945669923e-09	0.017073467	-0.079520985	-0.95007086	0	0	0.38	5.246846e-18
5.620029342985529e-09	0.02372621	-0.07009095	-0.94959366	0	0	0.38	3.861365e-18
5.63005840740829e-09	0.017140903	-0.07165169	-0.9449849	0	0	0.38	4.5179575e-18
5.6400393115063144e-09	0.011181444	-0.10243883	-0.9429379	0	0	0.38	4.6059154e-18
5.650006862735681e-09	-0.014039227	-0.10997487	-0.9426699	0	0	0.38	4.8627913e-18
5.660003266870577e-09	-0.013068603	-0.115521066	-0.9426783	0	0	0.38	4.3538337e-18
5.67004689010706e-09	-0.022286013	-0.09679767	-0.9438359	0	0	0.38	3.760342e-18
5.680042424174428e-09	-0.03865423	-0.09693313	-0.93953854	0	0	0.38	5.7217593e-18
5.69000863308087e-09	-0.049644098	-0.0868778	-0.9389655	0	0	0.38	4.2252564e-18
5.700038490106944e-09	-0.04407693	-0.07747961	-0.940037	0	0	0.38	4.1853515e-18
5.710063648864531e-09	-0.05712617	-0.07661165	-0.9465727	0	0	0.38	4.3732328e-18
5.7200305124128285e-09	-0.06558126	-0.075285725	-0.94599706	0	0	0.38	4.97749e-18
5.730053083377087e-09	-0.065109566	-0.06403114	-0.945215	0	0	0.38	4.4383542e-18
5.74004076810398e-09	-0.06040577	-0.07088684	-0.9490603	0	0	0.38	4.276847e-18
5.750021065766949e-09	-0.047030885	-0.05959446	-0.9508269	0	0	0.38	4.1541945e-18
5.760052054116744e-09	-0.0565605	-0.045988627	-0.95279545	0	0	0.38	4.3631225e-18
5.770024807733517e-09	-0.051070094	-0.03438054	-0.954827	0	0	0.38	5.118692e-18
5.7800387043279134e-09	-0.072872445	-0.01464345	-0.95329773	0	0	0.38	3.3801878e-18
5.790033693074716e-09	-0.06857992	-0.01511779	-0.9507502	0	0	0.38	4.5781407e-18
5.800061784653095e-09	-0.07340705	0.00809108	-0.9478256	0	0	0.38	4.0658053e-18
5.810042165450804e-09	-0.056299523	0.0010309389	-0.9532098	0	0	0.38	4.2992547e-18
5.8200061446819976e-09	-0.039534245	-0.021335062	-0.95193046	0	0	0.38	4.0890557e-18
5.830014103074182e-09	-0.039140012	-0.017294923	-0.9560601	0	0	0.38	4.6274663e-18
5.840040423654854e-09	-0.042927936	-0.0094186	-0.9560309	0	0	0.38	3.7586727e-18
5.8500362445548034e-09	-0.040381014	-0.011591408	-0.95305324	0	0	0.38	4.3515453e-18
5.860056456882582e-09	-0.04147841	-0.016338198	-0.9543858	0	0	0.38	3.653913e-18
5.870049264079228e-09	-0.04747542	-0.022463573	-0.95326704	0	0	0.38	5.157337e-18
5.880007240469954e-09	-0.04996482	-0.027106237	-0.9571656	0	0	0.38	4.8075464e-18
5.89004587940941e-09	-0.04853111	-0.008622961	-0.9529992	0	0	0.38	5.494506e-18
5.9000281615906315e-09	-0.035158865	-0.007487473	-0.95541257	0	0	0.38	3.8806848e-18
5.910042849319809e-09	-0.038266834	-0.02159871	-0.95394444	0	0	0.38	4.201095e-18
5.920024100339385e-09	-0.038121983	-0.051327277	-0.9540117	0	0	0.38	5.1348932e-18
5.93005806731005e-09	-0.054372177	-0.07272716	-0.95111805	0	0	0.38	4.386464e-18
5.940017397296587e-09	-0.08373652	-0.05100471	-0.9503512	0	0	0.38	4.8490713e-18
5.950038755148027e-09	-0.10237636	-0.048273105	-0.9528439	0	0	0.38	3.8199945e-18
5.96002716130926e-09	-0.1046511	-0.02511916	-0.9521044	0	0	0.38	4.7561917e-18
5.970026615833914e-09	-0.08654913	-0.0039442875	-0.9531604	0	0	0.38	4.333877e-18
5.980000530013729e-09	-0.095176004	-0.019204523	-0.9431133	0	0	0.38	4.6702985e-18
5.990055886831528e-09	-0.0827736	-0.022090586	-0.9426722	0	0	0.38	4.380095e-18
6.00001268112821e-09	-0.09266869	-0.02204277	-0.94290113	0	0	0.38	5.4398946e-18
6.010047166028855e-09	-0.082747184	-0.021775447	-0.94508475	0	0	0.38	4.1031095e-18
6.0200344096334675e-09	-0.09702716	-0.0195158	-0.94637567	0	0	0.38	4.0439983e-18
6.030027940077656e-09	-0.104207516	-0.017968161	-0.9452429	0	0	0.38	4.2859536e-18
6.040010614945523e-09	-0.114351735	-0.006709153	-0.9436065	0	0	0.38	4.143374e-18
6.0500118899790965e-09	-0.118358746	-0.013034381	-0.9438591	0	0	0.38	4.8986322e-18
6.060058888023078e-09	-0.11815132	0.013843556	-0.9429987	0	0	0.38	4.7678963e-18
6.070019768176368e-09	-0.105817676	0.020816896	-0.94090956	0	0	0.38	4.4855643e-18
6.080045756769536e-09	-0.085474886	0.027646298	-0.94421715	0	0	0.38	4.8451376e-18
6.090037015878144e-09	-0.083376765	0.017664224	-0.9445551	0	0	0.38	4.4651507e-18
6.100053237054502e-09	-0.10009309	0.0137760155	-0.9459303	0	0	0.38	4.3412705e-18
6.110014241378005e-09	-0.11187683	0.013202136	-0.9462812	0	0	0.38	4.580392e-18
6.120055098404209e-09	-0.10033444	0.024825374	-0.9499797	0	0	0.38	3.802129e-18
6.130047163523448e-09	-0.089554876	0.041414473	-0.94675255	0	0	0.38	4.1188205e-18
6.140019131205219e-09	-0.09355629	0.037756104	-0.94544655	0	0	0.38	4.264201e-18
6.150037646428154e-09	-0.091253236	0.045389768	-0.9485194	0	0	0.38	4.6657797e-18
6.160001479240636e-09	-0.07670285	0.037146717	-0.949447	0	0	0.38	3.99835e-18
6.170056845496539e-09	-0.08204418	0.034602538	-0.9468448	0	0	0.38	5.2068145e-18
6.1800394738214326e-09	-0.084026374	0.045204032	-0.9413952	0	0	0.38	4.912735e-18
6.190003156726934e-09	-0.0794568	0.047107585	-0.9418073	0	0	0.38	4.117183e-18
6.2000412875205395e-09	-0.0748729	0.033809155	-0.9414852	0	0	0.38	5.117203e-18
6.210064406670969e-09	-0.061411403	0.033274394	-0.94102967	0	0	0.38	5.1657533e-18
6.220023953802212e-09	-0.06665604	0.047565527	-0.93884456	0	0	0.38	4.9944843e-18
6.2300267493851215e-09	-0.06272187	0.046384286	-0.9410996	0	0	0.38	5.230156e-18
6.240053926568546e-09	-0.055250525	0.061556432	-0.9445153	0	0	0.38	4.308578e-18
6.2500680023226825e-09	-0.033156563	0.06647861	-0.9448851	0	0	0.38	3.8887316e-18
6.2600377836806885e-09	-0.028191285	0.06881967	-0.9392325	0	0	0.38	4.5567494e-18
6.270056446192236e-09	-0.026885519	0.051065892	-0.9423696	0	0	0.38	5.379137e-18
6.280013962045704e-09	-0.029653195	0.04742578	-0.9424061	0	0	0.38	5.2786704e-18
6.290056463989669e-09	-0.0183228	0.063989915	-0.9426132	0	0	0.38	4.319877e-18
6.3000532616773895e-09	-0.040183675	0.068253905	-0.9441709	0	0	0.38	5.6418507e-18
6.3100080152353144e-09	-0.03206207	0.062141668	-0.9499403	0	0	0.38	5.1518273e-18
6.320062092592948e-09	-0.029190501	0.06684736	-0.9531788	0	0	0.38	4.054693e-18
6.330002018377617e-09	-0.03657692	0.10593581	-0.94769865	0	0	0.38	3.7504472e-18
6.340006210123333e-09	-0.019544322	0.11838862	-0.9460688	0	0	0.38	4.1795323e-18
6.350000288891532e-09	0.018397823	0.103527546	-0.9447847	0	0	0.38	4.5119505e-18
6.360012847913807e-09	0.026937556	0.087332554	-0.9465487	0	0	0.38	4.830763e-18
6.37000850939074e-09	0.029038066	0.07188218	-0.9494945	0	0	0.38	4.6920596e-18
6.380043254982366e-09	0.029264394	0.07274117	-0.9498187	0	0	0.38	4.416827e-18
6.390021411154048e-09	0.022338446	0.046429187	-0.9505437	0	0	0.38	3.7281282e-18
6.400039089322855e-09	0.014003646	0.029033283	-0.94710356	0	0	0.38	3.8492312e-18
6.410004435518704e-09	-0.0012229675	0.027310662	-0.95131034	0	0	0.38	3.0055167e-18
6.420027373395793e-09	0.007313693	0.04478746	-0.9518855	0	0	0.38	3.9928976e-18
6.430043621554117e-09	0.015409937	0.036230143	-0.94637	0	0	0.38	3.918329e-18
6.440019562856746e-09	0.022618031	0.06539271	-0.9425144	0	0	0.38	5.2045873e-18
6.450062689225429e-09	0.029300457	0.06604316	-0.9446025	0	0	0.38	4.6725592e-18
6.4600562010273204e-09	0.027723195	0.06282816	-0.94441247	0	0	0.38	4.9934466e-18
6.470046560386727e-09	0.013208971	0.05579054	-0.94518816	0	0	0.38	4.9254825e-18
6.480008185834326e-09	0.010518056	0.03756858	-0.94586664	0	0	0.38	3.576684e-18
6.490018275185648e-09	-0.020429611	0.03718044	-0.93830866	0	0	0.38	4.251103e-18
6.5000506663206845e-09	-0.018683445	0.04843946	-0.94442433	0	0	0.38	3.735143e-18
6.510060777756702e-09	-0.016349327	0.057752647	-0.9476937	0	0	0.38	5.2085748e-18
6.520000300028337e-09	-0.023675144	0.07650416	-0.9442974	0	0	0.38	4.0709806e-18
6.5300526295450376e-09	-0.01629244	0.10051883	-0.94202495	0	0	0.38	3.9976866e-18
6.540036900209326e-09	0.0051366757	0.10743501	-0.94097614	0	0	0.38	4.155901e-18
6.550046532733093e-09	0.025128176	0.097574525	-0.94022673	0	0	0.38	4.026652e-18
6.560060819540059e-09	0.025979785	0.0929087	-0.94646186	0	0	0.38	4.6911687e-18
6.570012155388491e-09	0.024305329	0.07214693	-0.94556236	0	0	0.38	4.495059e-18
6.580019678652559e-09	0.021172862	0.05511438	-0.94611204	0	0	0.38	3.3528546e-18
6.5900493594172195e-09	0.0115855085	0.069133066	-0.9415372	0	0	0.38	5.050615e-18
6.600029423574014e-09	0.009467611	0.075181425	-0.9463506	0	0	0.38	3.6785603e-18
6.610013037541324e-09	0.01188184	0.07206408	-0.9458284	0	0	0.38	4.6541615e-18
6.620019600104227e-09	0.020460665	0.072128125	-0.9504113	0	0	0.38	4.9315313e-18
6.630036712364634e-09	0.021003714	0.056246977	-0.94723517	0	0	0.38	4.267473e-18
6.64000824770205e-09	0.020899434	0.058268588	-0.94447666	0	0	0.38	4.567339e-18
6.650010419452912e-09	0.0034473923	0.057429433	-0.94873905	0	0	0.38	3.861705e-18
6.6600282954591975e-09	0.0057317	0.052810613	-0.9493883	0	0	0.38	4.4619045e-18
6.670011652386997e-09	-0.003444991	0.05442539	-0.94685096	0	0	0.38	4.4891323e-18
6.6800542770268436e-09	0.01429021	0.036454286	-0.94850254	0	0	0.38	4.6547087e-18
6.690031948923715e-09	0.013120917	0.025418645	-0.9515067	0	0	0.38	4.5806074e-18
6.700023845482972e-09	0.026966318	0.031700656	-0.9522328	0	0	0.38	5.391727e-18
6.710014663689622e-09	0.03656403	0.015848165	-0.95384735	0	0	0.38	4.241667e-18
6.7200300100175845e-09	0.028911391	0.017088588	-0.95053715	0	0	0.38	6.137626e-18
6.7300195297724696e-09	0.039505962	0.018479444	-0.95050025	0	0	0.38	3.7143338e-18
6.740000585568236e-09	0.031182542	0.003817573	-0.95062375	0	0	0.38	5.0034348e-18
6.7500481124020435e-09	0.013756996	-0.0039467257	-0.9476729	0	0	0.38	5.371551e-18
6.760053070752252e-09	0.004972609	-0.017983116	-0.94908136	0	0	0.38	4.109228e-18
6.7700585623051306e-09	-0.005478509	0.008747218	-0.9544665	0	0	0.38	4.4625497e-18
6.780055157471352e-09	-0.008545353	0.013827793	-0.9505322	0	0	0.38	4.41031e-18
6.79005478222265e-09	-0.020844808	0.017951678	-0.95406735	0	0	0.38	4.5261727e-18
6.800058395030387e-09	-0.020534618	0.043030996	-0.9521856	0	0	0.38	4.656208e-18
6.810043140009629e-09	-0.014959397	0.05058189	-0.95320034	0	0	0.38	4.193282e-18
6.820057326442815e-09	-0.015128852	0.037895612	-0.95073664	0	0	0.38	4.0578077e-18
6.830031923468471e-09	-0.012410411	0.038637314	-0.9500018	0	0	0.38	4.4698367e-18
6.84006346606453e-09	0.0012655845	0.041205607	-0.95235866	0	0	0.38	3.9930283e-18
6.8500125346140345e-09	0.008259062	0.04271651	-0.95175487	0	0	0.38	4.235652e-18
6.8600148335865e-09	0.0103366785	0.052587423	-0.9501475	0	0	0.38	3.9546785e-18
6.870043003917416e-09	0.001613234	0.070989944	-0.9503056	0	0	0.38	3.5698013e-18
6.880055031552725e-09	0.011281801	0.0667338	-0.95098215	0	0	0.38	4.567204e-18
6.890013072699913e-09	0.021256048	0.07048846	-0.945122	0	0	0.38	4.1102596e-18
6.900040224092354e-09	0.046197586	0.06257053	-0.943541	0	0	0.38	4.1771736e-18
6.910032894320662e-09	0.054015987	0.071718834	-0.9451849	0	0	0.38	4.1906413e-18
6.9200521097138054e-09	0.06699028	0.074821286	-0.94887376	0	0	0.38	5.1807922e-18
6.930029839348056e-09	0.09127761	0.065871045	-0.9476809	0	0	0.38	4.199413e-18
6.94003837308722e-09	0.08310934	0.06135269	-0.94347256	0	0	0.38	4.335638e-18
6.950061537165923e-09	0.090591885	0.068968214	-0.9411624	0	0	0.38	5.374821e-18
6.960035220117525e-09	0.08466896	0.07673862	-0.94200426	0	0	0.38	4.361375e-18
6.970024972925864e-09	0.09063929	0.095894426	-0.94384766	0	0	0.38	4.7810597e-18
6.98005764401252e-09	0.08685483	0.09319303	-0.9470621	0	0	0.38	4.2606407e-18
6.990028382100673e-09	0.09378097	0.084154636	-0.94250333	0	0	0.38	4.074999e-18
7.000008825563281e-09	0.09383029	0.08970488	-0.94025093	0	0	0.38	4.881341e-18
7.01003863048441e-09	0.11351077	0.07493741	-0.93958837	0	0	0.38	4.7017744e-18
7.0200220318040926e-09	0.12228745	0.061619267	-0.9412356	0	0	0.38	4.2512278e-18
7.030006047554222e-09	0.123170204	0.052349325	-0.9394086	0	0	0.38	4.545579e-18
7.040034347150974e-09	0.12924236	0.040336408	-0.9407046	0	0	0.38	4.751704e-18
7.0500435064796044e-09	0.13009886	0.015048104	-0.94102216	0	0	0.38	4.895817e-18
7.060035227898964e-09	0.12835982	0.020321092	-0.93758285	0	0	0.38	4.5630964e-18
7.070036796034667e-09	0.11950161	0.028566685	-0.93671507	0	0	0.38	4.4130793e-18
7.080003596359344e-09	0.12310412	0.031635966	-0.9400727	0	0	0.38	4.7696644e-18
7.0900459222786935e-09	0.1267223	0.03445704	-0.9379456	0	0	0.38	5.108867e-18
7.1000463538531824e-09	0.15349166	0.03629834	-0.9399559	0	0	0.38	4.969988e-18
7.110014109686232e-09	0.16044039	0.022491112	-0.93297416	0	0	0.38	4.3888214e-18
7.120009551736469e-09	0.15917838	0.008543951	-0.9353293	0	0	0.38	4.261188e-18
7.1300322430556065e-09	0.16085336	-0.003696794	-0.9316699	0	0	0.38	4.4618135e-18
7.140008187549365e-09	0.15578172	-0.018415036	-0.92964125	0	0	0.38	3.534625e-18
7.150033339209878e-09	0.13468288	-0.024361549	-0.93283767	0	0	0.38	4.6747724e-18
7.160025973144921e-09	0.11803808	-0.016431361	-0.9365344	0	0	0.38	3.7523456e-18
7.170031503428965e-09	0.1208199	-0.020400742	-0.92941225	0	0	0.38	4.0512395e-18
7.180047811221491e-09	0.1123315	-0.02986263	-0.92850393	0	0	0.38	4.0884142e-18
7.190045557581804e-09	0.13115251	-0.03797426	-0.9283099	0	0	0.38	4.286436e-18
7.200060300466354e-09	0.1394186	-0.0566846	-0.92482334	0	0	0.38	3.8381764e-18
7.210039317372205e-09	0.13352762	-0.06324402	-0.92634046	0	0	0.38	5.1327885e-18
7.2200204499716345e-09	0.13798136	-0.06536233	-0.92615527	0	0	0.38	4.7188756e-18
7.230040255975932e-09	0.12413213	-0.0857883	-0.9289893	0	0	0.38	4.465592e-18
7.2400079399483906e-09	0.1138661	-0.09528597	-0.932665	0	0	0.38	5.9663557e-18
7.250059793435176e-09	0.102581	-0.09199862	-0.93152624	0	0	0.38	4.7217223e-18
7.260024546573002e-09	0.093820654	-0.09506892	-0.9307101	0	0	0.38	4.8336237e-18
7.270049125958424e-09	0.10532132	-0.075265035	-0.9345257	0	0	0.38	4.637766e-18
7.280015642901974e-09	0.11095511	-0.062000312	-0.9336115	0	0	0.38	5.7549474e-18
7.290023092696613e-09	0.11074953	-0.06070607	-0.9362222	0	0	0.38	4.805726e-18
7.3000117275123204e-09	0.11755888	-0.06951924	-0.9315123	0	0	0.38	4.55142e-18
7.3100422775989175e-09	0.09549346	-0.08330724	-0.93216336	0	0	0.38	3.801044e-18
7.320059424863788e-09	0.09762404	-0.07992407	-0.92860395	0	0	0.38	4.5849687e-18
7.330001568550443e-09	0.09188318	-0.07190972	-0.9284235	0	0	0.38	3.742696e-18
7.340018932760664e-09	0.090128444	-0.06310556	-0.9216585	0	0	0.38	3.3568379e-18
7.350050688744494e-09	0.0827226	-0.06289565	-0.91569513	0	0	0.38	4.538811e-18
7.360046272553999e-09	0.09113354	-0.0786545	-0.9185541	0	0	0.38	3.5400985e-18
7.370057543242118e-09	0.09591988	-0.07761705	-0.9169099	0	0	0.38	3.8768653e-18
7.380034693262629e-09	0.11353396	-0.087888636	-0.91524124	0	0	0.38	5.1855374e-18
7.390064153666447e-09	0.108936034	-0.0696739	-0.92067355	0	0	0.38	5.1916027e-18
7.40001302767942e-09	0.102780536	-0.056854784	-0.9255224	0	0	0.38	4.7461498e-18
7.410032878420599e-09	0.10391797	-0.07650585	-0.9247476	0	0	0.38	4.3177993e-18
7.420018838350525e-09	0.10750708	-0.065450996	-0.9304934	0	0	0.38	4.7092856e-18
7.430043832913158e-09	0.11232063	-0.0726997	-0.92913556	0	0	0.38	4.0359296e-18
7.4400569915862025e-09	0.10797766	-0.09891601	-0.9198975	0	0	0.38	4.5006413e-18
7.450033988982904e-09	0.09962428	-0.094844125	-0.9191596	0	0	0.38	3.6835436e-18
7.460030311387612e-09	0.106139734	-0.1136869	-0.9140682	0	0	0.38	5.3664653e-18
7.47004036330854e-09	0.1084676	-0.13066074	-0.90156305	0	0	0.38	4.695076e-18
7.480008474506837e-09	0.1017414	-0.12918283	-0.8936324	0	0	0.38	4.169015e-18
7.490015387925765e-09	0.106769994	-0.11095184	-0.8895065	0	0	0.38	5.3345084e-18
7.500063244245723e-09	0.102494486	-0.1027238	-0.8807975	0	0	0.38	4.828881e-18
7.510019830802173e-09	0.118069746	-0.083664484	-0.87672675	0	0	0.38	4.291613e-18
7.520052187006575e-09	0.13706921	-0.07319887	-0.8701871	0	0	0.38	5.6100332e-18
7.530055151379602e-09	0.1612701	-0.05700115	-0.8730319	0	0	0.38	3.239972e-18
7.540027234631138e-09	0.18578771	-0.04123434	-0.8674686	0	0	0.38	5.4847517e-18
7.550059074883316e-09	0.20798025	-0.013588055	-0.86429465	0	0	0.38	4.5079065e-18
7.560016230097325e-09	0.22518976	0.03315894	-0.85974437	0	0	0.38	4.289132e-18
7.57000556443111e-09	0.23464215	0.086035214	-0.85289866	0	0	0.38	4.6798653e-18
7.580020501211215e-09	0.26356173	0.122261584	-0.838213	0	0	0.38	5.1015277e-18
7.590023541565306e-09	0.26408663	0.15378892	-0.8236052	0	0	0.38	5.693715e-18
7.600019288173339e-09	0.23465331	0.20848599	-0.81011033	0	0	0.38	5.02e-18
7.610044305505277e-09	0.1843856	0.2647242	-0.79537094	0	0	0.38	5.2180278e-18
7.620029968911359e-09	0.11133647	0.29297966	-0.7863681	0	0	0.38	4.58815e-18
7.630046122792397e-09	0.0074601667	0.28103772	-0.78552455	0	0	0.38	4.8955258e-18
7.640016254688223e-09	-0.09660476	0.25910637	-0.78546363	0	0	0.38	3.823068e-18
7.65002329358325e-09	-0.17299661	0.21550724	-0.78989387	0	0	0.38	3.146566e-18
7.660040378091531e-09	-0.2403796	0.16344824	-0.78522354	0	0	0.38	4.1155168e-18
7.670033821896962e-09	-0.22820807	0.091146015	-0.779949	0	0	0.38	4.009957e-18
7.680036970350692e-09	-0.20984995	-0.0019605854	-0.7685564	0	0	0.38	5.1040894e-18
7.690000980281548e-09	-0.13212027	-0.0892863	-0.7508977	0	0	0.38	4.5749457e-18
7.700060384675226e-09	-0.020519208	-0.13795204	-0.72199804	0	0	0.38	4.539468e-18
7.710062523175039e-09	0.096094675	-0.13437116	-0.71014327	0	0	0.38	4.5727342e-18
7.720049599471192e-09	0.20818214	-0.0851397	-0.6939452	0	0	0.38	4.4626175e-18
7.730049935007097e-09	0.31318972	-0.014868003	-0.68469346	0	0	0.38	4.3181798e-18
7.740038933555853e-09	0.34831977	0.09432524	-0.67162275	0	0	0.38	4.1507385e-18
7.750015281685629e-09	0.34064755	0.22355467	-0.656922	0	0	0.38	4.276284e-18
7.760027738989244e-09	0.2748582	0.33526975	-0.6419147	0	0	0.38	4.9443427e-18
7.770012771048687e-09	0.144468	0.39821702	-0.6273724	0	0	0.38	4.9997476e-18
7.78002713375343e-09	-0.015904997	0.38612297	-0.62202847	0	0	0.38	4.164907e-18
7.79002403879622e-09	-0.151892	0.3237155	-0.6194688	0	0	0.38	4.321097e-18
7.800038054025648e-09	-0.2575132	0.1981507	-0.62494797	0	0	0.38	4.6401354e-18
7.810002033336154e-09	-0.27752122	0.07825541	-0.62579405	0	0	0.38	5.079392e-18
7.820045349321598e-09	-0.23216236	-0.051751412	-0.60796714	0	0	0.38	3.847226e-18
7.830039553588377e-09	-0.08220726	-0.15078914	-0.57845473	0	0	0.38	4.036884e-18
7.84002248960957e-09	0.112138465	-0.12116514	-0.5639908	0	0	0.38	3.8971655e-18
7.850016956047192e-09	0.23733535	-0.039306846	-0.5598554	0	0	0.38	4.537328e-18
7.860022764995999e-09	0.35613224	0.049556505	-0.5459781	0	0	0.38	4.20621e-18
7.870012230881356e-09	0.4227295	0.21191497	-0.54811186	0	0	0.38	3.7543536e-18
7.880020711847336e-09	0.3525958	0.36214954	-0.5422388	0	0	0.38	4.6023022e-18
7.890043712570047e-09	0.19731018	0.4068145	-0.5329168	0	0	0.38	4.8022318e-18
7.90000442693584e-09	-0.005476731	0.3597143	-0.51572955	0	0	0.38	3.6992046e-18
7.910051862887654e-09	-0.16380815	0.1834962	-0.5034509	0	0	0.38	3.3904578e-18
7.920041347522238e-09	-0.1854123	0.02100412	-0.4941976	0	0	0.38	4.403254e-18
7.930007252375865e-09	-0.19017391	-0.08349112	-0.47507337	0	0	0.38	4.684649e-18
7.940032933490759e-09	-0.17311499	-0.20948336	-0.4654581	0	0	0.38	3.7829108e-18
7.950007872882802e-09	-0.03325799	-0.2606967	-0.44860956	0	0	0.38	4.8514383e-18
7.960002832455759e-09	0.12978612	-0.24536371	-0.43449736	0	0	0.38	4.4674337e-18
7.970060072768689e-09	0.25676507	-0.13593146	-0.44014883	0	0	0.38	3.9941673e-18
7.9800474022554e-09	0.29976803	0.07106278	-0.44795704	0	0	0.38	4.6205953e-18
7.990061340171833e-09	0.20458238	0.26694855	-0.43321672	0	0	0.38	3.8348544e-18
8.000056687279476e-09	-0.052127287	0.36551446	-0.40844125	0	0	0.38	3.9875325e-18
8.010028676306448e-09	-0.2844823	0.24532658	-0.38796258	0	0	0.38	4.2921575e-18
8.020019185405218e-09	-0.3748012	0.08549082	-0.3897466	0	0	0.38	3.7115917e-18
8.030041310696926e-09	-0.39010575	-0.14311764	-0.38406858	0	0	0.38	4.1062945e-18
8.04003738074278e-09	-0.2347025	-0.26749885	-0.37318408	0	0	0.38	4.535286e-18
8.05001847338483e-09	-0.05490973	-0.24377854	-0.35951835	0	0	0.38	4.772054e-18
8.060036520111921e-09	0.10010211	-0.16962697	-0.3397365	0	0	0.38	4.756764e-18
8.07005978545401e-09	0.28844723	-0.024078622	-0.32969424	0	0	0.38	4.3842276e-18
8.08000156183628e-09	0.3843339	0.2098585	-0.31894606	0	0	0.38	3.5609464e-18
8.090045915309867e-09	0.3472512	0.41016686	-0.29814714	0	0	0.38	3.683289e-18
8.100035739648594e-09	0.16591299	0.5448947	-0.28613096	0	0	0.38	2.1542428e-18
8.110062760465218e-09	-0.110121235	0.5107045	-0.26885024	0	0	0.38	2.9605295e-18
8.120022104386459e-09	-0.28892916	0.29385594	-0.2584884	0	0	0.38	3.7827184e-18
8.130036664171642e-09	-0.29296207	0.04084837	-0.25081494	0	0	0.38	3.726667e-18
8.14000719305038e-09	-0.2069738	-0.13005824	-0.25476524	0	0	0.38	4.246045e-18
8.150011996622131e-09	-0.048588034	-0.2606856	-0.24324602	0	0	0.38	3.0883816e-18
8.160026174013663e-09	0.17317915	-0.28898883	-0.2343531	0	0	0.38	3.3077296e-18
8.170029472239512e-09	0.37960517	-0.20395537	-0.21315597	0	0	0.38	3.227339e-18
8.180066699076866e-09	0.45422378	0.028381202	-0.20057926	0	0	0.38	3.2469567e-18
8.190010883099531e-09	0.36201718	0.23646069	-0.19568157	0	0	0.38	1.9456955e-18
8.200024437707369e-09	0.12360491	0.3557165	-0.18306437	0	0	0.38	3.2053451e-18
8.210040307598661e-09	-0.15778925	0.311921	-0.16315085	0	0	0.38	4.063249e-18
8.220020049754889e-09	-0.36576805	0.11371406	-0.14648193	0	0	0.38	3.1369979e-18
8.230063580915714e-09	-0.42512485	-0.12222228	-0.14394885	0	0	0.38	3.1387705e-18
8.240017054468919e-09	-0.3395501	-0.33162227	-0.1320796	0	0	0.38	2.794224e-18
8.250029131720056e-09	-0.111784875	-0.43498996	-0.1156162	0	0	0.38	2.1997863e-18
8.26005178467552e-09	0.15674461	-0.36002412	-0.09168014	0	0	0.38	2.6815415e-18
8.270016562675003e-09	0.3031683	-0.117956616	-0.09222973	0	0	0.38	1.4834556e-18
8.280006726108195e-09	0.31594586	0.08986404	-0.09119922	0	0	0.38	2.6766264e-18
8.290008208291626e-09	0.27626914	0.26521763	-0.090782695	0	0	0.38	2.2544934e-18
8.300003047389223e-09	0.12397212	0.44170308	-0.08660765	0	0	0.38	2.3358118e-18
8.310018252190242e-09	-0.18948959	0.44807547	-0.06681298	0	0	0.38	3.1776203e-18
8.320048046477015e-09	-0.40702182	0.19830807	-0.052803386	0	0	0.38	3.2398686e-18
8.330005400580106e-09	-0.4076193	-0.078821026	-0.042954996	0	0	0.38	2.2508902e-18
8.340056226533011e-09	-0.243544	-0.23513947	-0.037428446	0	0	0.38	2.551224e-18
8.3500272248801e-09	-0.07204742	-0.29249123	-0.02766457	0	0	0.38	2.9822245e-18
8.360030689701917e-09	0.1517035	-0.28315702	-0.008512074	0	0	0.38	3.0545309e-18
8.370013360497645e-09	0.37655133	-0.12356739	0.017734386	0	0	0.38	2.8866792e-18
8.38005070704502e-09	0.4182329	0.15535799	0.027129827	0	0	0.38	1.4617348e-18
8.390055576670025e-09	0.26866668	0.3668675	0.02972396	0	0	0.38	2.0683e-18
8.400047995112851e-09	0.027911073	0.41860145	0.039731905	0	0	0.38	2.4589985e-18
8.410062726405108e-09	-0.26248676	0.29283455	0.05624258	0	0	0.38	2.4611421e-18
8.420059217374658e-09	-0.39448312	-0.0045434623	0.06625011	0	0	0.38	2.0072073e-18
8.430062478286201e-09	-0.3058387	-0.25397235	0.06511556	0	0	0.38	2.3298936e-18
8.44004664296309e-09	-0.123516165	-0.37328148	0.084764525	0	0	0.38	2.634554e-18
8.450042874875365e-09	0.14102156	-0.39713618	0.09053649	0	0	0.38	3.2882441e-18
8.460059024223648e-09	0.3634249	-0.19359814	0.09887033	0	0	0.38	2.2878283e-18
8.470032335002132e-09	0.38165826	0.10075929	0.113708004	0	0	0.38	2.2200504e-18
8.480046169615638e-09	0.21604031	0.3276955	0.11965065	0	0	0.38	1.9082722e-18
8.490048012273427e-09	-0.00168141	0.3889937	0.13595064	0	0	0.38	2.0485037e-18
8.500018592115964e-09	-0.2425349	0.31691197	0.14020121	0	0	0.38	2.7313415e-18
8.51004831199344e-09	-0.37758353	0.10915008	0.15418212	0	0	0.38	1.7209376e-18
8.520005308942358e-09	-0.34149384	-0.18705618	0.15730982	0	0	0.38	2.1239961e-18
8.5300626400158e-09	-0.1485109	-0.36796367	0.16662261	0	0	0.38	2.1057431e-18
8.540056555836803e-09	0.1207454	-0.37976864	0.17498484	0	0	0.38	9.292337e-19
8.550050314587833e-09	0.3463411	-0.1765514	0.1841054	0	0	0.38	1.8555954e-18
8.560013970948204e-09	0.4154572	0.090727866	0.19738181	0	0	0.38	1.3557015e-18
8.570011441008366e-09	0.281599	0.28263825	0.20485134	0	0	0.38	2.0187078e-18
8.58003869205813e-09	0.014907576	0.3656813	0.22636528	0	0	0.38	2.3003144e-18
8.590007699057671e-09	-0.27793056	0.27050996	0.23920576	0	0	0.38	1.8384827e-18
8.600025436070674e-09	-0.42236644	0.013141942	0.25145903	0	0	0.38	1.6080941e-18
8.610033453888256e-09	-0.31204754	-0.26597846	0.25972623	0	0	0.38	2.3073653e-18
8.620039628147426e-09	-0.07104637	-0.38037398	0.27580574	0	0	0.38	3.0968352e-18
8.630019422270415e-09	0.18307875	-0.3090932	0.30066293	0	0	0.38	1.9840318e-18
8.6400497580247e-09	0.3456018	-0.11226269	0.32557502	0	0	0.38	1.070721e-18
8.650059313303657e-09	0.33880007	0.15648535	0.33886966	0	0	0.38	1.0585703e-18
8.6600345308372e-09	0.15156952	0.33030972	0.35359204	0	0	0.38	1.3696207e-18
8.670039439725323e-09	-0.11482372	0.3570419	0.37354594	0	0	0.38	1.6873321e-18
8.68003921853226e-09	-0.33110148	0.19212492	0.39010778	0	0	0.38	1.2265793e-18
8.6900189298128e-09	-0.3605269	-0.06677643	0.39180213	0	0	0.38	1.1786599e-18
8.700034839805939e-09	-0.19533516	-0.26850754	0.39406845	0	0	0.38	1.4431321e-18
8.710047371714423e-09	0.007204932	-0.3371637	0.40435565	0	0	0.38	2.1649097e-18
8.72000975538466e-09	0.23904209	-0.26776478	0.4158455	0	0	0.38	1.5363381e-18
8.730006836035321e-09	0.382838	-0.049076475	0.41789794	0	0	0.38	9.809832e-19
8.740043198931588e-09	0.31585395	0.22694787	0.42057598	0	0	0.38	1.7987098e-18
8.75005810981139e-09	0.06272974	0.3794532	0.42645925	0	0	0.38	1.7850893e-18
8.76003089969332e-09	-0.207967	0.30936214	0.44188976	0	0	0.38	2.2169369e-18
8.770050418182644e-09	-0.3561136	0.06344595	0.45423535	0	0	0.38	6.494929e-19
8.780003376332504e-09	-0.28562665	-0.17882797	0.46220997	0	0	0.38	1.5810964e-18
8.790055487137872e-09	-0.093849644	-0.30914885	0.46709394	0	0	0.38	1.6387495e-18
8.800001107685386e-09	0.17617682	-0.29049018	0.4797009	0	0	0.38	1.107523e-18
8.810022866394327e-09	0.3610735	-0.077117294	0.48974726	0	0	0.38	1.5022992e-18
8.820012414021637e-09	0.3218353	0.18450451	0.49961618	0	0	0.38	2.295329e-18
8.830050665270172e-09	0.11820542	0.31438196	0.51183766	0	0	0.38	6.2600057e-19
8.840042738538736e-09	-0.122403175	0.26355278	0.5307481	0	0	0.38	1.1367672e-18
8.85001526473012e-09	-0.26444894	0.116876885	0.54560447	0	0	0.38	1.029485e-18
8.86003384804778e-09	-0.30206633	-0.075097956	0.5589155	0	0	0.38	5.8578036e-19
8.870009717756968e-09	-0.17320083	-0.23528932	0.5583548	0	0	0.38	1.2831987e-18
8.880005597894758e-09	0.031648435	-0.28924954	0.5650232	0	0	0.38	6.787479e-19
8.89000349294973e-09	0.24948852	-0.17968754	0.5885436	0	0	0.38	-2.513383e-19
8.900049046197484e-09	0.31512272	0.07103778	0.6116593	0	0	0.38	7.8430066e-19
8.910042830134554e-09	0.14823434	0.26623952	0.6248758	0	0	0.38	1.00646e-18
8.920060033762031e-09	-0.08537736	0.26281142	0.62745327	0	0	0.38	9.459593e-19
8.93005269218177e-09	-0.2716599	0.11713276	0.64948267	0	0	0.38	1.0763747e-18
8.94002440689472e-09	-0.29182425	-0.11735923	0.65803415	0	0	0.38	4.5580935e-19
8.950062386740034e-09	-0.1136318	-0.2715377	0.6592212	0	0	0.38	9.751879e-19
8.960001252604176e-09	0.12943734	-0.21118277	0.6680408	0	0	0.38	1.2547089e-18
8.970033149416183e-09	0.22471415	-0.08472888	0.67991096	0	0	0.38	4.3002698e-19
8.980014648931897e-09	0.23925148	0.0822813	0.6965407	0	0	0.38	3.052136e-19
8.99000263212393e-09	0.11273276	0.2259751	0.6991178	0	0	0.38	-4.89774e-20
9.000059430215724e-09	-0.10520618	0.22055872	0.7101149	0	0	0.38	-1.481671e-18
9.010061789666022e-09	-0.24370454	0.06675151	0.7174889	0	0	0.38	-4.179091e-20
9.02005934644693e-09	-0.21835567	-0.1484084	0.71938056	0	0	0.38	-1.1858765e-19
9.030060115142567e-09	-0.028937457	-0.26650682	0.7281721	0	0	0.38	2.0500011e-19
9.040054058126947e-09	0.20073088	-0.17698365	0.7342229	0	0	0.38	3.2394254e-20
9.050032463281615e-09	0.25376666	0.04174632	0.7494881	0	0	0.38	-1.25845e-18
9.060008956906368e-09	0.124585755	0.20612583	0.7617671	0	0	0.38	-5.8060266e-20
9.070032711637116e-09	-0.045674343	0.2182091	0.7634523	0	0	0.38	-1.741297e-19
9.080005481666815e-09	-0.18245128	0.08769698	0.779026	0	0	0.38	6.811596e-19
9.090041527088448e-09	-0.17692983	-0.07798375	0.78544843	0	0	0.38	-8.22432e-19
9.10006597355945e-09	-0.060009494	-0.17540596	0.78748363	0	0	0.38	7.933132e-19
9.110051135956415e-09	0.06998073	-0.15802363	0.80105394	0	0	0.38	2.2715086e-20
9.120015612373227e-09	0.18753973	-0.063942365	0.8118365	0	0	0.38	-1.3329663e-18
9.130012629844827e-09	0.17498012	0.1560189	0.8151277	0	0	0.38	-6.9964415e-19
9.140003538749205e-09	-0.055962417	0.2399747	0.81995636	0	0	0.38	3.718236e-20
9.15001629583417e-09	-0.2390445	0.079735585	0.8237339	0	0	0.38	-8.193016e-19
9.16005989644458e-09	-0.1693538	-0.16094978	0.8307083	0	0	0.38	-7.9511253e-19
9.170019551738596e-09	0.043806855	-0.20180744	0.84419805	0	0	0.38	-5.4808905e-19
9.180045759262503e-09	0.19282295	-0.054331202	0.8492334	0	0	0.38	8.931256e-20
9.190036844030834e-09	0.1248338	0.09907313	0.8582219	0	0	0.38	-5.5815795e-20
9.200051002273937e-09	9.662236e-05	0.15489152	0.86473	0	0	0.38	3.0943987e-19
9.210031975708104e-09	-0.11953263	0.08968285	0.872093	0	0	0.38	-8.4637627e-19
9.22004238279065e-09	-0.13353108	-0.07469792	0.87874913	0	0	0.38	-2.0713034e-19
9.23003780962418e-09	-0.008108247	-0.15230729	0.88976353	0	0	0.38	-1.0524144e-18
9.240034298890021e-09	0.12741366	-0.08342657	0.89171386	0	0	0.38	-2.1304793e-20
9.250063143435509e-09	0.14195897	0.092314266	0.8989004	0	0	0.38	4.067063e-19
9.260029144772321e-09	-0.051368766	0.18493086	0.9034525	0	0	0.38	-1.4634803e-18
9.270030089304145e-09	-0.18832798	-0.00020631781	0.90886426	0	0	0.38	-5.704559e-19
9.280053741569363e-09	-0.04604062	-0.16287023	0.9162339	0	0	0.38	-4.749381e-19
9.290028921090093e-09	0.12416627	-0.072445735	0.92437005	0	0	0.38	-1.2011908e-18
9.300064633176384e-09	0.0892849	0.117812276	0.9260354	0	0	0.38	-1.8139153e-18
9.310051059412929e-09	-0.082515776	0.12115516	0.9308495	0	0	0.38	-1.308414e-18
9.320057512199862e-09	-0.13327122	-0.04755452	0.93667305	0	0	0.38	-4.228833e-19
9.330012291241564e-09	0.032084372	-0.14375533	0.9391726	0	0	0.38	-1.4095274e-18
9.340035757953062e-09	0.14403686	-0.011000529	0.9448845	0	0	0.38	-1.8274706e-19
9.35004869425719e-09	0.028698081	0.14445005	0.94632995	0	0	0.38	-9.587224e-19
9.360037989364695e-09	-0.12779918	0.03776727	0.9453755	0	0	0.38	-1.6213902e-18
9.370054986388045e-09	-0.03360261	-0.11745442	0.9450991	0	0	0.38	-5.036213e-19
9.380007249012571e-09	0.10282085	-0.06060536	0.94810945	0	0	0.38	-8.786448e-19
9.390023607932605e-09	0.057572026	0.09512156	0.9507475	0	0	0.38	-1.2419363e-18
9.400029346967167e-09	-0.096144	0.074096166	0.9492999	0	0	0.38	-9.944091e-19
9.410038727934917e-09	-0.09800454	-0.07205086	0.95110846	0	0	0.38	-1.1068954e-18
9.420036266752285e-09	0.05626885	-0.09477591	0.9517355	0	0	0.38	-9.017054e-19
9.430020332108075e-09	0.09463415	0.022252306	0.95603126	0	0	0.38	-1.6852288e-18
9.440052743353971e-09	0.0023413375	0.08925812	0.956424	0	0	0.38	-5.5667286e-19
9.45000798339821e-09	-0.07129469	0.01958569	0.96015793	0	0	0.38	-2.0895637e-18
9.460003795095942e-09	-0.033915225	-0.07342338	0.95619315	0	0	0.38	-9.032023e-19
9.470011715721724e-09	0.073123276	-0.036624826	0.9577351	0	0	0.38	-1.0660467e-18
9.480002769580893e-09	0.04406655	0.062043063	0.9563052	0	0	0.38	-5.12229e-19
9.490012020450322e-09	-0.03998206	0.036818907	0.960552	0	0	0.38	-1.4413614e-19
9.500025225108747e-09	-0.043456066	-0.015138045	0.961779	0	0	0.38	-2.1079379e-18
9.510001095043215e-09	-0.010115816	-0.053146806	0.9640961	0	0	0.38	-1.8867026e-18
9.520047244709493e-09	0.04647432	-0.010370132	0.9614932	0	0	0.38	-1.3926258e-18
9.530019167516033e-09	0.016829537	0.03505138	0.9659413	0	0	0.38	-2.0175766e-18
9.540035569553438e-09	-0.04586056	0.039487835	0.9651727	0	0	0.38	-1.6982068e-18
9.550031011118971e-09	-0.035582714	-0.051021867	0.9626277	0	0	0.38	-1.0977849e-18
9.560043083846463e-09	0.052000046	-0.025953062	0.9653649	0	0	0.38	-1.137199e-18
9.570019537703879e-09	0.033099227	0.043035835	0.964789	0	0	0.38	-1.4957955e-18
9.580041438869219e-09	-0.032993715	0.019202307	0.9642749	0	0	0.38	-1.3112209e-18
9.590010945432849e-09	-0.018950721	-0.024519766	0.9653208	0	0	0.38	-1.30764e-18
9.600042385978478e-09	0.017374756	-0.024518605	0.9669535	0	0	0.38	-1.1299823e-18
9.610021566638142e-09	0.011341326	0.021197412	0.96716535	0	0	0.38	-4.839652e-19
9.620029147826242e-09	-0.029079381	0.020331705	0.96616465	0	0	0.38	-2.7696124e-18
9.630041396772023e-09	-0.018587906	-0.02175776	0.9668953	0	0	0.38	-1.7237445e-18
9.640006149845427e-09	0.015028681	-0.030610174	0.96726364	0	0	0.38	-1.2845506e-18
9.650028447747755e-09	0.029378321	0.011815108	0.96866554	0	0	0.38	-2.0060168e-18
9.660061929036923e-09	-0.017566029	0.034918945	0.96497047	0	0	0.38	-1.2529817e-18
9.67004625125847e-09	-0.048104797	-0.024282295	0.9666693	0	0	0.38	-1.4750794e-18
9.68000424009306e-09	0.020762362	-0.040536076	0.9639112	0	0	0.38	-1.4556111e-18
9.690029772613043e-09	0.03268605	-0.0027645468	0.9657823	0	0	0.38	-9.494332e-19
9.700041620100384e-09	0.023566348	0.040297326	0.9638419	0	0	0.38	-1.4534395e-18
9.710002678082794e-09	-0.041879307	0.03762844	0.96250683	0	0	0.38	-1.0537714e-18
9.720040859976123e-09	-0.02970886	-0.033243068	0.96465176	0	0	0.38	-1.549425e-18
9.73002507340398e-09	0.034548145	-0.040820766	0.9628457	0	0	0.38	-1.9207864e-18
9.740061423917866e-09	0.040884703	0.037312265	0.9629764	0	0	0.38	-2.4050804e-18
9.750009288123418e-09	-0.024929516	0.03268422	0.9643116	0	0	0.38	-7.611262e-19
9.760048973649288e-09	-0.029740673	-0.018459372	0.96515256	0	0	0.38	-1.2105589e-18
9.770007916709563e-09	0.0017071181	-0.032359466	0.96751654	0	0	0.38	-1.1060278e-18
9.78000516723195e-09	0.036700897	0.014074338	0.96766865	0	0	0.38	-1.189484e-18
9.790043656233428e-09	-0.0075218286	0.041193545	0.96615106	0	0	0.38	-1.5465138e-18
9.800039459580676e-09	-0.055491004	-0.009297604	0.9646905	0	0	0.38	-1.2852732e-18
9.810025616358214e-09	-0.018010236	-0.045354284	0.9655954	0	0	0.38	-1.3385688e-18
9.820008140916782e-09	0.04547527	-0.045339085	0.96483177	0	0	0.38	-1.7096844e-18
9.830057337293583e-09	0.032470148	0.040061757	0.9660291	0	0	0.38	-1.4271736e-18
9.840060436985876e-09	-0.0365299	0.023883035	0.9657976	0	0	0.38	-1.4595878e-18
9.85004501884917e-09	-0.0190027	-0.03192737	0.96503454	0	0	0.38	-5.750719e-19
9.860011892587505e-09	0.020693813	-0.041142613	0.9650664	0	0	0.38	-7.112687e-19
9.87002665651678e-09	0.035174903	0.018395938	0.9659734	0	0	0.38	-1.5790692e-18
9.88003374914401e-09	-0.00028944603	0.058452822	0.96352607	0	0	0.38	-4.3304267e-19
9.890047218907623e-09	-0.0563076	0.008202253	0.9635779	0	0	0.38	-1.1914544e-18
9.900055932767291e-09	0.0010423091	-0.051970605	0.9630871	0	0	0.38	-1.1620236e-18
9.910035475465405e-09	0.040862367	-0.0032579629	0.9657334	0	0	0.38	-4.571399e-19
9.92002968607859e-09	0.017745644	0.06628077	0.965387	0	0	0.38	-1.1031828e-18
9.930063396057636e-09	-0.067558095	0.007418556	0.96465373	0	0	0.38	-1.3770759e-18
9.9400374456513e-09	-0.01781297	-0.06976848	0.9642883	0	0	0.38	-6.4675665e-19
9.950031628035626e-09	0.07787077	-0.016076613	0.95904285	0	0	0.38	-6.4622167e-19
9.960047692000454e-09	0.020403415	0.085091956	0.9624648	0	0	0.38	-1.0450326e-18
9.970057410009543e-09	-0.07094061	0.04093357	0.96189064	0	0	0.38	-1.2039424e-18
9.98000521587396e-09	-0.046342537	-0.048075475	0.96214527	0	0	0.38	-1.9746358e-18
9.990010647594813e-09	0.04582529	-0.056413356	0.96247107	0	0	0.38	-1.5422561e-18
1e-08	0.06488664	0.032081466	0.96139824	0	0	0.38	-8.84026e-19
