# t (s)	mx ()	my ()	mz ()	B_extx (T)	B_exty (T)	B_extz (T)	E_total (J)
0	0	0	-1	0	0	0.41	1.3250005e-18
1.0052098650204293e-11	-0.0026612491	0.013488566	-0.97560763	0	0	0.41	5.551711e-18
2.0028033682342935e-11	-0.0059959614	0.014218416	-0.9676266	0	0	0.41	4.378849e-18
3.0043381352999547e-11	0.0048431456	0.01481996	-0.96491	0	0	0.41	4.973754e-18
4.0019549777202915e-11	0.02102062	0.010581348	-0.9652583	0	0	0.41	4.3063337e-18
5.0038365134427256e-11	0.005782049	0.014166082	-0.96452504	0	0	0.41	4.7089606e-18
6.004438391920983e-11	-0.013297473	0.02880727	-0.96203965	0	0	0.41	5.689237e-18
7.003514656580203e-11	-0.0076707415	0.042590395	-0.96176183	0	0	0.41	5.115954e-18
8.004066887489627e-11	-0.016260384	0.045333616	-0.95822954	0	0	0.41	4.543448e-18
9.000445541116499e-11	-0.027491841	0.046784293	-0.95767176	0	0	0.41	4.8526286e-18
1.0000208525684209e-10	-0.034127735	0.074778035	-0.9548095	0	0	0.41	4.07604e-18
1.100554672791269e-10	-0.028118055	0.08551373	-0.9538648	0	0	0.41	4.31034e-18
1.200188506523237e-10	-0.02059558	0.08322861	-0.9527432	0	0	0.41	5.836167e-18
1.300568669645293e-10	0.008373604	0.074190386	-0.9537573	0	0	0.41	5.3028307e-18
1.400054178708575e-10	0.012642641	0.08420768	-0.9493769	0	0	0.41	4.3475753e-18
1.5000352467497105e-10	0.018495424	0.067323335	-0.94766563	0	0	0.41	4.853617e-18
1.600512635404946e-10	0.02017622	0.053191934	-0.95102787	0	0	0.41	3.2958406e-18
1.700147962298872e-10	0.016326122	0.05455374	-0.94760984	0	0	0.41	5.3017914e-18
1.8002227436026125e-10	0.004735702	0.03373974	-0.95230615	0	0	0.41	4.4871248e-18
1.9002846546280923e-10	0.015486385	0.041260526	-0.94743055	0	0	0.41	5.3484386e-18
2.0004442067510057e-10	0.023759155	0.036895145	-0.94835186	0	0	0.41	4.6643127e-18
2.1000120511819603e-10	0.05421898	0.046060216	-0.94523716	0	0	0.41	4.4407146e-18
2.2005677940548877e-10	0.066348635	0.05814418	-0.9482984	0	0	0.41	4.5094988e-18
2.3002030007647198e-10	0.08267299	0.061899494	-0.9443883	0	0	0.41	5.0415947e-18
2.4000343587592336e-10	0.088138804	0.055760164	-0.94272214	0	0	0.41	4.8563406e-18
2.500528487057598e-10	0.08784583	0.046311393	-0.9423301	0	0	0.41	4.8323283e-18
2.6003943712566044e-10	0.0856835	0.047449566	-0.94612664	0	0	0.41	4.345233e-18
2.700616888192379e-10	0.06802017	0.03517953	-0.94827235	0	0	0.41	5.3227828e-18
2.800134292868256e-10	0.07727001	0.057021525	-0.9504198	0	0	0.41	4.7285776e-18
2.9001945766348166e-10	0.08577027	0.067215025	-0.9473676	0	0	0.41	4.773471e-18
3.000581939411457e-10	0.10355027	0.06873276	-0.9450794	0	0	0.41	4.4498094e-18
3.1005500158933984e-10	0.10591177	0.07235394	-0.94000936	0	0	0.41	4.5991383e-18
3.200588497035081e-10	0.107828334	0.07871019	-0.9386061	0	0	0.41	4.805258e-18
3.300089870403214e-10	0.096468955	0.072189376	-0.9396417	0	0	0.41	4.6443143e-18
3.4006160554242175e-10	0.09897153	0.066016346	-0.9432821	0	0	0.41	5.3742996e-18
3.5004611702626526e-10	0.10864205	0.05183995	-0.9450824	0	0	0.41	4.831173e-18
3.600494524026862e-10	0.087638676	0.05187081	-0.94012135	0	0	0.41	4.942973e-18
3.7002147692579784e-10	0.08869515	0.06968415	-0.94474596	0	0	0.41	4.98525e-18
3.80062046460887e-10	0.09350838	0.08251412	-0.9442274	0	0	0.41	5.220179e-18
3.9002617481053807e-10	0.0914089	0.074115016	-0.9422373	0	0	0.41	5.603175e-18
4.000226140701699e-10	0.09719047	0.07179879	-0.93872595	0	0	0.41	5.071878e-18
4.100001160276805e-10	0.088449046	0.07310414	-0.93958306	0	0	0.41	5.0043633e-18
4.200067825344537e-10	0.085053295	0.089146696	-0.9393766	0	0	0.41	4.4278213e-18
4.300637608658699e-10	0.07008005	0.08667565	-0.94579244	0	0	0.41	4.533859e-18
4.400552113345551e-10	0.070586	0.09357319	-0.94849175	0	0	0.41	4.9805293e-18
4.500266363973413e-10	0.07631019	0.08764092	-0.9461832	0	0	0.41	4.826874e-18
4.600394909371385e-10	0.068849936	0.10079557	-0.94505256	0	0	0.41	5.825745e-18
4.700594761711792e-10	0.078748554	0.07995578	-0.94465405	0	0	0.41	4.5859675e-18
4.800471081873716e-10	0.06411348	0.06909057	-0.94440824	0	0	0.41	5.48207e-18
4.900376683533719e-10	0.05833443	0.056624077	-0.9472277	0	0	0.41	5.44924e-18
5.000594688674957e-10	0.033507165	0.06444496	-0.9435782	0	0	0.41	4.7613194e-18
5.100197512924909e-10	0.04303376	0.06302038	-0.94051856	0	0	0.41	4.4456044e-18
5.200639684301695e-10	0.049746733	0.06561688	-0.9382327	0	0	0.41	4.7523532e-18
5.300580316988401e-10	0.034665074	0.062159084	-0.9351587	0	0	0.41	4.4624835e-18
5.400542042818213e-10	0.019454533	0.05946478	-0.93307173	0	0	0.41	5.594285e-18
5.500549691882207e-10	0.020311492	0.06634297	-0.9322415	0	0	0.41	4.067929e-18
5.600296784687424e-10	0.024661126	0.045575537	-0.93246424	0	0	0.41	4.2208516e-18
5.700621198531216e-10	0.015548035	0.05048439	-0.9262637	0	0	0.41	4.1018e-18
5.800003990584631e-10	0.01720839	0.05518379	-0.9329054	0	0	0.41	5.075868e-18
5.900600304896267e-10	0.0059989593	0.061279543	-0.9344833	0	0	0.41	4.167626e-18
6.000366122558495e-10	0.004426505	0.05260958	-0.9371251	0	0	0.41	5.244656e-18
6.100042807394702e-10	-0.0017811864	0.041057996	-0.9384654	0	0	0.41	5.9135613e-18
6.200469166440941e-10	-0.0029106352	0.047258075	-0.94434065	0	0	0.41	4.481659e-18
6.300286282665197e-10	-0.002773319	0.051186796	-0.94650424	0	0	0.41	4.824004e-18
6.400641439278595e-10	-0.0009179937	0.038138606	-0.95223343	0	0	0.41	5.1707862e-18
6.500485004889867e-10	-0.021274477	0.017376885	-0.9515412	0	0	0.41	4.6859625e-18
6.600243282558645e-10	-0.034694567	0.008495269	-0.9505381	0	0	0.41	4.0548472e-18
6.700585267438634e-10	-0.028491713	0.007475792	-0.9471864	0	0	0.41	5.3432373e-18
6.800111458872379e-10	-0.029732596	0.006263686	-0.9421174	0	0	0.41	4.7922477e-18
6.900266281595858e-10	-0.039252304	0.010160724	-0.93642646	0	0	0.41	5.3115265e-18
7.00056207866065e-10	-0.04186691	0.00243299	-0.9365839	0	0	0.41	5.054657e-18
7.100411678759659e-10	-0.051217444	-0.017795503	-0.9291863	0	0	0.41	4.682518e-18
7.20038867130761e-10	-0.051283427	-0.04000952	-0.92657405	0	0	0.41	4.6637415e-18
7.300371503711903e-10	-0.064389385	-0.028670043	-0.92373747	0	0	0.41	4.6629983e-18
7.400087095017031e-10	-0.07513228	-0.045371287	-0.9257698	0	0	0.41	4.7368324e-18
7.500361433545619e-10	-0.10691928	-0.03823004	-0.92657185	0	0	0.41	5.296151e-18
7.6004892212337e-10	-0.12516806	-0.025631102	-0.93008316	0	0	0.41	5.2688903e-18
7.700331529282534e-10	-0.11297996	-0.04492544	-0.93514735	0	0	0.41	5.3403752e-18
7.800323477568065e-10	-0.1253735	-0.05172631	-0.9363605	0	0	0.41	4.2237075e-18
7.900404569783395e-10	-0.118150644	-0.055063535	-0.9400791	0	0	0.41	4.9020766e-18
8.000051415543251e-10	-0.104899004	-0.052203167	-0.9406693	0	0	0.41	6.112821e-18
8.100474649988743e-10	-0.104694515	-0.041655723	-0.94181967	0	0	0.41	5.5281415e-18
8.200595479894231e-10	-0.10979821	-0.059319682	-0.93594474	0	0	0.41	5.646488e-18
8.300161020313865e-10	-0.1095222	-0.061766062	-0.93251866	0	0	0.41	4.5170497e-18
8.400643397009069e-10	-0.11894439	-0.06745568	-0.9297917	0	0	0.41	4.437171e-18
8.5006180699064e-10	-0.12018632	-0.048786737	-0.93090826	0	0	0.41	4.7263847e-18
8.600675083418825e-10	-0.107551865	-0.044200156	-0.93449485	0	0	0.41	5.4166074e-18
8.700072538663998e-10	-0.11260302	-0.06303473	-0.9270062	0	0	0.41	5.0436333e-18
8.800373946744175e-10	-0.10538501	-0.061428957	-0.9272987	0	0	0.41	4.1786836e-18
8.90060208919537e-10	-0.08527248	-0.07029759	-0.92499816	0	0	0.41	4.437022e-18
9.000282385877794e-10	-0.09302098	-0.09171204	-0.9205939	0	0	0.41	5.034959e-18
9.100063307149069e-10	-0.08992447	-0.08513459	-0.9182338	0	0	0.41	5.1379397e-18
9.200654746747124e-10	-0.07820111	-0.089765035	-0.9219277	0	0	0.41	4.7681925e-18
9.30002063239893e-10	-0.05415116	-0.10039892	-0.92099464	0	0	0.41	5.9492418e-18
9.400599972346183e-10	-0.06556732	-0.0997719	-0.9239239	0	0	0.41	4.8083926e-18
9.500574008247633e-10	-0.06618967	-0.09458555	-0.9273184	0	0	0.41	5.5427305e-18
9.600357977281195e-10	-0.06049344	-0.10154506	-0.9271398	0	0	0.41	4.6253587e-18
9.700537446187622e-10	-0.049704347	-0.110475965	-0.9295734	0	0	0.41	4.5755525e-18
9.800410436321128e-10	-0.03674444	-0.12271175	-0.93614376	0	0	0.41	5.5252824e-18
9.900560789580687e-10	-0.036116336	-0.13033476	-0.9388283	0	0	0.41	4.4901076e-18
1.0000167658385593e-09	-0.053981584	-0.12835504	-0.94003034	0	0	0.41	3.98768e-18
1.0100481051778566e-09	-0.052334066	-0.11037265	-0.94321764	0	0	0.41	3.8680434e-18
1.0200617084308533e-09	-0.037581246	-0.106328934	-0.94331217	0	0	0.41	5.1588244e-18
1.0300268582542695e-09	-0.028540565	-0.11909434	-0.93909794	0	0	0.41	4.852223e-18
1.040043965498429e-09	-0.009165214	-0.1022172	-0.94127506	0	0	0.41	3.9462736e-18
1.050056575534465e-09	-0.014309554	-0.123005286	-0.93997866	0	0	0.41	4.788687e-18
1.0600403769404008e-09	-0.025057271	-0.13300624	-0.9378113	0	0	0.41	4.9694468e-18
1.0700385249290985e-09	-0.015417386	-0.16079691	-0.9288175	0	0	0.41	4.2616523e-18
1.0800138860032443e-09	-0.00848609	-0.16436799	-0.9278452	0	0	0.41	5.334178e-18
1.0900070985955633e-09	-0.018842472	-0.17055914	-0.9298142	0	0	0.41	4.39906e-18
1.100002912640164e-09	-0.019924324	-0.16525722	-0.93446743	0	0	0.41	5.43577e-18
1.1100657840985785e-09	-0.020600948	-0.15364513	-0.93258023	0	0	0.41	4.517608e-18
1.1200455423731163e-09	-0.02561792	-0.13441387	-0.93641233	0	0	0.41	4.8666423e-18
1.1300561493227886e-09	-0.022460632	-0.13929233	-0.9371715	0	0	0.41	4.260422e-18
1.14001096606178e-09	-0.011357204	-0.13706234	-0.9396172	0	0	0.41	5.317277e-18
1.15003569069888e-09	-0.0018720756	-0.13391057	-0.9387981	0	0	0.41	4.52833e-18
1.1600018722513995e-09	0.0041625416	-0.14112705	-0.933802	0	0	0.41	4.611659e-18
1.1700482352817729e-09	-0.017590467	-0.15092218	-0.93628573	0	0	0.41	5.1513185e-18
1.1800045167699012e-09	-0.021618942	-0.15728316	-0.93530065	0	0	0.41	3.960449e-18
1.1900056977246914e-09	-0.035368368	-0.15826824	-0.9315588	0	0	0.41	4.8912497e-18
1.2000149558996604e-09	-0.05446247	-0.165914	-0.9273083	0	0	0.41	4.0946875e-18
1.2100416839903231e-09	-0.062433627	-0.1706108	-0.92450976	0	0	0.41	4.8005857e-18
1.2200590565679364e-09	-0.036477536	-0.17781112	-0.9217845	0	0	0.41	4.858731e-18
1.2300230914318684e-09	-0.029736985	-0.18841007	-0.9238709	0	0	0.41	5.0497838e-18
1.2400058752706999e-09	-0.019782897	-0.18385476	-0.9244456	0	0	0.41	4.2607734e-18
1.250013675612503e-09	-0.015555598	-0.17193538	-0.9301155	0	0	0.41	4.537547e-18
1.2600555041722238e-09	-0.008620154	-0.1678458	-0.92783505	0	0	0.41	3.916897e-18
1.2700433897024374e-09	0.00022276517	-0.17356937	-0.9259488	0	0	0.41	5.348912e-18
1.280008445953805e-09	0.00076539646	-0.17413639	-0.9241462	0	0	0.41	4.5008915e-18
1.29005167167094e-09	0.006499025	-0.1677908	-0.92938125	0	0	0.41	4.573024e-18
1.3000604950460624e-09	-0.005473978	-0.16564445	-0.9334729	0	0	0.41	4.9789854e-18
1.3100378901026703e-09	0.027099188	-0.16691364	-0.93278396	0	0	0.41	5.355063e-18
1.3200615246548704e-09	0.02338726	-0.1657796	-0.9368257	0	0	0.41	4.0412083e-18
1.3300203225307826e-09	0.03803564	-0.16136889	-0.9390661	0	0	0.41	4.6491943e-18
1.3400276250076726e-09	0.046895206	-0.15400082	-0.9408429	0	0	0.41	4.1207454e-18
1.3500036077659575e-09	0.037747487	-0.15705766	-0.941338	0	0	0.41	4.9838083e-18
1.3600126608692808e-09	0.03981214	-0.14853258	-0.94157493	0	0	0.41	4.9496523e-18
1.3700302683960096e-09	0.030878505	-0.14895487	-0.9403886	0	0	0.41	4.6457226e-18
1.3800283576914218e-09	0.029234435	-0.14205256	-0.93745786	0	0	0.41	5.3411325e-18
1.3900460843927405e-09	0.02722084	-0.13396835	-0.9390944	0	0	0.41	4.422848e-18
1.4000219361720046e-09	0.01905666	-0.13520567	-0.93296564	0	0	0.41	4.3962474e-18
1.4100240255682765e-09	0.02454216	-0.1431537	-0.93017775	0	0	0.41	4.6506294e-18
1.4200450312171231e-09	0.00889299	-0.128682	-0.9283894	0	0	0.41	5.390842e-18
1.4300316377700122e-09	0.01852168	-0.12883192	-0.9310485	0	0	0.41	5.155719e-18
1.4400114766931127e-09	0.020811614	-0.12953301	-0.93278784	0	0	0.41	4.4556807e-18
1.4500512944284505e-09	0.03323801	-0.122994654	-0.9309673	0	0	0.41	4.5228557e-18
1.4600525425314013e-09	0.04179057	-0.112219095	-0.9317833	0	0	0.41	4.844859e-18
1.4700265087376797e-09	0.06418806	-0.12042045	-0.9276787	0	0	0.41	4.384116e-18
1.4800480402992696e-09	0.032310862	-0.12320338	-0.92957026	0	0	0.41	5.3140667e-18
1.4900447132918197e-09	0.012267164	-0.1242918	-0.9289656	0	0	0.41	5.714631e-18
1.5000565539464217e-09	-0.0009894724	-0.11963387	-0.9350902	0	0	0.41	4.447922e-18
1.5100133564775123e-09	8.189384e-05	-0.12657265	-0.9365049	0	0	0.41	4.239828e-18
1.5200555163969228e-09	0.032156292	-0.121634945	-0.9395355	0	0	0.41	5.1164827e-18
1.530030318825447e-09	0.038829654	-0.123821765	-0.94036835	0	0	0.41	4.1645066e-18
1.540011549405062e-09	0.0572904	-0.1196784	-0.9388882	0	0	0.41	4.7327834e-18
1.5500387970872903e-09	0.05790911	-0.11095919	-0.94159836	0	0	0.41	5.4485692e-18
1.5600643511241085e-09	0.051741876	-0.10309914	-0.94157505	0	0	0.41	5.3341085e-18
1.5700638940105842e-09	0.031692598	-0.10838022	-0.9445536	0	0	0.41	5.280904e-18
1.580010253244937e-09	0.022425715	-0.1062969	-0.9422377	0	0	0.41	3.1284138e-18
1.5900430083181222e-09	0.030061578	-0.09594608	-0.9422385	0	0	0.41	3.903705e-18
1.6000185928497166e-09	0.03197049	-0.083560884	-0.94237125	0	0	0.41	4.7084907e-18
1.6100178353616338e-09	0.035917815	-0.08467515	-0.9340075	0	0	0.41	4.8317063e-18
1.6200074339369378e-09	0.039313167	-0.060060244	-0.9286705	0	0	0.41	4.294958e-18
1.6300236179095607e-09	0.049249545	-0.088112734	-0.93026584	0	0	0.41	4.321722e-18
1.640036795009858e-09	0.03911974	-0.10766113	-0.9267065	0	0	0.41	5.4523196e-18
1.6500266843879459e-09	0.042858433	-0.10140156	-0.9238043	0	0	0.41	4.7469025e-18
1.6600046431528267e-09	0.04682334	-0.08745691	-0.92336637	0	0	0.41	4.3810554e-18
1.6700246920818186e-09	0.032020655	-0.08239371	-0.9216232	0	0	0.41	4.8454727e-18
1.6800412704329989e-09	0.026609562	-0.09968543	-0.9195485	0	0	0.41	4.8950183e-18
1.6900320740644199e-09	0.023019461	-0.09700087	-0.9160684	0	0	0.41	5.0813875e-18
1.7000156528612299e-09	0.018788159	-0.09078429	-0.92155343	0	0	0.41	4.044661e-18
1.710015408285447e-09	0.022886822	-0.07405037	-0.9269173	0	0	0.41	5.6301734e-18
1.720046901222002e-09	0.02211955	-0.0590141	-0.9271805	0	0	0.41	4.649461e-18
1.7300150992365076e-09	0.042978913	-0.045583095	-0.92268735	0	0	0.41	4.735215e-18
1.7400190292441624e-09	0.06254178	-0.058207348	-0.92343575	0	0	0.41	5.4661005e-18
1.750022760530428e-09	0.069356315	-0.07333401	-0.91775453	0	0	0.41	4.234245e-18
1.760053506366325e-09	0.071474575	-0.07652806	-0.9286785	0	0	0.41	3.7525073e-18
1.770030121961163e-09	0.0714725	-0.09811152	-0.93465143	0	0	0.41	4.5084673e-18
1.780004323416142e-09	0.071489155	-0.08552847	-0.9318116	0	0	0.41	5.3210775e-18
1.7900500676084167e-09	0.046737313	-0.086753584	-0.93022984	0	0	0.41	5.1095604e-18
1.8000024513756811e-09	0.032958318	-0.08114019	-0.9294874	0	0	0.41	4.8076415e-18
1.810049863796688e-09	0.0426136	-0.07565223	-0.9325737	0	0	0.41	4.1086375e-18
1.8200501317537465e-09	0.027436143	-0.05960037	-0.9329502	0	0	0.41	3.926905e-18
1.8300215148022028e-09	0.05435093	-0.047294214	-0.9365719	0	0	0.41	5.1143874e-18
1.8400354581810263e-09	0.07746757	-0.037441	-0.9350836	0	0	0.41	5.9077872e-18
1.8500263939930057e-09	0.103959784	-0.046482302	-0.9302343	0	0	0.41	4.9421287e-18
1.8600339598757245e-09	0.119266964	-0.06896866	-0.9254681	0	0	0.41	5.247629e-18
1.870050025726781e-09	0.11108676	-0.07710375	-0.92376107	0	0	0.41	4.941522e-18
1.8800134286128013e-09	0.08952267	-0.07994586	-0.9291719	0	0	0.41	5.4840466e-18
1.8900354132964387e-09	0.086391255	-0.080443144	-0.9279937	0	0	0.41	4.5914856e-18
1.9000227994145223e-09	0.079619706	-0.06633163	-0.92487293	0	0	0.41	4.657415e-18
1.910033843155727e-09	0.06955853	-0.04719687	-0.9292272	0	0	0.41	5.5425427e-18
1.92004656394655e-09	0.09226846	-0.036580767	-0.9284527	0	0	0.41	5.215673e-18
1.930003283962335e-09	0.0941215	-0.01944076	-0.93281317	0	0	0.41	5.27116e-18
1.940045111462495e-09	0.12658359	-0.019081002	-0.9354692	0	0	0.41	5.464913e-18
1.950020158897973e-09	0.14795488	-0.02536293	-0.932154	0	0	0.41	4.7602333e-18
1.9600470044329738e-09	0.15762837	-0.03827394	-0.9322332	0	0	0.41	4.5529853e-18
1.9700419964255708e-09	0.15114711	-0.058223255	-0.93206215	0	0	0.41	4.514876e-18
1.9800462409790843e-09	0.121817	-0.059633818	-0.93815356	0	0	0.41	4.580566e-18
1.9900278511349035e-09	0.12340311	-0.05611585	-0.93538445	0	0	0.41	4.7042903e-18
2.000022058371197e-09	0.117222525	-0.054414194	-0.93522096	0	0	0.41	4.175448e-18
2.0100044461268005e-09	0.11412829	-0.050285432	-0.929862	0	0	0.41	4.4147527e-18
2.020020380727501e-09	0.11205872	-0.04420287	-0.9269812	0	0	0.41	6.13483e-18
2.0300421594046002e-09	0.133125	-0.038710997	-0.9301397	0	0	0.41	3.793857e-18
2.0400059720360425e-09	0.13757154	-0.038831662	-0.9365422	0	0	0.41	5.0832987e-18
2.0500250752589496e-09	0.16075225	-0.04338187	-0.9343423	0	0	0.41	4.6356343e-18
2.0600061869768095e-09	0.17472093	-0.049688593	-0.9290949	0	0	0.41	2.904467e-18
2.0700287613523315e-09	0.17465615	-0.055672135	-0.9288079	0	0	0.41	5.0689793e-18
2.0800342089942897e-09	0.16458611	-0.05108056	-0.9286491	0	0	0.41	4.3362954e-18
2.0900226865588087e-09	0.1624594	-0.045361087	-0.9333827	0	0	0.41	4.4887663e-18
2.1000657347059885e-09	0.16081358	-0.04407975	-0.93371016	0	0	0.41	4.201934e-18
2.1100151338676626e-09	0.14139372	-0.03474639	-0.9329354	0	0	0.41	4.4309518e-18
2.12000254938303e-09	0.15791678	-0.014707115	-0.929781	0	0	0.41	4.617913e-18
2.1300283135469e-09	0.17096812	-0.0044144527	-0.930483	0	0	0.41	5.3837964e-18
2.140045743150073e-09	0.16157126	-0.015918594	-0.9319023	0	0	0.41	5.1670974e-18
2.1500110171754306e-09	0.17574197	-0.018360972	-0.92818433	0	0	0.41	5.6190218e-18
2.1600485992589493e-09	0.18171793	-0.02623068	-0.93236566	0	0	0.41	5.559402e-18
2.170060885812313e-09	0.17704211	-0.04349545	-0.9414522	0	0	0.41	4.206621e-18
2.1800381381280504e-09	0.1876513	-0.042422567	-0.9346737	0	0	0.41	4.3246756e-18
2.1900552878533436e-09	0.19273746	-0.040197063	-0.93242913	0	0	0.41	4.3181198e-18
2.2000617803942674e-09	0.18354706	-0.04007688	-0.93284404	0	0	0.41	5.239845e-18
2.2100495143569604e-09	0.19584881	-0.032975666	-0.9337952	0	0	0.41	4.789113e-18
2.220006752349111e-09	0.19361378	-0.03286518	-0.93138623	0	0	0.41	4.9434377e-18
2.2300491037054522e-09	0.20189835	-0.010340098	-0.9288195	0	0	0.41	4.2209405e-18
2.2400142392594226e-09	0.21391384	-0.017578542	-0.92175794	0	0	0.41	4.199252e-18
2.2500347970539427e-09	0.22794501	-0.021336755	-0.91763324	0	0	0.41	5.3710665e-18
2.2600150750029103e-09	0.22383904	-0.028988604	-0.9223051	0	0	0.41	6.3449683e-18
2.2700180171743848e-09	0.21501821	-0.025049042	-0.92377853	0	0	0.41	4.0116643e-18
2.280023313939576e-09	0.22428931	-0.035293296	-0.9241051	0	0	0.41	4.1649326e-18
2.2900616582248144e-09	0.2123799	-0.027658608	-0.9208544	0	0	0.41	4.6818112e-18
2.3000293070240684e-09	0.20807835	-0.02148575	-0.9221019	0	0	0.41	4.4969753e-18
2.3100503935613626e-09	0.20413662	-0.023756934	-0.92282903	0	0	0.41	4.2017342e-18
2.320049669361191e-09	0.21616337	-0.04281938	-0.9171369	0	0	0.41	4.6947694e-18
2.3300378982494146e-09	0.20415287	-0.052848347	-0.9237763	0	0	0.41	4.537392e-18
2.340037000799967e-09	0.223582	-0.057888836	-0.91784245	0	0	0.41	4.600459e-18
2.3500137381858043e-09	0.22451809	-0.050552476	-0.9178764	0	0	0.41	4.4814172e-18
2.360040527070828e-09	0.20920356	-0.03804705	-0.9168889	0	0	0.41	3.823911e-18
2.370045114461648e-09	0.21898083	-0.008623322	-0.9175338	0	0	0.41	4.841327e-18
2.380056453814889e-09	0.22696029	0.010292094	-0.9151384	0	0	0.41	5.0958288e-18
2.3900509784866936e-09	0.22124393	0.0238476	-0.9201214	0	0	0.41	5.8347273e-18
2.4000399821678996e-09	0.23721945	0.028966857	-0.91577405	0	0	0.41	4.2519164e-18
2.410030031752353e-09	0.25530714	0.03466848	-0.9130984	0	0	0.41	3.914995e-18
2.420037505774797e-09	0.25609514	0.031346906	-0.9078708	0	0	0.41	4.7902534e-18
2.430007863492391e-09	0.24938104	0.0345664	-0.9062715	0	0	0.41	4.629603e-18
2.4400529885930935e-09	0.2495871	0.035547614	-0.9048566	0	0	0.41	4.2674037e-18
2.4500283286118283e-09	0.23949505	0.05028439	-0.9034818	0	0	0.41	4.6746892e-18
2.4600331055268085e-09	0.23470412	0.053813465	-0.9087372	0	0	0.41	4.3195843e-18
2.4700298587296907e-09	0.23257373	0.060573343	-0.9102886	0	0	0.41	5.5906743e-18
2.4800293636211968e-09	0.24424583	0.06668988	-0.90581	0	0	0.41	4.847471e-18
2.4900580105540816e-09	0.24161774	0.056458432	-0.9092903	0	0	0.41	4.426063e-18
2.5000483844282304e-09	0.23390138	0.06673639	-0.90323836	0	0	0.41	4.25475e-18
2.510051026553515e-09	0.23630631	0.0748632	-0.90117574	0	0	0.41	5.1370096e-18
2.520057861905734e-09	0.23445791	0.08420811	-0.8990713	0	0	0.41	5.570363e-18
2.5300154904853307e-09	0.20665783	0.10428063	-0.9023536	0	0	0.41	5.374704e-18
2.5400561693509586e-09	0.19697687	0.11363617	-0.91233325	0	0	0.41	4.627595e-18
2.5500100628872527e-09	0.19725168	0.12557024	-0.9083629	0	0	0.41	4.205754e-18
2.5600523533782594e-09	0.17543842	0.14138341	-0.9070303	0	0	0.41	4.7049545e-18
2.5700482647182667e-09	0.16813014	0.15275364	-0.9101676	0	0	0.41	5.101185e-18
2.5800141827083553e-09	0.15356229	0.16083279	-0.9092652	0	0	0.41	5.215694e-18
2.5900057557181467e-09	0.16263825	0.17604016	-0.909689	0	0	0.41	4.6418733e-18
2.6000077540573318e-09	0.17189167	0.17777978	-0.90741175	0	0	0.41	4.3133387e-18
2.6100593427629743e-09	0.18961796	0.17961803	-0.91225564	0	0	0.41	4.9025287e-18
2.62001084645109e-09	0.19888039	0.18868293	-0.9045102	0	0	0.41	5.2516407e-18
2.630050131046175e-09	0.20147537	0.20736022	-0.8947963	0	0	0.41	4.8291635e-18
2.6400627823618894e-09	0.17766583	0.22184691	-0.89805007	0	0	0.41	3.8862058e-18
2.6500109569618245e-09	0.15652421	0.24616452	-0.89795345	0	0	0.41	5.248172e-18
2.660037428635232e-09	0.14895485	0.26955843	-0.89335495	0	0	0.41	4.4622374e-18
2.6700427022523905e-09	0.1488019	0.27374426	-0.89378816	0	0	0.41	4.3774807e-18
2.680014679196474e-09	0.12764986	0.2736826	-0.89437324	0	0	0.41	5.0033814e-18
2.6900451457606588e-09	0.12738644	0.2724686	-0.89368445	0	0	0.41	4.8685605e-18
2.700025658316494e-09	0.088960625	0.26986748	-0.893235	0	0	0.41	5.615739e-18
2.7100339536088244e-09	0.055060636	0.27767417	-0.898933	0	0	0.41	4.5421265e-18
2.7200130886110814e-09	0.043340698	0.26505536	-0.908595	0	0	0.41	5.5910275e-18
2.73000076856196e-09	0.018053545	0.27606517	-0.9072685	0	0	0.41	5.2681595e-18
2.7400443555347003e-09	0.011837859	0.28329563	-0.90594447	0	0	0.41	4.8173725e-18
2.75003792532229e-09	-0.0011792441	0.27962503	-0.9068414	0	0	0.41	5.2378876e-18
2.7600447879315653e-09	-0.008749976	0.26356786	-0.90517706	0	0	0.41	4.5153486e-18
2.7700602371104245e-09	-0.011501096	0.25429308	-0.9068259	0	0	0.41	4.1552173e-18
2.7800136782386178e-09	-0.020130271	0.24517025	-0.9085945	0	0	0.41	5.102195e-18
2.7900093973500134e-09	-0.026950901	0.24141468	-0.9033678	0	0	0.41	4.5756455e-18
2.8000523395050955e-09	-0.04178977	0.23604001	-0.89673406	0	0	0.41	4.0247043e-18
2.810051199515491e-09	-0.066125005	0.23768184	-0.8963249	0	0	0.41	4.120024e-18
2.820038114680797e-09	-0.064002365	0.251423	-0.89322037	0	0	0.41	3.891352e-18
2.830045044377313e-09	-0.07645679	0.23583296	-0.8930738	0	0	0.41	4.8035987e-18
2.840062391258372e-09	-0.103171766	0.24516726	-0.88189125	0	0	0.41	4.6542157e-18
2.8500004978497726e-09	-0.12776977	0.25087887	-0.8823309	0	0	0.41	4.406896e-18
2.860016800985509e-09	-0.15613227	0.2473375	-0.8833817	0	0	0.41	3.4165223e-18
2.8700528060334046e-09	-0.16860113	0.23180795	-0.88610226	0	0	0.41	5.190948e-18
2.880009103799677e-09	-0.15809406	0.21369289	-0.88382065	0	0	0.41	4.6997156e-18
2.8900652508104123e-09	-0.16982268	0.19248585	-0.88635147	0	0	0.41	4.717469e-18
2.9000536540033855e-09	-0.19546625	0.1672853	-0.88439596	0	0	0.41	4.3425816e-18
2.9100463772817913e-09	-0.21344092	0.14716661	-0.87532544	0	0	0.41	4.909883e-18
2.9200312084462187e-09	-0.25482726	0.11030938	-0.8752557	0	0	0.41	4.7226702e-18
2.9300522719569454e-09	-0.2696552	0.0776693	-0.8701927	0	0	0.41	4.035314e-18
2.9400051974702494e-09	-0.275999	0.055807192	-0.86442286	0	0	0.41	4.661432e-18
2.9500209304226007e-09	-0.2830346	0.02394974	-0.85890216	0	0	0.41	5.0533295e-18
2.9600552349492915e-09	-0.2844887	0.014825151	-0.84921896	0	0	0.41	4.2539202e-18
2.970057585698547e-09	-0.2803876	-0.0030438819	-0.8375595	0	0	0.41	4.283418e-18
2.9800586340077145e-09	-0.287834	-0.032246776	-0.82924813	0	0	0.41	5.06349e-18
2.9900432469518154e-09	-0.28037536	-0.07680836	-0.80940914	0	0	0.41	4.3524594e-18
3.0000143489782855e-09	-0.28095263	-0.13299519	-0.7898769	0	0	0.41	4.8148707e-18
3.0100247701069514e-09	-0.2622149	-0.17467043	-0.7638541	0	0	0.41	5.3215887e-18
3.0200332233319814e-09	-0.21110019	-0.2305152	-0.743753	0	0	0.41	4.5030633e-18
3.0300207488052676e-09	-0.105403505	-0.2786426	-0.72731835	0	0	0.41	5.7267695e-18
3.0400630117197845e-09	0.03311918	-0.31292576	-0.7180083	0	0	0.41	4.5760074e-18
3.0500652734429526e-09	0.1732976	-0.29181734	-0.6967935	0	0	0.41	4.6066156e-18
3.060042619256481e-09	0.29143706	-0.23341614	-0.6745163	0	0	0.41	5.9001317e-18
3.0700651534520075e-09	0.38026485	-0.14930332	-0.6590182	0	0	0.41	5.3291702e-18
3.0800371457269586e-09	0.41219026	-0.0019126291	-0.6472735	0	0	0.41	5.053407e-18
3.0900183201171064e-09	0.34286582	0.124177165	-0.63114756	0	0	0.41	4.6960185e-18
3.100038003878608e-09	0.24867555	0.21696745	-0.63091874	0	0	0.41	5.942349e-18
3.110021102869622e-09	0.08644094	0.2519569	-0.62978095	0	0	0.41	5.2243706e-18
3.120026405880077e-09	-0.08185927	0.18006206	-0.63939255	0	0	0.41	4.0984405e-18
3.1300434594162146e-09	-0.15355565	0.03209665	-0.6494781	0	0	0.41	4.595398e-18
3.1400534743565974e-09	-0.14330578	-0.07810826	-0.6498398	0	0	0.41	4.944155e-18
3.1500564532982473e-09	-0.07169447	-0.18081322	-0.6380967	0	0	0.41	4.3160187e-18
3.160055338981473e-09	0.08415786	-0.2782142	-0.62241775	0	0	0.41	4.8736274e-18
3.170005291546947e-09	0.2832978	-0.24088778	-0.6214786	0	0	0.41	4.155162e-18
3.1800329867371916e-09	0.41142926	-0.1092732	-0.6329495	0	0	0.41	3.2799767e-18
3.1900556224958123e-09	0.41838562	0.03141904	-0.6410233	0	0	0.41	4.079619e-18
3.2000375145198103e-09	0.35198906	0.16307573	-0.62922835	0	0	0.41	3.4712527e-18
3.2100655865135767e-09	0.20719038	0.24762683	-0.60565484	0	0	0.41	4.7060456e-18
3.220052927098081e-09	0.016122056	0.22193043	-0.59078485	0	0	0.41	4.668763e-18
3.2300210897030915e-09	-0.17075156	0.10426658	-0.58583486	0	0	0.41	4.9377744e-18
3.2400501135413406e-09	-0.24884962	-0.00093659037	-0.58238524	0	0	0.41	5.0719187e-18
3.2500367952008527e-09	-0.27928683	-0.16045575	-0.5734869	0	0	0.41	4.1270626e-18
3.2600318143153156e-09	-0.1633739	-0.29674375	-0.5605686	0	0	0.41	4.133479e-18
3.2700154405328265e-09	0.027666647	-0.357457	-0.5546606	0	0	0.41	4.0724906e-18
3.280063029332913e-09	0.24899581	-0.2916935	-0.55049604	0	0	0.41	4.242485e-18
3.290024772982968e-09	0.37441698	-0.11212817	-0.5594135	0	0	0.41	4.3437156e-18
3.3000083298648667e-09	0.3190645	0.13889422	-0.5411689	0	0	0.41	3.954062e-18
3.310044474017006e-09	0.11186964	0.24008392	-0.52841365	0	0	0.41	4.1949e-18
3.3200299046149607e-09	-0.09156993	0.19971946	-0.514883	0	0	0.41	2.6788945e-18
3.3300252883651712e-09	-0.23769704	0.11926216	-0.510663	0	0	0.41	4.0332876e-18
3.3400398080523476e-09	-0.3290263	-0.035965066	-0.5127039	0	0	0.41	3.9830235e-18
3.3500364296459292e-09	-0.3018655	-0.20883656	-0.5107202	0	0	0.41	4.0056345e-18
3.360015864942571e-09	-0.15409651	-0.31740493	-0.496543	0	0	0.41	4.470777e-18
3.3700539538405843e-09	0.059741836	-0.33193994	-0.48107353	0	0	0.41	3.8543705e-18
3.3800610163754827e-09	0.28824022	-0.22993864	-0.46358922	0	0	0.41	3.8088983e-18
3.3900308587678986e-09	0.427877	-0.023291055	-0.4465487	0	0	0.41	4.836472e-18
3.4000581546762197e-09	0.39487815	0.17514628	-0.4447911	0	0	0.41	4.8150415e-18
3.4100299522275416e-09	0.2529879	0.34054998	-0.44025657	0	0	0.41	4.2429597e-18
3.4200594592166272e-09	0.034141913	0.38127083	-0.42806375	0	0	0.41	3.4676617e-18
3.430050696262888e-09	-0.17119572	0.29287207	-0.42360443	0	0	0.41	4.169225e-18
3.440011172445281e-09	-0.28589728	0.09699426	-0.43238485	0	0	0.41	3.4026263e-18
3.4500101280492907e-09	-0.2726079	-0.104414955	-0.4357911	0	0	0.41	3.5820523e-18
3.4600543656669096e-09	-0.15152961	-0.24677233	-0.42860854	0	0	0.41	4.3630613e-18
3.470024119162392e-09	0.09419382	-0.32348543	-0.41401568	0	0	0.41	3.5586203e-18
3.4800073813065816e-09	0.336998	-0.22646348	-0.41117236	0	0	0.41	2.7373036e-18
3.4900265141265594e-09	0.44587576	0.007782988	-0.40795955	0	0	0.41	3.900916e-18
3.500023247445012e-09	0.3781384	0.21540791	-0.40210024	0	0	0.41	3.5536767e-18
3.5100642818440484e-09	0.22556113	0.33553803	-0.3871471	0	0	0.41	3.4123334e-18
3.5200527670497787e-09	-0.013451854	0.33731955	-0.37655622	0	0	0.41	3.5447378e-18
3.5300347974914205e-09	-0.22411418	0.19691512	-0.3674634	0	0	0.41	3.783372e-18
3.5400123298351556e-09	-0.34812692	-0.04147973	-0.36918247	0	0	0.41	3.212879e-18
3.550003845021338e-09	-0.2946715	-0.26504964	-0.36229795	0	0	0.41	3.2040159e-18
3.5600562173066825e-09	-0.121363126	-0.3979897	-0.35457674	0	0	0.41	3.0303605e-18
3.5700625447742827e-09	0.12377588	-0.40440238	-0.35728732	0	0	0.41	2.6629512e-18
3.5800592081796854e-09	0.33870262	-0.26789355	-0.3417916	0	0	0.41	3.7166896e-18
3.590029091785037e-09	0.40177357	0.0015351009	-0.3262287	0	0	0.41	3.8676947e-18
3.600048979979259e-09	0.269833	0.21984568	-0.32012567	0	0	0.41	3.777007e-18
3.610020887825241e-09	0.057529017	0.29384032	-0.2972895	0	0	0.41	3.6403487e-18
3.620058275243262e-09	-0.14803562	0.2550746	-0.28116417	0	0	0.41	3.8315176e-18
3.6300015822426464e-09	-0.33902237	0.119265005	-0.27796164	0	0	0.41	2.6587773e-18
3.6400365754445065e-09	-0.4013634	-0.17873544	-0.26536137	0	0	0.41	2.5408995e-18
3.650044317001906e-09	-0.24148688	-0.40854603	-0.26105985	0	0	0.41	3.7229757e-18
3.660053050455082e-09	0.045115862	-0.45697713	-0.23908576	0	0	0.41	3.2916809e-18
3.67000717258526e-09	0.27940723	-0.30436805	-0.22997814	0	0	0.41	3.015108e-18
3.6800513091211687e-09	0.37068093	-0.06369485	-0.23101611	0	0	0.41	2.6832775e-18
3.690048746272239e-09	0.26737458	0.19602798	-0.21700802	0	0	0.41	3.520387e-18
3.7000151495493693e-09	0.037289273	0.28653228	-0.20767404	0	0	0.41	2.4293374e-18
3.7100231002235887e-09	-0.18445802	0.2576976	-0.18184747	0	0	0.41	3.4565283e-18
3.720028477713018e-09	-0.41297117	0.1293608	-0.16558114	0	0	0.41	3.0555558e-18
3.730056678147124e-09	-0.49516243	-0.13874947	-0.15900621	0	0	0.41	3.0068483e-18
3.740044614172597e-09	-0.32293054	-0.3857536	-0.14364651	0	0	0.41	3.8298355e-18
3.750044530719468e-09	0.0178075	-0.42058876	-0.12616515	0	0	0.41	2.120864e-18
3.7600352670345794e-09	0.23450562	-0.22719906	-0.109325916	0	0	0.41	2.5824806e-18
3.770058907901529e-09	0.32325193	-0.050772954	-0.1039048	0	0	0.41	2.6531361e-18
3.7800279709198795e-09	0.31942317	0.16344361	-0.099767335	0	0	0.41	2.368606e-18
3.790047937700608e-09	0.17791808	0.37194487	-0.0896859	0	0	0.41	3.2118627e-18
3.800047128341878e-09	-0.12640858	0.38091224	-0.05931813	0	0	0.41	3.57413e-18
3.8100190761760214e-09	-0.3483078	0.18759543	-0.055226594	0	0	0.41	3.4678943e-18
3.8200203773795975e-09	-0.34916574	-0.11845507	-0.059237853	0	0	0.41	3.3384859e-18
3.8300275977365434e-09	-0.1739744	-0.2923092	-0.05616296	0	0	0.41	1.7886182e-18
3.840031981806829e-09	0.06914258	-0.36905867	-0.04589592	0	0	0.41	2.2509954e-18
3.8500152906203844e-09	0.34828702	-0.24875833	-0.03372482	0	0	0.41	2.6987289e-18
3.860005438816623e-09	0.49162278	0.0647104	-0.02414162	0	0	0.41	2.9510049e-18
3.870018649249839e-09	0.3293683	0.34190065	-0.017553076	0	0	0.41	2.4243622e-18
3.88006510877646e-09	0.0025991243	0.40848133	0.004134023	0	0	0.41	2.6095429e-18
3.890014653762935e-09	-0.26477483	0.23989436	0.007986548	0	0	0.41	2.0373487e-18
3.90003033301886e-09	-0.32586378	0.004946582	0.0040367013	0	0	0.41	3.1154726e-18
3.910002154311926e-09	-0.28426477	-0.20818955	0.013947379	0	0	0.41	2.6186487e-18
3.920053510847107e-09	-0.101640634	-0.37768224	0.035974342	0	0	0.41	1.3638075e-18
3.930028126397068e-09	0.18610884	-0.3691097	0.06046021	0	0	0.41	2.2375424e-18
3.940000518483607e-09	0.41186047	-0.1320922	0.06958267	0	0	0.41	1.6689525e-18
3.950001554297546e-09	0.37560618	0.18016048	0.07904019	0	0	0.41	1.1347478e-18
3.960001945032183e-09	0.18416744	0.32985052	0.08410385	0	0	0.41	1.3638955e-18
3.970043805994973e-09	-0.057474583	0.36875385	0.09634702	0	0	0.41	2.6314863e-18
3.980047083903385e-09	-0.29854098	0.22199912	0.10527405	0	0	0.41	2.4628742e-18
3.990009410704112e-09	-0.38874337	-0.043231457	0.117560215	0	0	0.41	1.8770434e-18
4.000049991789834e-09	-0.2595495	-0.314674	0.11529919	0	0	0.41	1.8514844e-18
4.010008488803895e-09	-0.0035268674	-0.3844446	0.1357394	0	0	0.41	2.0122568e-18
4.020019531461511e-09	0.25804028	-0.26726454	0.1553766	0	0	0.41	2.198993e-18
4.030060283774614e-09	0.38877088	-0.006033994	0.1644154	0	0	0.41	1.7146967e-18
4.040001211337333e-09	0.33292076	0.2403767	0.17168355	0	0	0.41	1.4151414e-18
4.050026152283536e-09	0.12062584	0.39463562	0.18159151	0	0	0.41	2.0738082e-18
4.060005676325131e-09	-0.19677028	0.34918115	0.19629547	0	0	0.41	2.285826e-18
4.070006451369518e-09	-0.3949161	0.06920829	0.20665401	0	0	0.41	2.066946e-18
4.080017232493456e-09	-0.3303312	-0.23348562	0.22075748	0	0	0.41	1.5837618e-18
4.0900196057457034e-09	-0.09926774	-0.38666734	0.23124795	0	0	0.41	2.258014e-18
4.100052393638474e-09	0.1796344	-0.35488978	0.24613915	0	0	0.41	1.3825767e-18
4.110044200239169e-09	0.35676473	-0.16225834	0.25902337	0	0	0.41	1.4921345e-18
4.120045249661013e-09	0.34584668	0.118204184	0.26556572	0	0	0.41	1.4204516e-18
4.130003613800737e-09	0.14140645	0.30407667	0.27085695	0	0	0.41	1.7350632e-18
4.140058812316448e-09	-0.14539976	0.32233295	0.28610167	0	0	0.41	1.5128049e-18
4.150039218110541e-09	-0.36184874	0.14269367	0.30216527	0	0	0.41	2.2657137e-18
4.160064626412853e-09	-0.36235234	-0.12856695	0.30866477	0	0	0.41	1.1137122e-18
4.1700066182064015e-09	-0.21159312	-0.31949097	0.319877	0	0	0.41	7.302346e-19
4.1800620888086094e-09	0.07872618	-0.3777231	0.34668028	0	0	0.41	1.4867207e-18
4.1900429785886725e-09	0.32423708	-0.18735027	0.3619835	0	0	0.41	1.6079465e-18
4.200051853691667e-09	0.3596892	0.10913683	0.36590374	0	0	0.41	7.438407e-19
4.2100204712842795e-09	0.19621588	0.31562054	0.3666746	0	0	0.41	1.6581303e-18
4.220042322358558e-09	-0.07937875	0.3689636	0.38322723	0	0	0.41	2.1819637e-18
4.230038616448967e-09	-0.30741966	0.20665552	0.39488885	0	0	0.41	1.0575702e-18
4.240039825875722e-09	-0.35575837	-0.10261776	0.40531695	0	0	0.41	1.355299e-18
4.250020397465249e-09	-0.1699184	-0.31846392	0.40821433	0	0	0.41	1.3529645e-18
4.260002704393617e-09	0.110695414	-0.34120223	0.4261328	0	0	0.41	4.046751e-19
4.270034179148689e-09	0.3157553	-0.1774802	0.43263245	0	0	0.41	7.3275474e-19
4.280022071343011e-09	0.3428414	0.10654727	0.43337914	0	0	0.41	8.6058444e-19
4.2900044190365944e-09	0.13672411	0.30232394	0.44495293	0	0	0.41	9.824714e-19
4.300036834727231e-09	-0.12757413	0.2934004	0.45644474	0	0	0.41	1.5124982e-18
4.310016417020433e-09	-0.31781223	0.14873713	0.47913176	0	0	0.41	9.790873e-19
4.3200435173434105e-09	-0.34166893	-0.11140874	0.48416618	0	0	0.41	1.6023379e-20
4.330055084994484e-09	-0.15354562	-0.3189327	0.49402907	0	0	0.41	1.6044437e-18
4.340021868776379e-09	0.11923582	-0.33306915	0.5206157	0	0	0.41	9.551613e-19
4.350005302282772e-09	0.31323305	-0.12881775	0.53742486	0	0	0.41	5.4969893e-20
4.360020409567635e-09	0.305737	0.1519026	0.5382503	0	0	0.41	-4.5813195e-20
4.3700095798243e-09	0.07256102	0.35327965	0.5434403	0	0	0.41	1.96187e-18
4.380055116016187e-09	-0.21480308	0.285966	0.55267245	0	0	0.41	9.255933e-19
4.390063250046066e-09	-0.3647429	0.05834663	0.557939	0	0	0.41	8.356836e-20
4.4000537944019505e-09	-0.2786336	-0.23231588	0.56835145	0	0	0.41	-1.661593e-19
4.410000507502782e-09	0.018564738	-0.33918676	0.5894836	0	0	0.41	6.8748826e-19
4.4200421566129825e-09	0.2618905	-0.19740048	0.5972845	0	0	0.41	5.2476467e-19
4.430004674118474e-09	0.32169512	0.06849864	0.6049446	0	0	0.41	5.0749464e-19
4.440002887865566e-09	0.16174144	0.26826206	0.60183567	0	0	0.41	-4.87547e-19
4.450046100931672e-09	-0.09382749	0.27148277	0.6164387	0	0	0.41	4.8141834e-19
4.460035763599422e-09	-0.26177263	0.13279589	0.63372743	0	0	0.41	7.794235e-19
4.4700583447199945e-09	-0.29314706	-0.10831143	0.62784207	0	0	0.41	3.4835225e-19
4.480058355545451e-09	-0.10348898	-0.30295506	0.63510185	0	0	0.41	-5.690671e-19
4.490064976601545e-09	0.16258736	-0.26559705	0.6509892	0	0	0.41	-3.162819e-19
4.500009685271682e-09	0.30722082	-0.061022416	0.6594285	0	0	0.41	-2.390215e-19
4.510041005036558e-09	0.22073928	0.21073256	0.66767794	0	0	0.41	-4.0013934e-19
4.520035898864221e-09	-0.031420846	0.30894	0.67437685	0	0	0.41	7.9237456e-19
4.530056664754263e-09	-0.25710034	0.18906836	0.69508415	0	0	0.41	4.684293e-19
4.54004346662384e-09	-0.3002243	-0.08541546	0.7049825	0	0	0.41	4.34308e-19
4.550003319010361e-09	-0.101707034	-0.264166	0.7052089	0	0	0.41	5.545594e-19
4.560038712179799e-09	0.14504291	-0.22924481	0.71510506	0	0	0.41	-3.6943812e-20
4.570031236758126e-09	0.25685555	-0.038093623	0.7231305	0	0	0.41	-3.4453603e-19
4.5800172773306554e-09	0.20358333	0.16207542	0.729043	0	0	0.41	5.1059605e-19
4.590050330440733e-09	-0.011905966	0.25820738	0.74037105	0	0	0.41	4.3057157e-19
4.600021412491476e-09	-0.20195176	0.16019101	0.7475132	0	0	0.41	-2.0950725e-19
4.6100191932897826e-09	-0.26813552	-0.08857832	0.74950635	0	0	0.41	-6.744446e-19
4.620027475250445e-09	-0.052914616	-0.279131	0.7595221	0	0	0.41	8.267799e-20
4.630034128176397e-09	0.19939618	-0.20082682	0.7703494	0	0	0.41	-8.16495e-19
4.6400633197364095e-09	0.2605517	0.042130653	0.7882009	0	0	0.41	-4.473603e-19
4.650047072151743e-09	0.09628349	0.24333335	0.7818328	0	0	0.41	-1.4514292e-18
4.660062253157685e-09	-0.15018174	0.20606543	0.7899081	0	0	0.41	2.0522696e-19
4.6700226616798916e-09	-0.24868964	-0.020073777	0.7954386	0	0	0.41	8.222015e-20
4.68001820474865e-09	-0.09287666	-0.19785504	0.8036724	0	0	0.41	2.1321241e-19
4.690016072562361e-09	0.09064294	-0.16015598	0.8119285	0	0	0.41	-4.5749343e-19
4.700031006866588e-09	0.18578985	-0.0526497	0.81876594	0	0	0.41	-2.8301855e-19
4.710063754716123e-09	0.15713647	0.18226336	0.8178175	0	0	0.41	3.456037e-20
4.7200192544341924e-09	-0.1024086	0.23703061	0.8283986	0	0	0.41	-1.4889075e-18
4.730060756954928e-09	-0.25286877	-0.005020898	0.8404887	0	0	0.41	-1.8304274e-18
4.7400186736218595e-09	-0.101403	-0.22961503	0.8442279	0	0	0.41	-1.2660848e-18
4.750024788730825e-09	0.15572973	-0.18885697	0.85143214	0	0	0.41	-1.080262e-18
4.760030071562934e-09	0.23011285	0.06806938	0.86258143	0	0	0.41	2.2789542e-19
4.770054529137341e-09	0.0434586	0.25275084	0.8639632	0	0	0.41	4.419267e-19
4.780036438579361e-09	-0.24572149	0.11330453	0.8761956	0	0	0.41	-1.6920704e-18
4.790018514931836e-09	-0.16320196	-0.22578359	0.8832212	0	0	0.41	-4.479955e-19
4.800054014115136e-09	0.19378977	-0.19929726	0.89332056	0	0	0.41	-2.062605e-18
4.81003686655471e-09	0.2005298	0.15503141	0.9060268	0	0	0.41	-1.0056068e-18
4.820032002269704e-09	-0.12058257	0.19108929	0.9149817	0	0	0.41	-1.3665109e-18
4.830005333607818e-09	-0.21504922	-0.08561425	0.91428816	0	0	0.41	-6.899339e-20
4.840035936603752e-09	0.03608676	-0.20999731	0.92577034	0	0	0.41	-5.175661e-19
4.850052726622224e-09	0.19459872	0.01317103	0.9301733	0	0	0.41	-9.899129e-19
4.86005856674952e-09	0.022343036	0.18814065	0.9375032	0	0	0.41	-1.4756253e-18
4.870034635587534e-09	-0.16982053	0.042182475	0.9413239	0	0	0.41	-2.3681422e-18
4.8800319503815e-09	-0.048911233	-0.14715439	0.94564956	0	0	0.41	-1.3174214e-18
4.89001603371954e-09	0.10652988	-0.05613745	0.9512836	0	0	0.41	-9.7197e-19
4.90001993727184e-09	0.056015585	0.08461639	0.9566183	0	0	0.41	-1.0428868e-18
4.9100327479190505e-09	-0.068319075	0.06130686	0.9600274	0	0	0.41	-7.989107e-19
4.920011359413181e-09	-0.07873556	-0.06311336	0.9598151	0	0	0.41	-2.2132446e-18
4.930034748967944e-09	0.038585346	-0.09199888	0.9599866	0	0	0.41	-1.0297e-18
4.940029776880576e-09	0.082904845	0.046458896	0.95882744	0	0	0.41	-7.412365e-19
4.95005179726468e-09	-0.040869627	0.09065143	0.9593143	0	0	0.41	-1.197182e-18
4.9600307341674985e-09	-0.06594961	-0.030490687	0.9629806	0	0	0.41	-6.578657e-19
4.970026650641749e-09	0.007808431	-0.054754946	0.96681786	0	0	0.41	-1.8254884e-18
4.980050406512643e-09	0.052919492	-0.014707852	0.96459734	0	0	0.41	-5.569836e-19
4.990048620763251e-09	0.017844146	0.051603187	0.9640262	0	0	0.41	-1.177688e-18
5.000044629318278e-09	-0.046831492	0.01670314	0.96394455	0	0	0.41	-3.0530797e-19
5.010032013737321e-09	-0.025863986	-0.0497975	0.96469355	0	0	0.41	-1.1240454e-18
5.0200390413652225e-09	0.030649392	-0.028051108	0.96386945	0	0	0.41	-1.2052046e-18
5.030016206054279e-09	0.017053466	0.016528834	0.96359617	0	0	0.41	-2.4937901e-18
5.0400563896305744e-09	-0.014717528	0.01868282	0.96342963	0	0	0.41	-2.064116e-18
5.050027915180401e-09	-0.021695865	-0.016839655	0.9623994	0	0	0.41	-1.8337018e-18
5.060050411541825e-09	0.01691442	-0.036880165	0.96341795	0	0	0.41	-1.3804001e-18
5.070031064873411e-09	0.03767296	0.005385507	0.9673841	0	0	0.41	-7.4352205e-19
5.080055428506262e-09	0.0007681377	0.03493828	0.96629775	0	0	0.41	-1.2976544e-18
5.090044945685292e-09	-0.0376647	-0.00875961	0.9662259	0	0	0.41	-1.0488851e-18
5.100060255053745e-09	0.012790027	-0.03219423	0.96741396	0	0	0.41	-1.3009114e-18
5.110030988462263e-09	0.02316565	0.019403111	0.96648073	0	0	0.41	-1.4941713e-18
5.120017331499241e-09	0.0030527315	0.02862	0.96443427	0	0	0.41	-1.2573129e-18
5.130000525696599e-09	-0.034597795	0.008583817	0.96422005	0	0	0.41	-2.8444448e-18
5.140062919615937e-09	0.00564724	-0.030309044	0.9655332	0	0	0.41	-1.22663e-18
5.150005813015632e-09	0.023982352	0.002223387	0.9651737	0	0	0.41	-1.7458766e-18
5.160036836025623e-09	-0.0060905777	0.011224005	0.9680311	0	0	0.41	-2.1680743e-18
5.170037853790656e-09	-0.009122105	-0.005006696	0.9684579	0	0	0.41	-1.6898793e-18
5.180055628733162e-09	0.0008141677	-0.021852663	0.9694504	0	0	0.41	-1.5228927e-18
5.190050519003547e-09	0.018087192	0.005758186	0.96950793	0	0	0.41	-1.9143362e-18
5.2000613983559165e-09	-0.0041252556	0.013092522	0.9676245	0	0	0.41	-5.3428237e-19
5.210017284158888e-09	-0.015622949	-0.005531849	0.96858567	0	0	0.41	-1.3680371e-18
5.2200156616631314e-09	0.016256835	-0.019927349	0.96778184	0	0	0.41	-1.4771813e-18
5.2300543606968394e-09	0.030596564	-0.0024560697	0.9660213	0	0	0.41	-1.0457043e-18
5.240045221283383e-09	0.005247261	0.022249786	0.9643511	0	0	0.41	-9.849709e-19
5.250015945355514e-09	-0.013207274	-0.0022854712	0.96766204	0	0	0.41	-2.740803e-18
5.26000677619035e-09	0.0065680756	-0.036196828	0.9662188	0	0	0.41	-1.7257638e-18
5.270024659488324e-09	0.042668097	0.011396741	0.96802765	0	0	0.41	-2.0571883e-18
5.280026188114463e-09	0.0021251799	0.03062112	0.96621436	0	0	0.41	-1.1789578e-18
5.290062941328582e-09	-0.009864983	0.012487606	0.9650243	0	0	0.41	-1.3124798e-18
5.3000505590499265e-09	0.007214916	-0.020768177	0.9652854	0	0	0.41	-1.0571069e-18
5.310060694737892e-09	0.006414564	-0.0012742223	0.9632917	0	0	0.41	-1.4865671e-18
5.320037393186875e-09	-0.0024584923	0.0062129474	0.9649681	0	0	0.41	-1.7727097e-18
5.330004298698638e-09	-0.0061414675	0.016339835	0.9606694	0	0	0.41	-1.717691e-18
5.340050458683029e-09	-0.01691118	-0.012339556	0.9601982	0	0	0.41	-8.8607755e-20
5.350008616545807e-09	0.000586892	-0.008138799	0.9614093	0	0	0.41	-1.3640042e-18
5.360029988424413e-09	-0.011408254	0.02059938	0.9646463	0	0	0.41	-1.5288519e-18
5.3700163314401066e-09	-0.014414581	-0.003479963	0.96429473	0	0	0.41	-2.3538551e-18
5.380027426627118e-09	0.0035794335	-0.02362619	0.96292746	0	0	0.41	-2.1061073e-18
5.3900024871285094e-09	0.023028655	0.0061313226	0.9634327	0	0	0.41	-1.2327846e-18
5.400036395100634e-09	-0.010278721	0.030848658	0.96514034	0	0	0.41	-1.1241257e-18
5.410043581276545e-09	-0.03443655	-0.009867113	0.96566606	0	0	0.41	-7.423092e-19
5.420034478118665e-09	0.006538645	-0.019083386	0.9654259	0	0	0.41	-1.002704e-18
5.43000923206105e-09	0.008198103	0.0006255786	0.9614058	0	0	0.41	-8.111424e-19
5.440049785130577e-09	-0.0051584067	0.0023441561	0.96557105	0	0	0.41	-2.0079414e-18
5.450037059155042e-09	0.0023635214	0.0022401116	0.9620082	0	0	0.41	-1.9776236e-18
5.460057716003072e-09	-0.009944526	-0.01437962	0.9596132	0	0	0.41	-1.6839019e-18
5.470003349226032e-09	0.013076313	-0.02606339	0.9616089	0	0	0.41	-1.5743521e-18
5.480016197164077e-09	0.025849925	0.03272732	0.9620865	0	0	0.41	-2.0113407e-18
5.490031014306422e-09	-0.035899516	0.01972897	0.9650568	0	0	0.41	-1.3206717e-18
5.500010529976815e-09	-0.0072021903	-0.026559647	0.9653253	0	0	0.41	-1.2782895e-18
5.510018035201552e-09	0.0052999347	0.0018011332	0.96695775	0	0	0.41	-1.3552058e-18
5.520032077736673e-09	-0.007072897	-0.01968744	0.9674918	0	0	0.41	-1.7493888e-18
5.530039934905359e-09	0.023368055	0.015064409	0.9651038	0	0	0.41	-1.8531007e-18
5.540050026301167e-09	-0.035977036	0.030523723	0.96608454	0	0	0.41	-1.1541822e-18
5.550003164064944e-09	-0.048027474	-0.0074630147	0.96456504	0	0	0.41	-2.1287785e-18
5.560020093691198e-09	0.0027947098	-0.059476096	0.9637898	0	0	0.41	-1.5227083e-18
5.570018554945856e-09	0.06222459	0.016532792	0.9647625	0	0	0.41	-1.5858625e-18
5.580025987026935e-09	-0.016253693	0.055200398	0.963659	0	0	0.41	-1.3594107e-18
5.59006427094246e-09	-0.043396145	-0.018279416	0.96673495	0	0	0.41	-1.9729006e-18
5.6000354158071264e-09	0.013085996	-0.036610115	0.96597874	0	0	0.41	-7.823645e-19
5.610034604923164e-09	0.01924458	0.0034746823	0.96492314	0	0	0.41	-2.117702e-18
5.6200008263972055e-09	0.003983564	0.017287146	0.96817255	0	0	0.41	-2.5597487e-18
5.6300278266184616e-09	-0.029727207	0.008336075	0.9686229	0	0	0.41	-1.4903803e-18
5.640002891600133e-09	-0.014006598	-0.013775952	0.9693923	0	0	0.41	-1.5545898e-18
5.65000755617299e-09	0.01568381	0.0015187786	0.9681909	0	0	0.41	-1.429365e-18
5.660034846831874e-09	0.008628853	0.013172537	0.9705286	0	0	0.41	-2.0712237e-18
5.6700467637669635e-09	-0.02845325	0.016356174	0.969494	0	0	0.41	-1.438422e-18
5.680029151665803e-09	-0.030864824	-0.02620087	0.9698051	0	0	0.41	-1.9975388e-18
5.690004041918661e-09	0.010523035	-0.01993558	0.97019106	0	0	0.41	-1.3042817e-18
5.700006916031495e-09	0.035559524	0.025795514	0.96751976	0	0	0.41	-1.5722464e-18
5.71005205392375e-09	-0.021203123	0.031256393	0.9689713	0	0	0.41	-1.2609798e-18
5.7200229313633495e-09	-0.033588305	-0.011027004	0.9676275	0	0	0.41	-1.5455115e-18
5.730021162147687e-09	0.0055941665	-0.01544201	0.96656966	0	0	0.41	-1.7226837e-18
5.740023844919933e-09	0.013975445	0.0065202084	0.96511644	0	0	0.41	-7.0053874e-19
5.7500067580033826e-09	0.0070648934	0.017546464	0.9657259	0	0	0.41	-1.0228163e-18
5.7600309813630806e-09	-0.014365618	0.004900979	0.9661402	0	0	0.41	-6.297741e-19
5.770007594723531e-09	-0.010723165	-0.023504762	0.9681007	0	0	0.41	-2.2971627e-18
5.780028903158064e-09	0.01582493	-0.0054568867	0.96665585	0	0	0.41	-1.5820257e-18
5.790006461964529e-09	0.0018943266	0.0048622973	0.9669026	0	0	0.41	-1.6307904e-18
5.800046082699142e-09	0.0029478008	-0.008290068	0.9681727	0	0	0.41	-1.5881334e-18
5.810032176570064e-09	0.00939936	0.01565045	0.9662135	0	0	0.41	-1.4988038e-18
5.820001622229833e-09	-0.014774637	-0.006565532	0.9660541	0	0	0.41	-9.400783e-19
5.830048491655371e-09	0.008673694	-0.008375482	0.966196	0	0	0.41	-1.9945668e-18
5.840023339419446e-09	0.007346698	0.01343261	0.9655398	0	0	0.41	-1.6097075e-18
5.850029781375363e-09	-0.009746477	-0.011486392	0.9658623	0	0	0.41	-1.9790575e-18
5.860025476270937e-09	-0.0066205785	-0.012435734	0.9643293	0	0	0.41	-1.1392121e-18
5.870030353059881e-09	0.0023441608	0.0036292651	0.9611934	0	0	0.41	-9.206068e-19
5.880038914753982e-09	-0.005364343	0.0015499141	0.961452	0	0	0.41	-2.3224355e-18
5.890059195440238e-09	-0.006467179	-0.006221607	0.9607601	0	0	0.41	-1.420478e-18
5.9000533389873784e-09	0.0025508075	-0.0041915197	0.96138406	0	0	0.41	-1.3128341e-18
5.910007402378452e-09	0.019224508	-0.0014350109	0.9625449	0	0	0.41	-1.6204172e-18
5.920051433965135e-09	0.01615635	0.045644633	0.96396327	0	0	0.41	-2.1875966e-18
5.930035319381468e-09	-0.035940338	0.027530856	0.9644222	0	0	0.41	-1.9730584e-18
5.940054612877843e-09	-0.033186585	-0.051594082	0.960896	0	0	0.41	-2.1532245e-18
5.9500564354954576e-09	0.057188984	-0.034127876	0.96023077	0	0	0.41	-1.4847772e-18
5.960064023499694e-09	0.018047133	0.060401466	0.9609187	0	0	0.41	-1.5015758e-18
5.970056325920108e-09	-0.045515012	0.017461639	0.96333003	0	0	0.41	-1.812774e-18
5.980060796492058e-09	-0.031914156	-0.029393196	0.9661494	0	0	0.41	-1.5069616e-18
5.99001299598719e-09	0.029139662	-0.03930608	0.9657871	0	0	0.41	-1.6302366e-18
6.000007889241286e-09	0.04082286	0.023316877	0.96169645	0	0	0.41	-1.820841e-18
6.010044982113087e-09	-0.016047625	0.027746262	0.96307844	0	0	0.41	-1.5182906e-18
6.020047080944765e-09	-0.010335023	-0.016185025	0.96137846	0	0	0.41	-1.1331833e-18
6.030060569253764e-09	0.019532142	-0.004910024	0.9640849	0	0	0.41	-9.855562e-19
6.040033212121254e-09	-0.0038601055	0.015392092	0.96529007	0	0	0.41	-1.1685325e-18
6.050050998974627e-09	-0.014224367	0.0057153786	0.965654	0	0	0.41	-1.4202032e-18
6.060050413082054e-09	-0.0060156905	-0.0051763235	0.9638983	0	0	0.41	-1.8007432e-18
6.070051649071725e-09	0.0038862398	0.0010812024	0.9624291	0	0	0.41	-2.2866405e-18
6.080003137685499e-09	-0.001381665	-0.0032566674	0.96345156	0	0	0.41	-3.7585792e-19
6.09001616910067e-09	0.00031665512	0.011417469	0.9615599	0	0	0.41	-1.5696062e-18
6.100064508175157e-09	-0.008627633	-0.009637657	0.9659787	0	0	0.41	-1.9763994e-18
6.110048838818063e-09	-0.009144802	0.0116614755	0.96684706	0	0	0.41	-6.869861e-19
6.1200370707870585e-09	-0.0048677498	0.0037027309	0.9658274	0	0	0.41	-1.1958778e-18
6.130027591629168e-09	-0.01545988	-0.0056121433	0.9688045	0	0	0.41	-1.1130742e-18
6.140039336762677e-09	0.023450585	0.011438567	0.9677665	0	0	0.41	-1.2751116e-18
6.150047504275793e-09	-0.010305926	0.026895333	0.9673018	0	0	0.41	-1.8498517e-18
6.160042422150645e-09	-0.019585766	-0.012095916	0.9652603	0	0	0.41	-1.4571634e-18
6.1700287962242796e-09	0.0014063631	-0.019129405	0.96128017	0	0	0.41	-2.0435669e-18
6.180037153732737e-09	0.01962452	0.002213875	0.96053195	0	0	0.41	-7.8059483e-20
6.190029121582306e-09	-0.010246066	0.01526676	0.96239907	0	0	0.41	-2.254954e-18
6.2000150673129125e-09	-0.011291174	-0.02020972	0.9615294	0	0	0.41	-1.8775478e-18
6.210055600128287e-09	0.021678582	-0.009494624	0.9624348	0	0	0.41	-2.1262733e-18
6.220036365534956e-09	0.0043482278	0.016256968	0.9656528	0	0	0.41	-1.949311e-18
6.230000735554932e-09	-0.014086673	0.003697447	0.96579474	0	0	0.41	-1.8954223e-18
6.2400281264999955e-09	-0.0050470536	-0.014162362	0.96955955	0	0	0.41	-1.3599814e-18
6.2500217044312e-09	0.023763098	-0.0006617707	0.9658316	0	0	0.41	-7.4506577e-19
6.260024195737585e-09	0.020922678	0.013027852	0.9670047	0	0	0.41	-2.4512581e-18
6.2700354188493896e-09	-0.004169424	0.046463933	0.96570545	0	0	0.41	-1.1502508e-18
6.280050076480454e-09	-0.053368915	-0.0111880265	0.96695065	0	0	0.41	-1.8620543e-18
6.290028973037274e-09	-0.0054014097	-0.039662447	0.96727806	0	0	0.41	-1.6952063e-18
6.3000407986827835e-09	0.0369435	-0.010634552	0.96160257	0	0	0.41	-1.5263367e-18
6.310064896668613e-09	0.009816865	0.043476444	0.9622749	0	0	0.41	-4.980148e-19
6.320004644887691e-09	-0.04735098	0.011316067	0.965121	0	0	0.41	-1.745277e-18
6.330044610807727e-09	-0.008204144	-0.04228466	0.9646569	0	0	0.41	-2.323149e-18
6.340056555264017e-09	0.04350323	-0.01680619	0.9634258	0	0	0.41	-9.666004e-19
6.350045416538445e-09	0.01621717	0.022724856	0.9658126	0	0	0.41	-3.471324e-19
6.360058838733383e-09	-0.027209392	0.0060578017	0.96717393	0	0	0.41	-1.5863044e-18
6.37004262873457e-09	-0.0076604835	-0.035778034	0.9646482	0	0	0.41	-1.4461709e-18
6.380052320457511e-09	0.040352646	-0.017974425	0.9674406	0	0	0.41	-1.0941105e-18
6.390010295651324e-09	0.018885802	0.06520512	0.9658568	0	0	0.41	-1.6749393e-18
6.400040627120655e-09	-0.06708224	0.03135958	0.9644138	0	0	0.41	-5.9327487e-19
6.410050342865576e-09	-0.037806172	-0.057102036	0.9629265	0	0	0.41	-1.2928388e-18
6.420049236422175e-09	0.04915597	-0.0333587	0.96270376	0	0	0.41	-1.3410993e-18
6.430039175650359e-09	0.03984631	0.036423806	0.9650013	0	0	0.41	-2.6637797e-18
6.440059230933023e-09	-0.034923844	0.04723131	0.9661794	0	0	0.41	-1.954166e-18
6.4500271700015625e-09	-0.044745702	-0.006492431	0.96594006	0	0	0.41	-1.5876655e-18
6.460057832789745e-09	-0.0067113214	-0.0374025	0.96659905	0	0	0.41	-4.468329e-19
6.47003268392241e-09	0.030093556	-0.010362129	0.9685532	0	0	0.41	-1.7346265e-18
6.480032682623227e-09	0.019227406	0.026602022	0.9688776	0	0	0.41	-2.1911857e-18
6.490010372380255e-09	-0.025763864	0.015359416	0.9671228	0	0	0.41	-5.2448565e-19
6.5000184730845905e-09	-0.018793274	-0.03446726	0.9660048	0	0	0.41	-7.801823e-19
6.510014981273114e-09	0.03503901	-0.017536711	0.9671173	0	0	0.41	-6.1976797e-19
6.520031109411423e-09	0.016454618	0.035777546	0.9671544	0	0	0.41	-1.1813269e-18
6.530005444917493e-09	-0.024617545	0.014981225	0.96486855	0	0	0.41	-2.7004647e-18
6.540013861662193e-09	-0.006652301	-0.012594921	0.9643767	0	0	0.41	-7.7249663e-19
6.550012562172218e-09	0.019971725	-0.002973594	0.96822137	0	0	0.41	-5.9601207e-19
6.560006421044331e-09	-0.002234849	0.015574011	0.96494013	0	0	0.41	-1.0279004e-18
6.570009059510742e-09	-0.026589086	0.024938118	0.96451664	0	0	0.41	-1.5191021e-18
6.580053855579352e-09	-0.016072914	-0.012059527	0.96434283	0	0	0.41	-2.5568686e-18
6.590055303641149e-09	-0.0034490842	-0.023869505	0.96444136	0	0	0.41	-1.9489887e-18
6.6000018312122105e-09	0.014915434	-0.00548047	0.96289676	0	0	0.41	-9.405264e-19
6.610035173117766e-09	0.007637045	-0.001019679	0.96439123	0	0	0.41	-2.230006e-18
6.620012473621966e-09	0.0054435483	0.0037273068	0.966236	0	0	0.41	-1.6370368e-18
6.63003438804581e-09	-0.0061956225	0.02518062	0.96644884	0	0	0.41	-4.8266873e-19
6.6400117080321965e-09	-0.024685776	-0.005751535	0.9669239	0	0	0.41	-2.1556267e-18
6.650048071309376e-09	0.011978439	-0.026269056	0.96558684	0	0	0.41	-1.6986821e-18
6.660030311164427e-09	0.024927834	0.008575022	0.96580696	0	0	0.41	-2.435567e-18
6.6700150577100415e-09	0.008457963	0.016724672	0.96597093	0	0	0.41	-1.1274283e-18
6.680038182854407e-09	-0.0068401834	0.007862367	0.9658623	0	0	0.41	-2.618191e-18
6.6900204647717895e-09	-0.00592967	0.0040994184	0.9647316	0	0	0.41	-6.844095e-19
6.700039038279689e-09	0.0046175644	-0.0045042494	0.96614295	0	0	0.41	-1.2835136e-18
6.710017542979902e-09	0.010308094	0.010237132	0.966482	0	0	0.41	-1.4993737e-18
6.720037711104547e-09	-0.020685187	0.0036774164	0.966946	0	0	0.41	-7.8971905e-19
6.7300501635198634e-09	-0.013871268	-0.019824632	0.96433955	0	0	0.41	-6.137144e-19
6.740030449111342e-09	0.028028877	-0.010423187	0.9664302	0	0	0.41	-1.1098317e-18
6.750036155793784e-09	-0.008316914	0.02849987	0.96608716	0	0	0.41	-1.7271901e-18
6.7600166236806235e-09	-0.015343117	-0.0028756645	0.9657228	0	0	0.41	7.708024e-20
6.7700603545672205e-09	-0.00063809915	-0.0038587889	0.96623147	0	0	0.41	-1.0986873e-18
6.780023286474201e-09	-0.004006759	0.0035669028	0.96528816	0	0	0.41	-2.1913166e-18
6.790049554075572e-09	0.0031897575	-0.0009546233	0.9675593	0	0	0.41	-4.9625874e-19
6.800010142764471e-09	0.0067014107	-0.0031600434	0.9678261	0	0	0.41	-1.965456e-18
6.810028389215143e-09	0.014268524	0.020434601	0.96589714	0	0	0.41	-2.486048e-18
6.8200253715710736e-09	-0.0103597045	0.02103301	0.9648304	0	0	0.41	-1.7991751e-18
6.830037306980701e-09	-0.011212863	-0.029536435	0.96511024	0	0	0.41	-1.5142194e-18
6.840049011632911e-09	0.021696467	0.00781975	0.9676933	0	0	0.41	-2.1167384e-18
6.850046870725979e-09	0.00540043	0.016022107	0.9704155	0	0	0.41	-2.105023e-18
6.860016492428617e-09	-0.01661599	0.0033256803	0.96847284	0	0	0.41	-2.3415916e-18
6.870022042231295e-09	-0.0120834615	-0.009323672	0.9650098	0	0	0.41	-5.5078064e-19
6.880007195843544e-09	0.0008712132	-0.0037436928	0.9691165	0	0	0.41	-5.2840954e-19
6.8900152118216375e-09	0.004092383	-0.009204314	0.9681157	0	0	0.41	-4.2401152e-19
6.900006740625231e-09	0.00117716	0.005839827	0.9665965	0	0	0.41	-1.7483445e-18
6.910016203273942e-09	-0.0017018482	-0.009439764	0.9644313	0	0	0.41	-1.0564108e-18
6.920043028146951e-09	0.0009982368	0.014260094	0.963938	0	0	0.41	-1.0539714e-18
6.930058708008056e-09	-0.0069095343	-0.0019349699	0.96623904	0	0	0.41	-2.1308375e-18
6.940009512650568e-09	-0.012783371	-0.012620616	0.96504104	0	0	0.41	-2.2378846e-18
6.950056195730658e-09	0.023262044	-0.029570943	0.9627499	0	0	0.41	-1.311292e-18
6.9600481646402874e-09	0.04084017	0.015700456	0.96177953	0	0	0.41	-1.2782605e-18
6.970003638367198e-09	-0.014195764	0.05163137	0.96201855	0	0	0.41	-2.690169e-18
6.980044915173526e-09	-0.044862278	-0.008372866	0.9596584	0	0	0.41	-1.2921129e-18
6.99004204942398e-09	0.017623575	-0.033752933	0.95867825	0	0	0.41	-1.0341778e-18
7.0000360052631514e-09	0.01500539	0.0029266232	0.9602236	0	0	0.41	-2.3267797e-18
7.0100564413266856e-09	0.0016953934	0.0024159441	0.95834744	0	0	0.41	-9.903442e-19
7.020048335904414e-09	-0.0029191584	0.0031350916	0.9564665	0	0	0.41	-9.486548e-19
7.030041755463493e-09	0.0039504715	-0.010535028	0.9598688	0	0	0.41	-9.299743e-19
7.040008082211661e-09	0.011138287	-0.0071815867	0.9592205	0	0	0.41	-6.8489216e-19
7.0500045807391425e-09	0.0077092317	0.014582908	0.96249557	0	0	0.41	-1.1906956e-18
7.060023842512277e-09	-0.021139646	0.019061007	0.9590428	0	0	0.41	-1.0304209e-18
7.070046093552067e-09	-0.018900458	-0.038108066	0.9594829	0	0	0.41	-1.2009421e-18
7.080011027287962e-09	0.02121084	0.0044346703	0.95918417	0	0	0.41	-1.7915758e-18
7.0900561494729005e-09	-0.004714486	0.009382753	0.9620601	0	0	0.41	-5.1436267e-19
7.100029737705562e-09	-0.0017921077	0.0003249444	0.96281517	0	0	0.41	-1.6310057e-18
7.110017065228619e-09	-0.00042508036	-0.0021281568	0.96453106	0	0	0.41	-1.6352851e-18
7.120016132773094e-09	-0.0065891086	-0.0125705805	0.9656449	0	0	0.41	-1.3113547e-18
7.130039782564744e-09	0.013897593	0.0026660024	0.9634998	0	0	0.41	-5.1968966e-19
7.140016304414784e-09	-0.018114539	0.01958263	0.96466386	0	0	0.41	-1.326243e-18
7.1500370689137376e-09	-0.023669101	-0.009003474	0.9647354	0	0	0.41	-8.591596e-19
7.1600543561333375e-09	0.0077250064	-0.036721356	0.964338	0	0	0.41	-1.5742422e-18
7.170000043771606e-09	0.02622788	0.0043181144	0.96724564	0	0	0.41	-1.145253e-18
7.1800037028138624e-09	-0.0073773745	0.024260039	0.9634643	0	0	0.41	-1.2411667e-18
7.1900177478584576e-09	-0.0074215676	-0.0072658956	0.9630348	0	0	0.41	-1.7235657e-18
7.200057502352969e-09	0.0105435075	0.0057290965	0.96530586	0	0	0.41	-1.8371628e-18
7.2100527424109355e-09	-0.007424239	-0.021296564	0.96476805	0	0	0.41	-1.9500903e-18
7.220041532013514e-09	0.041507732	-0.009835463	0.9650746	0	0	0.41	-1.9063165e-18
7.230044804382551e-09	0.003872486	0.020059688	0.9687123	0	0	0.41	-2.6794378e-18
7.240034735531151e-09	-0.02600706	-2.6973084e-05	0.96615463	0	0	0.41	-2.3465085e-18
7.250023798371189e-09	0.019176645	-0.04002537	0.9667024	0	0	0.41	-1.615228e-18
7.260036472973987e-09	0.020092795	0.016537406	0.96751684	0	0	0.41	-2.3713897e-18
7.270043442012474e-09	-0.011017233	0.012261594	0.9669694	0	0	0.41	-1.1160512e-18
7.280020441988122e-09	-0.02964026	-0.008314667	0.967265	0	0	0.41	-1.4177477e-18
7.290057315387967e-09	0.009701655	-0.036524236	0.96629524	0	0	0.41	-1.7819296e-18
7.300033874551921e-09	0.041183818	0.008878333	0.96858716	0	0	0.41	-2.35323e-18
7.310029620508101e-09	-0.013647514	0.033107653	0.96762025	0	0	0.41	-1.6654055e-18
7.3200518140690215e-09	-0.031013342	0.007296014	0.9694773	0	0	0.41	-1.3300232e-18
7.330017103856357e-09	-0.007927804	-0.023036554	0.96975124	0	0	0.41	-2.172713e-18
7.340060246405461e-09	0.031157475	-0.017807014	0.9678721	0	0	0.41	-2.0076747e-18
7.350047301566109e-09	0.0066770683	0.024291398	0.9685626	0	0	0.41	-1.847122e-18
7.360027689491042e-09	-0.019293562	0.021287017	0.9656456	0	0	0.41	-1.1864308e-18
7.37006115049794e-09	-0.01923954	-0.033024862	0.96544063	0	0	0.41	-9.46735e-19
7.3800067353217944e-09	0.029043192	-0.029774066	0.9647516	0	0	0.41	-1.2889332e-18
7.3900608507450365e-09	0.032778393	0.020393068	0.96187454	0	0	0.41	-2.1074233e-18
7.4000075272167485e-09	-0.017997578	0.016546465	0.96026284	0	0	0.41	-2.1178864e-18
7.410003031080321e-09	-0.0075546624	-0.0060828533	0.95919603	0	0	0.41	-9.654344e-19
7.4200303841865006e-09	0.0010601605	-0.020229034	0.96383435	0	0	0.41	-2.407984e-18
7.430044931900876e-09	0.01302702	-0.01383257	0.9625164	0	0	0.41	-5.2157563e-19
7.4400021522343346e-09	0.01261296	0.017032154	0.96457076	0	0	0.41	-1.709271e-18
7.450051074185381e-09	-0.009603555	-0.010529383	0.96546525	0	0	0.41	-1.9639303e-18
7.46000297620291e-09	0.00083056063	-0.012842483	0.967845	0	0	0.41	-1.9527025e-18
7.470056272045039e-09	0.03949572	0.012424629	0.9645247	0	0	0.41	-1.1059998e-18
7.480035591645695e-09	-0.014583523	0.02864958	0.9660658	0	0	0.41	-1.1437656e-18
7.490054883442248e-09	-0.025581755	-0.005465885	0.9674728	0	0	0.41	-1.7842052e-18
7.500024859441036e-09	0.007476647	-0.027966239	0.9657797	0	0	0.41	-1.4775446e-18
7.510061878771534e-09	0.022581458	-0.012041798	0.9647288	0	0	0.41	-1.0465482e-18
7.520054255830818e-09	0.036578696	0.020505887	0.9645857	0	0	0.41	-1.6104693e-18
7.530029681540751e-09	-0.019768275	0.046572812	0.9678719	0	0	0.41	-1.5018374e-18
7.540043672228745e-09	-0.03932291	-0.0027756474	0.96583265	0	0	0.41	-8.5125643e-19
7.550012860831435e-09	0.0004729156	-0.025671912	0.96894497	0	0	0.41	-1.78784e-18
7.560010342422073e-09	0.011872445	-0.00012027835	0.9690226	0	0	0.41	-2.065377e-18
7.57003825988461e-09	-0.011388741	0.00795174	0.9668812	0	0	0.41	-1.869458e-18
7.580036017184329e-09	-0.022647938	-0.025306044	0.9642368	0	0	0.41	-2.0253213e-18
7.590043994907962e-09	0.017328266	-0.023110202	0.9640137	0	0	0.41	-2.1033133e-18
7.60000983513319e-09	0.015275042	0.025724716	0.9647991	0	0	0.41	-1.5822375e-18
7.610034631775989e-09	-0.03251803	0.022673966	0.9645969	0	0	0.41	-1.8985592e-18
7.620045616742362e-09	-0.018519277	-0.042640273	0.9631852	0	0	0.41	-4.010576e-19
7.63006457857404e-09	0.022421552	-0.015913399	0.96642256	0	0	0.41	-1.3308157e-18
7.640011390843385e-09	0.01914442	0.033815283	0.96336085	0	0	0.41	-1.1968888e-18
7.650014194293195e-09	-0.016728846	0.0034451135	0.96326053	0	0	0.41	-1.6119621e-18
7.660056078912266e-09	-0.0015258037	0.006797593	0.96500736	0	0	0.41	-2.014185e-18
7.670061512746931e-09	-0.005534597	-0.0017138226	0.9628693	0	0	0.41	-1.3218841e-18
7.680050731242497e-09	-0.013330126	-0.01590111	0.9603861	0	0	0.41	-1.9226455e-18
7.690014835593235e-09	0.0005933358	-0.014421045	0.9621919	0	0	0.41	-9.391202e-19
7.700031137558021e-09	0.012175041	0.0011304916	0.96525115	0	0	0.41	-1.7312116e-18
7.710035287291406e-09	-0.010630373	0.034780398	0.96185994	0	0	0.41	-1.0146473e-18
7.720059269060973e-09	-0.028831929	-0.010966259	0.961306	0	0	0.41	-7.663946e-19
7.730043448916066e-09	-0.0063174944	-0.046314307	0.9610717	0	0	0.41	-1.6888037e-18
7.74005950401939e-09	0.060576558	0.0017040368	0.964363	0	0	0.41	-9.802248e-19
7.750058655209103e-09	0.001908051	0.060939506	0.9619489	0	0	0.41	-1.3427339e-18
7.760046221944567e-09	-0.072286494	-0.013370283	0.96333003	0	0	0.41	-2.4699773e-19
7.770063684603462e-09	0.008371447	-0.05484119	0.964783	0	0	0.41	-2.0245876e-18
7.78002992470432e-09	0.06021627	0.008179555	0.96446836	0	0	0.41	-1.5554233e-18
7.79005521499723e-09	-0.0051397146	0.056829095	0.96573025	0	0	0.41	-1.381979e-18
7.80006454883467e-09	-0.05644823	0.010273056	0.963481	0	0	0.41	-1.5632072e-18
7.810037410621835e-09	-0.015188774	-0.060992062	0.9602797	0	0	0.41	-1.9575651e-18
7.820047886124512e-09	0.046558686	-0.018108528	0.95957774	0	0	0.41	-7.1688787e-19
7.830050306498418e-09	0.033930182	0.03401558	0.96081924	0	0	0.41	-1.9201596e-19
7.840044297484443e-09	-0.042233773	0.04813898	0.9632641	0	0	0.41	-1.2794826e-18
7.85003548823121e-09	-0.044017997	-0.054076012	0.96297705	0	0	0.41	-1.4471301e-18
7.860052352074622e-09	0.05658349	-0.036469772	0.9606245	0	0	0.41	-9.908853e-19
7.87005568079594e-09	0.046025984	0.06704819	0.9609298	0	0	0.41	-1.3218746e-18
7.880060842063373e-09	-0.06555558	0.05501581	0.9618661	0	0	0.41	-2.286348e-18
7.890037169351599e-09	-0.04903815	-0.05946069	0.96133107	0	0	0.41	-9.546597e-19
7.900047526233525e-09	0.05439749	-0.039607026	0.96339244	0	0	0.41	-1.5661868e-18
7.91005902608166e-09	0.029590677	0.044559322	0.96209514	0	0	0.41	-1.3035952e-18
7.920028968941075e-09	-0.039243482	0.047921393	0.96542525	0	0	0.41	-7.1661293e-19
7.930049227941004e-09	-0.0516549	-0.04383898	0.96700245	0	0	0.41	-1.798931e-18
7.940046641124965e-09	0.03207998	-0.030082174	0.9661891	0	0	0.41	-5.2156617e-19
7.950014253417064e-09	0.03912626	0.033820234	0.96543866	0	0	0.41	-1.0842146e-18
7.96004657878546e-09	-0.034636926	0.04791879	0.9666026	0	0	0.41	-1.431855e-18
7.970038776810313e-09	-0.04162869	-0.021923067	0.96545774	0	0	0.41	-1.0982196e-18
7.980035531320758e-09	0.018261978	-0.021678887	0.9644878	0	0	0.41	-1.792508e-18
7.99003017993699e-09	0.021412255	0.016835123	0.96456796	0	0	0.41	-1.6328409e-18
8.000034681795942e-09	0.002088277	0.03718112	0.96089816	0	0	0.41	-1.9187497e-18
8.010027339692635e-09	-0.035776205	0.0038074874	0.9607568	0	0	0.41	-1.1315959e-18
8.02006309332194e-09	-0.009371629	-0.044613957	0.96491486	0	0	0.41	-1.9348172e-18
8.030039314295907e-09	0.04623474	-0.0110311415	0.96484005	0	0	0.41	-2.1621577e-18
8.040065728001027e-09	0.0044995914	0.02337297	0.96709144	0	0	0.41	-1.9338418e-18
8.050005357827893e-09	-0.033643633	-0.0006112141	0.9640074	0	0	0.41	-1.9703258e-18
8.06003999531671e-09	-0.0075887484	-0.04426292	0.96417063	0	0	0.41	-7.821934e-19
8.070036579749812e-09	0.021290459	-0.0041723107	0.9664421	0	0	0.41	-1.5381128e-18
8.080006035871907e-09	0.01544416	0.0029837624	0.96958953	0	0	0.41	-1.7881008e-18
8.090037384935933e-09	0.0015111974	0.009526841	0.96850723	0	0	0.41	-3.1295706e-18
8.100024776450581e-09	-0.014652004	0.006724374	0.9681024	0	0	0.41	-1.3692819e-18
8.110025839861678e-09	-0.00855849	-0.012752621	0.96860796	0	0	0.41	-1.1716393e-18
8.120046684131477e-09	0.015734734	-0.0083049955	0.9702905	0	0	0.41	-1.2809487e-18
8.130018867411637e-09	0.0023358867	0.010365383	0.96762305	0	0	0.41	-1.9565032e-18
8.140010987039475e-09	-0.007238455	0.00821822	0.9685542	0	0	0.41	-1.4924049e-18
8.150043811635016e-09	0.00012624674	-0.005271115	0.96806765	0	0	0.41	-1.3032586e-18
8.160027124570557e-09	0.020732224	-0.0027551933	0.9667083	0	0	0.41	-9.036778e-19
8.170017393954061e-09	0.009337518	0.025323668	0.96677303	0	0	0.41	-1.8842269e-18
8.180034945015893e-09	-0.016313443	0.013317829	0.96642226	0	0	0.41	-1.1086558e-18
8.190049677742798e-09	-0.022320822	-0.0061659883	0.96688586	0	0	0.41	-1.797334e-18
8.200058808578647e-09	-0.025188554	-0.032422263	0.9644485	0	0	0.41	-1.3970819e-18
8.210008156556793e-09	0.023925053	-0.037241578	0.96494806	0	0	0.41	-3.0438755e-19
8.22003646335881e-09	0.05103738	0.028779443	0.9636299	0	0	0.41	-9.558034e-19
8.23000981053819e-09	-0.038510967	0.053451538	0.9621721	0	0	0.41	-1.1346918e-18
8.24001948176782e-09	-0.04421392	-0.02727074	0.9629494	0	0	0.41	-2.4178733e-18
8.250035811010855e-09	0.014954748	-0.052293472	0.96463495	0	0	0.41	-1.5035214e-18
8.260014872485877e-09	0.06428275	0.0129038645	0.9643771	0	0	0.41	-1.3542905e-18
8.27000005387038e-09	0.021381263	0.05908562	0.9662422	0	0	0.41	-1.0024176e-18
8.280020957535933e-09	-0.054738436	0.040369324	0.965375	0	0	0.41	-1.6067966e-18
8.290064987576772e-09	-0.041509107	-0.05868492	0.96410877	0	0	0.41	-1.4166157e-18
8.300047656361743e-09	0.04998072	-0.049753733	0.9629635	0	0	0.41	-1.2099586e-18
8.310011878775508e-09	0.06122145	0.047833025	0.9611692	0	0	0.41	-1.2173899e-18
8.320017387998233e-09	-0.031515557	0.0439758	0.96593493	0	0	0.41	-1.4127892e-18
8.330032321706501e-09	-0.04700763	-0.014461526	0.966532	0	0	0.41	-1.2607237e-18
8.340052847073078e-09	0.016238477	-0.05984737	0.9669541	0	0	0.41	-2.1573991e-18
8.350046481498493e-09	0.0469445	0.017719302	0.9632854	0	0	0.41	-1.0190192e-18
8.360031087721746e-09	0.020911438	0.03743144	0.9661183	0	0	0.41	-1.4658269e-18
8.37002701753365e-09	-0.030104106	0.015102794	0.96548396	0	0	0.41	-1.2988131e-18
8.38004994105837e-09	-0.01961908	-0.037109796	0.9641597	0	0	0.41	-1.5980877e-18
8.390055725797939e-09	0.03270695	-0.033580396	0.9657686	0	0	0.41	-1.6301042e-18
8.400002772168539e-09	0.03830334	0.023862552	0.9663069	0	0	0.41	-1.3327361e-18
8.410019871631633e-09	-0.029658172	0.022572715	0.96651965	0	0	0.41	-1.5986475e-18
8.420050138634021e-09	-0.026596291	-0.03248583	0.96454775	0	0	0.41	-5.4418894e-19
8.430053533436507e-09	0.0446803	-0.010128058	0.9664171	0	0	0.41	-9.201107e-19
8.440016358705389e-09	0.00214895	0.04252391	0.9657519	0	0	0.41	-6.5369313e-19
8.450027387914703e-09	-0.04834217	0.0052005975	0.96639156	0	0	0.41	-1.197332e-18
8.460053747134199e-09	-0.011351602	-0.054694515	0.96489453	0	0	0.41	-1.5923977e-18
8.470008876016833e-09	0.0652412	2.8075842e-06	0.9630437	0	0	0.41	-1.4838333e-18
8.480013266921069e-09	0.011431023	0.052537974	0.9643581	0	0	0.41	-1.9438583e-18
8.490016457989613e-09	-0.053298675	0.0033275546	0.9649446	0	0	0.41	-1.1593354e-18
8.500002036575975e-09	-7.547181e-05	-0.04097946	0.96640354	0	0	0.41	-1.2370822e-18
8.510027224058209e-09	0.028711727	-0.05203592	0.96594536	0	0	0.41	-1.9681857e-18
8.520013890697451e-09	0.04852489	0.016692843	0.96478665	0	0	0.41	-1.3601172e-18
8.530050128164501e-09	-0.008269929	0.025441797	0.9688237	0	0	0.41	-6.671906e-19
8.540051178117202e-09	-0.036637474	0.0022597883	0.9680104	0	0	0.41	-2.2482781e-18
8.55001120942948e-09	-0.020653635	-0.030675484	0.96633804	0	0	0.41	-1.26567e-18
8.560015760540105e-09	0.04975121	-0.028915921	0.96484584	0	0	0.41	-1.2945978e-18
8.570001841298933e-09	0.027595248	0.041768003	0.9617528	0	0	0.41	-2.036543e-18
8.580043335983436e-09	-0.04311346	0.04370311	0.9621567	0	0	0.41	-2.0924346e-18
8.590007242388202e-09	-0.055029467	-0.037034813	0.96198547	0	0	0.41	-1.604388e-18
8.600052114814827e-09	0.032456096	-0.054984644	0.9650255	0	0	0.41	-9.690301e-19
8.610008479311612e-09	0.054573078	0.018611187	0.9636954	0	0	0.41	-2.0912532e-18
8.620059095530168e-09	-0.007774756	0.054485735	0.9649046	0	0	0.41	-1.8092518e-18
8.630031639267197e-09	-0.030571926	-0.005374607	0.9669849	0	0	0.41	-1.1961129e-18
8.640033848394677e-09	-0.008886123	-0.031574212	0.9687285	0	0	0.41	-2.4790438e-18
8.650020857134099e-09	0.031262808	-0.004792753	0.968307	0	0	0.41	-1.7199492e-18
8.660056632977237e-09	0.0036728305	0.0066059753	0.96927404	0	0	0.41	-1.766182e-18
8.670058702332647e-09	-0.00025995023	0.008735314	0.96801764	0	0	0.41	-5.5567605e-19
8.680054320833023e-09	-0.0009338245	-0.0023551718	0.96688724	0	0	0.41	-1.4618497e-18
8.690006935034609e-09	-0.011030682	0.011415244	0.96878594	0	0	0.41	-1.2943907e-18
8.700052386498962e-09	-0.007809363	-0.024040885	0.9672181	0	0	0.41	-2.0229934e-18
8.710010034137959e-09	0.019928444	-0.0053206948	0.96796423	0	0	0.41	-1.6199819e-18
8.720020691949352e-09	-0.00051944173	0.013687982	0.9661085	0	0	0.41	-1.966692e-18
8.730062307365178e-09	-0.017314084	0.0030316731	0.9656291	0	0	0.41	-1.640209e-18
8.740017070083537e-09	-0.025446719	-0.008994509	0.9648616	0	0	0.41	-1.973796e-18
8.75003359900883e-09	0.009295235	-0.03402295	0.9649701	0	0	0.41	-1.4276274e-18
8.760012230093609e-09	0.013836448	-0.0012121947	0.9643164	0	0	0.41	-1.1990078e-18
8.77002001180476e-09	0.0092299925	0.013626706	0.9618645	0	0	0.41	-1.5210213e-18
8.780056721540387e-09	-0.016113382	0.014619261	0.965397	0	0	0.41	-1.3235573e-18
8.790052339774445e-09	-0.039163385	-0.011983138	0.9650593	0	0	0.41	-1.0262406e-18
8.800058387899158e-09	0.0114124995	-0.042337555	0.9628941	0	0	0.41	-1.6831462e-18
8.810000256622487e-09	0.033504367	0.020906324	0.96456444	0	0	0.41	-2.13046e-18
8.820049995986933e-09	-0.022270488	0.043049995	0.9665016	0	0	0.41	-1.1374877e-18
8.830062342317604e-09	-0.043731313	-0.027986644	0.964504	0	0	0.41	-1.6709105e-18
8.840058021303028e-09	0.0022992084	-0.04030929	0.96406054	0	0	0.41	-9.901067e-19
8.850061640180045e-09	0.050361868	-0.0015644329	0.96271116	0	0	0.41	-1.1014758e-18
8.860049970024247e-09	0.015894502	0.03746893	0.9662306	0	0	0.41	-9.408482e-19
8.870061654950206e-09	-0.02810349	0.01907427	0.9671548	0	0	0.41	-1.4641957e-18
8.880058916497798e-09	-0.034508064	-0.03409055	0.9659599	0	0	0.41	-1.4629582e-18
8.890004476710047e-09	0.02578871	-0.026903924	0.9647062	0	0	0.41	-1.291743e-18
8.90004824858818e-09	0.0117108775	0.02273172	0.96565616	0	0	0.41	-2.1096472e-18
8.910019623578568e-09	-0.010737078	0.01625588	0.9668899	0	0	0.41	-2.0935695e-18
8.92003636943443e-09	-0.026951725	-0.0047635385	0.9654046	0	0	0.41	-1.1523934e-18
8.930048298811449e-09	0.0048675756	-0.029527143	0.96575075	0	0	0.41	-2.0857092e-18
8.940051350377489e-09	0.018405344	0.003888905	0.964131	0	0	0.41	-9.767902e-19
8.950003871033843e-09	-0.00230409	0.015872063	0.96454173	0	0	0.41	-1.7944842e-18
8.960036266377813e-09	-0.01766883	-0.00062797574	0.96676445	0	0	0.41	-2.3945969e-18
8.970023832171375e-09	-0.00569772	-0.013998266	0.9678474	0	0	0.41	-2.6148552e-18
8.980059526995756e-09	0.019923307	-0.009492513	0.9673845	0	0	0.41	-1.8496426e-18
8.99001013147594e-09	0.008116637	-0.0067761964	0.9677991	0	0	0.41	-5.7932215e-19
9.000002826280261e-09	-0.009796871	0.027119514	0.96666455	0	0	0.41	-1.2006967e-18
9.01002268239913e-09	-0.034389686	-0.0012948677	0.96518373	0	0	0.41	-9.536513e-19
9.020031009780703e-09	0.014245421	-0.03633852	0.96453243	0	0	0.41	-1.3709776e-18
9.030015052247201e-09	0.031510934	-0.0014457814	0.96171147	0	0	0.41	-6.0513995e-19
9.040035434827998e-09	0.016005648	0.051239967	0.9611699	0	0	0.41	-1.6694071e-18
9.050053693225965e-09	-0.04843401	0.01662232	0.9602477	0	0	0.41	-1.7757088e-18
9.060000322869962e-09	-0.029544279	-0.03791648	0.96107537	0	0	0.41	-1.0979058e-18
9.070038665769159e-09	0.015865138	-0.014118707	0.9635252	0	0	0.41	-1.9871103e-18
9.080029006382134e-09	0.010446373	0.018017495	0.9614587	0	0	0.41	-1.0139808e-18
9.090015241255865e-09	-0.0033278018	-0.0019423551	0.96163195	0	0	0.41	-1.3033947e-18
9.10001646023015e-09	-0.006319657	0.008954708	0.9604264	0	0	0.41	-1.283722e-18
9.110045511219074e-09	-0.013393204	-0.00014457562	0.96157897	0	0	0.41	-8.713262e-19
9.120051118299647e-09	0.0072561437	-0.015102262	0.96499425	0	0	0.41	-1.6256411e-18
9.130051449707208e-09	0.019526817	-0.0134104155	0.9635445	0	0	0.41	-2.3282442e-18
9.140050152677851e-09	0.02319165	0.022449428	0.9670608	0	0	0.41	-2.2750914e-18
9.150060094538684e-09	-0.023759943	0.010564686	0.96463466	0	0	0.41	-1.0294187e-18
9.160003582887713e-09	-0.012585274	-0.025333403	0.9641302	0	0	0.41	-5.1778456e-19
9.17003734544839e-09	0.037065428	-0.016058957	0.9655066	0	0	0.41	-1.8908745e-18
9.180051944188386e-09	0.013723086	0.04076693	0.96524566	0	0	0.41	-2.1902807e-19
9.190008454117945e-09	-0.033763863	-0.002675801	0.9674818	0	0	0.41	-7.551325e-19
9.200023914333722e-09	0.010514208	-0.01835296	0.96781224	0	0	0.41	-1.2256293e-18
9.210066401167115e-09	0.019226873	0.014912202	0.96834064	0	0	0.41	-2.2631955e-18
9.220002263321086e-09	-0.019178728	0.016096743	0.9667396	0	0	0.41	-1.8630537e-18
9.230012591310403e-09	-0.0030656199	-0.014204844	0.9673546	0	0	0.41	-1.8701495e-18
9.240055117416903e-09	0.024928572	-0.011412989	0.9667762	0	0	0.41	-8.481721e-19
9.250011735040898e-09	0.028463505	0.010007531	0.9685896	0	0	0.41	-1.6252537e-18
9.260004487462292e-09	-0.016183455	0.04266924	0.96584815	0	0	0.41	-1.5072028e-18
9.270007719649411e-09	-0.039633445	-0.0026497806	0.9666342	0	0	0.41	-1.9010984e-18
9.280054946996978e-09	0.0015390706	-0.04225743	0.96673065	0	0	0.41	-1.1480316e-18
9.290006162037619e-09	0.036779013	-0.0021559324	0.9674317	0	0	0.41	-2.3959218e-18
9.300000407890379e-09	0.012978616	0.014797102	0.96737	0	0	0.41	-1.3256608e-18
9.310017198695666e-09	-0.018686319	0.030085038	0.96540433	0	0	0.41	-1.293772e-18
9.320026553075154e-09	-0.037522197	-0.005969776	0.9615695	0	0	0.41	-1.4114421e-18
9.33004234521811e-09	0.01874618	-0.040002245	0.96110415	0	0	0.41	-1.6113116e-18
9.340032239082603e-09	0.034745123	0.01891327	0.9605586	0	0	0.41	-1.8001303e-18
9.350060048603331e-09	-0.010789648	0.047705475	0.95886797	0	0	0.41	-1.0918512e-18
9.360026501039137e-09	-0.052183792	-0.018541045	0.9633646	0	0	0.41	-1.768466e-18
9.370053692741786e-09	0.0062048663	-0.05696927	0.9638729	0	0	0.41	-2.0652096e-18
9.380043626019674e-09	0.06370606	0.00023883398	0.9662731	0	0	0.41	-1.4154428e-18
9.390010376211601e-09	0.0019139883	0.06987486	0.96336806	0	0	0.41	-9.952677e-19
9.400044658660004e-09	-0.035661064	0.012469687	0.96788484	0	0	0.41	-1.6653094e-18
9.410054399224846e-09	0.005320136	-0.027180642	0.9669874	0	0	0.41	-2.0038405e-18
9.420063527147429e-09	0.032902136	-0.0082818195	0.9658414	0	0	0.41	-9.493657e-19
9.430036843458287e-09	0.021198612	0.025640216	0.96452624	0	0	0.41	-1.3469387e-18
9.440043800186547e-09	-0.033664543	0.009371974	0.96347356	0	0	0.41	-1.4443706e-18
9.45005819521652e-09	0.002540604	-0.026632914	0.9666563	0	0	0.41	-9.103807e-19
9.460050468519446e-09	0.031076664	0.020568725	0.96789837	0	0	0.41	-1.3938814e-18
9.470043835898628e-09	-0.017583868	0.035940148	0.9661392	0	0	0.41	-1.3496765e-18
9.480010243512016e-09	-0.031200424	-0.021525899	0.9645634	0	0	0.41	-1.5996902e-18
9.490013061942952e-09	0.017724713	-0.030571723	0.96386623	0	0	0.41	-2.6862705e-18
9.500061007437234e-09	0.039455947	0.006193183	0.9645041	0	0	0.41	-1.8492688e-18
9.510052660910118e-09	-0.025750514	0.0229242	0.9646168	0	0	0.41	-2.2747579e-18
9.520036918649815e-09	-0.023424374	-0.013580948	0.9649443	0	0	0.41	-7.251394e-19
9.530042521046967e-09	0.008504863	-0.018519975	0.9647671	0	0	0.41	-1.3055932e-18
9.540020157678511e-09	0.02476267	-0.00022853595	0.9663671	0	0	0.41	-8.223043e-19
9.550057936390221e-09	-0.000149233	0.023216935	0.9639467	0	0	0.41	-1.8506293e-18
9.56002737638084e-09	-0.024594529	0.012955937	0.96236944	0	0	0.41	-1.8663432e-18
9.57002456331277e-09	-0.0145936785	-0.021142866	0.963217	0	0	0.41	-1.0134077e-18
9.580037513038616e-09	0.022475606	0.01114136	0.9618777	0	0	0.41	-2.1138048e-18
9.590025094232756e-09	-0.017759584	-0.00013684932	0.96559626	0	0	0.41	-1.6569878e-18
9.60005142857959e-09	-0.020276386	-0.03553318	0.9642987	0	0	0.41	-1.0945845e-18
9.610006914647734e-09	0.028911786	-0.012008466	0.9636792	0	0	0.41	-7.810078e-21
9.620006533976051e-09	0.019671293	0.011655683	0.9641187	0	0	0.41	-1.7489834e-18
9.630058562200167e-09	-0.019607024	0.01573963	0.9649553	0	0	0.41	-9.261642e-19
9.640062683193504e-09	-0.019622477	-0.014486273	0.9644069	0	0	0.41	-6.609923e-19
9.65002609180276e-09	0.011968357	-0.020637631	0.9655984	0	0	0.41	-8.4417695e-19
9.660024491900219e-09	0.011439442	-0.008163043	0.9649753	0	0	0.41	-6.92678e-19
9.670014109803794e-09	-0.0008055295	0.017521849	0.9621855	0	0	0.41	-1.623825e-18
9.680030578875014e-09	0.0014712753	-0.0018504233	0.9627335	0	0	0.41	-1.5364886e-18
9.690018290658992e-09	-0.0063264146	0.0061070095	0.96404576	0	0	0.41	-1.2209525e-18
9.700054597622924e-09	-0.0037818213	-0.007844012	0.9642885	0	0	0.41	-1.6669772e-18
9.710055080123167e-09	-0.009656663	-0.0041209618	0.96548253	0	0	0.41	-1.5077591e-18
9.720021288736727e-09	0.003511918	0.0025931979	0.96511006	0	0	0.41	-1.871387e-18
9.730052379538823e-09	0.01761396	-0.015712414	0.9648436	0	0	0.41	-1.272507e-18
9.74004223753082e-09	0.008826941	0.0045105233	0.96501166	0	0	0.41	-1.3269836e-18
9.750033387634285e-09	0.0026933977	0.0012748089	0.9652686	0	0	0.41	-1.989128e-18
9.760026488600451e-09	0.011424905	0.0044194106	0.964874	0	0	0.41	-2.329302e-18
9.770051493109318e-09	-0.0027090523	0.02833692	0.96559393	0	0	0.41	-9.140899e-19
9.780016823694088e-09	-0.03179753	0.0034215767	0.9656827	0	0	0.41	-1.5647231e-18
9.790008517241086e-09	-0.018598823	-0.03410311	0.96612865	0	0	0.41	-1.3394542e-18
9.800000015537582e-09	0.015890388	-0.016615331	0.9647197	0	0	0.41	-5.9461765e-19
9.810007027211392e-09	0.010491815	0.018416613	0.9637466	0	0	0.41	-1.3609108e-18
9.820036562682617e-09	-0.014981477	-0.002635768	0.96290684	0	0	0.41	-9.206197e-19
9.830028751158524e-09	-0.006878859	-0.021545371	0.96286446	0	0	0.41	-1.966396e-18
9.840019441804195e-09	0.03684621	-0.020180196	0.96265	0	0	0.41	-2.002829e-18
9.85003096080755e-09	0.013989921	0.04186573	0.96552294	0	0	0.41	-1.3160736e-18
9.860011343317482e-09	-0.036308333	0.0016721246	0.96424115	0	0	0.41	-1.3722677e-18
9.870054179787624e-09	-0.017487517	-0.017075544	0.9666501	0	0	0.41	-9.671261e-19
9.88000349313719e-09	0.024707435	-0.020805128	0.9659196	0	0	0.41	-1.2295176e-18
9.890048819919505e-09	0.014239657	0.03307004	0.9638899	0	0	0.41	-6.148068e-19
9.900061349581107e-09	-0.018302385	-0.0019008069	0.96100044	0	0	0.41	-9.000796e-19
9.910024932752599e-09	-0.021908091	-0.0138951745	0.96238583	0	0	0.41	-1.7883515e-18
9.920048136187282e-09	0.0053264955	-0.022514274	0.9609643	0	0	0.41	-1.6801035e-18
9.930051737601627e-09	0.023777368	-0.004623177	0.9607237	0	0	0.41	-1.4276708e-18
9.940033254459304e-09	0.01796679	0.026127689	0.9633866	0	0	0.41	-1.6475746e-18
9.950019592442462e-09	-0.058457643	0.01494025	0.9641263	0	0	0.41	-1.140552e-18
9.960009672022327e-09	-0.028489413	-0.04562123	0.96661425	0	0	0.41	-1.3102335e-18
9.970021484338435e-09	0.030679675	-0.024963882	0.96618426	0	0	0.41	-1.5146773e-18
9.980019183132818e-09	0.032729313	0.03210159	0.9650381	0	0	0.41	-1.388263e-18
9.990060677374031e-09	-0.024481816	0.054180384	0.96374017	0	0	0.41	-1.0861121e-18
1e-08	-0.0613769	-0.01888588	0.9646266	0	0	0.41	-3.5580376e-18
