# t (s)	mx ()	my ()	mz ()	B_extx (T)	B_exty (T)	B_extz (T)	E_total (J)
0	0	0	-1	0	0	0.39	1.17474e-18
1.0040023252541448e-11	-0.0030145757	-0.0012695998	-0.9743711	0	0	0.39	4.4629128e-18
2.005666777963314e-11	-0.026079629	-0.026209561	-0.9683418	0	0	0.39	5.0026246e-18
3.0005717253593004e-11	-0.0024618446	-0.0126470905	-0.9637431	0	0	0.39	4.9321347e-18
4.0009139335221735e-11	-0.0043894593	-0.004709259	-0.96283644	0	0	0.39	3.9929133e-18
5.0034571179346944e-11	-0.0025004472	0.0066164774	-0.9573153	0	0	0.39	4.7552678e-18
6.00646853515979e-11	0.0017818959	0.014295317	-0.9577437	0	0	0.39	5.007478e-18
7.002334010973e-11	0.01417114	0.00861292	-0.9584631	0	0	0.39	4.4260036e-18
8.002910426808314e-11	-0.0025561207	-0.0069270614	-0.9582897	0	0	0.39	4.862066e-18
9.005737716315215e-11	0.009379173	-0.0017198671	-0.95549357	0	0	0.39	4.9355514e-18
1.0001246315355655e-10	0.0022262088	-0.010150541	-0.9545456	0	0	0.39	4.2717923e-18
1.1005744229656487e-10	-0.0022930617	-0.02348101	-0.9551412	0	0	0.39	5.2175583e-18
1.2001148533285392e-10	-0.004327264	-0.0065945224	-0.9560314	0	0	0.39	5.4753364e-18
1.3003834996896782e-10	-0.0037796688	-0.013106594	-0.95659196	0	0	0.39	4.8076755e-18
1.4004694319910423e-10	-0.016187599	-0.014325898	-0.9558964	0	0	0.39	4.198302e-18
1.500077884224906e-10	-0.0021956426	0.0033429444	-0.9558419	0	0	0.39	4.801469e-18
1.600490450946018e-10	0.0023221993	-0.005793268	-0.95791775	0	0	0.39	4.68189e-18
1.70042196949624e-10	0.0006601335	-0.018625291	-0.9617641	0	0	0.39	4.245927e-18
1.8004528062111315e-10	0.009865058	0.0047683734	-0.95890784	0	0	0.39	5.4017462e-18
1.9001563263384833e-10	0.016381998	0.016624218	-0.9603859	0	0	0.39	4.9160647e-18
2.0005948965440413e-10	0.010995914	0.024754137	-0.9601657	0	0	0.39	3.7828487e-18
2.1001672629800474e-10	0.027799364	0.037330147	-0.96192193	0	0	0.39	3.7531567e-18
2.2001349052629877e-10	0.039741386	0.041207854	-0.9590345	0	0	0.39	4.870145e-18
2.3003434612693608e-10	0.039892778	0.034150075	-0.960333	0	0	0.39	4.1589545e-18
2.400512132166846e-10	0.018820679	0.028244004	-0.96411633	0	0	0.39	3.7333817e-18
2.500196872690118e-10	0.019295901	0.023507016	-0.9612079	0	0	0.39	4.140873e-18
2.600120372378406e-10	0.012677396	0.026779132	-0.9602281	0	0	0.39	4.3217197e-18
2.7002330213779156e-10	0.009746661	0.045188792	-0.95656115	0	0	0.39	4.6115125e-18
2.8001611628623116e-10	0.008079212	0.04710297	-0.9561564	0	0	0.39	4.0726825e-18
2.9004299111747484e-10	0.022192415	0.051495846	-0.9552687	0	0	0.39	4.2507683e-18
3.00011299164776e-10	0.028938575	0.056414664	-0.95268404	0	0	0.39	5.1969185e-18
3.100555664756061e-10	0.042845152	0.05505611	-0.9512591	0	0	0.39	4.528531e-18
3.200058496702003e-10	0.039188445	0.06237725	-0.9523911	0	0	0.39	4.0678373e-18
3.3000886186446197e-10	0.050888963	0.064179644	-0.94996244	0	0	0.39	4.533591e-18
3.400594296349681e-10	0.029253857	0.06992435	-0.9496152	0	0	0.39	4.7110264e-18
3.500110547999474e-10	0.023145478	0.052307583	-0.9522967	0	0	0.39	4.408093e-18
3.600024180311084e-10	0.023874627	0.051188	-0.9546602	0	0	0.39	4.3500262e-18
3.700309091931407e-10	0.046048686	0.049744323	-0.95443785	0	0	0.39	4.4017358e-18
3.8001015972234406e-10	0.054912303	0.024518723	-0.9502112	0	0	0.39	5.033446e-18
3.9003150675417094e-10	0.043508552	0.040698264	-0.95040137	0	0	0.39	4.1760176e-18
4.0002060087977003e-10	0.06429429	0.05605134	-0.94731283	0	0	0.39	4.3675736e-18
4.1004783639874486e-10	0.06409439	0.04851313	-0.94516665	0	0	0.39	4.6043396e-18
4.200285755790483e-10	0.05854446	0.028287547	-0.9467338	0	0	0.39	4.762271e-18
4.300389963493203e-10	0.0771234	0.0044100764	-0.944889	0	0	0.39	3.9688614e-18
4.400639056543986e-10	0.06687289	0.006837098	-0.94837344	0	0	0.39	4.192745e-18
4.500110226211439e-10	0.08115009	0.013120313	-0.9460411	0	0	0.39	4.5084247e-18
4.6001405603276913e-10	0.09534483	-0.0017797243	-0.94644856	0	0	0.39	3.977993e-18
4.700537301155916e-10	0.08873856	-0.005213909	-0.9434777	0	0	0.39	4.0590055e-18
4.80020106080121e-10	0.098357186	0.020297717	-0.94222647	0	0	0.39	4.395904e-18
4.900218644120607e-10	0.11899437	0.012687021	-0.9455454	0	0	0.39	4.4559153e-18
5.000467906708862e-10	0.12729056	0.0034430625	-0.9452399	0	0	0.39	3.8597865e-18
5.100293133917016e-10	0.12319641	-0.010781213	-0.9421162	0	0	0.39	3.634171e-18
5.200384797096767e-10	0.10899664	-0.029708995	-0.9439532	0	0	0.39	5.0308476e-18
5.300512694981703e-10	0.104211345	-0.060398582	-0.94140446	0	0	0.39	4.1955825e-18
5.400284458346434e-10	0.09300039	-0.05617309	-0.93934005	0	0	0.39	4.3043646e-18
5.500330125890726e-10	0.08792077	-0.05629845	-0.9434789	0	0	0.39	4.6060874e-18
5.600042339240988e-10	0.106600635	-0.055012655	-0.9423762	0	0	0.39	4.7745378e-18
5.700146251496312e-10	0.097221985	-0.047985863	-0.9412735	0	0	0.39	5.3478794e-18
5.800423216290042e-10	0.110369995	-0.05541406	-0.944327	0	0	0.39	4.55471e-18
5.900588908287775e-10	0.118435815	-0.07662065	-0.9407841	0	0	0.39	4.0644785e-18
6.000659704051413e-10	0.1054539	-0.09209963	-0.9396302	0	0	0.39	5.224928e-18
6.10014915136969e-10	0.09055027	-0.07741209	-0.94105566	0	0	0.39	4.1989446e-18
6.200348000299571e-10	0.077771336	-0.096714124	-0.9417275	0	0	0.39	4.682915e-18
6.300092375477781e-10	0.082020104	-0.099644884	-0.940013	0	0	0.39	3.82966e-18
6.400312902385509e-10	0.08573194	-0.105222695	-0.9392565	0	0	0.39	4.093485e-18
6.500630243317069e-10	0.05511314	-0.094301045	-0.9412306	0	0	0.39	4.9359137e-18
6.600061100199153e-10	0.051920645	-0.09315823	-0.9398148	0	0	0.39	3.509866e-18
6.700007531767985e-10	0.059942275	-0.10678024	-0.9381933	0	0	0.39	5.0954016e-18
6.800134480150392e-10	0.05769428	-0.11605656	-0.93790764	0	0	0.39	4.9092483e-18
6.90055657957904e-10	0.06444461	-0.1320159	-0.9397583	0	0	0.39	4.8435445e-18
7.000158156416009e-10	0.052080728	-0.13324326	-0.94139767	0	0	0.39	4.634649e-18
7.100021940581485e-10	0.052271932	-0.12127145	-0.9407388	0	0	0.39	4.117953e-18
7.200224556828445e-10	0.04988114	-0.13719697	-0.94188297	0	0	0.39	4.3347995e-18
7.300570318081923e-10	0.033894263	-0.13367616	-0.9437182	0	0	0.39	4.074697e-18
7.400550779830821e-10	0.022363933	-0.124674454	-0.9436238	0	0	0.39	4.1261564e-18
7.500062529588437e-10	0.007990343	-0.11861128	-0.9443842	0	0	0.39	4.6471995e-18
7.600205951410287e-10	0.016120706	-0.10343752	-0.9469178	0	0	0.39	4.5003307e-18
7.700353635655273e-10	0.023709398	-0.10095637	-0.94476813	0	0	0.39	3.717581e-18
7.800518756070178e-10	0.029409207	-0.09271923	-0.9434407	0	0	0.39	4.6208063e-18
7.900658455866394e-10	0.01399448	-0.10346097	-0.9425137	0	0	0.39	4.2577137e-18
8.000106324763143e-10	0.014022741	-0.10327419	-0.94730985	0	0	0.39	3.834658e-18
8.100297894416827e-10	0.0022865445	-0.12220904	-0.9420259	0	0	0.39	4.3401236e-18
8.200101161357469e-10	-0.015285614	-0.12277194	-0.94351494	0	0	0.39	4.1790778e-18
8.300332465706957e-10	-0.029892165	-0.10396745	-0.9423767	0	0	0.39	5.133526e-18
8.400019734022896e-10	-0.023259148	-0.0864921	-0.9487989	0	0	0.39	5.5761854e-18
8.500422909581514e-10	-0.023624005	-0.0769429	-0.94423884	0	0	0.39	3.4088121e-18
8.600037457300309e-10	-0.014880494	-0.05707445	-0.9434526	0	0	0.39	3.9836646e-18
8.700410368250787e-10	-0.0020699266	-0.06186664	-0.9421246	0	0	0.39	3.3212406e-18
8.800447352719644e-10	-0.00035740706	-0.0607617	-0.94323844	0	0	0.39	4.8285196e-18
8.900109658770442e-10	0.007841871	-0.052869335	-0.94613737	0	0	0.39	5.005528e-18
9.000026146132788e-10	0.009641178	-0.05784476	-0.9495826	0	0	0.39	4.2099692e-18
9.100406991724596e-10	-0.0060242712	-0.048887413	-0.94979376	0	0	0.39	5.352181e-18
9.200151417763422e-10	-4.012479e-05	-0.05349114	-0.9492005	0	0	0.39	3.9862835e-18
9.300268406341954e-10	-0.0010952785	-0.053195756	-0.95064735	0	0	0.39	3.937672e-18
9.400109297196143e-10	-0.016205544	-0.0637687	-0.94725585	0	0	0.39	4.6663037e-18
9.500311687331583e-10	-0.0063289586	-0.05674565	-0.9476129	0	0	0.39	5.542208e-18
9.600118617932162e-10	-0.006176958	-0.077523276	-0.95182824	0	0	0.39	4.7238717e-18
9.700206865192787e-10	0.0035632872	-0.06895401	-0.9476613	0	0	0.39	4.3892056e-18
9.800071416019255e-10	-0.016819686	-0.053429388	-0.9535214	0	0	0.39	5.1403563e-18
9.90056795926842e-10	-0.02692175	-0.048015453	-0.951028	0	0	0.39	4.826926e-18
1.000041391329698e-09	-0.027760787	-0.042077098	-0.9524565	0	0	0.39	5.806932e-18
1.0100485803274456e-09	-0.025609843	-0.03344822	-0.9527725	0	0	0.39	4.6463765e-18
1.0200274114554082e-09	-0.029166542	-0.013089647	-0.9546573	0	0	0.39	4.6520398e-18
1.0300335987696014e-09	-0.02886079	-0.00090246834	-0.9559163	0	0	0.39	4.372591e-18
1.0400196492923443e-09	-0.026183398	0.019986777	-0.95242953	0	0	0.39	5.08759e-18
1.0500618402059145e-09	-0.034459535	0.03517792	-0.9503243	0	0	0.39	5.0380837e-18
1.060047493767649e-09	-0.045868736	0.04250053	-0.95225066	0	0	0.39	4.5609515e-18
1.0700427766977795e-09	-0.04520823	0.04190875	-0.95436096	0	0	0.39	3.9974512e-18
1.0800522974034829e-09	-0.05789802	0.05469247	-0.9544742	0	0	0.39	4.1930046e-18
1.090063607267934e-09	-0.05360794	0.04833076	-0.9542037	0	0	0.39	5.019873e-18
1.100054837451042e-09	-0.04753513	0.028597739	-0.95732725	0	0	0.39	4.1717444e-18
1.1100493457479222e-09	-0.03891247	0.02006716	-0.9570837	0	0	0.39	4.141237e-18
1.1200590204037313e-09	-0.023897026	0.025463896	-0.95516735	0	0	0.39	4.7256183e-18
1.1300590760914874e-09	-0.009459887	0.029542705	-0.9484296	0	0	0.39	6.0399996e-18
1.1400273156382718e-09	-0.008326285	0.02684744	-0.95040715	0	0	0.39	4.2267717e-18
1.1500291138295743e-09	-0.014674302	0.035292808	-0.94947505	0	0	0.39	5.583587e-18
1.1600471338175192e-09	-0.032100122	0.04951804	-0.94993657	0	0	0.39	4.7540266e-18
1.1700648528183717e-09	-0.022987006	0.04391451	-0.94948965	0	0	0.39	4.290857e-18
1.1800282616899068e-09	-0.03368163	0.049020354	-0.9524158	0	0	0.39	3.4789314e-18
1.190009227837098e-09	-0.037015818	0.05138577	-0.95239174	0	0	0.39	4.8361764e-18
1.2000007853857657e-09	-0.02480904	0.05204788	-0.9524139	0	0	0.39	4.3299083e-18
1.210045424691287e-09	-0.01859144	0.051182084	-0.9485595	0	0	0.39	4.7027935e-18
1.22005980846336e-09	-0.035175137	0.0455273	-0.95578426	0	0	0.39	4.932319e-18
1.2300279978510058e-09	-0.04400318	0.047166605	-0.95510083	0	0	0.39	5.2568432e-18
1.2400596940502769e-09	-0.050594673	0.04997523	-0.9522631	0	0	0.39	4.4081956e-18
1.250057734122029e-09	-0.039819945	0.055739373	-0.95325005	0	0	0.39	4.106007e-18
1.2600595838396815e-09	-0.023373634	0.05955977	-0.95389307	0	0	0.39	3.82421e-18
1.2700360151616293e-09	-0.024183698	0.06843355	-0.95295286	0	0	0.39	4.2678822e-18
1.2800423524181117e-09	-0.015960196	0.085383825	-0.95273805	0	0	0.39	4.586224e-18
1.290041397399275e-09	0.002579346	0.0819117	-0.95331067	0	0	0.39	5.1137455e-18
1.300010939825634e-09	0.018108385	0.09350276	-0.9521058	0	0	0.39	4.7348914e-18
1.310056264437536e-09	0.0148705505	0.09120007	-0.9503603	0	0	0.39	4.197966e-18
1.3200395892354036e-09	0.014712113	0.09650174	-0.94956976	0	0	0.39	4.571877e-18
1.3300443492006503e-09	0.023136277	0.09550834	-0.94941026	0	0	0.39	4.646683e-18
1.3400334747541996e-09	0.042314515	0.08780657	-0.9537089	0	0	0.39	3.8395925e-18
1.3500249136563296e-09	0.043343317	0.087710544	-0.9504181	0	0	0.39	4.2592043e-18
1.360061018905603e-09	0.0663637	0.08789012	-0.948523	0	0	0.39	3.95857e-18
1.3700478489166302e-09	0.07106015	0.07104022	-0.9511937	0	0	0.39	6.18079e-18
1.3800209236821e-09	0.07704151	0.046990022	-0.95301646	0	0	0.39	3.650982e-18
1.390034846119101e-09	0.06816613	0.048254836	-0.94789433	0	0	0.39	5.1128596e-18
1.400003033575046e-09	0.067335665	0.041928735	-0.9512332	0	0	0.39	4.657235e-18
1.410041111317507e-09	0.056732737	0.045229733	-0.95226645	0	0	0.39	4.659494e-18
1.4200215420389827e-09	0.05596222	0.064077854	-0.95013005	0	0	0.39	5.213933e-18
1.430014543275774e-09	0.06581199	0.072385535	-0.9525959	0	0	0.39	4.9433145e-18
1.4400255718495177e-09	0.06682214	0.060779776	-0.9527098	0	0	0.39	4.7878926e-18
1.4500458134078114e-09	0.065254666	0.0505574	-0.9513199	0	0	0.39	4.2977778e-18
1.4600631155702248e-09	0.09060773	0.04157993	-0.9487535	0	0	0.39	3.4713172e-18
1.4700563906203855e-09	0.0888172	0.027864354	-0.946256	0	0	0.39	4.7764825e-18
1.4800037061476278e-09	0.07793849	0.030371564	-0.9455049	0	0	0.39	4.924091e-18
1.4900412221147495e-09	0.071373135	0.018766712	-0.9477975	0	0	0.39	4.3645672e-18
1.5000098659933562e-09	0.061030637	0.03367786	-0.9470557	0	0	0.39	5.0335404e-18
1.5100001467941007e-09	0.05789674	0.0655826	-0.9430706	0	0	0.39	4.9064346e-18
1.5200513078208975e-09	0.058020268	0.086810164	-0.9452264	0	0	0.39	4.0003828e-18
1.5300635782565126e-09	0.08545756	0.087251656	-0.9464943	0	0	0.39	4.531909e-18
1.5400218367972439e-09	0.09928934	0.0861651	-0.9451567	0	0	0.39	5.1561096e-18
1.5500054287898867e-09	0.10857373	0.0788662	-0.94570816	0	0	0.39	5.0944875e-18
1.560010179642639e-09	0.098602794	0.050596897	-0.9462902	0	0	0.39	4.7039197e-18
1.5700461007217173e-09	0.09093915	0.038388357	-0.94860905	0	0	0.39	3.2198921e-18
1.5800184708165215e-09	0.07116511	0.03953243	-0.9520716	0	0	0.39	5.1613427e-18
1.5900237415401168e-09	0.06832219	0.05266042	-0.9499432	0	0	0.39	5.231302e-18
1.6000245886062792e-09	0.056095783	0.075344354	-0.950512	0	0	0.39	5.1767337e-18
1.6100325032122497e-09	0.0729914	0.085695185	-0.94790286	0	0	0.39	5.7224967e-18
1.620006430592705e-09	0.07373037	0.07920804	-0.9457443	0	0	0.39	4.26476e-18
1.6300594542670754e-09	0.07785045	0.08280597	-0.9479778	0	0	0.39	5.294895e-18
1.6400465587353363e-09	0.09336487	0.06789847	-0.9492266	0	0	0.39	4.7122556e-18
1.6500630537023303e-09	0.084140986	0.042758115	-0.95002866	0	0	0.39	4.3675645e-18
1.660032830404687e-09	0.0821214	0.017553521	-0.9522389	0	0	0.39	4.604751e-18
1.6700506290315998e-09	0.06256617	-0.0005887823	-0.95473063	0	0	0.39	3.654592e-18
1.6800611829407764e-09	0.04332386	-0.0153938	-0.9522121	0	0	0.39	4.577881e-18
1.6900468306626828e-09	0.040649544	0.00731133	-0.95823014	0	0	0.39	4.494512e-18
1.700008718927905e-09	0.046577346	0.037027605	-0.95763767	0	0	0.39	4.1948806e-18
1.7100120120925257e-09	0.079265885	0.032615975	-0.95449275	0	0	0.39	4.4667302e-18
1.7200484469654906e-09	0.09327147	0.017334998	-0.954118	0	0	0.39	3.8196752e-18
1.7300496933858205e-09	0.08983961	-0.015747482	-0.9548113	0	0	0.39	4.9195876e-18
1.7400547970676181e-09	0.08621135	-0.028279442	-0.9551794	0	0	0.39	4.3024075e-18
1.750046930505759e-09	0.074869566	-0.02639036	-0.9557469	0	0	0.39	4.9068577e-18
1.7600219343234032e-09	0.051061686	-0.03620778	-0.95508564	0	0	0.39	3.7674388e-18
1.770045505443256e-09	0.048447315	-0.024715351	-0.9533685	0	0	0.39	2.9536804e-18
1.780001917587378e-09	0.058041062	-0.02096302	-0.9524438	0	0	0.39	4.2304147e-18
1.7900236414179572e-09	0.074716635	-0.0441786	-0.9512016	0	0	0.39	5.0050035e-18
1.800027647189637e-09	0.08054942	-0.050426543	-0.94643307	0	0	0.39	3.7579374e-18
1.8100102196871472e-09	0.092523426	-0.057231575	-0.9455767	0	0	0.39	4.351254e-18
1.8200038495264833e-09	0.0734304	-0.062423706	-0.947929	0	0	0.39	4.215361e-18
1.830060969903611e-09	0.05959673	-0.057527885	-0.9495189	0	0	0.39	4.530704e-18
1.8400500046951089e-09	0.038467243	-0.049786173	-0.9503484	0	0	0.39	3.909104e-18
1.8500244203616062e-09	0.046277605	-0.042012904	-0.950286	0	0	0.39	4.9494923e-18
1.8600430320575086e-09	0.03838985	-0.0423618	-0.95212144	0	0	0.39	5.245302e-18
1.870006758654436e-09	0.043634575	-0.045917712	-0.9505897	0	0	0.39	4.467929e-18
1.8800383048681853e-09	0.039276894	-0.055753402	-0.95092684	0	0	0.39	4.1523954e-18
1.890024247938985e-09	0.0322969	-0.07122021	-0.9524683	0	0	0.39	4.4064912e-18
1.9000526506020496e-09	0.024980385	-0.076983355	-0.9480133	0	0	0.39	4.0504516e-18
1.9100239068976875e-09	0.01648052	-0.058153987	-0.95211643	0	0	0.39	4.08734e-18
1.9200625801986375e-09	0.0021354717	-0.048499536	-0.95399106	0	0	0.39	4.8377187e-18
1.9300355846120574e-09	-0.013266649	-0.045759555	-0.955184	0	0	0.39	4.5169686e-18
1.940013055912715e-09	0.00104728	-0.05620156	-0.9510821	0	0	0.39	4.188389e-18
1.9500265224857873e-09	0.008741401	-0.054557703	-0.9475021	0	0	0.39	4.5475594e-18
1.9600392892178467e-09	0.0009357095	-0.06520823	-0.94611377	0	0	0.39	5.025209e-18
1.9700194991731768e-09	-0.017253581	-0.06791722	-0.94725865	0	0	0.39	4.540121e-18
1.9800180168952084e-09	-0.05105063	-0.061299257	-0.9510171	0	0	0.39	4.9305254e-18
1.990024512768169e-09	-0.05810642	-0.061923303	-0.9475657	0	0	0.39	4.9430506e-18
2.0000171408237805e-09	-0.049589146	-0.057680495	-0.9496468	0	0	0.39	5.4049458e-18
2.010053748836345e-09	-0.048055205	-0.050146937	-0.9514102	0	0	0.39	5.3205614e-18
2.0200235423375908e-09	-0.039957844	-0.030326365	-0.9480086	0	0	0.39	5.0200785e-18
2.030038135208686e-09	-0.024435716	-0.025240682	-0.94704384	0	0	0.39	4.1375764e-18
2.040043871333527e-09	-0.011883035	-0.038584217	-0.9467473	0	0	0.39	4.9130674e-18
2.0500013444254807e-09	0.005251936	-0.06215263	-0.9455197	0	0	0.39	4.5192914e-18
2.060015720346299e-09	-0.002926136	-0.061299976	-0.9427317	0	0	0.39	4.6252433e-18
2.070048861815979e-09	-0.0062284283	-0.05745873	-0.9477265	0	0	0.39	5.0498764e-18
2.0800507581693754e-09	-0.025894996	-0.06433869	-0.94787407	0	0	0.39	4.1547905e-18
2.090018937636645e-09	-0.040314876	-0.07972306	-0.9458495	0	0	0.39	5.004967e-18
2.100053882938682e-09	-0.050637834	-0.08452537	-0.9400588	0	0	0.39	4.273134e-18
2.110045705843645e-09	-0.048821922	-0.068826914	-0.9419826	0	0	0.39	4.2423186e-18
2.120012037969574e-09	-0.053477164	-0.057181865	-0.94557196	0	0	0.39	4.27053e-18
2.1300597068552183e-09	-0.05507755	-0.04162111	-0.94878036	0	0	0.39	4.8321828e-18
2.140030229117995e-09	-0.052917376	-0.023052413	-0.94942516	0	0	0.39	3.9011513e-18
2.1500217194021364e-09	-0.042148992	-0.03238896	-0.95052576	0	0	0.39	4.611146e-18
2.160042989505575e-09	-0.054769732	-0.03450139	-0.94773525	0	0	0.39	5.2886136e-18
2.170053031840036e-09	-0.07123108	-0.022290979	-0.9479065	0	0	0.39	4.7478674e-18
2.1800554284581144e-09	-0.07745958	0.00096463866	-0.94412804	0	0	0.39	4.722146e-18
2.1900257517512795e-09	-0.0770817	0.004061255	-0.9473718	0	0	0.39	4.0902026e-18
2.2000631890607756e-09	-0.06603384	0.012519184	-0.94788486	0	0	0.39	5.1788608e-18
2.210020036500295e-09	-0.050501466	0.025816916	-0.95005894	0	0	0.39	4.61506e-18
2.2200042907637483e-09	-0.043817014	0.032940738	-0.95193225	0	0	0.39	4.0759312e-18
2.2300160221445176e-09	-0.04594973	0.02721467	-0.9529848	0	0	0.39	3.6202238e-18
2.240030149834986e-09	-0.047330603	0.027120043	-0.9529545	0	0	0.39	6.1301652e-18
2.250029572016982e-09	-0.042603366	0.036403183	-0.95165837	0	0	0.39	4.589593e-18
2.260057742848268e-09	-0.032767523	0.036738936	-0.9506804	0	0	0.39	4.4328746e-18
2.2700381604688574e-09	-0.024896173	0.04762597	-0.9485343	0	0	0.39	4.197501e-18
2.280031818567106e-09	-0.035624236	0.063156955	-0.94490117	0	0	0.39	4.6046725e-18
2.2900382486424013e-09	-0.023774292	0.06878094	-0.93915975	0	0	0.39	4.032054e-18
2.3000470849920846e-09	-0.0082524065	0.070265174	-0.94274825	0	0	0.39	3.420121e-18
2.3100507989171136e-09	-0.0049413485	0.08391107	-0.9385163	0	0	0.39	5.104836e-18
2.3200059797689854e-09	-0.017249253	0.09255551	-0.93549526	0	0	0.39	4.3990164e-18
2.3300444718680673e-09	-0.01899627	0.08238765	-0.93842167	0	0	0.39	3.857435e-18
2.340039228984367e-09	-0.011054098	0.08641391	-0.9409019	0	0	0.39	4.4473974e-18
2.350041335400569e-09	-0.037071127	0.080261886	-0.94575435	0	0	0.39	5.5516533e-18
2.3600283444323855e-09	-0.03947461	0.10130941	-0.9436874	0	0	0.39	3.5808876e-18
2.3700660778642463e-09	-0.03956091	0.103992164	-0.9368605	0	0	0.39	4.6203604e-18
2.380024725357957e-09	-0.04799505	0.122077964	-0.93545353	0	0	0.39	3.7830125e-18
2.3900498762609798e-09	-0.03519145	0.12484848	-0.9401745	0	0	0.39	4.368991e-18
2.4000490807850505e-09	-0.022595631	0.1209132	-0.9390513	0	0	0.39	5.2568887e-18
2.41002028905459e-09	-0.01960648	0.11642722	-0.93904614	0	0	0.39	4.683394e-18
2.4200368103930455e-09	-0.008849217	0.12827514	-0.94109684	0	0	0.39	5.426415e-18
2.4300428663299396e-09	0.0037684252	0.124316946	-0.93318754	0	0	0.39	4.463949e-18
2.4400115202983507e-09	-0.012307675	0.12563378	-0.93072253	0	0	0.39	4.9695675e-18
2.4500577049863943e-09	-0.03244705	0.11167266	-0.93329865	0	0	0.39	5.1215144e-18
2.4600191715398047e-09	-0.03365973	0.110122874	-0.9340685	0	0	0.39	5.1787115e-18
2.4700115156936365e-09	-0.029684504	0.1160821	-0.933231	0	0	0.39	3.951427e-18
2.480054042269664e-09	-0.042138826	0.1316856	-0.9318695	0	0	0.39	5.2106386e-18
2.4900234704150176e-09	-0.018916527	0.12058823	-0.9350669	0	0	0.39	4.4456913e-18
2.500018037223165e-09	0.010978311	0.0970493	-0.9384215	0	0	0.39	4.249475e-18
2.510053825121406e-09	0.009634955	0.08026494	-0.9381003	0	0	0.39	3.925059e-18
2.5200489664249324e-09	0.0049833977	0.07601545	-0.93860704	0	0	0.39	4.1665977e-18
2.5300439916277875e-09	-0.0038940448	0.068498544	-0.9408699	0	0	0.39	5.604959e-18
2.5400245690639276e-09	-0.0068950322	0.062276423	-0.94559634	0	0	0.39	4.936673e-18
2.5500424347072494e-09	-0.012082807	0.055692166	-0.946384	0	0	0.39	4.4616956e-18
2.5600573236011502e-09	0.0072423695	0.05809077	-0.9451934	0	0	0.39	4.906316e-18
2.5700145165394942e-09	0.021477433	0.0564157	-0.9458154	0	0	0.39	4.418385e-18
2.580004215851513e-09	0.041322738	0.051710393	-0.94283336	0	0	0.39	4.5507734e-18
2.5900555824287526e-09	0.043930214	0.040366333	-0.940575	0	0	0.39	4.408182e-18
2.6000449634539814e-09	0.03243445	0.04769712	-0.940594	0	0	0.39	3.3738166e-18
2.610019642546114e-09	0.023515241	0.044723388	-0.9416201	0	0	0.39	4.4556952e-18
2.620001048518734e-09	0.027013654	0.025163697	-0.94661707	0	0	0.39	3.7886e-18
2.630013602206107e-09	0.041400265	0.018358978	-0.94713455	0	0	0.39	4.4713165e-18
2.640030126316409e-09	0.023827353	0.009231382	-0.9499704	0	0	0.39	5.511517e-18
2.6500345232861905e-09	0.032567784	-0.0101725105	-0.9494421	0	0	0.39	4.9887197e-18
2.6600440609668754e-09	0.039689984	-0.015622532	-0.9482793	0	0	0.39	4.4533543e-18
2.670037913166775e-09	0.047639735	-0.019792749	-0.9492136	0	0	0.39	4.6688696e-18
2.6800160504424692e-09	0.06516654	-0.037150748	-0.9454492	0	0	0.39	4.603901e-18
2.6900554582242e-09	0.0759012	-0.04102076	-0.9399988	0	0	0.39	3.3097794e-18
2.7000531441971243e-09	0.05984124	-0.044384483	-0.9439315	0	0	0.39	4.6116523e-18
2.710051042986939e-09	0.051673185	-0.04450048	-0.9406295	0	0	0.39	4.3040627e-18
2.7200510549444397e-09	0.052895114	-0.066800155	-0.9400931	0	0	0.39	5.0440642e-18
2.730060947829798e-09	0.06637284	-0.06382112	-0.94304323	0	0	0.39	3.8922554e-18
2.740003888978396e-09	0.06631588	-0.045915194	-0.9441437	0	0	0.39	3.6446587e-18
2.750011214025433e-09	0.07128752	-0.05039286	-0.9437195	0	0	0.39	5.1224032e-18
2.7600136140852924e-09	0.0727386	-0.03346519	-0.9463305	0	0	0.39	4.1861998e-18
2.7700037918911837e-09	0.08017048	-0.04773441	-0.94743377	0	0	0.39	3.9704355e-18
2.7800189549689304e-09	0.086721875	-0.061967432	-0.94837034	0	0	0.39	4.3859544e-18
2.7900564738629657e-09	0.081067525	-0.050095543	-0.947755	0	0	0.39	4.3540653e-18
2.8000606242235187e-09	0.076707825	-0.060289707	-0.94682425	0	0	0.39	3.8887456e-18
2.810044230715854e-09	0.0656135	-0.066812515	-0.9459035	0	0	0.39	4.0929794e-18
2.820046992566912e-09	0.059059415	-0.06974011	-0.949657	0	0	0.39	4.3001787e-18
2.8300351773113767e-09	0.07282235	-0.07685997	-0.9458746	0	0	0.39	4.8869512e-18
2.8400093691464397e-09	0.07718565	-0.06269966	-0.9448656	0	0	0.39	4.5629743e-18
2.8500064316398676e-09	0.088941574	-0.074422605	-0.94527227	0	0	0.39	4.924743e-18
2.860018822505887e-09	0.08221428	-0.09531428	-0.9441955	0	0	0.39	4.0374744e-18
2.870051277583929e-09	0.07155295	-0.10448403	-0.9412738	0	0	0.39	4.132549e-18
2.8800528674743165e-09	0.06686868	-0.10537062	-0.94090396	0	0	0.39	4.2389975e-18
2.8900362307046285e-09	0.06972526	-0.11402712	-0.94166154	0	0	0.39	4.5826703e-18
2.900045292828138e-09	0.08277164	-0.124149606	-0.93919224	0	0	0.39	5.012163e-18
2.910008729127127e-09	0.085403845	-0.13998611	-0.93790996	0	0	0.39	4.0749225e-18
2.920044446264253e-09	0.06818076	-0.14920522	-0.93629235	0	0	0.39	4.203967e-18
2.930043699144919e-09	0.054970928	-0.14533632	-0.93685794	0	0	0.39	4.617268e-18
2.9400432085370225e-09	0.06733706	-0.1633379	-0.92987525	0	0	0.39	4.349371e-18
2.9500565519812963e-09	0.0719131	-0.16894855	-0.92481774	0	0	0.39	4.365199e-18
2.9600466355743606e-09	0.06631027	-0.16610862	-0.9246784	0	0	0.39	4.498783e-18
2.970037029610411e-09	0.07234546	-0.18421707	-0.9207657	0	0	0.39	4.8917427e-18
2.980026133625361e-09	0.06790268	-0.17727894	-0.9179911	0	0	0.39	5.347539e-18
2.990031311345203e-09	0.08292634	-0.1738126	-0.9228237	0	0	0.39	4.269484e-18
3.0000158747137116e-09	0.093178384	-0.16730249	-0.92367786	0	0	0.39	4.451857e-18
3.0100357998770805e-09	0.08903161	-0.16919565	-0.9250241	0	0	0.39	4.87806e-18
3.020061103056621e-09	0.0907939	-0.1667394	-0.9174824	0	0	0.39	4.4166523e-18
3.0300002055690205e-09	0.102933675	-0.15443543	-0.9185769	0	0	0.39	4.7857833e-18
3.040005837193158e-09	0.087082714	-0.17125465	-0.92027235	0	0	0.39	3.638573e-18
3.0500328519228555e-09	0.097272635	-0.17650373	-0.92259985	0	0	0.39	4.7010635e-18
3.0600244619167615e-09	0.08308735	-0.21430533	-0.9155216	0	0	0.39	5.6370266e-18
3.0700040607995824e-09	0.08426748	-0.21823761	-0.91192085	0	0	0.39	5.162508e-18
3.080005544143473e-09	0.06788996	-0.21482797	-0.90824085	0	0	0.39	4.826297e-18
3.090031081377665e-09	0.0850871	-0.22414368	-0.90807605	0	0	0.39	4.298056e-18
3.100011532042101e-09	0.09350767	-0.22053216	-0.90820867	0	0	0.39	4.158173e-18
3.1100314448597366e-09	0.09875945	-0.22397439	-0.9098195	0	0	0.39	4.9034005e-18
3.1200536873322833e-09	0.11245979	-0.2046878	-0.9077497	0	0	0.39	4.953635e-18
3.1300535592470478e-09	0.14640868	-0.19563432	-0.9082803	0	0	0.39	4.9296383e-18
3.1400206820353637e-09	0.15402618	-0.19503206	-0.91061056	0	0	0.39	4.395576e-18
3.1500537277586124e-09	0.17149948	-0.20921758	-0.90803385	0	0	0.39	4.47067e-18
3.1600635855483224e-09	0.18118706	-0.21065894	-0.9060128	0	0	0.39	4.95466e-18
3.1700334528102836e-09	0.15684997	-0.2057323	-0.9089312	0	0	0.39	5.191249e-18
3.180026244549814e-09	0.1339024	-0.21329081	-0.91052246	0	0	0.39	4.224047e-18
3.1900301724205957e-09	0.141831	-0.2144607	-0.906595	0	0	0.39	3.4862433e-18
3.2000004896564537e-09	0.1308664	-0.21628174	-0.91358477	0	0	0.39	4.0581816e-18
3.210041159373029e-09	0.13592325	-0.22481696	-0.9134801	0	0	0.39	3.994198e-18
3.2200506573925045e-09	0.13078979	-0.236264	-0.9101689	0	0	0.39	4.9821866e-18
3.2300408015567365e-09	0.14071141	-0.23852362	-0.9070195	0	0	0.39	5.2693266e-18
3.240033006007536e-09	0.14560564	-0.23534727	-0.9094255	0	0	0.39	5.3837757e-18
3.2500318177967482e-09	0.15009214	-0.24249901	-0.9050774	0	0	0.39	4.861264e-18
3.260055720101866e-09	0.14684704	-0.25039577	-0.90502495	0	0	0.39	4.7923155e-18
3.270025154703855e-09	0.13561109	-0.2536646	-0.9092965	0	0	0.39	3.6080754e-18
3.280051494749534e-09	0.12805544	-0.2569914	-0.90619296	0	0	0.39	4.9463866e-18
3.290036358896939e-09	0.12240609	-0.24895759	-0.90209967	0	0	0.39	4.541294e-18
3.3000033753421633e-09	0.14643517	-0.24398258	-0.8967263	0	0	0.39	3.893051e-18
3.310051167334368e-09	0.16430075	-0.23754114	-0.89837795	0	0	0.39	4.6436443e-18
3.3200276213217154e-09	0.18665989	-0.23853725	-0.89355785	0	0	0.39	4.395959e-18
3.330035814681095e-09	0.1835621	-0.23701335	-0.89785933	0	0	0.39	4.5988856e-18
3.3400652322781614e-09	0.19943087	-0.23593476	-0.8985631	0	0	0.39	4.791473e-18
3.350025127591252e-09	0.18973255	-0.251507	-0.8997538	0	0	0.39	3.538353e-18
3.3600625008706916e-09	0.16659516	-0.24115391	-0.8989969	0	0	0.39	4.6480126e-18
3.370045239684626e-09	0.16681907	-0.24432494	-0.89640003	0	0	0.39	4.4328018e-18
3.380031105835098e-09	0.15841594	-0.23793529	-0.90020734	0	0	0.39	3.8193282e-18
3.3900303919958173e-09	0.1575714	-0.2331081	-0.9024083	0	0	0.39	4.506369e-18
3.4000334036519802e-09	0.16396795	-0.22046454	-0.9079012	0	0	0.39	4.290325e-18
3.410013218659951e-09	0.16928792	-0.22527242	-0.905164	0	0	0.39	3.764042e-18
3.4200282347239404e-09	0.17778428	-0.21455659	-0.90618587	0	0	0.39	4.8813756e-18
3.4300168159813825e-09	0.17643487	-0.22417116	-0.90824276	0	0	0.39	4.3884272e-18
3.4400517723914703e-09	0.16513968	-0.22841047	-0.90820867	0	0	0.39	5.3379578e-18
3.450009708621001e-09	0.15784216	-0.23967116	-0.91083705	0	0	0.39	5.300526e-18
3.4600210766669105e-09	0.1524194	-0.24541353	-0.9084423	0	0	0.39	4.601031e-18
3.4700436940400893e-09	0.14260569	-0.2332524	-0.9064943	0	0	0.39	4.3647802e-18
3.480036244708131e-09	0.13643807	-0.23626445	-0.9048142	0	0	0.39	4.670227e-18
3.490034710840817e-09	0.12597285	-0.24990828	-0.89939815	0	0	0.39	4.1529463e-18
3.5000116084234435e-09	0.12893087	-0.26233864	-0.89531374	0	0	0.39	4.1458172e-18
3.5100143465779146e-09	0.13688438	-0.27223685	-0.8868781	0	0	0.39	5.403314e-18
3.5200089347707076e-09	0.16093343	-0.26371837	-0.8897719	0	0	0.39	5.4945633e-18
3.530029674933248e-09	0.15900888	-0.27097374	-0.8902263	0	0	0.39	5.2476917e-18
3.540052033279177e-09	0.16320087	-0.27479023	-0.8907632	0	0	0.39	4.502931e-18
3.550006994670136e-09	0.17448942	-0.27641633	-0.8911492	0	0	0.39	5.259981e-18
3.560028803209852e-09	0.19054605	-0.2930197	-0.88858414	0	0	0.39	4.4584903e-18
3.570000849080152e-09	0.17834899	-0.30790398	-0.88285446	0	0	0.39	4.682929e-18
3.5800372591628363e-09	0.1852063	-0.3111515	-0.8722791	0	0	0.39	4.683371e-18
3.59003609197725e-09	0.22220796	-0.28755745	-0.8727745	0	0	0.39	5.3231616e-18
3.600032900320271e-09	0.2476122	-0.2774378	-0.86583513	0	0	0.39	4.0789922e-18
3.61001508201409e-09	0.26151013	-0.23179094	-0.8716773	0	0	0.39	4.5382487e-18
3.6200463762150173e-09	0.2623847	-0.1965776	-0.8751497	0	0	0.39	3.932457e-18
3.6300352964348344e-09	0.28026626	-0.20159726	-0.8771716	0	0	0.39	4.2716806e-18
3.640040605236231e-09	0.2914634	-0.20491749	-0.8738412	0	0	0.39	4.901687e-18
3.6500663198887903e-09	0.3063534	-0.20704456	-0.87010396	0	0	0.39	5.320181e-18
3.660043503180075e-09	0.318896	-0.19995983	-0.8702179	0	0	0.39	5.3010726e-18
3.6700319535568235e-09	0.31974056	-0.20503062	-0.8751532	0	0	0.39	4.6803728e-18
3.680058325271888e-09	0.29796085	-0.19245866	-0.8775284	0	0	0.39	4.491858e-18
3.690050113628086e-09	0.28966036	-0.17665416	-0.8807776	0	0	0.39	5.333357e-18
3.700020560818674e-09	0.28196993	-0.15991929	-0.88544375	0	0	0.39	4.6342264e-18
3.7100469334237256e-09	0.27758476	-0.14392452	-0.88296735	0	0	0.39	4.8494555e-18
3.720005930192462e-09	0.2751108	-0.118746586	-0.88385504	0	0	0.39	5.2361753e-18
3.7300527876605676e-09	0.2774871	-0.08266667	-0.8823326	0	0	0.39	4.984125e-18
3.740057878627999e-09	0.28908297	-0.08786566	-0.88172364	0	0	0.39	3.2859342e-18
3.750026751422903e-09	0.29525295	-0.06397054	-0.8862511	0	0	0.39	4.5457773e-18
3.760031855005539e-09	0.29180834	-0.061829243	-0.8905826	0	0	0.39	5.189729e-18
3.7700446732794765e-09	0.2952366	-0.07425161	-0.89847326	0	0	0.39	4.222489e-18
3.7800456118776116e-09	0.29276523	-0.09248384	-0.90017277	0	0	0.39	4.613976e-18
3.790038523414604e-09	0.2707332	-0.09612929	-0.90871936	0	0	0.39	4.0087853e-18
3.800008486557916e-09	0.25712588	-0.07991705	-0.90898514	0	0	0.39	4.167274e-18
3.810024298570207e-09	0.25889346	-0.05718362	-0.91101444	0	0	0.39	3.496278e-18
3.820019251090345e-09	0.24164791	-0.048005607	-0.90630645	0	0	0.39	4.8120413e-18
3.830009352718899e-09	0.24140629	-0.03780553	-0.9166956	0	0	0.39	4.4729978e-18
3.840014400173335e-09	0.24242134	-0.034341205	-0.9229828	0	0	0.39	3.498085e-18
3.850035386998747e-09	0.24707608	-0.046417773	-0.9152745	0	0	0.39	4.7609145e-18
3.860022663597865e-09	0.24497937	-0.04794837	-0.9145473	0	0	0.39	4.2692367e-18
3.870038442825352e-09	0.23373637	-0.06204839	-0.9153737	0	0	0.39	4.6105037e-18
3.880020255093678e-09	0.21444431	-0.08183902	-0.9124195	0	0	0.39	4.8424237e-18
3.890031251518494e-09	0.17625241	-0.09156494	-0.9137999	0	0	0.39	4.6263e-18
3.900051685190439e-09	0.18002555	-0.070193514	-0.9096639	0	0	0.39	4.887172e-18
3.9100542322103095e-09	0.17933737	-0.062798	-0.90647626	0	0	0.39	5.487933e-18
3.920032943035587e-09	0.1844523	-0.04079165	-0.9084682	0	0	0.39	4.9137333e-18
3.930029145341867e-09	0.19040088	-0.046953015	-0.9090037	0	0	0.39	4.0065275e-18
3.94003575485636e-09	0.20327307	-0.038783103	-0.9165551	0	0	0.39	4.0029156e-18
3.9500088600831275e-09	0.22080827	-0.05277697	-0.9144715	0	0	0.39	4.318529e-18
3.960046156139732e-09	0.22784019	-0.06669898	-0.91140926	0	0	0.39	4.6422733e-18
3.970043858381252e-09	0.24487343	-0.06246632	-0.90682936	0	0	0.39	5.3404654e-18
3.980009544137047e-09	0.23341775	-0.08278664	-0.91220766	0	0	0.39	3.8659514e-18
3.9900204440769265e-09	0.231276	-0.08939668	-0.9153926	0	0	0.39	4.549973e-18
4.000044113787024e-09	0.24271798	-0.078995086	-0.910933	0	0	0.39	5.3241497e-18
4.0100507805663565e-09	0.23638366	-0.05853066	-0.9089652	0	0	0.39	4.6082195e-18
4.020049963290485e-09	0.23613183	-0.053279415	-0.9057744	0	0	0.39	4.351069e-18
4.030017041267589e-09	0.24096213	-0.03422861	-0.9043505	0	0	0.39	4.677498e-18
4.040031900136985e-09	0.2716113	-0.03268292	-0.89351845	0	0	0.39	5.1600213e-18
4.05002072526974e-09	0.26590553	-0.041080352	-0.89558256	0	0	0.39	3.7746104e-18
4.0600077084882805e-09	0.25467917	-0.04709012	-0.90334105	0	0	0.39	4.0595353e-18
4.070031855985906e-09	0.25545332	-0.041474722	-0.9043826	0	0	0.39	4.7709846e-18
4.0800155947339995e-09	0.2502413	-0.033045743	-0.9053403	0	0	0.39	4.5361394e-18
4.090049821567121e-09	0.24495071	-0.028705768	-0.9058195	0	0	0.39	4.7259806e-18
4.100007593267605e-09	0.24292424	-0.038704474	-0.90722823	0	0	0.39	5.4658432e-18
4.110060802796598e-09	0.24425101	-0.03352772	-0.90325373	0	0	0.39	4.6689035e-18
4.120023044104957e-09	0.24031687	-0.021938926	-0.90187186	0	0	0.39	4.3299398e-18
4.130026229065125e-09	0.24158144	-0.029297423	-0.9028919	0	0	0.39	5.168573e-18
4.140058275271912e-09	0.23046581	-0.015389707	-0.90675217	0	0	0.39	5.2492265e-18
4.150004471317554e-09	0.21540818	-0.005909242	-0.9111965	0	0	0.39	3.4818857e-18
4.160037183110183e-09	0.18690078	-0.0008297202	-0.91707635	0	0	0.39	4.2436235e-18
4.170005722209217e-09	0.18058056	0.0053759045	-0.92129457	0	0	0.39	3.7292536e-18
4.180046685819466e-09	0.18632758	0.013512397	-0.91844964	0	0	0.39	4.1708308e-18
4.190054642877391e-09	0.19466208	0.004294945	-0.926759	0	0	0.39	4.901216e-18
4.200029263399483e-09	0.18453236	0.015885849	-0.93109584	0	0	0.39	3.897433e-18
4.210003095381267e-09	0.20241106	0.014162707	-0.92480123	0	0	0.39	4.8950365e-18
4.220028717633971e-09	0.21018639	0.014035925	-0.924212	0	0	0.39	4.0898076e-18
4.230031760746566e-09	0.21885157	0.017208884	-0.91824496	0	0	0.39	4.5241854e-18
4.240016055932967e-09	0.21621087	0.017282827	-0.91666	0	0	0.39	5.05832e-18
4.250051580708508e-09	0.21096396	0.0197112	-0.92139727	0	0	0.39	4.6377606e-18
4.260054462844315e-09	0.20106241	0.03657341	-0.917291	0	0	0.39	5.8389894e-18
4.270057423306625e-09	0.20879996	0.033151656	-0.91707045	0	0	0.39	4.7093456e-18
4.280014172997556e-09	0.19216529	0.05406989	-0.91933227	0	0	0.39	3.8327137e-18
4.290021157642526e-09	0.19031745	0.03722261	-0.918172	0	0	0.39	5.1542774e-18
4.300040683068467e-09	0.17533551	0.054665983	-0.91989166	0	0	0.39	4.9931418e-18
4.310013362052343e-09	0.16763063	0.041430846	-0.9254322	0	0	0.39	4.6834946e-18
4.320055858419125e-09	0.16869605	0.021857629	-0.93369746	0	0	0.39	4.589563e-18
4.330048273390904e-09	0.15203284	-0.0014823164	-0.9336211	0	0	0.39	4.86552e-18
4.340044357508119e-09	0.15336435	-0.011660572	-0.93172574	0	0	0.39	4.603699e-18
4.350031314649276e-09	0.14731014	-0.012468208	-0.9311052	0	0	0.39	4.7377117e-18
4.3600568319091735e-09	0.14100648	-0.040796924	-0.9332215	0	0	0.39	5.453303e-18
4.370000628850406e-09	0.11976745	-0.036324788	-0.93597084	0	0	0.39	4.3821287e-18
4.380015344140058e-09	0.112051524	-0.02707743	-0.9403085	0	0	0.39	4.7118396e-18
4.390051144853723e-09	0.11608185	-0.025504032	-0.9405549	0	0	0.39	5.8336387e-18
4.400050286722049e-09	0.11992427	-0.035685137	-0.9396081	0	0	0.39	3.687464e-18
4.41005071129053e-09	0.11942597	-0.031375483	-0.9335802	0	0	0.39	5.3574276e-18
4.420049207241257e-09	0.12635754	-0.02725746	-0.9350732	0	0	0.39	4.321423e-18
4.4300463190541985e-09	0.12881175	-0.027835732	-0.92755413	0	0	0.39	4.30374e-18
4.440053668902368e-09	0.14448474	-0.02562626	-0.9345154	0	0	0.39	5.266458e-18
4.450028259430078e-09	0.16118515	-0.05424123	-0.9258578	0	0	0.39	4.2570213e-18
4.460055619162418e-09	0.15463671	-0.051336598	-0.9276284	0	0	0.39	5.16123e-18
4.4700277779836246e-09	0.1383937	-0.030280996	-0.93031204	0	0	0.39	4.750094e-18
4.480050402132852e-09	0.13188268	-0.028050106	-0.93094426	0	0	0.39	4.3988845e-18
4.490048662109895e-09	0.12578267	-0.033807244	-0.9293901	0	0	0.39	4.760488e-18
4.500052165772857e-09	0.12321478	-0.009955234	-0.9334697	0	0	0.39	4.3144475e-18
4.510001937340847e-09	0.13412446	-0.008769532	-0.9351983	0	0	0.39	4.837401e-18
4.5200153162692745e-09	0.13157748	-0.014683908	-0.9336671	0	0	0.39	4.961047e-18
4.530043890227119e-09	0.12852202	-0.03140444	-0.93667513	0	0	0.39	4.6150847e-18
4.5400151278875195e-09	0.12648319	-0.041782215	-0.9362954	0	0	0.39	5.060233e-18
4.550036873672092e-09	0.13367297	-0.052322373	-0.93758	0	0	0.39	4.589862e-18
4.5600607106553695e-09	0.14138035	-0.06486901	-0.9327743	0	0	0.39	4.760214e-18
4.5700587153265295e-09	0.14491622	-0.07838673	-0.93259627	0	0	0.39	4.6329927e-18
4.580003626584429e-09	0.13637935	-0.07795448	-0.9274445	0	0	0.39	4.4414938e-18
4.590063913893365e-09	0.12859935	-0.06969603	-0.92801386	0	0	0.39	3.495848e-18
4.6000012094807895e-09	0.12736097	-0.05327351	-0.93126196	0	0	0.39	5.065793e-18
4.610009108249745e-09	0.10807966	-0.042133443	-0.93402475	0	0	0.39	5.030517e-18
4.6200410114543554e-09	0.12083439	-0.04824714	-0.9301731	0	0	0.39	4.622915e-18
4.630064944305327e-09	0.13547769	-0.055864986	-0.9338236	0	0	0.39	5.4746643e-18
4.640022545022588e-09	0.14484295	-0.045778953	-0.9364152	0	0	0.39	3.880175e-18
4.6500251161009805e-09	0.15629213	-0.049087215	-0.9399812	0	0	0.39	5.0580796e-18
4.660015501139009e-09	0.15208203	-0.064586304	-0.93778723	0	0	0.39	5.2985373e-18
4.670015871323804e-09	0.13188753	-0.06380907	-0.941594	0	0	0.39	4.5122723e-18
4.680031100879265e-09	0.10657716	-0.045485444	-0.9447836	0	0	0.39	4.254054e-18
4.690049908716947e-09	0.108538084	-0.035429604	-0.94962615	0	0	0.39	4.399469e-18
4.700027276725168e-09	0.1043147	-0.02021594	-0.95113987	0	0	0.39	4.9485075e-18
4.710033392783378e-09	0.09431417	-0.02402932	-0.9523682	0	0	0.39	3.821753e-18
4.720009827864108e-09	0.109125525	-0.033858135	-0.94834864	0	0	0.39	5.4275377e-18
4.730021150283149e-09	0.109483145	-0.051005676	-0.9493187	0	0	0.39	4.9821163e-18
4.740050537320512e-09	0.112592384	-0.03943692	-0.9454676	0	0	0.39	5.549757e-18
4.750057378788454e-09	0.10532544	-0.04424773	-0.9477876	0	0	0.39	4.5197256e-18
4.7600093558620195e-09	0.09613274	-0.053891312	-0.94913584	0	0	0.39	4.8869566e-18
4.770039090915706e-09	0.07928854	-0.053748757	-0.95536196	0	0	0.39	4.8611295e-18
4.780004887546626e-09	0.072075345	-0.053613607	-0.95113623	0	0	0.39	5.717946e-18
4.790037339278879e-09	0.07224994	-0.048583485	-0.9537632	0	0	0.39	4.915267e-18
4.800032511284601e-09	0.068380095	-0.05036728	-0.9493849	0	0	0.39	3.8773392e-18
4.810030216206709e-09	0.06851626	-0.037069924	-0.95075965	0	0	0.39	4.1078405e-18
4.820017840113722e-09	0.05467102	-0.03240272	-0.9498456	0	0	0.39	5.0401223e-18
4.830001826119656e-09	0.04762941	-0.032239307	-0.94603	0	0	0.39	4.4226254e-18
4.8400215639940274e-09	0.036876697	-0.041164648	-0.9451826	0	0	0.39	4.559022e-18
4.850017728569846e-09	0.037512507	-0.05344981	-0.9450876	0	0	0.39	4.5844335e-18
4.860014472519534e-09	0.043235254	-0.045370534	-0.9475464	0	0	0.39	4.3933614e-18
4.870026042073895e-09	0.046010587	-0.045837786	-0.9466135	0	0	0.39	5.1851316e-18
4.880052092045203e-09	0.037080422	-0.036209516	-0.94886404	0	0	0.39	4.3146733e-18
4.890033943786292e-09	0.034452856	-0.032072224	-0.9537137	0	0	0.39	4.8974605e-18
4.900035510017965e-09	0.033972993	-0.02309064	-0.95086735	0	0	0.39	4.8667076e-18
4.910028087043376e-09	0.041012477	-0.022245703	-0.9546145	0	0	0.39	3.480872e-18
4.920064783599445e-09	0.048160657	-0.039394416	-0.9518141	0	0	0.39	4.3851814e-18
4.930033118191086e-09	0.051725104	-0.021775432	-0.9477154	0	0	0.39	4.5632097e-18
4.9400685070049304e-09	0.059043646	-0.0207877	-0.9429727	0	0	0.39	4.940651e-18
4.950035700479258e-09	0.05601771	-0.005231876	-0.9446046	0	0	0.39	5.1648326e-18
4.960051027203708e-09	0.047984947	0.007202032	-0.9420477	0	0	0.39	4.762451e-18
4.970025748572799e-09	0.033847213	0.010701314	-0.94305485	0	0	0.39	3.543995e-18
4.98002987673537e-09	0.04057546	0.021334268	-0.9439049	0	0	0.39	3.4977047e-18
4.9900085110531295e-09	0.049045704	0.017443089	-0.9484308	0	0	0.39	4.375446e-18
5.000047020859969e-09	0.084891655	0.012960514	-0.9457898	0	0	0.39	5.2289284e-18
5.0100041705651604e-09	0.07437523	-0.009395778	-0.9486867	0	0	0.39	5.1418118e-18
5.020044913184008e-09	0.07631823	-0.018376816	-0.94624305	0	0	0.39	4.7325125e-18
5.030046167647579e-09	0.07326093	-0.020216504	-0.94377387	0	0	0.39	4.120538e-18
5.0400372559557205e-09	0.05150932	-0.007102534	-0.94428647	0	0	0.39	4.787222e-18
5.050045980108564e-09	0.061985087	-0.01093249	-0.9449687	0	0	0.39	4.7526063e-18
5.0600153614236706e-09	0.068995304	-0.021350099	-0.94334143	0	0	0.39	4.3152817e-18
5.0700258021800494e-09	0.06911882	-0.010602533	-0.9431049	0	0	0.39	4.4330433e-18
5.080055205812226e-09	0.074946165	-0.0017646358	-0.9431656	0	0	0.39	4.7469265e-18
5.090016778134829e-09	0.07937123	-0.026730258	-0.94354045	0	0	0.39	5.26464e-18
5.100044710814752e-09	0.0771746	-0.03904972	-0.94164574	0	0	0.39	3.9714583e-18
5.110059350189183e-09	0.057913203	-0.060369227	-0.9392784	0	0	0.39	3.919152e-18
5.120011743994317e-09	0.061882995	-0.060425673	-0.9359409	0	0	0.39	4.83262e-18
5.130040161000195e-09	0.05499806	-0.053579595	-0.9356672	0	0	0.39	4.711527e-18
5.1400580371938995e-09	0.06418299	-0.046395626	-0.94086593	0	0	0.39	4.7921112e-18
5.150035157688407e-09	0.06673362	-0.05238491	-0.94354445	0	0	0.39	4.2550874e-18
5.1600014703141406e-09	0.0850884	-0.047617935	-0.9412838	0	0	0.39	4.864017e-18
5.17005853591645e-09	0.08548643	-0.04330185	-0.9398686	0	0	0.39	5.997504e-18
5.18000845357616e-09	0.08711455	-0.057049483	-0.9455955	0	0	0.39	4.558658e-18
5.1900584871029946e-09	0.10146313	-0.07509036	-0.9401839	0	0	0.39	5.570069e-18
5.200038831193493e-09	0.08069848	-0.08315991	-0.94532233	0	0	0.39	5.361807e-18
5.210033442704496e-09	0.07100168	-0.08579034	-0.9475677	0	0	0.39	4.6319165e-18
5.22006149114906e-09	0.06625585	-0.07447526	-0.94678456	0	0	0.39	3.9436092e-18
5.2300077255043675e-09	0.046795677	-0.052162226	-0.9456413	0	0	0.39	5.564948e-18
5.240021635796136e-09	0.04642568	-0.049354013	-0.94838125	0	0	0.39	4.4387215e-18
5.250049223339766e-09	0.044493742	-0.057693142	-0.94705987	0	0	0.39	4.7235115e-18
5.260052329551925e-09	0.059494887	-0.053647388	-0.94583476	0	0	0.39	4.291574e-18
5.270010345816088e-09	0.0631019	-0.07384213	-0.94499785	0	0	0.39	4.568243e-18
5.28005496273833e-09	0.036988735	-0.08735139	-0.949549	0	0	0.39	5.6061765e-18
5.29001088788591e-09	0.012171298	-0.07495591	-0.95267624	0	0	0.39	4.903696e-18
5.300063936697225e-09	0.015321934	-0.06793237	-0.9491017	0	0	0.39	4.9593055e-18
5.3100045724982455e-09	0.014613102	-0.05859818	-0.94811034	0	0	0.39	5.1283932e-18
5.320009426765961e-09	0.0062222504	-0.0685481	-0.9447807	0	0	0.39	4.1894386e-18
5.33000007123999e-09	0.00680053	-0.066543765	-0.9400206	0	0	0.39	4.520596e-18
5.340005012404765e-09	0.030781664	-0.06279595	-0.9473044	0	0	0.39	4.7434465e-18
5.350036021354446e-09	0.040780533	-0.06696486	-0.9446054	0	0	0.39	5.1985576e-18
5.360034286541992e-09	0.04731097	-0.08617537	-0.945234	0	0	0.39	3.5388185e-18
5.370023514838899e-09	0.060147554	-0.07930265	-0.94466245	0	0	0.39	4.3462315e-18
5.380029867650815e-09	0.03718756	-0.103266485	-0.9417194	0	0	0.39	4.0879522e-18
5.390000886668984e-09	0.028523797	-0.10174968	-0.94223946	0	0	0.39	3.8976564e-18
5.400050849151334e-09	0.025765039	-0.10632677	-0.9420891	0	0	0.39	4.4085302e-18
5.410004815202694e-09	0.02041399	-0.10138911	-0.94067156	0	0	0.39	4.856274e-18
5.420007840061798e-09	0.028593088	-0.10705455	-0.943923	0	0	0.39	4.4918476e-18
5.430063690824729e-09	0.029871484	-0.1065684	-0.946472	0	0	0.39	4.141854e-18
5.440017343828899e-09	0.020484474	-0.11468948	-0.9455586	0	0	0.39	4.7028514e-18
5.4500166517555555e-09	0.0036480802	-0.11465012	-0.9470712	0	0	0.39	4.0999877e-18
5.460049859797166e-09	-0.012487224	-0.12301986	-0.9469248	0	0	0.39	5.120662e-18
5.470061050657737e-09	-0.025111213	-0.10887089	-0.94717175	0	0	0.39	3.637337e-18
5.480005316286798e-09	-0.02900126	-0.11541702	-0.945561	0	0	0.39	4.5046627e-18
5.490034588371295e-09	-0.03864269	-0.124503836	-0.9445282	0	0	0.39	4.861615e-18
5.500010067247572e-09	-0.0431656	-0.09841361	-0.94532025	0	0	0.39	4.4106122e-18
5.51001819786734e-09	-0.034795817	-0.0830944	-0.9484709	0	0	0.39	5.3220974e-18
5.520013591128798e-09	-0.03677257	-0.09532793	-0.9500595	0	0	0.39	4.725933e-18
5.530004270532861e-09	-0.031210793	-0.09578716	-0.9472852	0	0	0.39	4.700615e-18
5.540045314257943e-09	-0.014900092	-0.103643805	-0.94506884	0	0	0.39	4.7605113e-18
5.550008467006247e-09	-0.020529656	-0.12768956	-0.94631356	0	0	0.39	4.218621e-18
5.5600258614515585e-09	-0.038527284	-0.13894115	-0.9429344	0	0	0.39	5.566528e-18
5.570020303850061e-09	-0.046734523	-0.14128184	-0.944634	0	0	0.39	4.6744005e-18
5.580056861858604e-09	-0.04692249	-0.1354655	-0.94278795	0	0	0.39	4.767318e-18
5.590023894149108e-09	-0.057458844	-0.12167841	-0.94139254	0	0	0.39	4.3115962e-18
5.600050854783924e-09	-0.040663246	-0.10331425	-0.94318527	0	0	0.39	4.7626553e-18
5.610047162173284e-09	-0.042238366	-0.07483932	-0.94934934	0	0	0.39	4.9312058e-18
5.6200006125046666e-09	-0.030775	-0.066268556	-0.9508406	0	0	0.39	5.221387e-18
5.630065568148335e-09	-0.048248846	-0.06896822	-0.9491322	0	0	0.39	4.5685843e-18
5.640043968112564e-09	-0.0687624	-0.07695543	-0.94883436	0	0	0.39	5.7513124e-18
5.650056432886599e-09	-0.08296743	-0.059797082	-0.94724923	0	0	0.39	4.719456e-18
5.660064337993707e-09	-0.079878114	-0.074891515	-0.94777155	0	0	0.39	4.3870707e-18
5.6700462403398816e-09	-0.09799461	-0.07597917	-0.95040023	0	0	0.39	4.481728e-18
5.6800492014215705e-09	-0.10771921	-0.07016289	-0.94608533	0	0	0.39	4.0699553e-18
5.690063027184728e-09	-0.11825052	-0.07304365	-0.9450715	0	0	0.39	4.3786417e-18
5.7000376505195995e-09	-0.12083169	-0.05761077	-0.9411592	0	0	0.39	5.0251636e-18
5.710044444774087e-09	-0.11578815	-0.051191576	-0.9451276	0	0	0.39	5.0280116e-18
5.720020377234346e-09	-0.09794666	-0.0559364	-0.94716716	0	0	0.39	4.5033793e-18
5.73005954215764e-09	-0.089906886	-0.04905839	-0.95099014	0	0	0.39	3.871983e-18
5.740061041090445e-09	-0.105366655	-0.043363392	-0.9520175	0	0	0.39	4.5184873e-18
5.750031418847388e-09	-0.10047467	-0.04752782	-0.9528083	0	0	0.39	5.474609e-18
5.760048332346158e-09	-0.10691853	-0.043675244	-0.95619977	0	0	0.39	3.791903e-18
5.770016028750795e-09	-0.09673283	-0.022983532	-0.9563877	0	0	0.39	4.4787152e-18
5.780027834571785e-09	-0.116382994	-0.019997383	-0.9546007	0	0	0.39	4.4651586e-18
5.7900439878398064e-09	-0.11895024	-0.0210226	-0.9523886	0	0	0.39	4.916977e-18
5.800054115777714e-09	-0.103214994	-0.0039001098	-0.9523499	0	0	0.39	4.2551072e-18
5.810055480481092e-09	-0.09400015	-0.0068163318	-0.94469744	0	0	0.39	4.1501376e-18
5.820014952997352e-09	-0.10680638	-0.022862345	-0.9450315	0	0	0.39	4.5505687e-18
5.830018003532124e-09	-0.1019724	-0.024549834	-0.9416294	0	0	0.39	6.191756e-18
5.840002460728943e-09	-0.10290207	-0.0295292	-0.9443302	0	0	0.39	4.861194e-18
5.850003459327875e-09	-0.1070066	-0.019794872	-0.94613105	0	0	0.39	5.0666827e-18
5.86001519521392e-09	-0.12786737	0.00029648156	-0.94476396	0	0	0.39	3.7039725e-18
5.870056701347969e-09	-0.12016553	0.00546661	-0.94652295	0	0	0.39	4.503172e-18
5.880027398169951e-09	-0.10617584	-0.022915374	-0.9508433	0	0	0.39	4.6458214e-18
5.890009523281524e-09	-0.10894584	-0.0060522472	-0.9493842	0	0	0.39	4.4192364e-18
5.900061882100963e-09	-0.110375024	0.003092458	-0.9449626	0	0	0.39	4.736585e-18
5.9100416136682204e-09	-0.12074634	0.0012747009	-0.9452658	0	0	0.39	4.7170462e-18
5.920014711879025e-09	-0.11268713	-0.0013030691	-0.94768834	0	0	0.39	4.8604368e-18
5.9300464976093876e-09	-0.10433988	0.014179897	-0.9493973	0	0	0.39	4.166947e-18
5.9400021856499165e-09	-0.11247634	0.031177731	-0.95144486	0	0	0.39	4.4516573e-18
5.950008368996408e-09	-0.09885601	0.055692777	-0.9470827	0	0	0.39	4.708298e-18
5.960060820260768e-09	-0.085347615	0.05414251	-0.94943315	0	0	0.39	4.4400292e-18
5.970059014411531e-09	-0.077171445	0.04391332	-0.9449247	0	0	0.39	4.4565117e-18
5.980061987873556e-09	-0.06796922	0.056431483	-0.9410763	0	0	0.39	4.9169233e-18
5.990063454949878e-09	-0.058583885	0.06513901	-0.93958336	0	0	0.39	4.7682496e-18
6.00002545715301e-09	-0.056988165	0.0650719	-0.9357139	0	0	0.39	4.7458603e-18
6.010017262632344e-09	-0.054547567	0.06333624	-0.9400463	0	0	0.39	4.8752268e-18
6.020038258377672e-09	-0.04400784	0.054312363	-0.9440751	0	0	0.39	4.7248354e-18
6.0300438267039064e-09	-0.033615902	0.047054827	-0.94538856	0	0	0.39	4.2892975e-18
6.0400102908667694e-09	-0.024683725	0.054551803	-0.94524944	0	0	0.39	4.5231642e-18
6.050021851638845e-09	-0.01715285	0.052153077	-0.9500617	0	0	0.39	4.2463474e-18
6.060011692911621e-09	-0.013870296	0.052080445	-0.952166	0	0	0.39	4.6876644e-18
6.07003786840666e-09	-0.032393947	0.043534447	-0.9531913	0	0	0.39	4.3497747e-18
6.08002670844071e-09	-0.020610252	0.06391399	-0.9493728	0	0	0.39	4.6538517e-18
6.090022232571984e-09	-0.023283541	0.07071063	-0.95398545	0	0	0.39	4.178492e-18
6.10004637186761e-09	-0.024871314	0.08594476	-0.9556039	0	0	0.39	5.2200283e-18
6.11001638790584e-09	0.007687787	0.08037492	-0.9558638	0	0	0.39	4.575731e-18
6.120008383975834e-09	0.0071097515	0.058651317	-0.95668113	0	0	0.39	4.1464e-18
6.1300267093048236e-09	-0.01146026	0.032434836	-0.95596427	0	0	0.39	4.6271607e-18
6.140012083253626e-09	-0.0026732336	0.027748762	-0.95664364	0	0	0.39	4.6968866e-18
6.1500232741772225e-09	-0.009986069	0.038661536	-0.9562405	0	0	0.39	3.9387115e-18
6.160033278067737e-09	-0.02218001	0.022753583	-0.95290554	0	0	0.39	4.30897e-18
6.170002013555888e-09	-0.028181493	0.040508997	-0.94827914	0	0	0.39	5.058271e-18
6.180044205266183e-09	0.00022552049	0.04259381	-0.94746035	0	0	0.39	4.135262e-18
6.190050597725997e-09	-0.01205313	0.052867256	-0.9498673	0	0	0.39	4.724689e-18
6.200008291296924e-09	-0.023111498	0.058814373	-0.94881624	0	0	0.39	4.61759e-18
6.210014128865352e-09	-0.008088562	0.045473173	-0.94713783	0	0	0.39	4.0833945e-18
6.22005339415055e-09	-0.014260184	0.028601719	-0.9534225	0	0	0.39	3.548174e-18
6.230056553805153e-09	-0.018429415	0.035871398	-0.94932777	0	0	0.39	3.7285257e-18
6.240043037470878e-09	-0.026743166	0.034708057	-0.95336914	0	0	0.39	4.6804526e-18
6.250055281944436e-09	-0.018642105	0.026552254	-0.9532982	0	0	0.39	5.7120804e-18
6.26001488231274e-09	-0.009799597	0.03368833	-0.9568924	0	0	0.39	3.8646627e-18
6.270047685217026e-09	-0.02558766	0.01904051	-0.95369273	0	0	0.39	5.299285e-18
6.280017570614719e-09	-0.049955565	0.026003242	-0.95120037	0	0	0.39	5.152714e-18
6.290036002486424e-09	-0.05039541	0.034839913	-0.9536453	0	0	0.39	5.3181443e-18
6.30000539296665e-09	-0.036050323	0.03704626	-0.95329696	0	0	0.39	5.127372e-18
6.3100393194163675e-09	-0.030981883	0.014820448	-0.95437044	0	0	0.39	4.129331e-18
6.32006623886363e-09	-0.012922144	0.024934875	-0.9538082	0	0	0.39	4.0935055e-18
6.330007652231133e-09	-0.024240224	0.018100254	-0.9540783	0	0	0.39	4.392585e-18
6.340035707349604e-09	-0.04773356	0.035168994	-0.95689535	0	0	0.39	4.4781027e-18
6.350048906782145e-09	-0.037306372	0.050527163	-0.9548239	0	0	0.39	4.9129995e-18
6.3600501324809936e-09	-0.02413208	0.031038918	-0.9537301	0	0	0.39	3.9777697e-18
6.370034450911523e-09	-0.040501844	0.042007968	-0.95494753	0	0	0.39	3.527173e-18
6.3800020156941595e-09	-0.030917315	0.050696988	-0.95307326	0	0	0.39	5.344286e-18
6.390033600494617e-09	-0.03155689	0.03439488	-0.9550038	0	0	0.39	4.5800995e-18
6.400002021238004e-09	-0.022689335	0.05412378	-0.9550957	0	0	0.39	4.547503e-18
6.410056441184651e-09	-0.0058928947	0.06142356	-0.95219773	0	0	0.39	3.957111e-18
6.420012974324733e-09	0.0113248285	0.035161488	-0.95082945	0	0	0.39	4.3391016e-18
6.430050217649529e-09	0.016261224	0.039424717	-0.95033723	0	0	0.39	4.5965016e-18
6.440014617595881e-09	0.007127872	0.042041507	-0.95188105	0	0	0.39	5.4237923e-18
6.450062056955596e-09	0.00941569	0.041401267	-0.95809674	0	0	0.39	4.19864e-18
6.46005340266594e-09	0.006331541	0.0465351	-0.9551851	0	0	0.39	3.9760024e-18
6.47003299882099e-09	0.0025470797	0.046388935	-0.9559563	0	0	0.39	3.7318204e-18
6.480029974997258e-09	0.011109704	0.053240098	-0.9538974	0	0	0.39	4.9576627e-18
6.490046881288384e-09	0.032718346	0.058636535	-0.9525985	0	0	0.39	4.609183e-18
6.500046369749839e-09	0.033266008	0.051063508	-0.94871545	0	0	0.39	4.582344e-18
6.510025922248105e-09	0.029465187	0.034927133	-0.9511815	0	0	0.39	3.3506047e-18
6.5200153830372295e-09	0.04536627	0.02985366	-0.9531978	0	0	0.39	5.135556e-18
6.530058821536256e-09	0.030167006	0.02065448	-0.9515577	0	0	0.39	5.453161e-18
6.540007724654508e-09	0.024078144	0.03461146	-0.9499537	0	0	0.39	5.0696895e-18
6.550041825744697e-09	0.03561892	0.042013224	-0.9531695	0	0	0.39	4.2337114e-18
6.560034838967319e-09	0.047671605	0.03707992	-0.94856286	0	0	0.39	5.894807e-18
6.570034396089683e-09	0.055736914	0.036565457	-0.9508577	0	0	0.39	4.688425e-18
6.580007711698473e-09	0.0453521	0.038917895	-0.95175683	0	0	0.39	3.8522157e-18
6.590000727298356e-09	0.031460382	0.031196708	-0.952411	0	0	0.39	3.9594745e-18
6.600021976361375e-09	0.008359874	0.027515747	-0.9535775	0	0	0.39	3.9423267e-18
6.610040696964318e-09	0.0037561636	0.023229115	-0.9548309	0	0	0.39	4.157938e-18
6.6200223873919e-09	0.014657493	0.02158212	-0.9575275	0	0	0.39	4.9182852e-18
6.6300659784672214e-09	0.017591747	0.012658968	-0.9540312	0	0	0.39	4.381997e-18
6.640049651261817e-09	0.02939291	0.011765084	-0.95822126	0	0	0.39	5.57657e-18
6.650042803282769e-09	0.015780244	0.0075789895	-0.9587235	0	0	0.39	4.3509043e-18
6.660053703210677e-09	0.019413164	-0.013085805	-0.96021247	0	0	0.39	4.003027e-18
6.670003501646475e-09	0.015060653	-0.002857352	-0.9584472	0	0	0.39	4.652021e-18
6.680031652846883e-09	0.0032039112	-0.001956262	-0.9563057	0	0	0.39	3.3697169e-18
6.6900026623233664e-09	-0.00048485355	0.0071696085	-0.95693517	0	0	0.39	4.4688404e-18
6.700002977521842e-09	0.011793069	0.002264145	-0.9543494	0	0	0.39	5.0107115e-18
6.710061766152917e-09	-0.0042886715	0.0019453312	-0.9521687	0	0	0.39	5.085802e-18
6.720061425627534e-09	-0.0058170543	0.006421164	-0.9521417	0	0	0.39	5.9052635e-18
6.7300326659973e-09	-0.008157937	-0.0077785742	-0.94965583	0	0	0.39	4.895515e-18
6.740003858209445e-09	-0.016901692	-0.0064392453	-0.9480125	0	0	0.39	4.738567e-18
6.750020592730313e-09	-0.020106714	-0.0008039463	-0.94749546	0	0	0.39	3.721554e-18
6.7600362446471776e-09	-0.01880268	0.009454422	-0.9491897	0	0	0.39	3.8019103e-18
6.770005016751756e-09	-0.018862719	0.014889042	-0.9485842	0	0	0.39	4.3636825e-18
6.780027007038714e-09	-0.0015248525	0.017200824	-0.94783616	0	0	0.39	4.591995e-18
6.790046130241055e-09	-0.00025060965	0.014190232	-0.94594216	0	0	0.39	4.590124e-18
6.800058181860203e-09	0.0034591693	0.020452691	-0.9475123	0	0	0.39	5.612758e-18
6.8100372982198525e-09	0.018386474	0.017971229	-0.9474223	0	0	0.39	4.09575e-18
6.820053579886907e-09	0.0029648372	0.0317909	-0.94784266	0	0	0.39	4.519608e-18
6.830014055333896e-09	0.013856554	0.028044546	-0.9486577	0	0	0.39	5.5326033e-18
6.840056967678071e-09	0.006881487	0.021984963	-0.9456723	0	0	0.39	3.825256e-18
6.8500529765622895e-09	-0.00035453195	0.02743867	-0.94463676	0	0	0.39	3.2486532e-18
6.860004402802307e-09	-0.016426533	0.021688828	-0.9453563	0	0	0.39	4.988464e-18
6.870018340024555e-09	-0.014273019	0.021130022	-0.945903	0	0	0.39	4.8516856e-18
6.880033708665223e-09	-0.026745444	0.032679018	-0.9454579	0	0	0.39	5.2899983e-18
6.8900414099530325e-09	-0.0307023	0.026401125	-0.9518156	0	0	0.39	4.697866e-18
6.900037978898769e-09	-0.031702906	0.03366543	-0.9487488	0	0	0.39	3.9454985e-18
6.910004580972525e-09	-0.026759073	0.054413244	-0.94653606	0	0	0.39	4.6476917e-18
6.920007547230652e-09	-0.027479643	0.048059836	-0.94763154	0	0	0.39	3.65225e-18
6.9300183608971e-09	-0.025100842	0.06492717	-0.9491255	0	0	0.39	4.5369024e-18
6.940029862347888e-09	-0.0059924996	0.07651749	-0.94909704	0	0	0.39	3.9888957e-18
6.950038804237277e-09	0.012337329	0.07019156	-0.95084536	0	0	0.39	4.8108953e-18
6.960051532117326e-09	0.00854312	0.05521199	-0.9506802	0	0	0.39	3.912046e-18
6.9700593954913715e-09	0.010629825	0.041666802	-0.9472199	0	0	0.39	5.5287346e-18
6.980016248165052e-09	0.0064712297	0.035102066	-0.9484582	0	0	0.39	3.485126e-18
6.990053389222119e-09	0.013417222	0.0449402	-0.9470907	0	0	0.39	5.4661997e-18
7.0000036966589755e-09	0.0022175934	0.03972795	-0.94644946	0	0	0.39	4.9023107e-18
7.010029208488469e-09	0.010381146	0.051780958	-0.9439971	0	0	0.39	4.705253e-18
7.020037226577376e-09	0.0058846828	0.041298393	-0.94391656	0	0	0.39	4.472055e-18
7.030002523641653e-09	0.009732112	0.023492707	-0.94148964	0	0	0.39	4.4442636e-18
7.040007819098587e-09	-0.0131102195	0.04378333	-0.9419617	0	0	0.39	5.046884e-18
7.050051897285364e-09	-0.0010098354	0.031345308	-0.9422161	0	0	0.39	5.0566746e-18
7.060001024094428e-09	-0.012501658	0.03423744	-0.9426463	0	0	0.39	4.276158e-18
7.070036257344205e-09	-0.015393609	0.047077887	-0.9429546	0	0	0.39	4.3091862e-18
7.08001891823203e-09	-0.0015983124	0.039034937	-0.9456628	0	0	0.39	5.162548e-18
7.090057943257016e-09	-0.009523654	0.04632777	-0.9403963	0	0	0.39	4.3729887e-18
7.100030545486765e-09	-0.021981563	0.040378567	-0.93709654	0	0	0.39	4.607106e-18
7.110057499853959e-09	-0.025753058	0.042362895	-0.93968076	0	0	0.39	4.406715e-18
7.120051677035843e-09	-0.020041568	0.04036038	-0.94301105	0	0	0.39	4.4095816e-18
7.130029406291875e-09	-0.0058677034	0.035518955	-0.9463345	0	0	0.39	4.159253e-18
7.140014177507175e-09	9.19042e-05	0.00874689	-0.9492355	0	0	0.39	4.6299578e-18
7.150057046465541e-09	-0.00018917237	0.013835742	-0.94640213	0	0	0.39	4.7619832e-18
7.160064158781993e-09	-0.0037219895	0.007970033	-0.94802886	0	0	0.39	5.412332e-18
7.170028136409301e-09	-0.0089486735	0.009286854	-0.9470515	0	0	0.39	4.800009e-18
7.180010478339617e-09	-0.0015556915	0.0051507405	-0.95116925	0	0	0.39	5.4101847e-18
7.19005558615478e-09	-0.0022685844	0.0032352353	-0.9508465	0	0	0.39	4.859405e-18
7.200024114461151e-09	0.018506449	0.018234463	-0.95618993	0	0	0.39	4.676931e-18
7.210036740494439e-09	0.024313917	0.006782528	-0.9518321	0	0	0.39	4.6144725e-18
7.220011698496474e-09	0.045542274	-0.011113675	-0.9524897	0	0	0.39	4.476316e-18
7.2300613659561186e-09	0.03730974	-0.03459522	-0.95257133	0	0	0.39	4.892587e-18
7.240028968709963e-09	0.02206769	-0.050432965	-0.9503124	0	0	0.39	3.879905e-18
7.250048556304756e-09	0.007871894	-0.06742658	-0.94791853	0	0	0.39	4.899201e-18
7.2600361709008135e-09	0.017004756	-0.06441356	-0.94633466	0	0	0.39	3.8787405e-18
7.2700335984755896e-09	0.01585083	-0.06277843	-0.9469014	0	0	0.39	4.832333e-18
7.280060320175407e-09	0.019355647	-0.055806484	-0.948079	0	0	0.39	5.137743e-18
7.290037577173199e-09	0.020251485	-0.045935594	-0.95224065	0	0	0.39	3.865239e-18
7.300042627091145e-09	0.030011421	-0.05010716	-0.95299834	0	0	0.39	5.0314204e-18
7.310054243341851e-09	0.031283468	-0.04045694	-0.94867283	0	0	0.39	3.9989182e-18
7.320063240944767e-09	0.016293019	-0.050500385	-0.94912523	0	0	0.39	4.893934e-18
7.330061342209432e-09	-0.003793983	-0.040528983	-0.9490011	0	0	0.39	4.4998766e-18
7.340021826916365e-09	-0.020565711	-0.032412812	-0.94812095	0	0	0.39	4.75712e-18
7.3500161732621864e-09	-0.012000201	-0.048025493	-0.9444833	0	0	0.39	5.4827223e-18
7.360041126630579e-09	-0.019379877	-0.045290332	-0.9396406	0	0	0.39	4.5798207e-18
7.370002885855168e-09	-0.027675854	-0.038465727	-0.9418042	0	0	0.39	3.9443367e-18
7.380055159024754e-09	-0.021805596	-0.022004057	-0.94508594	0	0	0.39	4.4770737e-18
7.390045211383949e-09	-0.025959322	-0.042382725	-0.9450001	0	0	0.39	4.109944e-18
7.4000444677441195e-09	-0.022426963	-0.038309544	-0.948672	0	0	0.39	4.8217657e-18
7.410015844101319e-09	-0.024155132	-0.039541535	-0.9481731	0	0	0.39	3.9061896e-18
7.420053977837695e-09	-0.017328251	-0.039348874	-0.9482903	0	0	0.39	4.459658e-18
7.430019230802524e-09	-0.026416512	-0.045831326	-0.94731975	0	0	0.39	4.815078e-18
7.440019854232997e-09	-0.029551676	-0.049198046	-0.9484889	0	0	0.39	4.610851e-18
7.4500632685476624e-09	-0.028088743	-0.046666175	-0.9468157	0	0	0.39	5.4629204e-18
7.460032421595317e-09	-0.021850193	-0.04126848	-0.94870776	0	0	0.39	4.2608437e-18
7.470012352887376e-09	-0.016907893	-0.05679335	-0.946308	0	0	0.39	4.7473934e-18
7.480044691673285e-09	-0.026003344	-0.048524622	-0.94897586	0	0	0.39	5.4664975e-18
7.490050604724466e-09	-0.026097998	-0.07360044	-0.94388914	0	0	0.39	4.3689207e-18
7.500024374081833e-09	-0.041168578	-0.06817016	-0.93937707	0	0	0.39	4.5550516e-18
7.510000663489023e-09	-0.0042214617	-0.061313942	-0.9391036	0	0	0.39	3.3372893e-18
7.520021658030941e-09	0.00032194494	-0.04131465	-0.94051164	0	0	0.39	4.9520416e-18
7.530009131047041e-09	-0.004868357	-0.04473571	-0.94281244	0	0	0.39	5.3594277e-18
7.540042815275393e-09	-0.015356374	-0.06502425	-0.9392137	0	0	0.39	4.7143773e-18
7.550001645800931e-09	-0.017146999	-0.064843364	-0.93950635	0	0	0.39	4.6698643e-18
7.560045943446958e-09	-0.018151447	-0.056311697	-0.9439277	0	0	0.39	4.7007826e-18
7.570038953092447e-09	-0.018877894	-0.057871494	-0.940666	0	0	0.39	4.5745946e-18
7.580013917818916e-09	-0.04581427	-0.062728226	-0.9422612	0	0	0.39	5.165431e-18
7.590053881148517e-09	-0.047234133	-0.06261763	-0.93855774	0	0	0.39	5.1650456e-18
7.60002298131468e-09	-0.06662986	-0.06515585	-0.9374298	0	0	0.39	4.796362e-18
7.610032173792776e-09	-0.047618736	-0.05582318	-0.93652153	0	0	0.39	5.5244994e-18
7.620024639655468e-09	-0.04195866	-0.049149554	-0.93994397	0	0	0.39	4.7316654e-18
7.630060257181258e-09	-0.049209543	-0.04770925	-0.9371188	0	0	0.39	3.853883e-18
7.640005106014752e-09	-0.042450197	-0.049076606	-0.9347964	0	0	0.39	4.138331e-18
7.65003428343186e-09	-0.040904455	-0.04965376	-0.92797697	0	0	0.39	4.8825874e-18
7.660013115517858e-09	-0.03780378	-0.036233053	-0.9257527	0	0	0.39	4.447434e-18
7.670004065588446e-09	-0.053444635	-0.0567064	-0.9308466	0	0	0.39	5.4126716e-18
7.680060282011398e-09	-0.05107581	-0.066420525	-0.9315955	0	0	0.39	4.5416236e-18
7.69004460374401e-09	-0.04977664	-0.070613384	-0.93019426	0	0	0.39	4.447439e-18
7.700025172285971e-09	-0.04321948	-0.0908901	-0.9326621	0	0	0.39	4.500864e-18
7.710053146886451e-09	-0.063394725	-0.08640041	-0.93484074	0	0	0.39	3.7118766e-18
7.720009442312666e-09	-0.06433239	-0.06832816	-0.9350729	0	0	0.39	4.911865e-18
7.730029598530856e-09	-0.0643427	-0.0513094	-0.9363669	0	0	0.39	3.312103e-18
7.740026293640735e-09	-0.06215967	-0.017934011	-0.9348162	0	0	0.39	5.3130638e-18
7.750050090923773e-09	-0.060661547	-0.008268314	-0.9322268	0	0	0.39	5.2706948e-18
7.760012381278627e-09	-0.042327214	-0.013134428	-0.92984617	0	0	0.39	5.0460135e-18
7.770047926055244e-09	-0.038878303	-0.009888067	-0.9311443	0	0	0.39	3.8588517e-18
7.780033748162465e-09	-0.043662593	-0.006396444	-0.93379927	0	0	0.39	4.6241977e-18
7.79003491418519e-09	-0.05236435	-0.0028743462	-0.93712837	0	0	0.39	4.780662e-18
7.800053773865076e-09	-0.057029907	0.008398371	-0.9341103	0	0	0.39	4.5758966e-18
7.810038361027909e-09	-0.06985934	0.010132141	-0.9270935	0	0	0.39	4.1977373e-18
7.820046082318437e-09	-0.07516888	0.015186606	-0.92836624	0	0	0.39	3.9920547e-18
7.830008291213084e-09	-0.06277373	0.037247263	-0.93104666	0	0	0.39	5.075697e-18
7.840026621292118e-09	-0.0715766	0.040061753	-0.93341833	0	0	0.39	4.6052793e-18
7.850038169212873e-09	-0.06586679	0.041419458	-0.9346815	0	0	0.39	4.4944925e-18
7.860050699619858e-09	-0.05476842	0.02806972	-0.93261755	0	0	0.39	4.702192e-18
7.870064844676772e-09	-0.048839774	0.035544254	-0.9255135	0	0	0.39	5.1901232e-18
7.88003645354287e-09	-0.05326946	0.03866506	-0.93165696	0	0	0.39	4.1537106e-18
7.890046323299188e-09	-0.046879098	0.030873854	-0.9289373	0	0	0.39	4.802527e-18
7.900047948409516e-09	-0.05938541	0.020862833	-0.93565285	0	0	0.39	4.7085834e-18
7.910026843690182e-09	-0.06736377	0.028960045	-0.92568684	0	0	0.39	4.3775697e-18
7.920040310802567e-09	-0.0543212	0.036528874	-0.92666817	0	0	0.39	4.4818833e-18
7.930059821239224e-09	-0.051171083	0.025299195	-0.9330406	0	0	0.39	4.404221e-18
7.940050290784013e-09	-0.033938624	0.02893228	-0.93355566	0	0	0.39	4.1840706e-18
7.95001469196087e-09	-0.03336358	0.007530485	-0.9323907	0	0	0.39	4.7152418e-18
7.960041500725368e-09	-0.05424152	-0.010480058	-0.92856026	0	0	0.39	3.7762553e-18
7.970032848683209e-09	-0.057990152	-0.0069987904	-0.92600447	0	0	0.39	4.4472042e-18
7.980022502508265e-09	-0.05860383	0.01072038	-0.92149544	0	0	0.39	4.23942e-18
7.990042610557722e-09	-0.05469126	0.0123888	-0.92408943	0	0	0.39	3.698911e-18
8.000022717748797e-09	-0.044937264	0.042995043	-0.92582625	0	0	0.39	5.3782196e-18
8.010048987982923e-09	-0.035751343	0.04098408	-0.9179346	0	0	0.39	5.525937e-18
8.020007550348792e-09	-0.038168453	0.042606905	-0.9161297	0	0	0.39	4.8433625e-18
8.030049993362194e-09	-0.04591557	0.03775516	-0.91711503	0	0	0.39	4.7491905e-18
8.040011046288595e-09	-0.026564712	0.024652358	-0.92114455	0	0	0.39	4.228319e-18
8.050004791085699e-09	-0.03637695	0.018255323	-0.9233416	0	0	0.39	4.987278e-18
8.060027329220835e-09	-0.048578855	0.01596403	-0.92067504	0	0	0.39	5.4205237e-18
8.070002301290125e-09	-0.0601127	0.0023715673	-0.9201025	0	0	0.39	4.0262892e-18
8.080037608096238e-09	-0.07135158	0.0079071345	-0.9215964	0	0	0.39	4.8906433e-18
8.090030350817804e-09	-0.08480229	0.03721663	-0.92592096	0	0	0.39	4.3919142e-18
8.100008249107707e-09	-0.081204206	0.06171507	-0.922636	0	0	0.39	4.2770958e-18
8.110034192909054e-09	-0.05908548	0.07457731	-0.92229986	0	0	0.39	4.3798907e-18
8.120063909395658e-09	-0.05536212	0.06948793	-0.9170068	0	0	0.39	4.5086716e-18
8.130009984150249e-09	-0.058437724	0.050023638	-0.914194	0	0	0.39	4.7332586e-18
8.140057514789962e-09	-0.08307007	0.036864053	-0.9138477	0	0	0.39	3.896791e-18
8.150047254508941e-09	-0.11427962	0.035428114	-0.91222155	0	0	0.39	4.4146877e-18
8.160054087762222e-09	-0.1257096	0.035388675	-0.9078824	0	0	0.39	4.7842046e-18
8.17004970119173e-09	-0.10689586	0.03063201	-0.90673286	0	0	0.39	4.3255197e-18
8.180008886673567e-09	-0.13066384	0.011723662	-0.90048426	0	0	0.39	4.1195096e-18
8.190012040143915e-09	-0.13603587	0.005876825	-0.89429206	0	0	0.39	5.5598014e-18
8.200040400906989e-09	-0.13389874	-0.0048080147	-0.89244425	0	0	0.39	6.0004922e-18
8.210016992125011e-09	-0.143296	-0.033034883	-0.8878144	0	0	0.39	4.941215e-18
8.220029372713215e-09	-0.14816679	-0.050309345	-0.88853794	0	0	0.39	5.345005e-18
8.23004716785055e-09	-0.1628571	-0.095075056	-0.8879988	0	0	0.39	4.3496556e-18
8.240062429393793e-09	-0.16838472	-0.12253675	-0.8914697	0	0	0.39	4.814793e-18
8.250061947446057e-09	-0.16373011	-0.13191241	-0.8931784	0	0	0.39	4.9544045e-18
8.26004745717067e-09	-0.16765796	-0.1226727	-0.8903205	0	0	0.39	4.5927595e-18
8.270038087178713e-09	-0.14724147	-0.13395222	-0.89683235	0	0	0.39	5.0221497e-18
8.280039335588099e-09	-0.13005652	-0.12932235	-0.9015051	0	0	0.39	4.642478e-18
8.29002220341307e-09	-0.11433358	-0.13933337	-0.9094399	0	0	0.39	3.623839e-18
8.30005250039835e-09	-0.11592757	-0.14964841	-0.90959597	0	0	0.39	5.0392984e-18
8.310027681310155e-09	-0.085784204	-0.13371497	-0.9176751	0	0	0.39	4.696767e-18
8.320064340167538e-09	-0.07321719	-0.13507795	-0.9200548	0	0	0.39	5.0153693e-18
8.330043936722329e-09	-0.07721162	-0.16011707	-0.92178494	0	0	0.39	4.3724205e-18
8.340056662204378e-09	-0.09198318	-0.1560648	-0.91717964	0	0	0.39	4.177526e-18
8.350062115917306e-09	-0.10936277	-0.14962198	-0.9148511	0	0	0.39	4.121142e-18
8.360042330569568e-09	-0.12011493	-0.14230879	-0.9042214	0	0	0.39	3.4690462e-18
8.370042931089675e-09	-0.115604535	-0.15969548	-0.89577806	0	0	0.39	3.894758e-18
8.380054064173618e-09	-0.118225195	-0.15307483	-0.88467497	0	0	0.39	4.1306463e-18
8.390048604474051e-09	-0.10498199	-0.13909133	-0.8859775	0	0	0.39	4.4738647e-18
8.400050157809201e-09	-0.0680932	-0.13518246	-0.88180363	0	0	0.39	4.1927275e-18
8.410031611343621e-09	-0.04543832	-0.13880771	-0.89018303	0	0	0.39	3.819806e-18
8.42002042816639e-09	-0.03596993	-0.13557418	-0.8912158	0	0	0.39	3.7956e-18
8.43006150910218e-09	-0.02947119	-0.15708533	-0.8971424	0	0	0.39	4.8902744e-18
8.440002186489208e-09	-0.033658296	-0.15818493	-0.90270483	0	0	0.39	5.1022283e-18
8.450030361987614e-09	-0.0252022	-0.15518597	-0.9145714	0	0	0.39	3.8567147e-18
8.460018425339168e-09	-0.021524908	-0.15980494	-0.9204712	0	0	0.39	4.461643e-18
8.470052704190986e-09	-0.020518197	-0.14902194	-0.9187929	0	0	0.39	4.7243192e-18
8.48000369663227e-09	-0.016724855	-0.11929191	-0.92055905	0	0	0.39	5.4785686e-18
8.490021533315797e-09	0.009030723	-0.0993547	-0.9229867	0	0	0.39	4.961829e-18
8.500010744651875e-09	0.013865593	-0.09687119	-0.9213956	0	0	0.39	4.5447573e-18
8.51006160182275e-09	0.03245766	-0.099087596	-0.92057264	0	0	0.39	6.009734e-18
8.520049014924708e-09	0.032312334	-0.09435925	-0.9198574	0	0	0.39	5.471118e-18
8.530016445625024e-09	0.03563796	-0.10467112	-0.918251	0	0	0.39	3.8408345e-18
8.54005278095709e-09	0.04890755	-0.11500012	-0.9213501	0	0	0.39	4.420676e-18
8.550006063095124e-09	0.03838699	-0.11723914	-0.9183628	0	0	0.39	5.301047e-18
8.560024747637399e-09	0.029699273	-0.08758195	-0.9183557	0	0	0.39	4.6744005e-18
8.570063218271561e-09	0.014367372	-0.07951984	-0.92499363	0	0	0.39	4.7317705e-18
8.580001519898068e-09	0.009917443	-0.08460135	-0.92192775	0	0	0.39	5.6230688e-18
8.590047570261644e-09	0.027116237	-0.08044839	-0.92770684	0	0	0.39	4.2886444e-18
8.600046038390131e-09	0.03562807	-0.07977591	-0.9300911	0	0	0.39	5.7512433e-18
8.610063783780444e-09	0.03083256	-0.07926497	-0.9331659	0	0	0.39	6.0410956e-18
8.620044260666266e-09	0.02185045	-0.07386458	-0.93362683	0	0	0.39	4.1826454e-18
8.630001130717013e-09	0.03176442	-0.09741304	-0.9329156	0	0	0.39	4.8607333e-18
8.640026226733157e-09	0.048401486	-0.10129436	-0.93264997	0	0	0.39	4.2270174e-18
8.650026421446318e-09	0.031809475	-0.10271064	-0.9362065	0	0	0.39	4.5503234e-18
8.660051179940077e-09	0.020773591	-0.109800585	-0.93552	0	0	0.39	4.4160303e-18
8.670005846478795e-09	0.017999535	-0.11038504	-0.9395619	0	0	0.39	3.6786823e-18
8.68005555427404e-09	0.02038085	-0.1018409	-0.935217	0	0	0.39	5.0712487e-18
8.690062617607627e-09	0.032215886	-0.086607255	-0.9355967	0	0	0.39	3.8676873e-18
8.700041490922293e-09	0.042188678	-0.077889554	-0.9380347	0	0	0.39	4.5745764e-18
8.710050180136432e-09	0.028663553	-0.066876344	-0.93917614	0	0	0.39	4.5406297e-18
8.720054916777379e-09	0.018978806	-0.06343782	-0.93832767	0	0	0.39	3.9836807e-18
8.730016023324198e-09	0.015549948	-0.055482827	-0.9362887	0	0	0.39	3.5713556e-18
8.740050132512268e-09	0.012698051	-0.052739598	-0.9383949	0	0	0.39	4.5341363e-18
8.750065676548454e-09	0.014017351	-0.041822035	-0.9395505	0	0	0.39	4.116396e-18
8.760027598690556e-09	0.008031512	-0.05416364	-0.9376894	0	0	0.39	4.7190203e-18
8.770011206594979e-09	0.014143544	-0.04192584	-0.94413257	0	0	0.39	4.9549947e-18
8.780047589514708e-09	0.009859997	-0.041078124	-0.94776547	0	0	0.39	4.0115513e-18
8.790062675437553e-09	0.0139033375	-0.04747489	-0.9509262	0	0	0.39	5.0253476e-18
8.800008843401277e-09	0.0095918225	-0.04636608	-0.9502891	0	0	0.39	5.5217834e-18
8.8100348164935e-09	0.011068824	-0.047061954	-0.95133847	0	0	0.39	5.25154e-18
8.820007412783239e-09	-0.0074028634	-0.061021965	-0.9516507	0	0	0.39	4.5530184e-18
8.830024992239297e-09	-0.007508655	-0.065265	-0.9442062	0	0	0.39	5.423864e-18
8.840057874884736e-09	-0.0151834935	-0.058775973	-0.9453412	0	0	0.39	5.289761e-18
8.850004284437071e-09	-0.029074162	-0.05549508	-0.9474358	0	0	0.39	4.537298e-18
8.860018092936705e-09	-0.035605688	-0.056335572	-0.94888395	0	0	0.39	4.9787025e-18
8.87003915106387e-09	-0.020386504	-0.0579756	-0.94710433	0	0	0.39	5.189307e-18
8.880007051899766e-09	-0.020131962	-0.057807855	-0.950203	0	0	0.39	4.672075e-18
8.89006108242607e-09	-0.037781052	-0.04623507	-0.949149	0	0	0.39	4.9720098e-18
8.900001623118215e-09	-0.032326125	-0.036624834	-0.9527836	0	0	0.39	5.2787705e-18
8.910044647091949e-09	-0.023432527	-0.046605233	-0.9566676	0	0	0.39	4.991633e-18
8.920010143913369e-09	-0.038870715	-0.045847733	-0.95616966	0	0	0.39	4.2604736e-18
8.930003621735116e-09	-0.047959782	-0.02491107	-0.95758957	0	0	0.39	4.1642026e-18
8.940059086061345e-09	-0.05222943	-0.017090134	-0.95572853	0	0	0.39	4.2062262e-18
8.950055127518711e-09	-0.054858193	-0.011848934	-0.9573657	0	0	0.39	5.0768342e-18
8.96001027108649e-09	-0.0552999	-0.0069372025	-0.9568499	0	0	0.39	4.801245e-18
8.970065612349502e-09	-0.04359756	-0.0031742204	-0.9541671	0	0	0.39	3.6534053e-18
8.980053305282177e-09	-0.04830674	-0.004334532	-0.95509183	0	0	0.39	5.029964e-18
8.990046855208216e-09	-0.045030344	-0.018177511	-0.9575628	0	0	0.39	5.407822e-18
9.000025068740154e-09	-0.055803277	-0.018821644	-0.9545334	0	0	0.39	3.7663303e-18
9.01002584137559e-09	-0.06981984	-0.009765806	-0.95128155	0	0	0.39	4.079996e-18
9.020002338790363e-09	-0.06270196	0.0021032935	-0.9567824	0	0	0.39	4.8385214e-18
9.030015405176604e-09	-0.060637042	-0.014293875	-0.95477563	0	0	0.39	3.5088547e-18
9.040017350166682e-09	-0.055433113	-0.025342695	-0.9490552	0	0	0.39	5.202922e-18
9.05002135514273e-09	-0.06235096	-0.04162096	-0.9480265	0	0	0.39	5.161919e-18
9.060024454739955e-09	-0.06019275	-0.046234425	-0.9486892	0	0	0.39	4.400921e-18
9.070011664342068e-09	-0.0649126	-0.0467686	-0.94834226	0	0	0.39	3.738201e-18
9.080042318726674e-09	-0.06795559	-0.0228477	-0.9453968	0	0	0.39	4.80529e-18
9.090025809776867e-09	-0.056038223	-0.0032445844	-0.9417393	0	0	0.39	5.2541053e-18
9.100000711050862e-09	-0.056107562	-0.0017543755	-0.94614273	0	0	0.39	5.5311897e-18
9.110024486770736e-09	-0.048032656	-0.00042533406	-0.9492558	0	0	0.39	3.919485e-18
9.120028046657576e-09	-0.056839336	-0.004450004	-0.95010257	0	0	0.39	5.066912e-18
9.130008266262212e-09	-0.05947144	0.012660553	-0.9487042	0	0	0.39	4.2274645e-18
9.14002332180555e-09	-0.07187053	0.012943921	-0.9464077	0	0	0.39	4.7320964e-18
9.150025691632986e-09	-0.08254386	0.021441467	-0.94584185	0	0	0.39	4.507806e-18
9.160034787370208e-09	-0.06629567	0.04271091	-0.9438683	0	0	0.39	4.3771524e-18
9.170009084694738e-09	-0.046340134	0.03454852	-0.946477	0	0	0.39	4.352419e-18
9.18001357030394e-09	-0.048138354	0.050410803	-0.94556403	0	0	0.39	4.3640217e-18
9.19003173724591e-09	-0.054373726	0.05790056	-0.94558275	0	0	0.39	4.9856082e-18
9.200001466767298e-09	-0.046597593	0.042742908	-0.9438424	0	0	0.39	4.87712e-18
9.210028668733212e-09	-0.04359645	0.03551811	-0.9439828	0	0	0.39	4.720442e-18
9.220032140058919e-09	-0.08413189	0.042794928	-0.9420429	0	0	0.39	3.9413175e-18
9.230008636933904e-09	-0.07610167	0.050850205	-0.9410631	0	0	0.39	3.726021e-18
9.24005907189343e-09	-0.07460569	0.05666511	-0.9439203	0	0	0.39	3.7968467e-18
9.250057423037422e-09	-0.07759764	0.06415751	-0.9369621	0	0	0.39	5.5708687e-18
9.260038109910342e-09	-0.0662129	0.056584463	-0.93431205	0	0	0.39	5.6032797e-18
9.270064979852357e-09	-0.065122545	0.08162973	-0.9333753	0	0	0.39	4.3413867e-18
9.280007877342996e-09	-0.070449084	0.0942756	-0.93301135	0	0	0.39	4.5734928e-18
9.290064762017625e-09	-0.05875726	0.09156507	-0.93455726	0	0	0.39	4.2180103e-18
9.300049173795808e-09	-0.047677323	0.09565902	-0.9306309	0	0	0.39	4.2229704e-18
9.310055979359041e-09	-0.045502227	0.08678372	-0.9272691	0	0	0.39	4.2723693e-18
9.32004373018458e-09	-0.01878368	0.08958673	-0.9290195	0	0	0.39	3.9982726e-18
9.330029562780736e-09	-0.035326224	0.09055755	-0.92864406	0	0	0.39	4.3786065e-18
9.340026426038871e-09	-0.04666169	0.10860509	-0.92099607	0	0	0.39	4.3411013e-18
9.350015095516323e-09	-0.039191633	0.119565636	-0.9220676	0	0	0.39	4.882865e-18
9.360008791056676e-09	-0.048781753	0.10929999	-0.9208501	0	0	0.39	3.506252e-18
9.370041349803763e-09	-0.030096456	0.10927125	-0.92422915	0	0	0.39	4.0404977e-18
9.380006368332415e-09	-0.014476398	0.099800736	-0.9257965	0	0	0.39	3.9299008e-18
9.390008875449067e-09	0.0006092076	0.0843615	-0.92748815	0	0	0.39	4.55741e-18
9.400019253197867e-09	0.003809761	0.07518221	-0.93255585	0	0	0.39	4.370063e-18
9.41004357657325e-09	0.012907834	0.06905618	-0.93356645	0	0	0.39	3.9122003e-18
9.420032343802342e-09	0.0062887045	0.05825699	-0.9357495	0	0	0.39	5.1801268e-18
9.430057367630369e-09	0.0117226895	0.04770994	-0.9403563	0	0	0.39	4.5840004e-18
9.440055018291296e-09	0.0056451648	0.056417983	-0.9453188	0	0	0.39	4.464927e-18
9.45001656263698e-09	0.0135902185	0.043151516	-0.9474776	0	0	0.39	4.633751e-18
9.460013188151893e-09	0.001194207	0.032545727	-0.9475711	0	0	0.39	4.357194e-18
9.470064712027306e-09	0.0030080087	0.030736912	-0.9462648	0	0	0.39	3.808006e-18
9.480045251782215e-09	0.010796411	0.02547409	-0.943803	0	0	0.39	5.000621e-18
9.490058585977078e-09	0.00040585303	-0.004908451	-0.94604844	0	0	0.39	4.170162e-18
9.500011892738348e-09	0.019695245	0.010882132	-0.9432047	0	0	0.39	4.0412265e-18
9.51002818906585e-09	0.033717245	0.005696384	-0.94464624	0	0	0.39	3.491413e-18
9.520030036902506e-09	0.03919519	-0.00023577367	-0.94478697	0	0	0.39	4.398981e-18
9.530044758774812e-09	0.057951782	-0.0015291322	-0.9424871	0	0	0.39	3.9073965e-18
9.54001208015676e-09	0.06274568	-0.003553441	-0.93960166	0	0	0.39	4.777626e-18
9.550033213610614e-09	0.049789634	-0.008344746	-0.9407385	0	0	0.39	4.6113714e-18
9.560046577824261e-09	0.046537008	-0.00639417	-0.9405014	0	0	0.39	4.070669e-18
9.570056715204669e-09	0.028542936	-0.009174515	-0.94121844	0	0	0.39	5.045251e-18
9.580023384818444e-09	0.0057842745	-0.022344382	-0.94464135	0	0	0.39	4.2078215e-18
9.59004163999349e-09	0.009624072	-0.019364648	-0.94732356	0	0	0.39	3.78049e-18
9.600032928815049e-09	0.002792635	-0.03199157	-0.9487368	0	0	0.39	5.596341e-18
9.610039695137507e-09	0.009330872	-0.024529379	-0.948056	0	0	0.39	4.284894e-18
9.620044045641749e-09	0.005631318	-0.039462868	-0.94503015	0	0	0.39	5.0950546e-18
9.6300259867148e-09	-0.00715576	-0.037743203	-0.9458396	0	0	0.39	4.2221226e-18
9.640059131935157e-09	-0.014305251	-0.03178983	-0.9471828	0	0	0.39	4.535747e-18
9.650050956419548e-09	-0.012449443	-0.016821915	-0.9464306	0	0	0.39	4.054833e-18
9.660065706430973e-09	0.009946612	-0.012572883	-0.94633824	0	0	0.39	3.9259927e-18
9.670030025622055e-09	0.000105639985	-0.0139454575	-0.94781804	0	0	0.39	4.2445727e-18
9.680006739504108e-09	-0.010482928	-0.016496511	-0.9454335	0	0	0.39	5.2741114e-18
9.690044886640344e-09	0.0055469424	-0.015830752	-0.9501407	0	0	0.39	4.0696335e-18
9.700007953840541e-09	0.010973597	-0.022009615	-0.9505059	0	0	0.39	4.5364653e-18
9.710037279585604e-09	-0.00659344	-0.034640156	-0.9457683	0	0	0.39	4.2222756e-18
9.720014145455992e-09	0.0016616718	-0.03405736	-0.9464448	0	0	0.39	4.3324147e-18
9.730003273236667e-09	0.015456276	-0.04049611	-0.94740933	0	0	0.39	4.162683e-18
9.740058251137222e-09	0.0008737935	-0.042690635	-0.94888157	0	0	0.39	5.2007715e-18
9.75004774486132e-09	-0.010142575	-0.04478348	-0.9509598	0	0	0.39	4.682702e-18
9.76002624557425e-09	-0.008456758	-0.038437292	-0.951086	0	0	0.39	4.0840525e-18
9.770057997062365e-09	-0.0007242766	-0.041101776	-0.95325506	0	0	0.39	4.9299944e-18
9.780011979307972e-09	-0.015245942	-0.05420326	-0.94945765	0	0	0.39	5.380686e-18
9.790025332887657e-09	-0.021887759	-0.054083705	-0.950073	0	0	0.39	4.4267555e-18
9.800029827872914e-09	-0.024303272	-0.048309475	-0.9501715	0	0	0.39	4.5173686e-18
9.810002902535223e-09	-0.038447935	-0.04164446	-0.9477141	0	0	0.39	5.397144e-18
9.820039673691267e-09	-0.039851308	-0.043932937	-0.94552284	0	0	0.39	4.879419e-18
9.830011121834608e-09	-0.010424001	-0.063296005	-0.94824505	0	0	0.39	4.651395e-18
9.840004708480547e-09	-0.037367962	-0.08334636	-0.9476436	0	0	0.39	3.796111e-18
9.850052330460301e-09	-0.056792818	-0.086936675	-0.93991387	0	0	0.39	5.0474305e-18
9.860033145764994e-09	-0.046933684	-0.077910945	-0.94044846	0	0	0.39	3.8643765e-18
9.870000868829223e-09	-0.029866775	-0.056267794	-0.9446795	0	0	0.39	4.0981865e-18
9.88002951185535e-09	-0.013484682	-0.059997626	-0.9471718	0	0	0.39	4.677854e-18
9.890039957963423e-09	-0.008072011	-0.058413494	-0.9432569	0	0	0.39	3.9602136e-18
9.900065008489484e-09	-0.016227966	-0.05246027	-0.9435244	0	0	0.39	4.1101873e-18
9.910020400524292e-09	-0.01663121	-0.047931172	-0.9494196	0	0	0.39	5.0097797e-18
9.920063894271138e-09	-0.04130405	-0.034032673	-0.95063657	0	0	0.39	5.395056e-18
9.930009997654766e-09	-0.042351853	-0.032219466	-0.9501104	0	0	0.39	4.158647e-18
9.940029162001989e-09	-0.060343184	-0.026897388	-0.9454187	0	0	0.39	4.2469976e-18
9.950009230359766e-09	-0.0702373	-0.014989442	-0.9456163	0	0	0.39	4.4806885e-18
9.960015157628844e-09	-0.074646205	-0.016750056	-0.94731706	0	0	0.39	4.7926547e-18
9.970013789354977e-09	-0.077814184	-0.0026954038	-0.9488198	0	0	0.39	4.583866e-18
9.980004251779336e-09	-0.06796712	-0.0036203437	-0.95008	0	0	0.39	4.1793263e-18
9.990000296051063e-09	-0.047476053	-0.024334442	-0.9511353	0	0	0.39	5.0915986e-18
1e-08	-0.064507715	-0.036707487	-0.9486466	0	0	0.39	4.34221e-18
