# t (s)	mx ()	my ()	mz ()	B_extx (T)	B_exty (T)	B_extz (T)	E_total (J)
0	0	0	-1	0	0	0.38	1.0996098e-18
1.0016908098328447e-11	0.0033854062	0.0092634335	-0.975057	0	0	0.38	4.3410823e-18
2.0027470371940432e-11	0.015534472	0.019107996	-0.9692993	0	0	0.38	4.9306723e-18
3.002273499743104e-11	0.02054392	0.036991104	-0.9684567	0	0	0.38	4.7282905e-18
4.003473135600944e-11	0.018875316	0.037958305	-0.9675199	0	0	0.38	4.498647e-18
5.004136395667388e-11	0.021740528	0.044280317	-0.96452266	0	0	0.38	4.7217653e-18
6.004969329782894e-11	0.022743	0.041187577	-0.96208847	0	0	0.38	4.439475e-18
7.002637667144368e-11	0.0028530282	0.023265589	-0.9614073	0	0	0.38	4.2868553e-18
8.000683992500003e-11	0.00114498	0.020483721	-0.95966244	0	0	0.38	3.88349e-18
9.005079841813034e-11	0.006126259	0.028221687	-0.96145856	0	0	0.38	3.9370476e-18
1.0005908404391965e-10	0.015200018	0.026246052	-0.96175605	0	0	0.38	4.3712194e-18
1.1001354721462105e-10	0.014446995	0.026748233	-0.95828354	0	0	0.38	4.4281973e-18
1.2002053862582785e-10	0.028736286	0.017682586	-0.96078897	0	0	0.38	3.3947161e-18
1.3004418683669412e-10	0.021156637	0.015538887	-0.96040255	0	0	0.38	4.42735e-18
1.4002272878761821e-10	0.02666332	0.017676495	-0.95975757	0	0	0.38	5.0102346e-18
1.5005438521051114e-10	0.023700573	0.01323556	-0.9568889	0	0	0.38	4.6050555e-18
1.6001029888755635e-10	0.0028189286	0.014598301	-0.9551276	0	0	0.38	3.9989137e-18
1.7004927983414607e-10	-0.0009826462	0.018606381	-0.95770144	0	0	0.38	4.765902e-18
1.8004514764898004e-10	0.007664231	0.021298194	-0.96049094	0	0	0.38	3.9423238e-18
1.9000121028122234e-10	0.02609125	0.014005285	-0.9592559	0	0	0.38	4.2695167e-18
2.000262317793805e-10	0.03917468	0.0018984893	-0.9611881	0	0	0.38	4.0962737e-18
2.1000510917055585e-10	0.03032931	-0.002062493	-0.9607956	0	0	0.38	5.7230356e-18
2.2003096599010774e-10	0.024112396	0.0036439938	-0.9611307	0	0	0.38	5.1775067e-18
2.3001306818112048e-10	0.024916252	-0.002263412	-0.9600418	0	0	0.38	5.19027e-18
2.400131499024803e-10	0.026209582	-0.011261679	-0.95652765	0	0	0.38	5.2410606e-18
2.500160086786711e-10	0.033001132	-0.015600489	-0.9524413	0	0	0.38	4.5593802e-18
2.6004822351524265e-10	0.036387745	-0.022119723	-0.95594615	0	0	0.38	5.202136e-18
2.7005805147028525e-10	0.04772689	-0.03326099	-0.9487943	0	0	0.38	4.3464722e-18
2.800463090632557e-10	0.06081062	-0.028006796	-0.9491258	0	0	0.38	5.1786316e-18
2.9003627996784334e-10	0.057443596	-0.028121673	-0.9504847	0	0	0.38	5.1629913e-18
3.0003724606264095e-10	0.0433146	-0.049397253	-0.9540914	0	0	0.38	3.930538e-18
3.1006341748075087e-10	0.050416477	-0.049149364	-0.956256	0	0	0.38	4.886312e-18
3.2000685526596366e-10	0.045858666	-0.061469506	-0.95091647	0	0	0.38	4.426308e-18
3.300461406946668e-10	0.04083403	-0.06920914	-0.95050937	0	0	0.38	3.749232e-18
3.4004515641976387e-10	0.033373054	-0.07797931	-0.94953233	0	0	0.38	4.422718e-18
3.500175985728952e-10	0.03420521	-0.067064315	-0.95114475	0	0	0.38	4.5036498e-18
3.600067462703939e-10	0.027893487	-0.070948675	-0.9541199	0	0	0.38	3.783665e-18
3.7004097609312414e-10	0.011431353	-0.08536451	-0.9548167	0	0	0.38	3.9134188e-18
3.8002982565786556e-10	0.00095385755	-0.0863606	-0.9545888	0	0	0.38	3.6897247e-18
3.9004693615161027e-10	-0.012506532	-0.11083479	-0.9476446	0	0	0.38	5.037219e-18
4.000532269932034e-10	-0.016518928	-0.11002256	-0.94480604	0	0	0.38	3.530612e-18
4.1001165689853444e-10	-0.029476706	-0.11645245	-0.94265145	0	0	0.38	4.3659995e-18
4.2003899176986286e-10	-0.03733584	-0.10868332	-0.94497746	0	0	0.38	4.195629e-18
4.3000688160507145e-10	-0.053484667	-0.11111251	-0.94018936	0	0	0.38	4.8718754e-18
4.400562175714007e-10	-0.045370467	-0.096566364	-0.94142145	0	0	0.38	3.673656e-18
4.50059145627028e-10	-0.04802394	-0.10096346	-0.9366125	0	0	0.38	4.036065e-18
4.6006160068113573e-10	-0.054434143	-0.10164098	-0.9424433	0	0	0.38	4.3035593e-18
4.700382523947161e-10	-0.06853218	-0.10877822	-0.9420494	0	0	0.38	4.44029e-18
4.800445310948867e-10	-0.08042418	-0.09487656	-0.9373438	0	0	0.38	4.379508e-18
4.900357235335861e-10	-0.08249014	-0.08552278	-0.94132996	0	0	0.38	4.4972648e-18
5.000345274691345e-10	-0.095831566	-0.08133188	-0.9392069	0	0	0.38	4.679241e-18
5.100407116027135e-10	-0.0895594	-0.074906476	-0.9381549	0	0	0.38	3.5004915e-18
5.200405262941732e-10	-0.074832015	-0.07141314	-0.9346284	0	0	0.38	4.8645024e-18
5.300147101914368e-10	-0.070431136	-0.0896373	-0.9386815	0	0	0.38	4.8025213e-18
5.400536011442623e-10	-0.06740754	-0.08329579	-0.94033897	0	0	0.38	5.009386e-18
5.500347669482698e-10	-0.0709157	-0.07948843	-0.9419135	0	0	0.38	4.295977e-18
5.600644699163059e-10	-0.070004314	-0.089994095	-0.9416458	0	0	0.38	3.768184e-18
5.700425925444276e-10	-0.07496935	-0.092548765	-0.93724024	0	0	0.38	4.472028e-18
5.800300829226588e-10	-0.07067755	-0.07351803	-0.9388856	0	0	0.38	4.58976e-18
5.900446302739396e-10	-0.06739019	-0.059012454	-0.9335531	0	0	0.38	4.158945e-18
6.000140359765752e-10	-0.059088323	-0.051544838	-0.93257296	0	0	0.38	4.2724784e-18
6.100350559224028e-10	-0.058779515	-0.04671933	-0.9285797	0	0	0.38	4.9012035e-18
6.200332646880906e-10	-0.051572114	-0.062071044	-0.93001777	0	0	0.38	5.0043885e-18
6.300306539820293e-10	-0.0783458	-0.04548098	-0.9309826	0	0	0.38	4.368735e-18
6.400314925079596e-10	-0.091255896	-0.051729813	-0.9336298	0	0	0.38	5.2522338e-18
6.500009363195979e-10	-0.089455985	-0.034624945	-0.93858606	0	0	0.38	3.6061328e-18
6.600605852478167e-10	-0.08585307	-0.029739575	-0.9411468	0	0	0.38	4.185027e-18
6.700063096672448e-10	-0.087368585	-0.01702336	-0.94149137	0	0	0.38	4.5115597e-18
6.800156739825467e-10	-0.08694947	-0.00033011165	-0.94477534	0	0	0.38	3.967544e-18
6.900062220524919e-10	-0.0789449	0.02053623	-0.94193226	0	0	0.38	5.253585e-18
7.000105961014897e-10	-0.07149224	0.023658428	-0.94274014	0	0	0.38	4.223514e-18
7.100272466085846e-10	-0.054783933	0.0020840697	-0.9410468	0	0	0.38	4.5564388e-18
7.200494726542591e-10	-0.0714428	0.021715865	-0.94512886	0	0	0.38	4.6854124e-18
7.300543245539131e-10	-0.06009463	0.024497695	-0.94387627	0	0	0.38	5.2320266e-18
7.400277753567094e-10	-0.050273843	0.022869818	-0.94436294	0	0	0.38	5.1303367e-18
7.500125321294408e-10	-0.04333045	0.023790192	-0.9453048	0	0	0.38	4.803474e-18
7.600075429688445e-10	-0.036526952	0.023048984	-0.94615585	0	0	0.38	4.5377288e-18
7.700477393240121e-10	-0.021780103	0.023068452	-0.9477525	0	0	0.38	5.3122755e-18
7.800283641409213e-10	-0.044340726	0.0076358155	-0.9503801	0	0	0.38	3.9846155e-18
7.900273103658531e-10	-0.041853167	0.01646284	-0.95114404	0	0	0.38	3.540671e-18
8.000018528527622e-10	-0.0338446	0.0016711175	-0.95063126	0	0	0.38	4.4627283e-18
8.100047084465139e-10	-0.03146663	0.0023644834	-0.9519941	0	0	0.38	4.6653355e-18
8.200323173538903e-10	-0.0197597	-0.0050011626	-0.95228857	0	0	0.38	3.7269557e-18
8.300080557365335e-10	-0.0153768845	-0.023026815	-0.9502596	0	0	0.38	4.111067e-18
8.400146068693036e-10	-0.0005633044	-0.02430423	-0.95172703	0	0	0.38	4.3235846e-18
8.500529557920046e-10	-0.0076983823	-0.02575987	-0.95027286	0	0	0.38	4.673539e-18
8.600595258084577e-10	-0.015712565	-0.0114597	-0.94947237	0	0	0.38	4.776365e-18
8.700555962760719e-10	-0.008191141	-0.014588423	-0.9491031	0	0	0.38	3.8216472e-18
8.800404538281134e-10	-0.016867042	-0.02144802	-0.94548094	0	0	0.38	4.207454e-18
8.90001688755093e-10	-0.01183782	-0.012315063	-0.9486168	0	0	0.38	4.57467e-18
9.000194370438773e-10	-0.013106454	-0.030799476	-0.94466877	0	0	0.38	4.54031e-18
9.100056789976522e-10	-0.034357928	-0.02209585	-0.9384277	0	0	0.38	4.819554e-18
9.200531390949923e-10	-0.046762183	-0.023231339	-0.94376326	0	0	0.38	3.8886666e-18
9.300256042805402e-10	-0.063300535	-0.01668888	-0.943145	0	0	0.38	4.9527096e-18
9.40010542575716e-10	-0.03912399	-0.0024943186	-0.9450751	0	0	0.38	4.809272e-18
9.500277073477326e-10	-0.037906524	0.0028050216	-0.94844055	0	0	0.38	4.8098795e-18
9.600334455300414e-10	-0.024952715	0.0074124713	-0.9537589	0	0	0.38	3.9664865e-18
9.700487842571315e-10	-0.023140784	0.0071943216	-0.94964147	0	0	0.38	3.9200077e-18
9.800409199721112e-10	-0.00399514	-0.007879526	-0.9501962	0	0	0.38	5.271249e-18
9.900535013668663e-10	-0.010937202	-0.012494932	-0.94979465	0	0	0.38	4.132036e-18
1.0000508427630245e-09	-0.020981098	-0.010847507	-0.9487297	0	0	0.38	3.3651781e-18
1.0100247866449404e-09	-0.029724244	-0.011356852	-0.9447448	0	0	0.38	3.8007162e-18
1.0200433752012334e-09	-0.031099673	-0.021365078	-0.94568586	0	0	0.38	4.478565e-18
1.0300005324214892e-09	-0.039561108	-0.011153332	-0.9484014	0	0	0.38	4.6099433e-18
1.04000577478263e-09	-0.03685563	-0.018556098	-0.948066	0	0	0.38	4.9354132e-18
1.0500050011914458e-09	-0.04073622	-0.028240524	-0.9475965	0	0	0.38	4.1532623e-18
1.060057758495666e-09	-0.04012702	-0.042694103	-0.94717693	0	0	0.38	4.026772e-18
1.0700245147199877e-09	-0.04080459	-0.04305795	-0.9535752	0	0	0.38	4.7695743e-18
1.0800475487443806e-09	-0.053247433	-0.047354806	-0.9512323	0	0	0.38	5.0106106e-18
1.090050024480015e-09	-0.05256136	-0.029915016	-0.9538	0	0	0.38	3.9284333e-18
1.1000364563590068e-09	-0.060641848	-0.022637935	-0.95396864	0	0	0.38	3.8478337e-18
1.1100448376828292e-09	-0.053352054	-0.001533473	-0.9538519	0	0	0.38	5.1082138e-18
1.1200095657773436e-09	-0.051738817	0.007970044	-0.95362	0	0	0.38	3.81418e-18
1.1300009851118193e-09	-0.044359535	0.021242592	-0.95438254	0	0	0.38	4.6051556e-18
1.1400128097361486e-09	-0.034398884	0.009011797	-0.95237035	0	0	0.38	4.5528745e-18
1.1500286850783576e-09	-0.020028984	0.00025731354	-0.9514881	0	0	0.38	3.9622733e-18
1.160057148793159e-09	-0.045094203	-0.0057016895	-0.95221734	0	0	0.38	4.178268e-18
1.1700562671801348e-09	-0.061210256	-0.003637362	-0.9509007	0	0	0.38	3.9799e-18
1.1800547859158322e-09	-0.07847902	0.00671487	-0.95199764	0	0	0.38	4.0288593e-18
1.190061279212967e-09	-0.087468855	0.009068298	-0.94735193	0	0	0.38	4.6741747e-18
1.2000443512579716e-09	-0.08660728	0.024958035	-0.94380814	0	0	0.38	4.200113e-18
1.2100590588350505e-09	-0.0711749	0.02649972	-0.94702464	0	0	0.38	4.5297614e-18
1.2200087954951932e-09	-0.054726582	0.021617414	-0.95047736	0	0	0.38	3.675784e-18
1.2300458367109e-09	-0.060053986	0.007775713	-0.94772685	0	0	0.38	4.5419193e-18
1.2400059227346022e-09	-0.07240485	-0.012162988	-0.9480891	0	0	0.38	3.617516e-18
1.2500361949065921e-09	-0.09007511	0.0019443363	-0.9487526	0	0	0.38	4.191362e-18
1.2600222045253945e-09	-0.085544184	0.008928373	-0.9457289	0	0	0.38	4.8305466e-18
1.2700453553321176e-09	-0.092920385	0.008636138	-0.9418654	0	0	0.38	4.674272e-18
1.2800250718981174e-09	-0.0830438	0.02622602	-0.94857824	0	0	0.38	4.0885693e-18
1.2900260427335394e-09	-0.089054905	0.035420634	-0.9474266	0	0	0.38	5.0402555e-18
1.3000374513173809e-09	-0.07173361	0.03338351	-0.95069176	0	0	0.38	4.388459e-18
1.3100638451341004e-09	-0.07258027	0.061051693	-0.9492927	0	0	0.38	3.630583e-18
1.3200325420731563e-09	-0.07305539	0.09268523	-0.9518786	0	0	0.38	4.4712173e-18
1.3300368151356986e-09	-0.068617225	0.10790066	-0.94981533	0	0	0.38	4.726165e-18
1.3400092654750688e-09	-0.066154666	0.1254938	-0.9467682	0	0	0.38	3.6938648e-18
1.3500335874096448e-09	-0.0640533	0.13011299	-0.9432569	0	0	0.38	3.5329132e-18
1.3600091142709524e-09	-0.062176783	0.12044745	-0.9428084	0	0	0.38	3.96646e-18
1.3700476049620651e-09	-0.047818527	0.12246935	-0.9457826	0	0	0.38	4.387498e-18
1.3800205378336883e-09	-0.035154346	0.13559617	-0.94099736	0	0	0.38	4.8474356e-18
1.3900489176042764e-09	-0.027610848	0.1227675	-0.9403534	0	0	0.38	3.7421357e-18
1.400044511778191e-09	-0.013888467	0.1223537	-0.941344	0	0	0.38	4.4383604e-18
1.4100013614613417e-09	-0.019911526	0.1281157	-0.9429039	0	0	0.38	3.780219e-18
1.4200142804111662e-09	-0.020557348	0.14250958	-0.9406393	0	0	0.38	3.6966693e-18
1.4300510190321218e-09	-0.019406363	0.13823755	-0.94207025	0	0	0.38	3.4747455e-18
1.4400327195464297e-09	-0.0070286356	0.15732321	-0.93682575	0	0	0.38	5.0620074e-18
1.4500518004754083e-09	0.008995567	0.17156054	-0.9329705	0	0	0.38	5.4884612e-18
1.4600041765557053e-09	0.011900155	0.19253886	-0.9249377	0	0	0.38	4.28554e-18
1.4700507077989228e-09	0.018559558	0.18217763	-0.92355746	0	0	0.38	4.2604744e-18
1.4800336747842478e-09	0.028084062	0.18410349	-0.9267186	0	0	0.38	4.3122336e-18
1.490036698557444e-09	0.029801385	0.18525852	-0.9234135	0	0	0.38	4.3285423e-18
1.5000370007704722e-09	0.031452805	0.18930139	-0.9207998	0	0	0.38	3.9859265e-18
1.510048679059599e-09	0.045392763	0.190199	-0.9201495	0	0	0.38	5.3388052e-18
1.5200042279551927e-09	0.040764883	0.19783364	-0.9187064	0	0	0.38	4.6623824e-18
1.5300570206104741e-09	0.04562932	0.18108507	-0.92028916	0	0	0.38	4.5043417e-18
1.5400144668323333e-09	0.04820872	0.1718771	-0.924895	0	0	0.38	3.936826e-18
1.5500553061712298e-09	0.04766137	0.18357573	-0.91812056	0	0	0.38	3.8213093e-18
1.5600255432305833e-09	0.048919942	0.20136881	-0.9176795	0	0	0.38	4.235131e-18
1.5700668661779196e-09	0.049488775	0.2131562	-0.9133627	0	0	0.38	3.6961317e-18
1.5800174746846257e-09	0.057438	0.19992158	-0.91202897	0	0	0.38	3.3776655e-18
1.590022836130872e-09	0.067101136	0.22623105	-0.90730804	0	0	0.38	4.9700887e-18
1.600039320007093e-09	0.07325975	0.22671595	-0.9102094	0	0	0.38	4.992023e-18
1.6100393555196074e-09	0.08247114	0.21508639	-0.91254413	0	0	0.38	3.14021e-18
1.6200530242437205e-09	0.090250686	0.19303921	-0.9204333	0	0	0.38	3.9621455e-18
1.6300153895589602e-09	0.09158987	0.17775215	-0.921094	0	0	0.38	4.545726e-18
1.6400411222825808e-09	0.08377616	0.18054478	-0.92298657	0	0	0.38	4.5536868e-18
1.6500342757352453e-09	0.07746771	0.18494755	-0.9186005	0	0	0.38	5.7046263e-18
1.6600107147633268e-09	0.07410928	0.19113699	-0.91695625	0	0	0.38	3.228843e-18
1.6700352282896449e-09	0.10063412	0.21582842	-0.913497	0	0	0.38	3.5199298e-18
1.6800228012562706e-09	0.10613546	0.20437916	-0.9084335	0	0	0.38	3.420994e-18
1.6900469135324366e-09	0.11997561	0.20264348	-0.90222377	0	0	0.38	5.015848e-18
1.7000077158307287e-09	0.12770838	0.18825436	-0.900619	0	0	0.38	5.2233432e-18
1.7100210016302768e-09	0.12867787	0.16307434	-0.89598393	0	0	0.38	4.2694137e-18
1.7200496894549688e-09	0.10888305	0.15838307	-0.901701	0	0	0.38	4.1854003e-18
1.730059943089368e-09	0.09843469	0.18378083	-0.8962267	0	0	0.38	3.8995114e-18
1.740043530551957e-09	0.06545921	0.20341645	-0.8880215	0	0	0.38	4.4147155e-18
1.7500102624135796e-09	0.023053676	0.21184976	-0.8840878	0	0	0.38	5.177858e-18
1.7600110530181318e-09	0.03430595	0.20368427	-0.88434213	0	0	0.38	4.510148e-18
1.7700376493017445e-09	0.026807234	0.23102447	-0.8834787	0	0	0.38	4.7235462e-18
1.7800260206774931e-09	-0.0051390547	0.22961727	-0.88778114	0	0	0.38	4.8795178e-18
1.7900517093391414e-09	-0.016260626	0.24274425	-0.88833046	0	0	0.38	4.091003e-18
1.8000488153395028e-09	-0.031656254	0.24954922	-0.8869428	0	0	0.38	5.0669585e-18
1.8100632053037314e-09	-0.015592791	0.2510005	-0.8920781	0	0	0.38	3.539091e-18
1.8200038134890693e-09	-0.018748097	0.22467868	-0.8998353	0	0	0.38	4.519818e-18
1.830010241460935e-09	-0.02552314	0.21066652	-0.90370935	0	0	0.38	4.1493787e-18
1.8400471696831723e-09	-0.04759304	0.20923285	-0.9059861	0	0	0.38	5.5174858e-18
1.8500109600633908e-09	-0.06383707	0.24565285	-0.8976915	0	0	0.38	4.9401774e-18
1.8600171102041293e-09	-0.06576272	0.25342533	-0.90026796	0	0	0.38	4.368943e-18
1.8700130373952853e-09	-0.06307183	0.2463804	-0.90775603	0	0	0.38	3.2987208e-18
1.8800275379341404e-09	-0.053478003	0.24646357	-0.91058517	0	0	0.38	3.801447e-18
1.8900565407661168e-09	-0.02570413	0.2436283	-0.9076508	0	0	0.38	4.4251073e-18
1.9000145799883104e-09	-0.0241175	0.24771112	-0.90233105	0	0	0.38	4.5281108e-18
1.9100664276428043e-09	-0.020616269	0.24056076	-0.90103316	0	0	0.38	4.4591247e-18
1.9200033126562482e-09	-0.03261321	0.24557984	-0.8878252	0	0	0.38	4.580089e-18
1.93000426630753e-09	-0.06521204	0.23397729	-0.8832728	0	0	0.38	4.7287322e-18
1.940057091112002e-09	-0.09290994	0.2235763	-0.8884701	0	0	0.38	4.192533e-18
1.950047443955788e-09	-0.11005789	0.22291371	-0.8846871	0	0	0.38	4.899618e-18
1.9600149337620732e-09	-0.12179107	0.21996409	-0.8852704	0	0	0.38	4.535771e-18
1.970047906661451e-09	-0.13405706	0.2334379	-0.8825601	0	0	0.38	4.448242e-18
1.980017064430956e-09	-0.11689686	0.24365427	-0.8850897	0	0	0.38	5.4795806e-18
1.990017400609796e-09	-0.11858868	0.2319834	-0.88097364	0	0	0.38	5.1396594e-18
2.0000243958821295e-09	-0.13741782	0.2216185	-0.88022345	0	0	0.38	4.0991456e-18
2.0100496324662095e-09	-0.124833375	0.21427527	-0.88117415	0	0	0.38	4.3470943e-18
2.0200332936127486e-09	-0.12925574	0.18918538	-0.88276756	0	0	0.38	5.3670154e-18
2.030033025146937e-09	-0.14404497	0.18471956	-0.8916889	0	0	0.38	4.8631764e-18
2.0400408719520125e-09	-0.13849604	0.1994447	-0.8964177	0	0	0.38	4.6717267e-18
2.0500103831052034e-09	-0.15244682	0.19978441	-0.898062	0	0	0.38	4.675492e-18
2.060016369037822e-09	-0.15966265	0.20730677	-0.9013266	0	0	0.38	3.931926e-18
2.070049240733649e-09	-0.16652204	0.22415785	-0.8963222	0	0	0.38	4.146393e-18
2.0800557880862486e-09	-0.16098583	0.21517032	-0.89672357	0	0	0.38	3.868542e-18
2.0900127615564878e-09	-0.16232744	0.21724513	-0.8978877	0	0	0.38	4.8177803e-18
2.1000638013742843e-09	-0.17577583	0.20540468	-0.8945096	0	0	0.38	4.5872943e-18
2.110030596233093e-09	-0.16718897	0.1914419	-0.8903851	0	0	0.38	5.031252e-18
2.120048695563513e-09	-0.1765269	0.18234485	-0.89167035	0	0	0.38	4.0070974e-18
2.130067727266224e-09	-0.18480356	0.17144774	-0.8940156	0	0	0.38	3.856954e-18
2.140018434344047e-09	-0.17599799	0.17632395	-0.8898434	0	0	0.38	3.508324e-18
2.1500574127733804e-09	-0.20939875	0.14880186	-0.8924189	0	0	0.38	4.436564e-18
2.1600035645393266e-09	-0.20867446	0.15672454	-0.8924616	0	0	0.38	5.0242136e-18
2.170064324681459e-09	-0.22166488	0.15990828	-0.8897618	0	0	0.38	4.531561e-18
2.1800062615193865e-09	-0.2270545	0.15819727	-0.8859831	0	0	0.38	4.027141e-18
2.1900070786173347e-09	-0.23886672	0.15886214	-0.8863721	0	0	0.38	3.7284777e-18
2.200021841688534e-09	-0.23942561	0.16840753	-0.8808735	0	0	0.38	5.37949e-18
2.2100580853002705e-09	-0.2303233	0.1505221	-0.88429815	0	0	0.38	4.6637717e-18
2.2200366158928948e-09	-0.21223551	0.14677233	-0.8856978	0	0	0.38	4.7427467e-18
2.2300490862344836e-09	-0.20017363	0.13911535	-0.8828334	0	0	0.38	3.695164e-18
2.24002353650271e-09	-0.17316811	0.11263528	-0.8876311	0	0	0.38	5.107668e-18
2.2500365741891744e-09	-0.18633428	0.07573061	-0.8903362	0	0	0.38	4.1166513e-18
2.2600078196153926e-09	-0.19643918	0.053646013	-0.89270616	0	0	0.38	4.1010295e-18
2.2700275613399016e-09	-0.19373992	0.053287935	-0.89421886	0	0	0.38	4.909248e-18
2.2800228087149617e-09	-0.21861635	0.062148005	-0.89609027	0	0	0.38	4.799746e-18
2.2900537261005645e-09	-0.23278038	0.06883448	-0.8952677	0	0	0.38	4.600099e-18
2.30005844153185e-09	-0.23857152	0.080067664	-0.8949441	0	0	0.38	4.842623e-18
2.310025840064558e-09	-0.24044082	0.0936634	-0.89546347	0	0	0.38	4.3450313e-18
2.3200312032408207e-09	-0.24911857	0.099894404	-0.8957279	0	0	0.38	3.7624835e-18
2.3300279318338637e-09	-0.24419183	0.10764842	-0.9007241	0	0	0.38	4.0921725e-18
2.3400384256125893e-09	-0.22749574	0.10403775	-0.90449333	0	0	0.38	4.9500696e-18
2.3500449535478337e-09	-0.21759142	0.105192505	-0.90242404	0	0	0.38	4.6348646e-18
2.3600290232280748e-09	-0.21524921	0.09635275	-0.9013865	0	0	0.38	4.813578e-18
2.3700279400880044e-09	-0.21371214	0.09628706	-0.9034165	0	0	0.38	4.5244447e-18
2.3800175394501933e-09	-0.21798514	0.118773796	-0.90611184	0	0	0.38	4.28575e-18
2.3900594468203617e-09	-0.21833053	0.1178847	-0.90738654	0	0	0.38	5.1127115e-18
2.400066250880934e-09	-0.2183897	0.1193739	-0.91094655	0	0	0.38	5.4537734e-18
2.410061544686016e-09	-0.22745383	0.12272191	-0.9098834	0	0	0.38	4.8805774e-18
2.4200478503760035e-09	-0.2294153	0.15134706	-0.9042555	0	0	0.38	4.8423844e-18
2.4300206961011173e-09	-0.23451324	0.15430558	-0.89898276	0	0	0.38	3.956744e-18
2.440053683791905e-09	-0.25078884	0.14370714	-0.90035784	0	0	0.38	4.7512316e-18
2.4500517863760553e-09	-0.24421173	0.16926192	-0.8983057	0	0	0.38	4.852707e-18
2.460040922196595e-09	-0.2371983	0.18791161	-0.89718634	0	0	0.38	3.880306e-18
2.4700285097836006e-09	-0.23036705	0.19623235	-0.8942387	0	0	0.38	4.2606568e-18
2.4800343948171956e-09	-0.24772386	0.2053708	-0.89376307	0	0	0.38	4.8304643e-18
2.4900528456784215e-09	-0.24021704	0.21598858	-0.89302295	0	0	0.38	3.9845733e-18
2.5000432407816207e-09	-0.2328006	0.21206816	-0.8904894	0	0	0.38	4.993136e-18
2.5100472758931673e-09	-0.23364371	0.22726482	-0.88615453	0	0	0.38	5.3337685e-18
2.520016838818829e-09	-0.21884894	0.23141852	-0.8824146	0	0	0.38	4.8876882e-18
2.5300276327135327e-09	-0.22414929	0.2204618	-0.8807941	0	0	0.38	4.1627575e-18
2.540018591597249e-09	-0.22561954	0.21592395	-0.8864836	0	0	0.38	4.7932263e-18
2.5500196994171278e-09	-0.22648448	0.22304925	-0.8866755	0	0	0.38	4.149242e-18
2.560026851402353e-09	-0.2301694	0.21336406	-0.8899441	0	0	0.38	4.6276086e-18
2.57000068949046e-09	-0.23204172	0.21830957	-0.8876029	0	0	0.38	4.5863786e-18
2.5800159924313143e-09	-0.23027624	0.211795	-0.89113826	0	0	0.38	3.7226064e-18
2.5900233852988978e-09	-0.25695574	0.21440291	-0.884052	0	0	0.38	5.244343e-18
2.600010079883898e-09	-0.24763338	0.2051039	-0.8882708	0	0	0.38	4.867011e-18
2.6100238433908456e-09	-0.23729871	0.20816903	-0.8882767	0	0	0.38	5.672222e-18
2.6200372884735773e-09	-0.23225677	0.18996918	-0.8907586	0	0	0.38	5.363284e-18
2.6300603334137015e-09	-0.2353507	0.19197322	-0.88059103	0	0	0.38	4.2676068e-18
2.640025146695019e-09	-0.25224248	0.1891877	-0.88577527	0	0	0.38	4.855461e-18
2.6500307456883066e-09	-0.25010383	0.18958434	-0.8806397	0	0	0.38	4.5346165e-18
2.6600436310023776e-09	-0.25949943	0.17843226	-0.87889916	0	0	0.38	3.945323e-18
2.670025566667297e-09	-0.27872995	0.17937127	-0.8823964	0	0	0.38	5.339903e-18
2.680007155798734e-09	-0.29636684	0.17743589	-0.87771493	0	0	0.38	4.6790017e-18
2.6900160664291315e-09	-0.28862607	0.16349642	-0.878983	0	0	0.38	5.050382e-18
2.7000411718605647e-09	-0.2811105	0.16214196	-0.8851873	0	0	0.38	5.1830914e-18
2.7100302687602095e-09	-0.27541915	0.15743205	-0.8824006	0	0	0.38	4.97285e-18
2.720035964482534e-09	-0.27334464	0.14839728	-0.8795345	0	0	0.38	3.695637e-18
2.730014933263973e-09	-0.2548668	0.14468062	-0.88212436	0	0	0.38	4.667837e-18
2.7400402086862096e-09	-0.25585294	0.1495776	-0.8812134	0	0	0.38	3.7089377e-18
2.750062045821757e-09	-0.24518155	0.14423768	-0.8838731	0	0	0.38	4.7713614e-18
2.7600271140230514e-09	-0.25226656	0.12633635	-0.8794859	0	0	0.38	4.851579e-18
2.7700340141327073e-09	-0.24439044	0.11593775	-0.890115	0	0	0.38	4.738762e-18
2.7800079220683486e-09	-0.24498603	0.1018752	-0.89231855	0	0	0.38	4.3610335e-18
2.790004077034036e-09	-0.26728097	0.111187555	-0.8941751	0	0	0.38	4.6584645e-18
2.8000530602911937e-09	-0.26538083	0.11293094	-0.8941201	0	0	0.38	4.8251588e-18
2.810052138550869e-09	-0.28109854	0.12601303	-0.89132255	0	0	0.38	4.6929215e-18
2.820035034027331e-09	-0.29743928	0.110326946	-0.8879882	0	0	0.38	4.7213104e-18
2.8300026299370245e-09	-0.29973045	0.08977998	-0.8878732	0	0	0.38	3.9281947e-18
2.8400186704787957e-09	-0.28683275	0.08544378	-0.8892675	0	0	0.38	4.7478935e-18
2.8500315030450623e-09	-0.29044	0.072968215	-0.88596225	0	0	0.38	3.7274607e-18
2.860045361360079e-09	-0.29580066	0.075790234	-0.8793952	0	0	0.38	4.697638e-18
2.8700128540866124e-09	-0.29582155	0.06170595	-0.88364905	0	0	0.38	4.3952234e-18
2.8800514867189116e-09	-0.29931962	0.05996315	-0.8856438	0	0	0.38	4.0093556e-18
2.890053181759922e-09	-0.30478236	0.06071253	-0.8863373	0	0	0.38	5.1147042e-18
2.9000325844577953e-09	-0.30402082	0.06630436	-0.88271594	0	0	0.38	4.730924e-18
2.9100176722154788e-09	-0.31353557	0.06996599	-0.8768127	0	0	0.38	3.8447868e-18
2.9200285725909637e-09	-0.31107393	0.07752316	-0.8708348	0	0	0.38	4.4483312e-18
2.93006109047036e-09	-0.29860592	0.078785434	-0.874575	0	0	0.38	4.422784e-18
2.9400610061678327e-09	-0.2858548	0.082452565	-0.8806772	0	0	0.38	3.2799353e-18
2.9500240954681845e-09	-0.30050194	0.081079155	-0.8750146	0	0	0.38	3.932073e-18
2.9600478003191214e-09	-0.29930747	0.08272524	-0.8758461	0	0	0.38	5.833559e-18
2.9700604350816315e-09	-0.2978837	0.06691613	-0.8833075	0	0	0.38	4.2565436e-18
2.9800069846614764e-09	-0.293225	0.05301795	-0.8873371	0	0	0.38	4.1754766e-18
2.990004909071314e-09	-0.28834316	0.06548775	-0.89212245	0	0	0.38	4.5424086e-18
3.0000275511985434e-09	-0.2762359	0.06607544	-0.8920548	0	0	0.38	4.9109895e-18
3.0100348810454095e-09	-0.26444343	0.05756655	-0.89761806	0	0	0.38	4.1326737e-18
3.020063080530425e-09	-0.26600406	0.064756274	-0.89974505	0	0	0.38	4.661921e-18
3.030047285792143e-09	-0.2742383	0.07687539	-0.8953695	0	0	0.38	5.09484e-18
3.0400572592803154e-09	-0.26490378	0.07701976	-0.8946954	0	0	0.38	4.5619346e-18
3.0500408251243515e-09	-0.26714337	0.08120556	-0.8948986	0	0	0.38	4.420866e-18
3.060018804508205e-09	-0.2623598	0.08254606	-0.89678353	0	0	0.38	5.0799924e-18
3.070019914227632e-09	-0.26728484	0.06291698	-0.8904076	0	0	0.38	4.2625953e-18
3.080022719854288e-09	-0.27515396	0.050087225	-0.8948373	0	0	0.38	4.4999047e-18
3.0900324739562775e-09	-0.28215677	0.04221013	-0.8937233	0	0	0.38	4.198297e-18
3.100023161573772e-09	-0.28571248	0.030908523	-0.8909215	0	0	0.38	5.561805e-18
3.1100580085880527e-09	-0.27192447	0.022409718	-0.8949484	0	0	0.38	4.1409563e-18
3.1200198760858447e-09	-0.27749968	0.024011467	-0.8911704	0	0	0.38	3.9142517e-18
3.130060116520815e-09	-0.2736316	0.041848827	-0.8979608	0	0	0.38	4.3897052e-18
3.1400196927076985e-09	-0.2577853	0.05023578	-0.8973222	0	0	0.38	4.8044594e-18
3.1500365881159666e-09	-0.25217643	0.058499746	-0.89773536	0	0	0.38	4.740714e-18
3.1600165487403844e-09	-0.24721602	0.04724581	-0.8978255	0	0	0.38	4.624525e-18
3.1700223110030325e-09	-0.24483736	0.030666403	-0.9014474	0	0	0.38	4.5400776e-18
3.1800500253518313e-09	-0.27144173	0.028213574	-0.89815533	0	0	0.38	4.448425e-18
3.190025533654166e-09	-0.27323613	0.017957816	-0.89642906	0	0	0.38	4.234907e-18
3.2000190520698185e-09	-0.29676855	0.0015968251	-0.8867236	0	0	0.38	4.2815315e-18
3.21004381967529e-09	-0.29260445	0.01475859	-0.8892594	0	0	0.38	4.1628435e-18
3.220021861759454e-09	-0.3035237	0.028257184	-0.8840687	0	0	0.38	4.710395e-18
3.2300414219512333e-09	-0.29167664	0.02669532	-0.88674116	0	0	0.38	4.0763105e-18
3.2400113220034463e-09	-0.30064863	0.025107484	-0.88584095	0	0	0.38	4.346978e-18
3.2500599395189332e-09	-0.30706683	0.016933229	-0.88383687	0	0	0.38	4.175785e-18
3.260025475680907e-09	-0.2928591	0.009159065	-0.88569736	0	0	0.38	4.2417785e-18
3.2700044865847268e-09	-0.2897689	-0.0057819383	-0.88311344	0	0	0.38	3.5896636e-18
3.2800283784490704e-09	-0.26795927	-0.0084972195	-0.8818912	0	0	0.38	4.5298714e-18
3.290008990028854e-09	-0.25979894	-0.04440416	-0.88516176	0	0	0.38	4.2750853e-18
3.3000597192007155e-09	-0.2834294	-0.059726074	-0.88562566	0	0	0.38	6.0761516e-18
3.3100302572335324e-09	-0.31068778	-0.08069607	-0.88273597	0	0	0.38	5.014351e-18
3.3200164928457376e-09	-0.33065224	-0.04994414	-0.88248026	0	0	0.38	4.4063924e-18
3.3300345579284076e-09	-0.3525319	-0.05635923	-0.8779772	0	0	0.38	4.232746e-18
3.3400101570885656e-09	-0.3600719	-0.051292725	-0.8711488	0	0	0.38	5.2125804e-18
3.3500230244058996e-09	-0.35340527	-0.04330245	-0.87535393	0	0	0.38	5.6076906e-18
3.360022959110587e-09	-0.3385002	-0.049608137	-0.8777079	0	0	0.38	3.7444903e-18
3.3700578334639047e-09	-0.317805	-0.05003643	-0.8829371	0	0	0.38	4.2810865e-18
3.380002359483509e-09	-0.2999663	-0.06466151	-0.8880661	0	0	0.38	4.1744555e-18
3.390010373470151e-09	-0.29946977	-0.065384604	-0.88210136	0	0	0.38	3.9303983e-18
3.400029986464725e-09	-0.29223177	-0.07309881	-0.8843979	0	0	0.38	4.865588e-18
3.410001796527547e-09	-0.27982125	-0.08610208	-0.88781166	0	0	0.38	4.4786317e-18
3.420008321226495e-09	-0.2982831	-0.07445993	-0.89497775	0	0	0.38	4.6594166e-18
3.4300227694257988e-09	-0.30749294	-0.057848398	-0.8893502	0	0	0.38	4.9462638e-18
3.440023053062621e-09	-0.31202266	-0.040451072	-0.8917672	0	0	0.38	4.527961e-18
3.4500119524229704e-09	-0.30165043	-0.052334666	-0.89336705	0	0	0.38	4.2278152e-18
3.4600196974460572e-09	-0.2939968	-0.03769499	-0.89111924	0	0	0.38	4.2876986e-18
3.470026763784443e-09	-0.28087792	-0.06008745	-0.8940136	0	0	0.38	4.682467e-18
3.480037508518825e-09	-0.27569753	-0.060594022	-0.89021033	0	0	0.38	3.9945726e-18
3.4900386505796936e-09	-0.2686761	-0.06676185	-0.89078623	0	0	0.38	4.332092e-18
3.5000475547618345e-09	-0.26378652	-0.062203385	-0.8922923	0	0	0.38	5.719485e-18
3.510037082261134e-09	-0.26580855	-0.07299777	-0.8832732	0	0	0.38	4.4752357e-18
3.5200553841336813e-09	-0.26957008	-0.09867344	-0.87612855	0	0	0.38	4.799954e-18
3.530028282097615e-09	-0.28733605	-0.10416365	-0.86646664	0	0	0.38	4.2014857e-18
3.5400010008349752e-09	-0.27467537	-0.10460964	-0.8725897	0	0	0.38	3.744001e-18
3.5500348436420283e-09	-0.29472274	-0.12499341	-0.8614907	0	0	0.38	5.013216e-18
3.5600438730703858e-09	-0.29259402	-0.1182206	-0.86320955	0	0	0.38	4.6720034e-18
3.5700635037149544e-09	-0.2795808	-0.14566365	-0.86048985	0	0	0.38	4.076099e-18
3.5800517030796964e-09	-0.26347938	-0.1483555	-0.86359996	0	0	0.38	3.9459067e-18
3.5900201516095243e-09	-0.24391541	-0.15367244	-0.86601806	0	0	0.38	3.941867e-18
3.6000548366413177e-09	-0.22726975	-0.17329854	-0.86700964	0	0	0.38	4.4971295e-18
3.6100542380976763e-09	-0.21690388	-0.18015255	-0.87681425	0	0	0.38	5.135603e-18
3.6200509110780672e-09	-0.21533282	-0.20159593	-0.8777017	0	0	0.38	4.33117e-18
3.630050026736077e-09	-0.20874576	-0.22422099	-0.88028103	0	0	0.38	4.1498576e-18
3.640025169574872e-09	-0.21519439	-0.21385755	-0.88607806	0	0	0.38	5.333085e-18
3.65000519559572e-09	-0.22218075	-0.1940824	-0.8892259	0	0	0.38	5.072354e-18
3.6600353332816254e-09	-0.20019785	-0.18347895	-0.89325637	0	0	0.38	4.4974513e-18
3.6700119873835283e-09	-0.18961725	-0.18929687	-0.8922159	0	0	0.38	4.278127e-18
3.680014096783379e-09	-0.19709079	-0.19345763	-0.8929258	0	0	0.38	5.0704406e-18
3.690056285767114e-09	-0.18801583	-0.19199228	-0.89063734	0	0	0.38	4.330683e-18
3.7000294996721184e-09	-0.20305835	-0.20753683	-0.894159	0	0	0.38	3.7726165e-18
3.7100153413521056e-09	-0.20314164	-0.2256854	-0.8891996	0	0	0.38	5.671402e-18
3.720021556621556e-09	-0.19669522	-0.23768781	-0.8826031	0	0	0.38	5.512941e-18
3.730067070365618e-09	-0.21461588	-0.23527475	-0.87985605	0	0	0.38	4.6657366e-18
3.740030367076265e-09	-0.22510985	-0.22199795	-0.87856215	0	0	0.38	4.556938e-18
3.7500626756778565e-09	-0.21974304	-0.2072312	-0.87760454	0	0	0.38	4.4205326e-18
3.760005750342921e-09	-0.21166545	-0.22667052	-0.86864924	0	0	0.38	4.717006e-18
3.770032030504206e-09	-0.1797556	-0.22986235	-0.8678511	0	0	0.38	4.1367766e-18
3.7800237992620746e-09	-0.14428389	-0.23381092	-0.86771786	0	0	0.38	5.343394e-18
3.790053951102711e-09	-0.10147954	-0.23628885	-0.8754696	0	0	0.38	4.5279796e-18
3.8000025708754315e-09	-0.077081874	-0.23567687	-0.869649	0	0	0.38	4.1364275e-18
3.81000764601916e-09	-0.031799737	-0.24304263	-0.86074454	0	0	0.38	5.0497904e-18
3.820062943233834e-09	0.01531996	-0.2558527	-0.84459096	0	0	0.38	5.773815e-18
3.8300143610123935e-09	0.051698	-0.24403387	-0.83734083	0	0	0.38	4.4122538e-18
3.840016660343182e-09	0.104033165	-0.234393	-0.8203488	0	0	0.38	4.137295e-18
3.850007027637117e-09	0.14916696	-0.18023919	-0.8081456	0	0	0.38	4.739814e-18
3.860065071434053e-09	0.18428053	-0.09751564	-0.79685473	0	0	0.38	4.15103e-18
3.870052485384705e-09	0.21442512	0.010529553	-0.79177284	0	0	0.38	5.8593847e-18
3.880032270375089e-09	0.20878421	0.10959472	-0.78341246	0	0	0.38	4.529315e-18
3.890052257688739e-09	0.16467434	0.20784667	-0.77977276	0	0	0.38	3.897042e-18
3.9000393900358695e-09	0.09288456	0.27342033	-0.7782569	0	0	0.38	4.1387415e-18
3.9100228725623105e-09	0.010934101	0.28511423	-0.7689044	0	0	0.38	4.5955814e-18
3.920021488066681e-09	-0.07760224	0.28039956	-0.7589217	0	0	0.38	4.5200234e-18
3.930038617811379e-09	-0.1583044	0.21427397	-0.739767	0	0	0.38	4.2202015e-18
3.940008938385388e-09	-0.21548198	0.0919029	-0.70109624	0	0	0.38	5.2737748e-18
3.95000868867844e-09	-0.2056008	-0.05663026	-0.68174016	0	0	0.38	4.2874016e-18
3.960019677556337e-09	-0.13319142	-0.17615853	-0.6824646	0	0	0.38	4.13809e-18
3.970006784939962e-09	-0.044346325	-0.25270224	-0.664662	0	0	0.38	4.6903225e-18
3.9800213071523066e-09	0.059169713	-0.2623677	-0.6711397	0	0	0.38	5.328068e-18
3.9900331941899896e-09	0.15774131	-0.24872498	-0.6686146	0	0	0.38	4.841558e-18
4.0000231886308725e-09	0.2667636	-0.18512745	-0.6607101	0	0	0.38	4.752369e-18
4.010040296353311e-09	0.35487166	-0.055260383	-0.64208955	0	0	0.38	4.2341345e-18
4.020030957326242e-09	0.34668276	0.10534937	-0.6459927	0	0	0.38	4.8217334e-18
4.030054028254772e-09	0.2492215	0.2311506	-0.6433532	0	0	0.38	3.7190107e-18
4.040013716601679e-09	0.11386474	0.24415846	-0.63466144	0	0	0.38	3.278542e-18
4.0500256895634405e-09	0.006556523	0.21439722	-0.62937313	0	0	0.38	3.702789e-18
4.060020361238473e-09	-0.09436324	0.13947186	-0.62267643	0	0	0.38	4.1543186e-18
4.070048076297431e-09	-0.18087605	0.017544977	-0.62101346	0	0	0.38	4.5754065e-18
4.0800230735861724e-09	-0.18389355	-0.19013101	-0.60340774	0	0	0.38	3.8649596e-18
4.090048020108118e-09	-0.076072454	-0.35270953	-0.59780216	0	0	0.38	3.8513653e-18
4.100058368385105e-09	0.062595345	-0.41956127	-0.6041628	0	0	0.38	4.9119643e-18
4.110004667565473e-09	0.21706383	-0.41062093	-0.6160618	0	0	0.38	4.9207254e-18
4.1200296413275524e-09	0.32448158	-0.30231017	-0.6043598	0	0	0.38	4.148226e-18
4.130028780894504e-09	0.3375044	-0.12669916	-0.6045673	0	0	0.38	3.6726575e-18
4.140064867747329e-09	0.24036868	0.019433046	-0.6032136	0	0	0.38	4.0706857e-18
4.150038173129236e-09	0.12113676	0.12606515	-0.60601526	0	0	0.38	4.904123e-18
4.16004174790245e-09	-0.021830156	0.20044228	-0.6016707	0	0	0.38	4.7396564e-18
4.1700297665353965e-09	-0.20817126	0.19721289	-0.5969638	0	0	0.38	4.021516e-18
4.1800232329112145e-09	-0.3536204	0.11487989	-0.58598423	0	0	0.38	4.307215e-18
4.19002509278659e-09	-0.41896373	-0.055824213	-0.57157975	0	0	0.38	4.4660242e-18
4.200006412590455e-09	-0.33764377	-0.23334873	-0.55400914	0	0	0.38	3.9918107e-18
4.2100440777959645e-09	-0.19389625	-0.3284397	-0.54612833	0	0	0.38	2.9917925e-18
4.220045731969474e-09	-0.028861934	-0.32703525	-0.5424274	0	0	0.38	4.1261353e-18
4.230055249447524e-09	0.13240491	-0.25186226	-0.5334871	0	0	0.38	4.0918557e-18
4.240025867094228e-09	0.26280805	-0.10500101	-0.5138614	0	0	0.38	4.3734143e-18
4.250035920189207e-09	0.25011387	0.108543426	-0.48764762	0	0	0.38	3.750217e-18
4.2600479725341834e-09	0.114442214	0.27629146	-0.46614066	0	0	0.38	4.2751213e-18
4.270055342106239e-09	-0.038263526	0.3441715	-0.46331006	0	0	0.38	4.3259433e-18
4.280000911014309e-09	-0.21857746	0.3495472	-0.4485079	0	0	0.38	3.5712113e-18
4.2900502547417775e-09	-0.3838597	0.24253279	-0.44751695	0	0	0.38	3.048216e-18
4.300011552265222e-09	-0.42993796	0.028068095	-0.43231747	0	0	0.38	4.528702e-18
4.310034015605223e-09	-0.30024287	-0.17964913	-0.41589338	0	0	0.38	2.8511152e-18
4.320020597132583e-09	-0.080105044	-0.28191602	-0.4180668	0	0	0.38	2.9822698e-18
4.330004877329284e-09	0.10655156	-0.27815792	-0.41266125	0	0	0.38	3.259277e-18
4.3400176199222655e-09	0.24550802	-0.18408605	-0.41716954	0	0	0.38	3.2239834e-18
4.35004109930805e-09	0.35241297	-0.03627654	-0.40580696	0	0	0.38	3.2119504e-18
4.360007004849112e-09	0.32056236	0.19606274	-0.3860469	0	0	0.38	4.14117e-18
4.370031272638067e-09	0.10782968	0.3942042	-0.36919773	0	0	0.38	4.613189e-18
4.380024344602302e-09	-0.13814081	0.41724962	-0.3531268	0	0	0.38	2.9221154e-18
4.390017237742493e-09	-0.3195808	0.29745877	-0.34124032	0	0	0.38	3.519896e-18
4.400056686076622e-09	-0.3732152	0.09285321	-0.33498457	0	0	0.38	3.320633e-18
4.410023523487886e-09	-0.3051231	-0.08906263	-0.31922275	0	0	0.38	3.655237e-18
4.420035012864343e-09	-0.1249745	-0.25144082	-0.30611232	0	0	0.38	3.4770967e-18
4.43004729398813e-09	0.123033844	-0.2866424	-0.28514946	0	0	0.38	2.3807222e-18
4.440040526711056e-09	0.31699142	-0.20552056	-0.2764783	0	0	0.38	3.4454337e-18
4.450051161324273e-09	0.42477602	-0.050147954	-0.2793691	0	0	0.38	3.913423e-18
4.460055982318269e-09	0.4236028	0.16994563	-0.2505207	0	0	0.38	3.7437636e-18
4.470020906117602e-09	0.26835483	0.34433097	-0.22957279	0	0	0.38	3.3033055e-18
4.480042515432954e-09	0.0032300244	0.40916935	-0.2246599	0	0	0.38	4.269412e-18
4.4900393416738755e-09	-0.24746582	0.27930635	-0.21645486	0	0	0.38	3.7730045e-18
4.500002788799247e-09	-0.3334153	0.06623397	-0.20793612	0	0	0.38	3.5380244e-18
4.510014005271373e-09	-0.29312783	-0.11832377	-0.19445737	0	0	0.38	3.22874e-18
4.520000146661595e-09	-0.22617616	-0.29404315	-0.16951297	0	0	0.38	2.8218824e-18
4.5300237754905326e-09	-0.02588445	-0.41421083	-0.16725087	0	0	0.38	3.617903e-18
4.5400276876887245e-09	0.27187023	-0.34711426	-0.15079626	0	0	0.38	2.7356428e-18
4.550002371399883e-09	0.4223233	-0.11501409	-0.14792185	0	0	0.38	3.0907318e-18
4.560013456099422e-09	0.3578492	0.1015773	-0.13065012	0	0	0.38	2.9842073e-18
4.570061858526753e-09	0.193229	0.23123944	-0.10615164	0	0	0.38	2.461562e-18
4.58001922685909e-09	-0.059306167	0.2895041	-0.09997972	0	0	0.38	3.4372103e-18
4.590013802712742e-09	-0.2905995	0.22119737	-0.0950426	0	0	0.38	2.1894472e-18
4.600056573887187e-09	-0.4635706	0.015183834	-0.083217844	0	0	0.38	2.9474193e-18
4.610039648960204e-09	-0.4413014	-0.234161	-0.06264911	0	0	0.38	2.824908e-18
4.620026275279882e-09	-0.2180579	-0.41974336	-0.048943657	0	0	0.38	2.0922427e-18
4.630061886014575e-09	0.10005005	-0.41341484	-0.043991916	0	0	0.38	2.646874e-18
4.6400559890943385e-09	0.30592275	-0.18939394	-0.032655913	0	0	0.38	2.5703879e-18
4.650045273260493e-09	0.3288594	0.0016322018	-0.022007007	0	0	0.38	2.0817719e-18
4.660062515372586e-09	0.29120514	0.17709446	-0.014629946	0	0	0.38	2.2094174e-18
4.670021839900901e-09	0.14904316	0.37875736	-0.0034093622	0	0	0.38	3.0049536e-18
4.680063587110455e-09	-0.13871036	0.43660793	0.017079959	0	0	0.38	2.6501488e-18
4.690022008174638e-09	-0.3572853	0.25792396	0.036534503	0	0	0.38	2.1997555e-18
4.700059619081539e-09	-0.40381762	0.0022600812	0.039292395	0	0	0.38	1.4826229e-18
4.710027405103759e-09	-0.2443849	-0.1958779	0.0528522	0	0	0.38	2.105638e-18
4.720057984668097e-09	-0.04676716	-0.30879945	0.07848095	0	0	0.38	3.0243963e-18
4.730039035907652e-09	0.24036622	-0.29782334	0.087427676	0	0	0.38	2.931484e-18
4.740039816719834e-09	0.45265353	-0.094233885	0.091769494	0	0	0.38	1.8139606e-18
4.7500459140057395e-09	0.43541268	0.18685883	0.10056309	0	0	0.38	1.9505769e-18
4.760030056876138e-09	0.19781359	0.40241525	0.11134737	0	0	0.38	2.9350628e-18
4.770013146929674e-09	-0.10289055	0.3774668	0.12326741	0	0	0.38	2.4804828e-18
4.780015706861567e-09	-0.28733692	0.20273124	0.13479029	0	0	0.38	1.897009e-18
4.790042666533293e-09	-0.3202105	-0.0040980605	0.14023755	0	0	0.38	1.9218059e-18
4.80000647688468e-09	-0.27046525	-0.2106062	0.15770943	0	0	0.38	1.9414667e-18
4.810058137297869e-09	-0.052474327	-0.3718674	0.16994348	0	0	0.38	1.5843093e-18
4.820047377997297e-09	0.22882824	-0.36459863	0.177816	0	0	0.38	2.4327276e-18
4.830051454885842e-09	0.4084232	-0.1675919	0.18574332	0	0	0.38	1.5878537e-18
4.840008895321301e-09	0.43658012	0.09709981	0.19245322	0	0	0.38	1.6307187e-18
4.8500280492500105e-09	0.23147626	0.2993933	0.21341747	0	0	0.38	1.1418159e-18
4.860035982608214e-09	-0.055816114	0.31299692	0.22443289	0	0	0.38	1.6323179e-18
4.870054051822566e-09	-0.26230666	0.21276976	0.24224496	0	0	0.38	1.3793072e-18
4.880004325032745e-09	-0.36157936	0.05706792	0.2432888	0	0	0.38	8.6294604e-19
4.89000184599268e-09	-0.34727448	-0.16616999	0.25491002	0	0	0.38	1.4935293e-18
4.9000087881338596e-09	-0.10647685	-0.34411475	0.2758085	0	0	0.38	2.1455092e-18
4.910048971448445e-09	0.1948485	-0.32181644	0.29629087	0	0	0.38	1.7905081e-18
4.920057890590943e-09	0.38288698	-0.11618378	0.30790842	0	0	0.38	9.035046e-19
4.93004220739518e-09	0.36466265	0.1193406	0.31886712	0	0	0.38	1.5314651e-18
4.940053018399389e-09	0.19107594	0.32499462	0.33084813	0	0	0.38	1.2275868e-18
4.9500414439627235e-09	-0.10869886	0.35936695	0.3429527	0	0	0.38	1.3326875e-18
4.9600002826533e-09	-0.32268813	0.18482746	0.35048938	0	0	0.38	1.3031151e-18
4.970037303386672e-09	-0.3358822	-0.0653969	0.35974294	0	0	0.38	1.3025614e-18
4.980057463939738e-09	-0.21256797	-0.25499433	0.37631112	0	0	0.38	8.817273e-19
4.990047060682315e-09	0.012658212	-0.35633272	0.39441964	0	0	0.38	1.0383649e-18
5.0000629179527114e-09	0.258569	-0.27748603	0.39480644	0	0	0.38	1.5015593e-18
5.010055943046471e-09	0.38247275	-0.02342731	0.39899155	0	0	0.38	1.4728995e-18
5.020040123193519e-09	0.2962004	0.22856762	0.40040752	0	0	0.38	1.6025344e-18
5.030021858451975e-09	0.06453794	0.36390755	0.4179299	0	0	0.38	6.586744e-19
5.040042975043228e-09	-0.18984549	0.30078116	0.4349569	0	0	0.38	1.0851321e-18
5.050027315108065e-09	-0.31357133	0.09612336	0.436898	0	0	0.38	1.2333162e-18
5.06001742912851e-09	-0.2957622	-0.13671874	0.4471194	0	0	0.38	9.887088e-19
5.07003698802007e-09	-0.14840949	-0.30687487	0.4601024	0	0	0.38	1.6252104e-18
5.080052554064139e-09	0.10615508	-0.33654428	0.47767124	0	0	0.38	1.5580552e-18
5.09000872028097e-09	0.32793033	-0.13585083	0.48935455	0	0	0.38	6.5648114e-19
5.1000488904881335e-09	0.34219524	0.15330249	0.48727715	0	0	0.38	8.1191856e-19
5.110045856438238e-09	0.12269783	0.3538266	0.49845493	0	0	0.38	1.0964557e-18
5.120031841296999e-09	-0.15992646	0.34853432	0.51077616	0	0	0.38	9.401361e-19
5.130056983045068e-09	-0.30630526	0.14458726	0.5149978	0	0	0.38	8.5229795e-19
5.140037017282898e-09	-0.27784497	-0.08420764	0.5232639	0	0	0.38	8.6206297e-19
5.150039483134376e-09	-0.12608868	-0.25082478	0.5343773	0	0	0.38	4.929848e-19
5.1600221241802255e-09	0.08462227	-0.31572512	0.55244744	0	0	0.38	2.8141318e-19
5.170056507710921e-09	0.30288613	-0.19315217	0.5514903	0	0	0.38	1.2299525e-18
5.180019338436769e-09	0.36315086	0.06407348	0.5603081	0	0	0.38	9.949594e-19
5.190037262739764e-09	0.17690088	0.3202817	0.56928134	0	0	0.38	6.5891016e-19
5.200050582806127e-09	-0.11915872	0.33148974	0.58057755	0	0	0.38	4.431627e-19
5.210024805287473e-09	-0.28988102	0.14031616	0.5946594	0	0	0.38	7.512183e-19
5.220053774983439e-09	-0.25591117	-0.10705702	0.60124743	0	0	0.38	1.1016116e-18
5.23002489654677e-09	-0.13805866	-0.24859531	0.6089107	0	0	0.38	1.0626502e-18
5.24001646292131e-09	0.068553254	-0.3280261	0.6230407	0	0	0.38	-3.8471012e-19
5.250011956911021e-09	0.3034014	-0.18239802	0.6261246	0	0	0.38	2.7004474e-19
5.26000782408992e-09	0.32123598	0.11389085	0.6255393	0	0	0.38	2.609499e-19
5.270012637144066e-09	0.09815897	0.29619482	0.63766026	0	0	0.38	-1.2155216e-19
5.280024733909506e-09	-0.11594994	0.27769077	0.646812	0	0	0.38	-8.596472e-21
5.290020658192539e-09	-0.29515612	0.10588677	0.64859843	0	0	0.38	6.282332e-19
5.300062833318567e-09	-0.26673597	-0.11814243	0.6555852	0	0	0.38	6.4694887e-19
5.3100345779454685e-09	-0.102002546	-0.24954972	0.6778133	0	0	0.38	4.627236e-19
5.320051108873147e-09	0.10604179	-0.27442014	0.6895313	0	0	0.38	1.849539e-19
5.330048102701769e-09	0.28472683	-0.113532156	0.69619495	0	0	0.38	1.1131088e-20
5.340056206216382e-09	0.27687457	0.16891226	0.69602674	0	0	0.38	4.3221108e-20
5.350014650059551e-09	0.048100043	0.33114195	0.70824957	0	0	0.38	4.726691e-19
5.3600086824229835e-09	-0.2030316	0.23621878	0.7240667	0	0	0.38	-2.8774796e-19
5.370002901253217e-09	-0.28343895	-0.003313115	0.73700184	0	0	0.38	9.170169e-19
5.380057733755802e-09	-0.14820158	-0.21413869	0.74349254	0	0	0.38	7.0487813e-19
5.390018677369721e-09	0.07442953	-0.24050234	0.76277184	0	0	0.38	-8.728462e-19
5.4000325423071765e-09	0.20318662	-0.09757738	0.76867646	0	0	0.38	-5.7336805e-19
5.410024826876679e-09	0.21125044	0.10991405	0.7706765	0	0	0.38	1.05540007e-19
5.420057464381385e-09	0.061183788	0.26172787	0.78468376	0	0	0.38	-3.6117957e-19
5.430027866026366e-09	-0.20048362	0.21472141	0.79471153	0	0	0.38	-7.2550735e-19
5.440024427915045e-09	-0.26526347	-0.042142093	0.7897229	0	0	0.38	8.5231455e-19
5.450015835805514e-09	-0.099956006	-0.24967875	0.7992752	0	0	0.38	-6.6670215e-19
5.460023911520037e-09	0.15066382	-0.2441304	0.80490667	0	0	0.38	4.2961031e-19
5.4700491699591e-09	0.28673196	0.015783392	0.81645405	0	0	0.38	-1.4860079e-19
5.48001626065047e-09	0.12600376	0.2517297	0.830617	0	0	0.38	-1.6078304e-19
5.490053207138236e-09	-0.16073687	0.22674726	0.8411969	0	0	0.38	-1.0878875e-18
5.50001946840323e-09	-0.2701628	-0.034693122	0.8423122	0	0	0.38	2.1429364e-20
5.510056173305566e-09	-0.07355701	-0.2469349	0.85837346	0	0	0.38	-9.784332e-19
5.520007598518834e-09	0.17590582	-0.1563297	0.8702453	0	0	0.38	-4.091124e-19
5.530040758065044e-09	0.20082797	0.08698574	0.87306523	0	0	0.38	-1.4262832e-18
5.5400348222570396e-09	-0.0076569663	0.21538265	0.8852488	0	0	0.38	-3.722729e-19
5.5500348917443334e-09	-0.19894193	0.069319665	0.8889626	0	0	0.38	-8.4640724e-19
5.560013644580433e-09	-0.12148723	-0.17071943	0.90367156	0	0	0.38	-1.1189735e-18
5.5700642114590515e-09	0.13187751	-0.15307042	0.90705246	0	0	0.38	-1.6084057e-18
5.5800003034368174e-09	0.17093222	0.08274261	0.91484994	0	0	0.38	-4.618155e-19
5.590012140747262e-09	-0.055479307	0.17036018	0.92472875	0	0	0.38	-1.3857559e-18
5.600058664519011e-09	-0.18086243	-0.021933885	0.92678636	0	0	0.38	-2.1481749e-19
5.610049519074451e-09	-0.00077392784	-0.17602205	0.93089443	0	0	0.38	-1.1184337e-18
5.620047111491572e-09	0.1640417	-0.03199474	0.93623126	0	0	0.38	-1.249269e-18
5.6300268980953696e-09	0.057833813	0.15459016	0.9386158	0	0	0.38	-1.1337939e-18
5.64002053987493e-09	-0.1382106	0.07539457	0.9415717	0	0	0.38	-7.322848e-19
5.650029439236072e-09	-0.07885688	-0.1107145	0.9444888	0	0	0.38	-1.3479681e-18
5.66000968272146e-09	0.07882944	-0.09547173	0.9493118	0	0	0.38	-1.6788125e-18
5.6700534117097434e-09	0.11194423	0.047030568	0.94958663	0	0	0.38	-2.1639632e-18
5.680032224117582e-09	-0.019363271	0.11240746	0.9547885	0	0	0.38	-8.757852e-19
5.690063431886526e-09	-0.10090919	-0.015389456	0.9546354	0	0	0.38	-1.5707082e-18
5.700005678379665e-09	0.017714385	-0.08542263	0.95672745	0	0	0.38	-9.921678e-19
5.710029253038933e-09	0.0839995	-0.0011195696	0.95680475	0	0	0.38	-1.9052863e-18
5.720013078872937e-09	0.015007745	0.066562	0.9598489	0	0	0.38	-1.5211544e-18
5.730055703283205e-09	-0.046150498	0.031689495	0.9620734	0	0	0.38	-1.3846681e-18
5.740045950027023e-09	-0.050147258	-0.03523168	0.9632874	0	0	0.38	-8.594587e-19
5.750026532431041e-09	0.010683306	-0.045925956	0.96003973	0	0	0.38	-1.0002276e-18
5.760032421216897e-09	0.031735353	0.010411577	0.9649525	0	0	0.38	-2.4478593e-19
5.770034610035855e-09	0.008735559	0.033839412	0.9662259	0	0	0.38	-5.611358e-19
5.7800320023505435e-09	-0.050398327	0.008572575	0.96555465	0	0	0.38	-1.0116066e-18
5.790052933733463e-09	-0.039251164	-0.030920103	0.96529484	0	0	0.38	-4.7538194e-19
5.80001380343502e-09	0.010417978	-0.012842195	0.9672218	0	0	0.38	-9.817521e-19
5.810015705358136e-09	0.025766604	0.02479232	0.9644337	0	0	0.38	-1.4353096e-18
5.820052028899319e-09	-0.032068864	0.021719782	0.96344054	0	0	0.38	-8.0821776e-19
5.830055453942178e-09	-0.021929292	-0.028220149	0.96400416	0	0	0.38	-1.7528857e-18
5.840028545755731e-09	0.017760161	-0.010562794	0.96766627	0	0	0.38	-1.9882248e-18
5.850012720296188e-09	-0.010358573	0.02154515	0.9623566	0	0	0.38	-1.1187012e-18
5.860043215019116e-09	-0.01938964	-0.006962795	0.96454495	0	0	0.38	-8.3933205e-19
5.87003143552611e-09	-0.0021205042	-0.029527681	0.96395534	0	0	0.38	-1.1518093e-18
5.880044820476844e-09	0.034628656	-0.004022504	0.9640014	0	0	0.38	-1.9653915e-18
5.89001771664171e-09	0.013751845	0.054931	0.96351933	0	0	0.38	-1.4620325e-18
5.900050620127369e-09	-0.057625014	0.0073265843	0.96555954	0	0	0.38	-1.1097157e-18
5.910027917336311e-09	-0.002282778	-0.05085589	0.96387726	0	0	0.38	-5.006531e-19
5.92005804824986e-09	0.039129294	-0.0012311031	0.96617585	0	0	0.38	-1.5036177e-18
5.9300421096267985e-09	0.016611386	0.042484332	0.96465254	0	0	0.38	-1.5870252e-18
5.940055744072612e-09	-0.031664968	0.0338336	0.9643721	0	0	0.38	-1.2221496e-18
5.950003649876273e-09	-0.048020765	-0.034938395	0.96517795	0	0	0.38	-1.3343346e-18
5.960058539336622e-09	0.0367339	-0.034358405	0.96724397	0	0	0.38	-5.543351e-19
5.970003002832293e-09	0.05355779	0.02680818	0.96252924	0	0	0.38	-2.3775142e-18
5.9800155570429164e-09	-0.020411715	0.05720177	0.9630369	0	0	0.38	-2.41721e-18
5.990001638664817e-09	-0.060996313	-0.0055763735	0.96366876	0	0	0.38	-3.0522629e-19
6.000047290657272e-09	-0.0026442923	-0.038747072	0.96462005	0	0	0.38	-8.1257085e-19
6.010023281522152e-09	0.030111438	-0.004379417	0.9651393	0	0	0.38	-1.3130348e-18
6.020056490649766e-09	0.022548	0.031784214	0.96670467	0	0	0.38	-1.260299e-19
6.030030423927631e-09	-0.013141006	0.02938008	0.9676283	0	0	0.38	-2.1940347e-18
6.040055662277548e-09	-0.032388795	0.001680494	0.96698666	0	0	0.38	-1.443269e-18
6.050059082153208e-09	-0.008364715	-0.02447739	0.9669088	0	0	0.38	-9.011703e-19
6.0600146321692135e-09	0.025916532	-0.0037743829	0.9678392	0	0	0.38	-1.7023765e-18
6.0700589736676165e-09	-0.0077276747	0.02642441	0.96404314	0	0	0.38	-8.795128e-19
6.080049868720285e-09	-0.032935068	-0.0065082274	0.9628819	0	0	0.38	-9.161872e-19
6.090053204366036e-09	-0.011525061	-0.039132614	0.962199	0	0	0.38	-9.912256e-20
6.100062314782291e-09	0.039742325	-0.02335693	0.9615652	0	0	0.38	-1.1995645e-18
6.110030739564995e-09	0.013898485	0.042888407	0.96221983	0	0	0.38	-9.808692e-19
6.120038590422449e-09	-0.01953043	0.018793294	0.9621862	0	0	0.38	-1.1332616e-18
6.130004327934433e-09	-0.026319705	-0.014692269	0.96083474	0	0	0.38	-1.1757244e-18
6.140004498291841e-09	-0.0077980584	-0.013757818	0.96292335	0	0	0.38	-1.7572098e-18
6.1500568401745266e-09	0.0033456257	-0.02326682	0.96020836	0	0	0.38	-2.1453159e-18
6.1600319109757144e-09	0.026687372	0.008704956	0.9623574	0	0	0.38	-1.3932869e-18
6.170030067655914e-09	-0.007931629	0.026770717	0.9651944	0	0	0.38	-2.2782223e-18
6.1800076348091644e-09	-0.054855924	-0.020821465	0.96505773	0	0	0.38	-1.6473579e-18
6.190047693944431e-09	0.033271674	-0.050973337	0.9675601	0	0	0.38	-1.6840237e-18
6.200062232947132e-09	0.050187152	0.031011026	0.9641554	0	0	0.38	-1.2114942e-18
6.210009211616898e-09	-0.014611324	0.048485115	0.9646966	0	0	0.38	-1.6230715e-18
6.220045795447505e-09	-0.050927475	-0.003317718	0.96537846	0	0	0.38	-1.7397354e-18
6.230016133790397e-09	-0.0042296513	-0.056253556	0.96653575	0	0	0.38	-2.2014072e-18
6.240005023250351e-09	0.032939784	-0.0328796	0.9665803	0	0	0.38	-2.4529067e-18
6.2500405556085354e-09	0.023281299	0.03295575	0.96461135	0	0	0.38	-1.2283575e-18
6.260054666166778e-09	-0.01290003	0.017320033	0.96549815	0	0	0.38	-1.284076e-18
6.270007000983713e-09	-0.03277923	-0.015015827	0.9639933	0	0	0.38	-1.5332797e-18
6.2800152192696055e-09	0.012666442	-0.037630163	0.96376646	0	0	0.38	-6.955606e-19
6.290030659674294e-09	0.04689834	0.0011231735	0.9619177	0	0	0.38	-5.722916e-19
6.300004273075599e-09	0.002498918	0.04648095	0.9622365	0	0	0.38	-3.3353202e-19
6.310016823980237e-09	-0.048400674	-0.0008801592	0.96451616	0	0	0.38	-9.676286e-19
6.32004262687305e-09	-0.0017188353	-0.039772857	0.96594566	0	0	0.38	-2.1878032e-18
6.330031633099099e-09	0.026511766	-0.016156081	0.9647704	0	0	0.38	-1.3568243e-18
6.3400114207240345e-09	0.024943931	0.031249277	0.9656493	0	0	0.38	-1.5677294e-18
6.350058919926851e-09	-0.008016212	0.0040649837	0.96505755	0	0	0.38	-1.0153424e-18
6.360022464173712e-09	0.002037191	-0.014868678	0.9648647	0	0	0.38	-1.4628991e-18
6.370009688370577e-09	0.008611118	0.0038829232	0.9669992	0	0	0.38	-1.708884e-18
6.380036140183716e-09	0.0070436667	0.021990705	0.96572244	0	0	0.38	-1.795709e-18
6.390062769096371e-09	-0.023571746	-0.0015696445	0.965528	0	0	0.38	-1.9370519e-18
6.400042255652902e-09	0.009082056	-0.040691316	0.96565783	0	0	0.38	-6.6214614e-19
6.410035583987766e-09	0.033876237	0.008043903	0.9677025	0	0	0.38	-1.0274811e-18
6.420021180437769e-09	-0.0032208501	0.0391589	0.96478987	0	0	0.38	-8.793966e-19
6.430035067707494e-09	-0.020527402	-0.015808936	0.96533316	0	0	0.38	-2.0320461e-19
6.44001144915937e-09	0.020573283	-0.017564714	0.96582586	0	0	0.38	-8.4690763e-19
6.450028850823434e-09	0.01819009	0.02579786	0.96470815	0	0	0.38	-1.0928188e-18
6.460004733728065e-09	-0.0305676	0.018584346	0.96510565	0	0	0.38	-1.8495684e-18
6.4700285602239435e-09	-0.017187798	-0.031761236	0.9641936	0	0	0.38	-1.0229873e-18
6.480056547678129e-09	0.025381217	-0.00012658148	0.9644897	0	0	0.38	-2.6030013e-18
6.4900010786648e-09	0.014253786	0.0105632385	0.9680736	0	0	0.38	-3.8214827e-19
6.50004503328171e-09	0.0033657798	0.023287946	0.9646629	0	0	0.38	-6.238539e-19
6.51006158990332e-09	0.004557702	0.013795761	0.9652083	0	0	0.38	-7.0814203e-19
6.520031516298786e-09	-0.008497365	-0.0018670887	0.9621007	0	0	0.38	-1.7194431e-18
6.530056787251191e-09	-0.0044127544	-0.0138838515	0.96598047	0	0	0.38	-1.321013e-18
6.5400454207086715e-09	0.024310637	-0.010567766	0.9633069	0	0	0.38	-9.910051e-19
6.550012287157657e-09	0.015724648	0.017968701	0.96350306	0	0	0.38	-1.4435292e-18
6.560020733505011e-09	-0.004228409	0.012056611	0.9643424	0	0	0.38	-7.471766e-19
6.5700617177083025e-09	-0.0162974	-0.015088906	0.9641677	0	0	0.38	-1.2615213e-18
6.580032556305306e-09	0.00712054	-0.0007215756	0.9663267	0	0	0.38	-1.6890013e-18
6.590010633712346e-09	-0.014424744	-0.008862437	0.96423143	0	0	0.38	-1.559148e-18
6.6000060897693556e-09	0.016295291	-0.0052189543	0.96599144	0	0	0.38	-1.5919835e-18
6.6100453702009364e-09	0.009282926	0.01499258	0.9630168	0	0	0.38	-1.590057e-18
6.6200308413833685e-09	-0.009478185	0.0042009037	0.96585894	0	0	0.38	-7.563276e-19
6.6300638709685415e-09	-0.008993823	-0.0052085323	0.96550715	0	0	0.38	-4.8770786e-19
6.640019248350956e-09	0.013344788	-0.023901463	0.9658862	0	0	0.38	-1.7514387e-18
6.650033156449868e-09	0.012688587	0.014861404	0.96757066	0	0	0.38	-9.551706e-19
6.660020279949892e-09	-0.0070203296	0.023298526	0.9680596	0	0	0.38	-6.1822574e-19
6.670028529730918e-09	-0.018232532	-0.00963737	0.9686194	0	0	0.38	-1.4513068e-18
6.6800141386924795e-09	-0.005428658	-0.021127738	0.9640737	0	0	0.38	-8.3313176e-19
6.690031481997344e-09	0.01525011	-0.0047486955	0.9665771	0	0	0.38	-1.9782093e-18
6.700032885781648e-09	0.0030316578	0.018628744	0.9670374	0	0	0.38	-7.4196483e-19
6.710046810047994e-09	-0.01880408	0.007874221	0.96699125	0	0	0.38	-2.249855e-19
6.720049999122125e-09	-0.00093034265	-0.011308619	0.9654009	0	0	0.38	-1.0099323e-18
6.730013338838446e-09	-0.014095621	0.0051916875	0.9692305	0	0	0.38	-1.2180962e-18
6.740028982156251e-09	-0.0021962186	0.009027725	0.9684209	0	0	0.38	-1.1913615e-18
6.75004406600315e-09	-0.014758929	-0.0065031294	0.96779215	0	0	0.38	-1.5373386e-18
6.760020343767667e-09	-1.82584e-05	-0.009972132	0.96776456	0	0	0.38	-1.2104126e-18
6.770063371806276e-09	0.025145624	0.0016569293	0.967991	0	0	0.38	-1.6414191e-18
6.78004031507529e-09	0.0026137277	0.03160911	0.967035	0	0	0.38	-9.732145e-19
6.7900316197814206e-09	-0.038493127	0.020328978	0.9653933	0	0	0.38	-1.0564933e-18
6.800029120811641e-09	-0.02006947	-0.038968854	0.966414	0	0	0.38	-7.667099e-19
6.810036057532664e-09	0.024872836	-0.04866573	0.96726185	0	0	0.38	-1.3801552e-18
6.8200100540406515e-09	0.044187594	0.014570707	0.96752316	0	0	0.38	-8.408406e-19
6.830056313504663e-09	-0.010243966	0.05378329	0.9652195	0	0	0.38	-6.8045066e-19
6.840043228166309e-09	-0.05434055	-0.012419574	0.9625376	0	0	0.38	-8.2446534e-19
6.850008944567557e-09	0.0087350365	-0.057258118	0.9642712	0	0	0.38	-1.0663272e-18
6.860020061895233e-09	0.048306998	-0.0074243476	0.96493816	0	0	0.38	-2.366974e-18
6.8700507690630085e-09	0.012087607	0.03668966	0.96396625	0	0	0.38	-7.269162e-19
6.880006836736693e-09	-0.038811315	0.014940872	0.96265745	0	0	0.38	-6.766408e-19
6.8900156380996975e-09	-0.016956393	-0.031863526	0.9642552	0	0	0.38	-1.4364258e-18
6.90001295984377e-09	0.007633569	-0.02603961	0.9649678	0	0	0.38	-1.5687846e-18
6.910051897382206e-09	0.04181752	0.010400166	0.9633108	0	0	0.38	-1.7103505e-18
6.9200637796862505e-09	-0.024558524	0.03436098	0.9673312	0	0	0.38	-1.280796e-18
6.930055795838912e-09	-0.021988507	-0.02931262	0.9651426	0	0	0.38	-3.8117894e-19
6.940014437944908e-09	0.031305037	-0.021446144	0.9628972	0	0	0.38	-1.1225218e-18
6.9500067893296884e-09	0.014427863	0.02215996	0.96193814	0	0	0.38	5.8757694e-19
6.9600438903401e-09	-0.010032437	0.008814057	0.96492094	0	0	0.38	-1.4416628e-18
6.970007884379224e-09	-0.019645713	-0.007951351	0.96234477	0	0	0.38	-9.437404e-19
6.980002186744493e-09	0.015426668	-0.009102833	0.9672548	0	0	0.38	-5.9486725e-19
6.990006492649668e-09	0.0068227644	0.011257061	0.96422046	0	0	0.38	-1.1907402e-18
7.000004504379448e-09	-0.014935393	-0.0030106418	0.96530503	0	0	0.38	-9.784822e-19
7.010037254145851e-09	0.0044093295	-0.02228404	0.9646698	0	0	0.38	-1.4510352e-18
7.020050133278001e-09	0.017412858	0.0040428014	0.96509767	0	0	0.38	-9.574001e-19
7.030019145720899e-09	0.01571109	0.010234949	0.9656707	0	0	0.38	-9.651204e-19
7.040003648057272e-09	-0.018582683	0.027546553	0.96371037	0	0	0.38	-9.996027e-19
7.050054145864748e-09	-0.033217892	-0.014353481	0.9657789	0	0	0.38	-1.5837822e-18
7.0600087308866225e-09	-0.0031925812	-0.028300958	0.96414363	0	0	0.38	-1.8276237e-18
7.070022283777048e-09	0.02541859	0.00411456	0.9686123	0	0	0.38	-1.0065025e-18
7.080028677717245e-09	0.0032812639	0.010955823	0.965485	0	0	0.38	-1.5949887e-18
7.0900295741671e-09	-0.008173748	-0.0038627803	0.96696365	0	0	0.38	-1.759979e-18
7.100043393502e-09	-0.0073994934	-0.011712191	0.9656492	0	0	0.38	-7.1129426e-19
7.110014272031809e-09	0.0061477814	0.007827303	0.9672327	0	0	0.38	-2.103781e-18
7.120018530799766e-09	-0.023406737	0.0074409074	0.9638525	0	0	0.38	-2.3067271e-18
7.1300536605128515e-09	-0.013825386	-0.0060898135	0.9676168	0	0	0.38	-1.565394e-18
7.140002769288524e-09	-0.00585673	-0.0037754944	0.9651678	0	0	0.38	-1.2859701e-18
7.150008226046387e-09	0.02735879	-0.009397542	0.96106154	0	0	0.38	-1.8147424e-18
7.16004194000825e-09	0.016101127	0.02858541	0.9618243	0	0	0.38	-7.7054273e-19
7.1700157785892495e-09	-0.026695378	0.020910377	0.9642728	0	0	0.38	-1.0882257e-18
7.180008088981699e-09	-0.028510137	-0.02002382	0.9658226	0	0	0.38	-1.5985424e-18
7.190012038750872e-09	0.013771138	-0.027657373	0.96972156	0	0	0.38	-1.0724338e-18
7.200044335405767e-09	0.022992387	0.004140256	0.966202	0	0	0.38	-1.5551403e-18
7.210051910553891e-09	0.006031325	0.023609413	0.96654975	0	0	0.38	-2.0939976e-18
7.220006272190544e-09	-0.02055848	-0.0056551313	0.9655331	0	0	0.38	-2.37548e-18
7.230050845887529e-09	-0.0037085628	0.0008219028	0.96696794	0	0	0.38	-2.0685186e-18
7.240053191229588e-09	-0.006783301	-0.009791673	0.96524346	0	0	0.38	-1.3487039e-18
7.250010090428523e-09	-0.0032788564	-0.005738266	0.9646482	0	0	0.38	-1.1674922e-18
7.2600087886688354e-09	0.019332195	-0.019063024	0.9634027	0	0	0.38	-1.9561612e-18
7.270060831879385e-09	0.015961872	0.029681029	0.96392447	0	0	0.38	-5.3220103e-19
7.280056939534102e-09	-0.043915592	0.009796216	0.9631403	0	0	0.38	-8.919032e-19
7.29004480981621e-09	-0.013316514	-0.058961898	0.9636657	0	0	0.38	-8.312595e-19
7.300005847628983e-09	0.062210996	-0.008307282	0.9626102	0	0	0.38	-1.797756e-18
7.310058816248614e-09	0.012167545	0.04739288	0.9650503	0	0	0.38	-5.249159e-19
7.320030205306977e-09	-0.04603055	0.022219991	0.96274036	0	0	0.38	-5.8125935e-19
7.330043670262729e-09	-0.01597074	-0.037608914	0.9626467	0	0	0.38	-2.9652587e-19
7.340033369119755e-09	0.013713809	-0.032620642	0.9642504	0	0	0.38	-1.3155368e-18
7.3500617911354415e-09	0.038138133	0.0021271636	0.96226174	0	0	0.38	-1.4150108e-18
7.360022194967961e-09	0.008606007	0.038477458	0.96305656	0	0	0.38	-1.4485552e-18
7.37002095967897e-09	-0.033659674	0.022252731	0.9669198	0	0	0.38	-1.6240376e-18
7.3800175579014e-09	-0.0058965012	-0.041856527	0.9659272	0	0	0.38	-1.4616096e-18
7.3900180032288436e-09	0.0319461	-0.01640053	0.9656962	0	0	0.38	-1.0648916e-18
7.400031598319505e-09	0.005807737	0.021505758	0.965366	0	0	0.38	-9.195594e-19
7.410044503835552e-09	-0.00820211	0.01002837	0.9655804	0	0	0.38	-7.0762815e-19
7.420053211938406e-09	-0.018365778	0.004874257	0.96435773	0	0	0.38	-6.9473033e-19
7.430065771481258e-09	-0.011104454	-0.008757389	0.9649613	0	0	0.38	-1.0362149e-18
7.440021120510319e-09	-0.007824523	-0.019422278	0.96236473	0	0	0.38	2.3092978e-19
7.450035963753839e-09	0.027049324	-0.014802264	0.9617686	0	0	0.38	-3.81452e-19
7.46006322580551e-09	0.009189574	0.017708177	0.9612599	0	0	0.38	-6.827867e-19
7.470019914137646e-09	-0.003590747	0.011720244	0.9620477	0	0	0.38	-5.1697217e-19
7.48005209971177e-09	-0.013761079	-0.0073577184	0.9617705	0	0	0.38	-7.4072116e-19
7.49000830278204e-09	0.0013834155	-0.022021852	0.9663606	0	0	0.38	-9.680366e-19
7.50002873851023e-09	0.0036675918	-0.013150232	0.96474123	0	0	0.38	-1.4996371e-18
7.51004027310773e-09	0.020793408	0.0059134876	0.9618317	0	0	0.38	-1.3666878e-18
7.520019004602213e-09	-0.013424453	0.015314018	0.96161115	0	0	0.38	-1.0645866e-18
7.530013075001792e-09	-0.014994501	-0.0311622	0.9592654	0	0	0.38	-1.0623867e-18
7.54000103083464e-09	0.039761692	-0.032390352	0.9594205	0	0	0.38	-1.2936695e-18
7.550013203900311e-09	0.058249164	0.04221054	0.9593904	0	0	0.38	-3.824493e-19
7.560060879324552e-09	-0.049852267	0.059208058	0.96076125	0	0	0.38	-1.2932211e-18
7.570012282830998e-09	-0.06360085	-0.049665593	0.9623762	0	0	0.38	-1.4306491e-18
7.580038485399694e-09	0.051709164	-0.07687634	0.9613373	0	0	0.38	-8.571722e-19
7.590035217540162e-09	0.049895823	0.042523876	0.96271527	0	0	0.38	-1.1604679e-18
7.600058643331923e-09	-0.040018868	0.05797557	0.9603378	0	0	0.38	-1.6911991e-18
7.610027910300613e-09	-0.06797875	-0.0242685	0.96053356	0	0	0.38	-1.3984534e-18
7.620061202974437e-09	0.008588765	-0.050410867	0.9620196	0	0	0.38	-5.081574e-19
7.630053771352495e-09	0.04989934	0.009758	0.9666173	0	0	0.38	-1.4618214e-18
7.64002309568978e-09	0.0027762551	0.031981703	0.9660615	0	0	0.38	-1.5065248e-18
7.650033540786592e-09	-0.042907283	0.0053554308	0.96713406	0	0	0.38	-1.6160376e-18
7.660028539968745e-09	-0.0025061257	-0.050589915	0.96656644	0	0	0.38	-1.042787e-18
7.670003676189827e-09	0.039266825	-0.020833319	0.96391106	0	0	0.38	-2.2412823e-18
7.680033708178936e-09	0.031349204	0.021833997	0.96423906	0	0	0.38	-1.0338369e-18
7.690015903607823e-09	-0.018738134	0.039775144	0.9643059	0	0	0.38	-1.8350346e-18
7.700049967899071e-09	-0.041490648	-0.004752236	0.9640264	0	0	0.38	-1.3709094e-18
7.710041215133273e-09	0.0011012842	-0.029625554	0.96146816	0	0	0.38	-4.6090643e-19
7.720021906159757e-09	0.028036363	-0.0229948	0.9637055	0	0	0.38	-1.798971e-18
7.73001577320435e-09	0.030497288	0.035480674	0.9651809	0	0	0.38	-8.6547344e-19
7.740032308856028e-09	-0.042251047	0.031546663	0.9641736	0	0	0.38	-6.5403615e-19
7.750002777944456e-09	-0.020953752	-0.030876305	0.9669209	0	0	0.38	-9.536962e-19
7.76005088423122e-09	0.021411633	-0.017174767	0.9637367	0	0	0.38	-1.0538072e-18
7.770048762620451e-09	0.006409953	0.023572711	0.9623278	0	0	0.38	-1.2090372e-18
7.780052867893585e-09	-0.00945048	0.00080456404	0.9648994	0	0	0.38	-1.9055772e-18
7.790038083884617e-09	0.013298074	0.0026721025	0.96687406	0	0	0.38	-7.79544e-19
7.800021351813398e-09	-0.004607488	0.009287109	0.966225	0	0	0.38	-1.1674538e-18
7.8100169519199e-09	-0.0007715942	-0.0063455896	0.9687172	0	0	0.38	-1.2816269e-18
7.820037556777451e-09	0.009809158	0.006054898	0.9684956	0	0	0.38	-1.8797801e-18
7.830016912108521e-09	-0.0080356095	-0.00044741624	0.9664187	0	0	0.38	-2.2509152e-18
7.840028023910441e-09	-0.015400089	-0.0007444652	0.96464604	0	0	0.38	-1.2599599e-18
7.850055850032232e-09	-0.00209817	0.008034966	0.9651611	0	0	0.38	-6.5239435e-19
7.860023270689581e-09	-0.0016764859	-0.0028723706	0.9637868	0	0	0.38	-1.6091217e-18
7.870020447118342e-09	0.0013404301	0.0027983594	0.9628579	0	0	0.38	1.5828976e-19
7.880038237701904e-09	-0.0040712766	-0.0076160417	0.96359205	0	0	0.38	-1.5280494e-18
7.890037894634143e-09	-0.009076961	0.005939534	0.96315813	0	0	0.38	-4.8442313e-19
7.900024222003127e-09	-0.019814312	-0.00218295	0.96043676	0	0	0.38	-1.3027616e-18
7.910006120514487e-09	-0.004501317	-0.012529136	0.96325654	0	0	0.38	-1.2820069e-18
7.920039623601438e-09	0.02213066	-0.013565244	0.96544313	0	0	0.38	-2.661656e-18
7.93001144756772e-09	0.011950839	0.02387324	0.9669892	0	0	0.38	-8.934763e-19
7.94003281780757e-09	-0.022483217	0.010645538	0.96489495	0	0	0.38	-1.0722221e-18
7.950054734953371e-09	0.004138352	-0.020562924	0.9644711	0	0	0.38	-1.8268164e-18
7.960049377910726e-09	0.011002078	-0.001273915	0.9640115	0	0	0.38	-1.7752741e-18
7.970008965412908e-09	0.0001873694	-0.00444788	0.96716833	0	0	0.38	-1.3209693e-18
7.980062010094456e-09	0.006906378	-0.0001154771	0.9694047	0	0	0.38	-1.6281087e-18
7.99004664071118e-09	-0.016963083	0.001004545	0.9667103	0	0	0.38	-7.969415e-19
8.000003465975332e-09	0.0065718847	-0.00688809	0.965989	0	0	0.38	-1.1414478e-18
8.01002938565644e-09	0.0013172937	0.011754665	0.96662146	0	0	0.38	-7.7053053e-19
8.020002908163936e-09	0.010563679	0.0027253346	0.9662396	0	0	0.38	-1.3804543e-18
8.030013488894208e-09	-0.007332577	0.006462191	0.9659412	0	0	0.38	-1.7384135e-18
8.04004561737618e-09	0.0041044145	0.0026836204	0.96573704	0	0	0.38	-7.9588315e-19
8.050034280067163e-09	0.0048605422	0.019258352	0.96383744	0	0	0.38	-1.8246769e-18
8.060003305536439e-09	-0.03324787	-0.0018476994	0.96378607	0	0	0.38	-2.9344884e-19
8.0700422341544e-09	0.0014349886	-0.033523962	0.96251726	0	0	0.38	-2.7357373e-19
8.080063504566843e-09	0.013908274	0.008068763	0.9607121	0	0	0.38	-1.6777976e-18
8.090047669611694e-09	-0.014833049	-0.0011036446	0.96168405	0	0	0.38	-2.8419826e-20
8.100048521909366e-09	0.011529293	0.0018273914	0.9611353	0	0	0.38	-6.8447655e-19
8.110055488591982e-09	-0.011106438	0.010082677	0.9658868	0	0	0.38	-1.6398532e-18
8.120032872693765e-09	-0.016255148	-0.005618969	0.9655604	0	0	0.38	-1.1628894e-18
8.130016911390948e-09	0.025943296	-0.035894167	0.9645648	0	0	0.38	-7.548242e-19
8.140022027673312e-09	0.042035513	0.0101304995	0.96363986	0	0	0.38	-9.787724e-19
8.150036808159935e-09	-0.0035230003	0.0370082	0.9660019	0	0	0.38	-1.2464064e-18
8.160046512768289e-09	-0.030387782	0.00090953446	0.96590674	0	0	0.38	-9.2774e-19
8.170001639623242e-09	-0.0124336835	-0.014442601	0.9674634	0	0	0.38	-1.0869139e-18
8.180012773422793e-09	0.021711629	0.008046084	0.9685173	0	0	0.38	-3.753721e-20
8.190051846644358e-09	-0.014187827	0.011218718	0.9684229	0	0	0.38	-8.978955e-19
8.200013097181903e-09	-0.0029356892	-0.016934073	0.9669961	0	0	0.38	-7.5540884e-19
8.210030927428543e-09	0.022221608	-0.012503767	0.9664277	0	0	0.38	-1.5990852e-18
8.220003237037988e-09	0.007166292	0.0208374	0.9641526	0	0	0.38	-1.1863056e-18
8.230062820891227e-09	-0.018178374	0.0186951	0.9654851	0	0	0.38	-1.7000249e-18
8.24004892734662e-09	-0.028077131	-0.015020707	0.9627445	0	0	0.38	-1.0265989e-18
8.250006882233838e-09	0.027837746	-0.01842634	0.9624126	0	0	0.38	-1.9515335e-18
8.260014716760035e-09	0.023703622	0.018279012	0.9640333	0	0	0.38	-1.2330462e-18
8.27003864420415e-09	-0.014604706	0.031546444	0.9635516	0	0	0.38	-1.2975638e-18
8.280028477588495e-09	-0.025299465	-0.015131325	0.9627938	0	0	0.38	-9.54783e-19
8.290046550349822e-09	0.0149205495	-0.018831816	0.96513027	0	0	0.38	-1.683448e-19
8.300040137681392e-09	0.036496334	0.016495863	0.96272993	0	0	0.38	-9.782602e-19
8.310017338366374e-09	-0.0001360865	0.036333807	0.96404546	0	0	0.38	9.392076e-20
8.320033252593852e-09	-0.028101586	0.0066600493	0.96309686	0	0	0.38	-5.2109483e-19
8.330019338241951e-09	-0.009774075	-0.024110563	0.9662792	0	0	0.38	-1.3275367e-18
8.340022085142171e-09	0.027928602	-2.5382e-05	0.9679931	0	0	0.38	-1.7765327e-18
8.350055852654476e-09	-0.0077463323	0.027373722	0.9675559	0	0	0.38	-8.1481157e-19
8.360046895457928e-09	-0.031806413	0.00058482034	0.9651667	0	0	0.38	-8.404029e-19
8.370034850848795e-09	-0.017031796	-0.01752525	0.9656698	0	0	0.38	-9.643153e-19
8.380000824835e-09	0.017234664	-0.020741796	0.9630127	0	0	0.38	-4.6604333e-19
8.390052431664756e-09	0.027258037	0.0036911455	0.9651955	0	0	0.38	-1.4463772e-18
8.400023441023809e-09	-0.00546138	0.033720743	0.96387583	0	0	0.38	-1.6492784e-18
8.410037908411723e-09	-0.0366078	-0.011930757	0.9636257	0	0	0.38	-9.712292e-19
8.420044136081944e-09	0.01591735	-0.032865103	0.9623489	0	0	0.38	-1.2542008e-18
8.430061390108344e-09	0.023516964	0.0056247558	0.96381986	0	0	0.38	-1.6383764e-18
8.440037455577412e-09	-0.004309389	0.013533384	0.96659017	0	0	0.38	-1.8720609e-18
8.450044793651154e-09	-0.016602736	0.0009023638	0.9650882	0	0	0.38	-1.5367834e-18
8.46001507359887e-09	-0.009508478	-0.024611093	0.9653514	0	0	0.38	-1.3272623e-18
8.470030680941023e-09	0.032001603	-0.017905295	0.9666653	0	0	0.38	-2.0218869e-18
8.480027340179968e-09	0.007816365	0.023521822	0.9654555	0	0	0.38	-7.309405e-19
8.490020279362962e-09	-0.008345865	0.0008993765	0.9649373	0	0	0.38	-1.6173949e-18
8.500038503136241e-09	-0.006754598	-0.0015024539	0.963431	0	0	0.38	-6.514968e-19
8.510035763297653e-09	0.0012885855	0.0026841082	0.9629876	0	0	0.38	-4.9460634e-19
8.5200515672095e-09	-0.005007649	-0.0038423568	0.9621824	0	0	0.38	-1.7427846e-18
8.53005422440559e-09	0.004214864	-0.016659152	0.964081	0	0	0.38	-1.1949987e-18
8.540018181939626e-09	0.021833282	0.0072314776	0.96232164	0	0	0.38	-1.2861527e-18
8.550059871072784e-09	-0.0023094458	0.019621765	0.96408534	0	0	0.38	-9.261804e-19
8.560028090294699e-09	-0.022129707	-0.004051946	0.9651266	0	0	0.38	-1.0027005e-18
8.570001938727526e-09	0.01249245	-0.033041224	0.9651903	0	0	0.38	-8.865513e-19
8.580045368714412e-09	0.049921848	-0.015418207	0.9673756	0	0	0.38	-1.2650255e-18
8.590062411102881e-09	0.034511954	0.051673416	0.96607345	0	0	0.38	-9.710836e-19
8.600044567543924e-09	-0.04143718	0.05691921	0.9643004	0	0	0.38	-7.3854795e-19
8.610030072953595e-09	-0.05921804	-0.02133255	0.96567667	0	0	0.38	-9.539379e-19
8.620012841883674e-09	0.004994624	-0.0426284	0.9653231	0	0	0.38	-1.8365575e-18
8.63006158914545e-09	0.024458762	0.013962149	0.9628363	0	0	0.38	-1.0247305e-18
8.640049735087719e-09	-0.008634716	0.025138855	0.9660114	0	0	0.38	-1.6246765e-18
8.650046550662982e-09	-0.034928013	-0.0024278953	0.9672369	0	0	0.38	-1.4313039e-18
8.660025513304134e-09	-0.0018642826	-0.029883593	0.9680765	0	0	0.38	-2.3993463e-18
8.670005828276282e-09	0.03547095	0.0058771106	0.9674726	0	0	0.38	-1.6250292e-18
8.680007429390733e-09	-0.009383379	0.045185	0.96696913	0	0	0.38	-5.456182e-19
8.690018502381143e-09	-0.0523698	-0.014410719	0.9654116	0	0	0.38	-6.05893e-19
8.700058619453375e-09	0.0043852883	-0.01580923	0.96203566	0	0	0.38	-5.7682995e-19
8.71005697605228e-09	-0.00042245717	-0.0019395375	0.96461	0	0	0.38	-1.9490065e-18
8.720007361410036e-09	-0.0055759037	0.012225412	0.96279156	0	0	0.38	-2.3412501e-18
8.730017334771755e-09	-0.009176965	-9.814389e-05	0.9645129	0	0	0.38	-1.5864474e-18
8.74001588721081e-09	-0.0063969465	-0.00030425968	0.96592116	0	0	0.38	-1.5151404e-18
8.750032235011119e-09	0.011841719	-0.01436129	0.9637879	0	0	0.38	-1.5368366e-18
8.760013770854733e-09	0.0005090818	0.015516485	0.9641247	0	0	0.38	-8.3789937e-19
8.770024806168062e-09	-0.002048418	-0.004548382	0.9676254	0	0	0.38	-1.492814e-18
8.78003642132931e-09	0.012102722	-0.0036522157	0.965909	0	0	0.38	-1.1431775e-18
8.790004390227603e-09	0.012413861	0.016602723	0.96416354	0	0	0.38	-1.0791602e-18
8.800044773052284e-09	-0.014970286	0.008836859	0.9659565	0	0	0.38	-1.3934531e-18
8.81001145553982e-09	0.001641883	-0.007027035	0.96399647	0	0	0.38	-1.5720224e-18
8.820005185055208e-09	0.0023734148	-0.004261973	0.96314484	0	0	0.38	-1.3981283e-18
8.830033270616077e-09	0.005967579	0.0029507088	0.9649554	0	0	0.38	-1.4141423e-18
8.840008973641193e-09	0.008403464	0.0058427583	0.96505594	0	0	0.38	-1.0667649e-18
8.850037088548545e-09	-0.011576838	0.023140278	0.9644396	0	0	0.38	-1.3976176e-18
8.860060619595602e-09	-0.029409999	-0.016832745	0.9617705	0	0	0.38	-2.2540525e-18
8.870044142807872e-09	-0.0013302254	-0.0040293587	0.96181124	0	0	0.38	-1.0481677e-18
8.880013938584164e-09	0.013733806	0.008914934	0.9636645	0	0	0.38	-1.4377463e-18
8.890056907256391e-09	-0.009579172	0.00297974	0.9643944	0	0	0.38	-1.2649965e-18
8.900027394468366e-09	-0.014175504	0.014975819	0.9624008	0	0	0.38	-1.9451372e-19
8.91004888589559e-09	-0.020647114	-0.008740599	0.96383303	0	0	0.38	-7.0374557e-19
8.920013174720377e-09	-0.0023316627	-0.022982474	0.9636836	0	0	0.38	-1.0261355e-18
8.930034680882995e-09	0.01893401	0.0077456958	0.9666779	0	0	0.38	-1.4274324e-18
8.940063006328322e-09	-0.010042198	0.024557207	0.962473	0	0	0.38	-1.0315758e-18
8.950014554240817e-09	-0.016186208	0.007516215	0.96479446	0	0	0.38	-5.669919e-19
8.960041157873366e-09	-0.0070722816	-0.018921727	0.9675	0	0	0.38	-2.0046462e-18
8.970023337436199e-09	0.019702125	-0.026689459	0.9645676	0	0	0.38	-1.6847782e-18
8.98005189946073e-09	0.03216574	0.012601662	0.9658244	0	0	0.38	-1.0465784e-18
8.990032583086569e-09	-0.008727966	0.028794622	0.9668722	0	0	0.38	-7.2481825e-19
9.000034183927393e-09	-0.04084433	-0.019327382	0.9673988	0	0	0.38	-1.6795377e-18
9.010009883110826e-09	-0.010811141	-0.042396396	0.9686072	0	0	0.38	-2.0143676e-18
9.02000502211776e-09	0.035716936	-0.021671537	0.96919817	0	0	0.38	-1.9628123e-18
9.030020576365728e-09	0.02413792	0.041601475	0.9649029	0	0	0.38	-1.9779049e-18
9.040031837036893e-09	-0.04705744	0.03799042	0.9649558	0	0	0.38	-1.3097069e-18
9.050021315755195e-09	-0.050856173	-0.04912472	0.9618708	0	0	0.38	-1.5678886e-18
9.060029905824008e-09	0.051925763	-0.04828979	0.96619815	0	0	0.38	-8.913111e-19
9.07005240897314e-09	0.056548104	0.04682958	0.9622123	0	0	0.38	-2.2187492e-18
9.080035323853687e-09	-0.031551722	0.04704378	0.9615013	0	0	0.38	-2.2154966e-18
9.090015061466301e-09	-0.06352209	-0.032050133	0.9613682	0	0	0.38	-3.846716e-19
9.100000991090528e-09	0.013537725	-0.07665509	0.9596675	0	0	0.38	-1.2350062e-18
9.110017002864509e-09	0.069318466	0.0014370873	0.9648848	0	0	0.38	-1.0573377e-18
9.120002387182973e-09	0.021510629	0.06416394	0.966386	0	0	0.38	-1.0702069e-18
9.130046050935068e-09	-0.0762831	0.0092581315	0.96467566	0	0	0.38	-1.8540162e-18
9.140055437608449e-09	-0.00854474	-0.06760616	0.9664828	0	0	0.38	-2.037122e-18
9.150014729670307e-09	0.05127424	-0.023150038	0.9669654	0	0	0.38	-1.5239443e-18
9.160006571610552e-09	0.032142516	0.05538926	0.96467394	0	0	0.38	-1.2230047e-18
9.17000755175007e-09	-0.020837516	0.031653695	0.9636181	0	0	0.38	-2.320057e-18
9.180059421757897e-09	-0.034119133	-0.020033456	0.96376586	0	0	0.38	-1.2269631e-18
9.190025558174936e-09	0.017726334	-0.046917334	0.9661659	0	0	0.38	-2.0310525e-18
9.200045340903546e-09	0.04698595	0.029179089	0.96305585	0	0	0.38	-2.4755373e-18
9.210059515528435e-09	-0.025959594	0.042125355	0.96381414	0	0	0.38	-1.0853703e-18
9.220000237970537e-09	-0.044754297	-0.017000202	0.96516395	0	0	0.38	-1.0393046e-18
9.230051783600645e-09	0.028364629	-0.03096114	0.9645109	0	0	0.38	-5.497941e-19
9.240049063901619e-09	0.010517089	0.0128975175	0.96713585	0	0	0.38	-5.466549e-19
9.25005387466374e-09	-0.019135432	0.014740376	0.9682124	0	0	0.38	-1.2100671e-18
9.260018214282454e-09	-0.014426512	-0.011261383	0.9666132	0	0	0.38	-1.6125986e-18
9.270035513150656e-09	-0.0148990005	-0.016007038	0.96720773	0	0	0.38	-9.776016e-19
9.28005000065147e-09	0.012501955	-0.035227425	0.9662578	0	0	0.38	-1.6047032e-18
9.290055471983596e-09	0.039503258	0.009871436	0.9658191	0	0	0.38	-1.1401326e-18
9.3000418742892e-09	0.0045198	0.03536563	0.9646633	0	0	0.38	-7.394815e-19
9.310025440318836e-09	-0.034544826	0.020305492	0.96567976	0	0	0.38	-9.954487e-19
9.320059993441756e-09	-0.018914562	-0.027202776	0.964992	0	0	0.38	-1.7069761e-18
9.330047427786201e-09	0.008138484	-0.01432914	0.9660356	0	0	0.38	-1.7002962e-18
9.340039289053569e-09	0.012196254	0.0048994594	0.96575344	0	0	0.38	-1.4913727e-18
9.350011800837275e-09	0.0033387926	0.0101391	0.966075	0	0	0.38	-1.6167274e-18
9.360006034070925e-09	-0.0069453833	0.018924993	0.96551955	0	0	0.38	-1.006426e-18
9.370009364154373e-09	-0.011973256	-0.0028425814	0.9653478	0	0	0.38	-1.8704853e-18
9.380027907852559e-09	0.013388225	0.012015816	0.96532863	0	0	0.38	-1.422614e-18
9.3900494998392e-09	-0.039001152	-0.0011574925	0.96599317	0	0	0.38	-1.0663688e-18
9.400010838734982e-09	-0.0050670337	-0.03533503	0.96638405	0	0	0.38	-1.3287236e-18
9.410029749685355e-09	0.028478215	0.00036655916	0.96381336	0	0	0.38	-1.038556e-18
9.420057888004415e-09	-0.004533046	0.03287263	0.9657969	0	0	0.38	-1.334836e-22
9.430037736083373e-09	-0.021156434	-0.014878767	0.96491295	0	0	0.38	-1.5791715e-18
9.440003332415716e-09	0.013433068	-0.025759937	0.96737665	0	0	0.38	-1.2895765e-18
9.450010878753312e-09	0.029090459	-0.0079306755	0.96657264	0	0	0.38	-6.038379e-19
9.460018002959134e-09	-3.2841574e-05	0.031629756	0.96636987	0	0	0.38	-8.602986e-19
9.470005515524817e-09	-0.01656784	0.013728529	0.9645397	0	0	0.38	-4.925645e-19
9.480051611434711e-09	-0.01237025	-0.025080401	0.96791387	0	0	0.38	-2.1753913e-18
9.490016280224012e-09	0.0055149505	-0.02280046	0.9668256	0	0	0.38	-2.21545e-18
9.500025534283068e-09	0.030304123	0.01686015	0.9653484	0	0	0.38	-1.3248869e-18
9.510058202285665e-09	-0.024939096	0.045664385	0.96246535	0	0	0.38	-8.0180126e-19
9.52006211938123e-09	-0.030726252	-0.03074691	0.96492946	0	0	0.38	-1.1497203e-18
9.530034684070455e-09	0.012103481	-0.03895968	0.9620465	0	0	0.38	-2.1327694e-18
9.540016845963247e-09	0.03399954	-0.007885288	0.9611964	0	0	0.38	-1.4122274e-18
9.550006308631102e-09	0.013662418	0.020849641	0.9654186	0	0	0.38	-1.9537243e-18
9.560003645515245e-09	-0.019771686	0.014870711	0.96476436	0	0	0.38	-9.731914e-19
9.570031451108834e-09	-0.034933653	-0.029513733	0.9652451	0	0	0.38	-2.0850667e-18
9.580042837825855e-09	0.03454226	-0.043833945	0.9673608	0	0	0.38	-1.1620937e-18
9.590032803856894e-09	0.058995422	0.03810071	0.96619856	0	0	0.38	-1.1259066e-18
9.600062038183999e-09	-0.024838246	0.061408207	0.9638568	0	0	0.38	-2.1510753e-19
9.61002423038915e-09	-0.033718467	-0.021118995	0.9632566	0	0	0.38	-1.2225204e-18
9.6200316508926e-09	0.008900988	-0.018311907	0.9634465	0	0	0.38	-1.6988745e-18
9.630014665613935e-09	0.019599916	0.014504863	0.9636564	0	0	0.38	-1.7936971e-18
9.640020850765997e-09	-0.0149992015	0.02460165	0.96555716	0	0	0.38	-2.1154917e-18
9.650034973072055e-09	-0.03650888	-0.005894252	0.96427774	0	0	0.38	-8.912145e-19
9.66003612733415e-09	-0.009550802	-0.03929007	0.96647835	0	0	0.38	-1.4974073e-18
9.670060083890948e-09	0.028671794	-0.019178977	0.96633655	0	0	0.38	-1.6735991e-18
9.680010161356433e-09	0.03075787	0.022671977	0.96478385	0	0	0.38	-5.6237854e-19
9.690018684518023e-09	-0.029526342	0.03924803	0.96544766	0	0	0.38	-8.0879053e-19
9.700030722715714e-09	-0.035491105	-0.034111	0.96496564	0	0	0.38	-1.4998851e-18
9.710009679160101e-09	0.021574616	-0.0273619	0.9652773	0	0	0.38	-1.5100356e-18
9.720059140929995e-09	0.04512843	0.021704251	0.9659571	0	0	0.38	-1.2617625e-18
9.730041115155717e-09	-0.024973525	0.057632126	0.96450865	0	0	0.38	-1.2279967e-18
9.740040858206626e-09	-0.06577494	-0.0007514989	0.963809	0	0	0.38	-4.0287359e-19
9.750050347898635e-09	-0.0030194374	-0.060992904	0.96280223	0	0	0.38	-5.9355115e-19
9.76005749032019e-09	0.066272765	-0.019339982	0.96118075	0	0	0.38	-1.7285967e-19
9.770060194429225e-09	0.0227709	0.05811256	0.9616301	0	0	0.38	-9.067117e-19
9.780027034211149e-09	-0.053794596	0.042942822	0.9627217	0	0	0.38	-1.0374657e-18
9.790000506731957e-09	-0.04827923	-0.05538159	0.9633246	0	0	0.38	-1.0587985e-18
9.800026144484544e-09	0.028960805	-0.039509382	0.96050036	0	0	0.38	-1.6167943e-18
9.810031456926141e-09	0.044247933	0.024955202	0.9618996	0	0	0.38	-1.265024e-18
9.820051086798885e-09	-0.029459964	0.046504788	0.9654075	0	0	0.38	-1.3228888e-18
9.830038630888977e-09	-0.039963342	-0.015778882	0.96542585	0	0	0.38	-9.466992e-19
9.840029836881997e-09	0.01670699	-0.034252442	0.9644075	0	0	0.38	-1.5004791e-18
9.850011425900596e-09	0.04812394	0.008188887	0.9645329	0	0	0.38	-1.3540375e-18
9.86004980615246e-09	0.007945499	0.046023156	0.96624804	0	0	0.38	-1.568341e-18
9.870039525211828e-09	-0.04692805	0.013211156	0.96654296	0	0	0.38	-1.4046631e-18
9.880038668473085e-09	-0.034818187	-0.050057605	0.9640728	0	0	0.38	-1.7331491e-18
9.89005772461398e-09	0.05838704	-0.04746637	0.9660709	0	0	0.38	-1.8394576e-18
9.90005129335707e-09	0.043659557	0.04195436	0.96207356	0	0	0.38	-2.0330009e-18
9.910019089703125e-09	-0.03802184	0.049152605	0.9615461	0	0	0.38	-9.181291e-19
9.920022418295062e-09	-0.04152782	-0.02699672	0.9612654	0	0	0.38	-9.80438e-19
9.930008870711481e-09	0.0029911608	-0.050196815	0.9647266	0	0	0.38	-2.0936382e-18
9.940050708423208e-09	0.036133662	-0.0016024946	0.9640616	0	0	0.38	-1.740298e-18
9.95003578818651e-09	0.010334003	0.038842924	0.9643896	0	0	0.38	-2.2064987e-18
9.960014128349103e-09	-0.03212483	0.024025194	0.96491426	0	0	0.38	-5.323715e-19
9.970002998700165e-09	-0.028117763	-0.012552325	0.9630932	0	0	0.38	-1.2405943e-18
9.980053234958361e-09	-0.0048709223	-0.031193301	0.9638293	0	0	0.38	-1.4929089e-18
9.990041345977599e-09	0.023256682	-0.009938385	0.9662021	0	0	0.38	-1.8587598e-18
1e-08	-0.0032039804	0.026113387	0.963657	0	0	0.38	-1.501011e-18
