# t (s)	mx ()	my ()	mz ()	B_extx (T)	B_exty (T)	B_extz (T)	E_total (J)
0	0	0	-1	0	0	0.41	1.3250005e-18
1.002393926563697e-11	0.003310765	0.009380117	-0.97500116	0	0	0.41	4.5671036e-18
2.0041688746543025e-11	0.014647748	0.019748345	-0.9692538	0	0	0.41	5.1521734e-18
3.004417376328525e-11	0.018425437	0.03890898	-0.9683002	0	0	0.41	4.944782e-18
4.006239029949569e-11	0.0155276405	0.04107123	-0.9673201	0	0	0.41	4.734183e-18
5.001179930463685e-11	0.01677516	0.047844272	-0.9642379	0	0	0.41	5.742569e-18
6.002555552749593e-11	0.015242771	0.047300957	-0.9618344	0	0	0.41	4.5756633e-18
7.001019179197994e-11	-0.0051583024	0.028220242	-0.9614489	0	0	0.41	4.259251e-18
8.000021579507389e-11	-0.009531837	0.0256292	-0.9591306	0	0	0.41	4.7373295e-18
9.00496147721094e-11	-0.008678617	0.036007714	-0.96053505	0	0	0.41	4.360355e-18
1.000019220559106e-10	-0.0007688949	0.037832767	-0.96173	0	0	0.41	4.848031e-18
1.1002989904937253e-10	-0.0011561774	0.038420286	-0.95868313	0	0	0.41	5.6427366e-18
1.2004341970224865e-10	0.013909982	0.030249776	-0.96066225	0	0	0.41	4.6070523e-18
1.3001377049056444e-10	0.0081854975	0.029870786	-0.95955324	0	0	0.41	4.30949e-18
1.400624300485582e-10	0.013410806	0.030245883	-0.95897657	0	0	0.41	4.1591386e-18
1.5003215526407835e-10	0.011377547	0.025034362	-0.955495	0	0	0.41	4.6598463e-18
1.600582643507219e-10	-0.0134664895	0.025441764	-0.95387834	0	0	0.41	4.893824e-18
1.700400977221319e-10	-0.022559058	0.030801218	-0.95623624	0	0	0.41	4.973773e-18
1.8004267215063708e-10	-0.015411049	0.03833066	-0.95868593	0	0	0.41	5.046176e-18
1.9001318391116571e-10	0.0029240642	0.036846474	-0.95889884	0	0	0.41	4.811162e-18
2.0003561997359954e-10	0.016696177	0.027749645	-0.9612331	0	0	0.41	5.0669755e-18
2.100174158555907e-10	0.01305932	0.027860636	-0.9619702	0	0	0.41	3.952292e-18
2.2005141243730322e-10	0.011393894	0.030223154	-0.9609832	0	0	0.41	4.753534e-18
2.300418708624229e-10	0.013083237	0.022062859	-0.9595409	0	0	0.41	5.1394675e-18
2.4004755758810357e-10	0.013900306	0.0115346825	-0.95843387	0	0	0.41	4.4895554e-18
2.5005714750136487e-10	0.01719274	0.006987716	-0.95434105	0	0	0.41	4.6064042e-18
2.6003677804055874e-10	0.016242411	0.00066803856	-0.9589908	0	0	0.41	3.7332613e-18
2.700533136682614e-10	0.0296191	-0.003204954	-0.95217556	0	0	0.41	6.5351702e-18
2.800482045499886e-10	0.04664113	0.008272827	-0.952301	0	0	0.41	5.1311717e-18
2.900363165623191e-10	0.04776988	0.014598834	-0.95167637	0	0	0.41	4.6825532e-18
3.0003676171421293e-10	0.041905362	-0.0035100195	-0.95505166	0	0	0.41	4.8219294e-18
3.1000387570044756e-10	0.053929936	-0.006044658	-0.95857847	0	0	0.41	4.3635295e-18
3.200142771788661e-10	0.054326203	-0.017711896	-0.952905	0	0	0.41	4.5327558e-18
3.300010144848487e-10	0.050641768	-0.03095278	-0.95397747	0	0	0.41	3.587382e-18
3.4000050438840286e-10	0.04561694	-0.039756358	-0.9532917	0	0	0.41	4.904885e-18
3.500406535635727e-10	0.043769777	-0.023591634	-0.95395154	0	0	0.41	5.5065777e-18
3.600360711972492e-10	0.039408326	-0.023579635	-0.95754236	0	0	0.41	5.745405e-18
3.7000752044877605e-10	0.031066455	-0.033587582	-0.95890254	0	0	0.41	4.560848e-18
3.8006249128536434e-10	0.029953253	-0.03399314	-0.95804733	0	0	0.41	4.2864557e-18
3.9001872234769243e-10	0.023606522	-0.06069984	-0.9517773	0	0	0.41	4.530341e-18
4.000288106432769e-10	0.028177783	-0.06144218	-0.9473965	0	0	0.41	4.6708627e-18
4.100600526235452e-10	0.021340558	-0.0728858	-0.94687515	0	0	0.41	4.8519007e-18
4.200184916234885e-10	0.019253282	-0.06955731	-0.9500669	0	0	0.41	4.7497455e-18
4.300599010027963e-10	0.0010370645	-0.076547146	-0.9486472	0	0	0.41	3.698759e-18
4.4002949761402774e-10	0.013569624	-0.06503876	-0.95119715	0	0	0.41	3.9519927e-18
4.500338455215169e-10	0.010675043	-0.065210246	-0.9483478	0	0	0.41	4.308956e-18
4.6003300918654074e-10	0.0063109044	-0.06551239	-0.95250094	0	0	0.41	5.281627e-18
4.700221811651735e-10	0.001660239	-0.08085806	-0.9517039	0	0	0.41	4.8526836e-18
4.800178672202038e-10	-0.0031231306	-0.06700506	-0.94798344	0	0	0.41	4.043687e-18
4.900268804108088e-10	4.1294566e-06	-0.06573361	-0.94938225	0	0	0.41	4.1497013e-18
5.000010041004995e-10	-0.011189975	-0.067395695	-0.94829994	0	0	0.41	5.0100473e-18
5.100055701018915e-10	-0.0033842495	-0.06362711	-0.9486532	0	0	0.41	4.4524775e-18
5.200594636771829e-10	0.010644934	-0.064801924	-0.9419683	0	0	0.41	5.6172913e-18
5.300188615080696e-10	0.0203738	-0.08477319	-0.94318753	0	0	0.41	4.8451054e-18
5.400092174826638e-10	0.024067	-0.07865038	-0.9430451	0	0	0.41	5.0404246e-18
5.500614584027701e-10	0.02506702	-0.07354761	-0.943794	0	0	0.41	4.7209146e-18
5.600402744743402e-10	0.03368304	-0.0855302	-0.9425426	0	0	0.41	4.9501466e-18
5.70015945159244e-10	0.033853292	-0.09144294	-0.94123995	0	0	0.41	4.5486567e-18
5.800067061370136e-10	0.04599595	-0.068923675	-0.9426046	0	0	0.41	4.9782897e-18
5.90010926514114e-10	0.05207208	-0.063574076	-0.9379794	0	0	0.41	4.4451052e-18
6.000457675405711e-10	0.059619743	-0.057208452	-0.93924844	0	0	0.41	4.774188e-18
6.100594575353815e-10	0.059679806	-0.050383545	-0.9397548	0	0	0.41	4.3819256e-18
6.200561233098819e-10	0.074817434	-0.06572214	-0.93616116	0	0	0.41	5.162122e-18
6.300024373062884e-10	0.053483732	-0.048543513	-0.9394748	0	0	0.41	5.440952e-18
6.400619961558432e-10	0.052485056	-0.059864637	-0.9436665	0	0	0.41	5.3800725e-18
6.500300100910906e-10	0.061224364	-0.055104524	-0.9460617	0	0	0.41	4.7197027e-18
6.600427523423727e-10	0.059970535	-0.06185287	-0.9462867	0	0	0.41	4.719107e-18
6.7006159055811e-10	0.054676447	-0.048522506	-0.94401777	0	0	0.41	3.789006e-18
6.800609084898092e-10	0.054477595	-0.033766594	-0.9445269	0	0	0.41	4.4213776e-18
6.900018164119377e-10	0.0672431	-0.014471854	-0.9445706	0	0	0.41	3.8761282e-18
7.000041235442975e-10	0.07512542	-0.011122933	-0.9456853	0	0	0.41	4.434827e-18
7.100353044881147e-10	0.09344057	-0.036420234	-0.93895274	0	0	0.41	4.3111822e-18
7.200537649702953e-10	0.08120897	-0.022557545	-0.9384539	0	0	0.41	4.0575393e-18
7.300197365233476e-10	0.09292909	-0.021873135	-0.93595797	0	0	0.41	4.9984593e-18
7.400333531840917e-10	0.100759834	-0.01745894	-0.93509996	0	0	0.41	5.047579e-18
7.500362388932885e-10	0.10543002	-0.023303643	-0.9382198	0	0	0.41	5.0741993e-18
7.600498903540459e-10	0.109439135	-0.027723832	-0.93665534	0	0	0.41	3.7298418e-18
7.70052704807901e-10	0.11615738	-0.028857354	-0.93860954	0	0	0.41	5.3229544e-18
7.800396877525191e-10	0.09508078	-0.04785456	-0.9407529	0	0	0.41	4.550124e-18
7.900318478979963e-10	0.09724416	-0.041440263	-0.9361168	0	0	0.41	4.8295565e-18
8.000273268557472e-10	0.10880693	-0.048789967	-0.9260283	0	0	0.41	5.8935022e-18
8.100375998685042e-10	0.11151813	-0.04084363	-0.9291197	0	0	0.41	4.4991983e-18
8.200009214437657e-10	0.12862359	-0.042863652	-0.926003	0	0	0.41	5.363006e-18
8.30036045774616e-10	0.14007081	-0.054300614	-0.92145693	0	0	0.41	4.2457005e-18
8.400014527707296e-10	0.1627174	-0.046471715	-0.9150727	0	0	0.41	5.5112563e-18
8.500210753610488e-10	0.15997775	-0.043562334	-0.9165834	0	0	0.41	5.0701233e-18
8.600513065952296e-10	0.14950776	-0.022460658	-0.9181337	0	0	0.41	5.5295734e-18
8.700128528660131e-10	0.16112988	-0.023765113	-0.9176506	0	0	0.41	4.915943e-18
8.800053920518758e-10	0.1478094	-0.031006757	-0.9191206	0	0	0.41	4.9031367e-18
8.900641141126585e-10	0.15080526	-0.017949212	-0.9236591	0	0	0.41	3.377636e-18
9.00062443053321e-10	0.1500037	-0.03844187	-0.9260986	0	0	0.41	4.9777525e-18
9.100238031099363e-10	0.12768178	-0.031987116	-0.92985874	0	0	0.41	4.362596e-18
9.200083526398447e-10	0.12251879	-0.041305926	-0.93574095	0	0	0.41	4.3472833e-18
9.300171069394625e-10	0.10938469	-0.044189762	-0.93777984	0	0	0.41	4.648244e-18
9.400187514688424e-10	0.12716714	-0.0362908	-0.93732405	0	0	0.41	5.0825724e-18
9.500553884034548e-10	0.12626734	-0.025978226	-0.9402602	0	0	0.41	4.632939e-18
9.600418462107097e-10	0.1372104	-0.010794081	-0.94213784	0	0	0.41	5.2288444e-18
9.700234347835372e-10	0.14139628	-0.00979682	-0.9389603	0	0	0.41	5.150246e-18
9.800108046067017e-10	0.1538568	-0.014316315	-0.9381648	0	0	0.41	5.1071632e-18
9.900171933661668e-10	0.15998745	-0.016057102	-0.93905216	0	0	0.41	5.1699376e-18
1.0000209113983692e-09	0.15714496	-0.01997936	-0.9402469	0	0	0.41	4.953251e-18
1.0100023644276197e-09	0.14566375	-0.032582406	-0.9353719	0	0	0.41	5.411225e-18
1.0200127580823316e-09	0.14787056	-0.043460373	-0.935176	0	0	0.41	4.9952995e-18
1.030023652023894e-09	0.12968846	-0.04145167	-0.93672115	0	0	0.41	4.6804166e-18
1.0400364254183703e-09	0.13253142	-0.04164054	-0.9357275	0	0	0.41	3.4297605e-18
1.0500288159053956e-09	0.12065413	-0.040320374	-0.9354243	0	0	0.41	5.0278585e-18
1.0600463869616005e-09	0.1237649	-0.039807342	-0.93811905	0	0	0.41	3.8843413e-18
1.0700121880722985e-09	0.14362654	-0.034387242	-0.9417223	0	0	0.41	5.581543e-18
1.080018075289461e-09	0.13490765	-0.044746548	-0.9410208	0	0	0.41	4.268621e-18
1.0900371389212084e-09	0.15179366	-0.040706128	-0.93964016	0	0	0.41	4.854362e-18
1.1000347754409868e-09	0.13974954	-0.046488613	-0.9418125	0	0	0.41	4.6638048e-18
1.1100150769481844e-09	0.1344267	-0.0349795	-0.9417594	0	0	0.41	5.12316e-18
1.1200028770431838e-09	0.13625222	-0.032143395	-0.9434852	0	0	0.41	4.60024e-18
1.1300096933386066e-09	0.13768478	-0.016683215	-0.94374996	0	0	0.41	4.6413985e-18
1.140052454606594e-09	0.1438829	-0.023851784	-0.93965894	0	0	0.41	5.8325874e-18
1.150006422392668e-09	0.15028006	-0.025978914	-0.9381087	0	0	0.41	4.6946268e-18
1.1600602624636031e-09	0.13231446	-0.026179573	-0.94206613	0	0	0.41	4.8325347e-18
1.1700005184224646e-09	0.13373905	-0.03419044	-0.9413545	0	0	0.41	4.6389898e-18
1.1800226048676252e-09	0.11302358	-0.03312773	-0.9445446	0	0	0.41	5.0035618e-18
1.1900220860328366e-09	0.11153609	-0.046795305	-0.9367171	0	0	0.41	4.5096175e-18
1.200020899182171e-09	0.10419128	-0.040090963	-0.93572605	0	0	0.41	4.962029e-18
1.2100513965067635e-09	0.10289988	-0.038677543	-0.93653786	0	0	0.41	4.497798e-18
1.2200098666775454e-09	0.11798674	-0.0452895	-0.9376068	0	0	0.41	4.4154157e-18
1.230064389026968e-09	0.10815699	-0.046473715	-0.93513197	0	0	0.41	3.8551613e-18
1.2400360637634183e-09	0.09856635	-0.051989857	-0.9314209	0	0	0.41	4.100818e-18
1.2500503334073824e-09	0.08728664	-0.039643526	-0.9370544	0	0	0.41	5.104362e-18
1.2600549563929703e-09	0.09607846	-0.04646107	-0.9363666	0	0	0.41	5.89005e-18
1.2700148025674056e-09	0.10424845	-0.05727358	-0.93423516	0	0	0.41	3.806979e-18
1.280013954218233e-09	0.104378104	-0.05948577	-0.9363429	0	0	0.41	4.637377e-18
1.2900147255681013e-09	0.09314367	-0.060971443	-0.9391759	0	0	0.41	5.4204372e-18
1.3000130525457272e-09	0.091405496	-0.064930096	-0.94217175	0	0	0.41	4.6202975e-18
1.3100284601299826e-09	0.08169409	-0.044595517	-0.9441103	0	0	0.41	5.197271e-18
1.320010156227585e-09	0.074147016	-0.012839282	-0.9537462	0	0	0.41	4.2925107e-18
1.3300300909682623e-09	0.07569109	0.0047059036	-0.9548308	0	0	0.41	5.3020098e-18
1.3400527001771864e-09	0.0791557	0.016856877	-0.9504853	0	0	0.41	4.485896e-18
1.3500399427024975e-09	0.06726013	0.01645168	-0.9493259	0	0	0.41	4.4298032e-18
1.3600594472993132e-09	0.06376952	0.00045511054	-0.9483235	0	0	0.41	4.0623973e-18
1.370035169152169e-09	0.073102176	-0.00746788	-0.9494205	0	0	0.41	4.9935115e-18
1.3800424704455447e-09	0.07604188	-0.011041277	-0.94729376	0	0	0.41	4.2785863e-18
1.3900146124580643e-09	0.066069	-0.016988209	-0.94629896	0	0	0.41	4.0910504e-18
1.4000132001383854e-09	0.06831163	-0.018261807	-0.9418738	0	0	0.41	4.271446e-18
1.4100167878788126e-09	0.06717647	-0.014949867	-0.9425982	0	0	0.41	4.404355e-18
1.420038356734651e-09	0.05805444	-0.0012859018	-0.94639105	0	0	0.41	5.4572943e-18
1.4300056801587303e-09	0.054067448	-1.4236995e-05	-0.94718176	0	0	0.41	4.9284327e-18
1.4400640450378276e-09	0.05658519	0.01112296	-0.9440055	0	0	0.41	5.5063726e-18
1.450008257209263e-09	0.063525155	0.027109243	-0.94258404	0	0	0.41	5.194114e-18
1.4600332037327604e-09	0.0612804	0.052140597	-0.93995225	0	0	0.41	4.812022e-18
1.4700393713995126e-09	0.059970856	0.05069195	-0.9364235	0	0	0.41	4.3675753e-18
1.4800261974205844e-09	0.07124912	0.05371727	-0.93962616	0	0	0.41	5.7622663e-18
1.4900144161870602e-09	0.057917196	0.053857107	-0.9387476	0	0	0.41	5.2575596e-18
1.5000367942740516e-09	0.053493537	0.0715708	-0.93701154	0	0	0.41	4.4854688e-18
1.5100326501146198e-09	0.06617432	0.06232112	-0.9422081	0	0	0.41	4.761767e-18
1.5200346437502625e-09	0.059874155	0.07571739	-0.9416325	0	0	0.41	4.840566e-18
1.5300023264613314e-09	0.059290666	0.06275428	-0.94001013	0	0	0.41	4.791176e-18
1.540067020984782e-09	0.052084524	0.054660797	-0.943287	0	0	0.41	5.054723e-18
1.5500384335092986e-09	0.045025174	0.061299797	-0.938362	0	0	0.41	5.00996e-18
1.560003963184736e-09	0.041511282	0.08474167	-0.94129175	0	0	0.41	4.821853e-18
1.5700241505457051e-09	0.03739099	0.10117291	-0.9403751	0	0	0.41	5.4113754e-18
1.5800321000254348e-09	0.05154699	0.09223071	-0.9384003	0	0	0.41	4.1626036e-18
1.5900271867945668e-09	0.05203592	0.11874887	-0.9314526	0	0	0.41	3.2343997e-18
1.6000282493898414e-09	0.05238215	0.11709528	-0.93243754	0	0	0.41	5.116529e-18
1.6100244086859163e-09	0.05310663	0.118241265	-0.93747216	0	0	0.41	4.438869e-18
1.620038194922265e-09	0.04845455	0.09365711	-0.9414715	0	0	0.41	4.525228e-18
1.6300444978946912e-09	0.046518452	0.08313071	-0.9398413	0	0	0.41	4.69076e-18
1.6400270549561534e-09	0.039833512	0.09264407	-0.93916756	0	0	0.41	3.943784e-18
1.6500644413357866e-09	0.019935533	0.09712039	-0.93611896	0	0	0.41	5.04603e-18
1.6600316338090477e-09	0.017406961	0.103768446	-0.9311158	0	0	0.41	5.5747726e-18
1.6700613824119061e-09	0.03252812	0.12330539	-0.9329604	0	0	0.41	3.9168793e-18
1.6800275532089234e-09	0.03635948	0.12323618	-0.9278915	0	0	0.41	4.813523e-18
1.6900123538140359e-09	0.0434195	0.12170256	-0.9213882	0	0	0.41	4.636841e-18
1.7000661429721175e-09	0.048284926	0.117223695	-0.9214652	0	0	0.41	4.274634e-18
1.7100655853960422e-09	0.05140555	0.09706005	-0.9165899	0	0	0.41	4.6422207e-18
1.7200463715521964e-09	0.038126156	0.09208831	-0.921472	0	0	0.41	4.9771586e-18
1.730007208526213e-09	0.029694596	0.116082676	-0.9192777	0	0	0.41	4.846189e-18
1.7400501964601935e-09	0.0053179204	0.13794239	-0.9161647	0	0	0.41	4.169237e-18
1.7500576718136094e-09	-0.026087146	0.13653326	-0.91507125	0	0	0.41	5.4416163e-18
1.760034893327669e-09	-0.026400685	0.13317122	-0.9172885	0	0	0.41	4.3948776e-18
1.770063616977638e-09	-0.012367492	0.15428016	-0.91816163	0	0	0.41	4.8006382e-18
1.7800567773220901e-09	-0.027903657	0.14227009	-0.92040277	0	0	0.41	4.786237e-18
1.7900004537913902e-09	-0.033513542	0.14111675	-0.91968584	0	0	0.41	4.9331852e-18
1.8000314736786115e-09	-0.035416033	0.14454144	-0.92119354	0	0	0.41	3.636495e-18
1.81002912285242e-09	-0.01870767	0.13763365	-0.92084324	0	0	0.41	4.6021203e-18
1.8200508107725216e-09	-0.020884242	0.11759359	-0.92306775	0	0	0.41	4.9837495e-18
1.8300268229515784e-09	-0.028107766	0.10422912	-0.9220569	0	0	0.41	4.4926334e-18
1.8400092513806131e-09	-0.044625495	0.10093167	-0.9238325	0	0	0.41	5.4338533e-18
1.8500460765740242e-09	-0.061163068	0.14078507	-0.92137575	0	0	0.41	4.849979e-18
1.8600609121086652e-09	-0.06412489	0.13786948	-0.9182305	0	0	0.41	5.2934484e-18
1.8700561698804833e-09	-0.07761581	0.11128635	-0.92028576	0	0	0.41	5.3223563e-18
1.8800534942917492e-09	-0.095907584	0.1053022	-0.91734236	0	0	0.41	4.45969e-18
1.890047324219575e-09	-0.0973416	0.104796566	-0.9095205	0	0	0.41	4.55208e-18
1.9000561301084004e-09	-0.12292898	0.10496885	-0.90527266	0	0	0.41	4.8437807e-18
1.9100024874615344e-09	-0.13876858	0.100544006	-0.9068375	0	0	0.41	4.434242e-18
1.9200006857843898e-09	-0.16024645	0.100692704	-0.8951637	0	0	0.41	4.7706347e-18
1.930019937613768e-09	-0.18762524	0.09308944	-0.88716835	0	0	0.41	4.890523e-18
1.9400341363482427e-09	-0.21623906	0.07159938	-0.8895447	0	0	0.41	4.062837e-18
1.950007083681601e-09	-0.22059762	0.054129746	-0.88804364	0	0	0.41	4.786735e-18
1.960002800623965e-09	-0.22093245	0.03432446	-0.88836074	0	0	0.41	3.947387e-18
1.9700636057823213e-09	-0.22604638	0.020521235	-0.8878506	0	0	0.41	4.640588e-18
1.9800549825451502e-09	-0.2123121	0.00439937	-0.8904545	0	0	0.41	5.618856e-18
1.9900240042543853e-09	-0.19942832	-0.010212039	-0.88900757	0	0	0.41	4.295478e-18
2.000057213874664e-09	-0.20045142	-0.03910315	-0.87933064	0	0	0.41	3.686379e-18
2.0100363132623926e-09	-0.1700251	-0.060388554	-0.87847733	0	0	0.41	5.0025592e-18
2.0200428279864323e-09	-0.1344125	-0.09868819	-0.8743848	0	0	0.41	4.157108e-18
2.030029990414601e-09	-0.1176765	-0.12605575	-0.8756385	0	0	0.41	5.2074287e-18
2.0400045424502814e-09	-0.09050837	-0.1296245	-0.87872595	0	0	0.41	3.8177007e-18
2.050058505080572e-09	-0.06442717	-0.14537731	-0.8829223	0	0	0.41	4.7861667e-18
2.0600564919535705e-09	-0.028775938	-0.16277039	-0.8791484	0	0	0.41	4.005452e-18
2.0700416090557836e-09	-0.009107327	-0.17042284	-0.87609124	0	0	0.41	5.249327e-18
2.0800549765116093e-09	0.04158876	-0.18929152	-0.86733377	0	0	0.41	4.5820454e-18
2.0900136622756037e-09	0.08537044	-0.18745317	-0.8556753	0	0	0.41	4.7879166e-18
2.1000143983631645e-09	0.12214173	-0.20292664	-0.8430747	0	0	0.41	4.358822e-18
2.110002290878582e-09	0.18754539	-0.19689015	-0.8341028	0	0	0.41	3.7142593e-18
2.120012670435102e-09	0.2515761	-0.17299078	-0.81954676	0	0	0.41	4.628928e-18
2.1300053554895092e-09	0.32645622	-0.12794782	-0.80981493	0	0	0.41	4.451831e-18
2.1400223266933654e-09	0.38586047	-0.052126832	-0.79671776	0	0	0.41	4.58002e-18
2.1500610554769715e-09	0.40802193	0.0071043945	-0.80559117	0	0	0.41	4.5271793e-18
2.1600388250981276e-09	0.41835272	0.086751364	-0.78992414	0	0	0.41	4.484209e-18
2.170059473642505e-09	0.3931118	0.17364804	-0.7901789	0	0	0.41	5.2180733e-18
2.180043587684654e-09	0.34655485	0.25762856	-0.78445613	0	0	0.41	5.0818085e-18
2.190004145679535e-09	0.272483	0.324014	-0.7942356	0	0	0.41	5.614012e-18
2.2000255499084813e-09	0.18895501	0.39538074	-0.78278273	0	0	0.41	4.7299813e-18
2.210007967916364e-09	0.11441407	0.4300457	-0.78127855	0	0	0.41	5.479857e-18
2.2200510029751804e-09	0.045462187	0.46546337	-0.7700496	0	0	0.41	4.5887894e-18
2.230036202733793e-09	-0.05613331	0.47799954	-0.75359446	0	0	0.41	6.4366195e-18
2.240051595827619e-09	-0.13736975	0.4589028	-0.738952	0	0	0.41	5.7818668e-18
2.250055582162391e-09	-0.23787929	0.4137781	-0.7379818	0	0	0.41	4.3869726e-18
2.260060522589704e-09	-0.33361533	0.32482556	-0.7298573	0	0	0.41	5.6869924e-18
2.2700346571205334e-09	-0.41715437	0.19977622	-0.72489184	0	0	0.41	5.0098235e-18
2.2800546756301677e-09	-0.46737772	0.07153863	-0.70782274	0	0	0.41	5.3078137e-18
2.2900012801327253e-09	-0.47443545	-0.07856973	-0.6980327	0	0	0.41	4.662415e-18
2.3000193626841024e-09	-0.41901416	-0.22542411	-0.67612076	0	0	0.41	5.011609e-18
2.3100129863745255e-09	-0.32858583	-0.34856874	-0.6663632	0	0	0.41	4.9735814e-18
2.320034179912963e-09	-0.19466664	-0.39358416	-0.6546921	0	0	0.41	4.7120406e-18
2.330007123751612e-09	-0.055788312	-0.34734046	-0.6594618	0	0	0.41	4.7922246e-18
2.3400252828911814e-09	0.05519232	-0.2508844	-0.66756177	0	0	0.41	4.2528375e-18
2.350024779770719e-09	0.09140487	-0.11459708	-0.66491836	0	0	0.41	3.849068e-18
2.3600148742049565e-09	0.045692354	0.030030673	-0.68350327	0	0	0.41	3.6710387e-18
2.3700333892889224e-09	-0.037683427	0.12958187	-0.6848009	0	0	0.41	4.568642e-18
2.3800561107358177e-09	-0.15760261	0.17220458	-0.68009317	0	0	0.41	4.2549836e-18
2.3900455500530064e-09	-0.28072447	0.11372013	-0.6608552	0	0	0.41	4.0289275e-18
2.4000417088341843e-09	-0.35847083	-0.029452762	-0.64682794	0	0	0.41	5.1695277e-18
2.4100109697429454e-09	-0.37899825	-0.19279194	-0.63268	0	0	0.41	4.8911314e-18
2.4200436599571715e-09	-0.29159728	-0.3386837	-0.6282641	0	0	0.41	5.2852416e-18
2.4300191135757854e-09	-0.14579543	-0.39487994	-0.6241581	0	0	0.41	4.494471e-18
2.4400319161557544e-09	-0.009481431	-0.38726768	-0.61030036	0	0	0.41	4.124376e-18
2.45001580992367e-09	0.112307414	-0.25625548	-0.60658544	0	0	0.41	4.2583365e-18
2.4600244945497034e-09	0.15823345	-0.038535476	-0.61105746	0	0	0.41	4.0591812e-18
2.470017044685809e-09	0.11168083	0.13038777	-0.61130905	0	0	0.41	4.1133438e-18
2.4800434269205363e-09	0.0385479	0.24819565	-0.61358464	0	0	0.41	3.6636293e-18
2.4900053302189347e-09	-0.10481715	0.32432902	-0.623904	0	0	0.41	4.6161815e-18
2.5000190689528415e-09	-0.26418203	0.2700156	-0.60773313	0	0	0.41	4.5123567e-18
2.5100257700011037e-09	-0.3788809	0.084261626	-0.58922327	0	0	0.41	4.5411165e-18
2.520056496734108e-09	-0.34228778	-0.13415787	-0.5809632	0	0	0.41	3.1306189e-18
2.5300416988651092e-09	-0.19244778	-0.24339265	-0.5851779	0	0	0.41	3.971995e-18
2.540012970498253e-09	-0.027124155	-0.24990448	-0.5799487	0	0	0.41	5.01478e-18
2.550001853315906e-09	0.11823687	-0.18513612	-0.57208365	0	0	0.41	3.7511355e-18
2.5600151259465665e-09	0.243303	-0.021795703	-0.56254953	0	0	0.41	3.2850305e-18
2.5700602844364303e-09	0.2615542	0.201968	-0.5498672	0	0	0.41	4.565695e-18
2.58000126439487e-09	0.16136293	0.36145714	-0.5499065	0	0	0.41	3.749028e-18
2.59002736974042e-09	-0.0046883994	0.4326974	-0.5374748	0	0	0.41	4.4730888e-18
2.6000356271471043e-09	-0.22463591	0.40004343	-0.5284987	0	0	0.41	5.26771e-18
2.610003863124359e-09	-0.34951535	0.20931977	-0.5170081	0	0	0.41	3.4484816e-18
2.620023338055051e-09	-0.353937	-0.014471712	-0.4951867	0	0	0.41	4.3599487e-18
2.630034730090708e-09	-0.25963554	-0.19678181	-0.48868084	0	0	0.41	4.3790425e-18
2.640006938137827e-09	-0.07301147	-0.29998764	-0.4877869	0	0	0.41	3.9931036e-18
2.6500013812192407e-09	0.12415667	-0.25880775	-0.48057085	0	0	0.41	3.5533677e-18
2.6600351667298027e-09	0.27046117	-0.12330016	-0.46170494	0	0	0.41	4.695942e-18
2.67004437274306e-09	0.32117563	0.11343789	-0.44928798	0	0	0.41	4.3825894e-18
2.6800088660640623e-09	0.23327167	0.32345608	-0.44704312	0	0	0.41	3.5718585e-18
2.690000112548291e-09	0.05533902	0.44553748	-0.45069686	0	0	0.41	3.54858e-18
2.700027825471202e-09	-0.15695617	0.4138815	-0.44362104	0	0	0.41	3.9218366e-18
2.710026982151468e-09	-0.32240695	0.18646958	-0.4337019	0	0	0.41	3.99605e-18
2.7200067312748864e-09	-0.28505743	-0.101057015	-0.42382565	0	0	0.41	4.210554e-18
2.730037121202421e-09	-0.144449	-0.22896883	-0.40754646	0	0	0.41	4.10803e-18
2.740034973145981e-09	0.0079055885	-0.33048236	-0.40230325	0	0	0.41	3.9311577e-18
2.750010615617643e-09	0.22461389	-0.32066345	-0.40185344	0	0	0.41	4.0433316e-18
2.7600209970597787e-09	0.383203	-0.13310146	-0.394203	0	0	0.41	4.3498004e-18
2.770057746079694e-09	0.38431704	0.108967125	-0.37956968	0	0	0.41	3.54379e-18
2.780031831582466e-09	0.25103584	0.29176757	-0.37590823	0	0	0.41	3.2525106e-18
2.790045979246758e-09	0.038316503	0.38367993	-0.37223917	0	0	0.41	3.1175298e-18
2.800053990786968e-09	-0.18649212	0.29601875	-0.36906064	0	0	0.41	3.056035e-18
2.8100258643745867e-09	-0.2912952	0.112053394	-0.34533557	0	0	0.41	3.8983616e-18
2.8200051542807008e-09	-0.32635143	-0.11769716	-0.32977512	0	0	0.41	3.7870975e-18
2.83002672709798e-09	-0.20719786	-0.34616575	-0.31642064	0	0	0.41	3.5013468e-18
2.8400256136967465e-09	0.030236948	-0.44152158	-0.31109163	0	0	0.41	3.8762908e-18
2.850005186360836e-09	0.24344327	-0.32121828	-0.29729524	0	0	0.41	2.5620919e-18
2.8600557085456513e-09	0.33222383	-0.08200314	-0.286785	0	0	0.41	1.8140255e-18
2.870002066478136e-09	0.28997347	0.14332409	-0.274224	0	0	0.41	2.970387e-18
2.880039845889425e-09	0.15229712	0.30749536	-0.27477708	0	0	0.41	3.708993e-18
2.8900528167651267e-09	-0.07541332	0.3850242	-0.27146038	0	0	0.41	3.251281e-18
2.900017089360956e-09	-0.29154134	0.25751886	-0.2561589	0	0	0.41	3.8180622e-18
2.9100488954768544e-09	-0.36003563	0.008625453	-0.22953717	0	0	0.41	3.9226534e-18
2.9200523756546655e-09	-0.25506365	-0.22921222	-0.2134737	0	0	0.41	2.9294624e-18
2.930055102774284e-09	-0.062301133	-0.35796067	-0.21950309	0	0	0.41	2.7516829e-18
2.9400058912522557e-09	0.1450565	-0.35147017	-0.22067776	0	0	0.41	2.8168087e-18
2.9500417751829372e-09	0.3389812	-0.19880387	-0.210457	0	0	0.41	3.1652951e-18
2.960042147136489e-09	0.3844233	0.10276918	-0.19295417	0	0	0.41	3.2802424e-18
2.9700354738389416e-09	0.22419675	0.32275996	-0.17276618	0	0	0.41	4.011445e-18
2.9800296869641427e-09	-0.00029993997	0.40481976	-0.16400862	0	0	0.41	2.1466044e-18
2.9900065686572107e-09	-0.19602522	0.32503384	-0.15142354	0	0	0.41	2.6461344e-18
3.000001784201167e-09	-0.29137185	0.1239475	-0.14095056	0	0	0.41	3.5307204e-18
3.010042218031263e-09	-0.29168668	-0.16255037	-0.120362185	0	0	0.41	2.4129469e-18
3.0200151268451465e-09	-0.09637274	-0.38512522	-0.12058704	0	0	0.41	3.0093544e-18
3.0300235587265376e-09	0.17369463	-0.40825433	-0.11937454	0	0	0.41	2.3862089e-18
3.0400148279554506e-09	0.33921513	-0.26130876	-0.11478975	0	0	0.41	2.5347833e-18
3.050014242660792e-09	0.40150854	-0.014533748	-0.102974184	0	0	0.41	3.9734378e-18
3.060004691398699e-09	0.27242452	0.26438376	-0.08639029	0	0	0.41	2.2920652e-18
3.0700045082451748e-09	-0.020440653	0.35662082	-0.08207311	0	0	0.41	2.5060986e-18
3.080011125612589e-09	-0.24793223	0.27367657	-0.06969564	0	0	0.41	3.6136626e-18
3.0900286202980766e-09	-0.4042311	0.054806568	-0.06307828	0	0	0.41	2.8212153e-18
3.1000499998752246e-09	-0.37709102	-0.2421867	-0.053940345	0	0	0.41	3.091897e-18
3.110021102639115e-09	-0.14962853	-0.44305667	-0.03910042	0	0	0.41	3.133824e-18
3.1200049572423396e-09	0.18355367	-0.40033928	-0.034087345	0	0	0.41	2.8485811e-18
3.1300189692425003e-09	0.365303	-0.14559333	-0.020834506	0	0	0.41	2.4135263e-18
3.1400272762358967e-09	0.32942313	0.114469245	0.0060566305	0	0	0.41	2.2067082e-18
3.1500401140583428e-09	0.1511317	0.3252657	0.016683476	0	0	0.41	2.4965605e-18
3.160019197887818e-09	-0.085608706	0.3868912	0.02769865	0	0	0.41	2.9393555e-18
3.1700028160213946e-09	-0.30781883	0.2829535	0.033623382	0	0	0.41	2.6608721e-18
3.180053642882053e-09	-0.42123058	0.02444607	0.05326313	0	0	0.41	2.5515006e-18
3.190065939064058e-09	-0.31129444	-0.29788458	0.07419864	0	0	0.41	2.2941205e-18
3.200058711402764e-09	-3.138199e-05	-0.4065103	0.091425985	0	0	0.41	8.5862526e-19
3.210040997231388e-09	0.23012283	-0.28621486	0.09702173	0	0	0.41	2.720594e-18
3.220036677486358e-09	0.33885774	-0.08919382	0.102415375	0	0	0.41	2.2644863e-18
3.2300072839145292e-09	0.3380254	0.16927609	0.12049114	0	0	0.41	2.4695492e-18
3.2400608178426753e-09	0.120825164	0.406214	0.12711893	0	0	0.41	1.5861443e-18
3.250012532458146e-09	-0.20694624	0.40392026	0.12845956	0	0	0.41	2.127807e-18
3.260050341858346e-09	-0.4282583	0.15632458	0.14713822	0	0	0.41	3.2623974e-18
3.2700486773179763e-09	-0.37240943	-0.15229447	0.16461714	0	0	0.41	1.574141e-18
3.280016796941002e-09	-0.13308196	-0.32131308	0.16796628	0	0	0.41	2.4084263e-18
3.2900514989367146e-09	0.10874597	-0.2967239	0.16877615	0	0	0.41	2.2097437e-18
3.300027609494922e-09	0.2876808	-0.17208709	0.17763637	0	0	0.41	2.0565863e-18
3.3100473364095468e-09	0.3665422	0.0893945	0.19340967	0	0	0.41	1.4161461e-18
3.320003245185363e-09	0.21790326	0.3318899	0.20657903	0	0	0.41	8.889448e-19
3.330032918362068e-09	-0.07569793	0.43921253	0.20597242	0	0	0.41	2.18583e-18
3.3400159170224172e-09	-0.32904524	0.27335262	0.21907957	0	0	0.41	2.2874904e-18
3.3500442471104677e-09	-0.39893213	-0.026491437	0.22901313	0	0	0.41	1.7633299e-18
3.360060067037283e-09	-0.22489625	-0.25827426	0.25080898	0	0	0.41	2.2057567e-18
3.370028439637023e-09	-0.0015279906	-0.32838464	0.25979933	0	0	0.41	1.5407267e-18
3.3800535533890984e-09	0.19707477	-0.2672433	0.26440704	0	0	0.41	1.6005744e-18
3.3900531948103434e-09	0.33343026	-0.09342965	0.26426053	0	0	0.41	1.5556596e-18
3.4000639421225294e-09	0.2929089	0.18786468	0.28515735	0	0	0.41	7.8225623e-19
3.410027832132058e-09	0.045426752	0.37366098	0.30554545	0	0	0.41	-4.862853e-20
3.4200572692037075e-09	-0.23564091	0.30009213	0.31162626	0	0	0.41	1.5266493e-18
3.430006808148158e-09	-0.3665607	0.023984494	0.3324532	0	0	0.41	1.0686703e-18
3.4400286182305873e-09	-0.2723617	-0.22862872	0.35075784	0	0	0.41	9.5193e-19
3.4500176808582272e-09	-0.01272237	-0.3428468	0.3687572	0	0	0.41	1.9729403e-18
3.4600286863190627e-09	0.22271957	-0.272938	0.37096396	0	0	0.41	1.2328122e-18
3.470023356884158e-09	0.32521787	-0.0750121	0.38023192	0	0	0.41	7.409705e-19
3.480004156098075e-09	0.27786192	0.17148079	0.39441806	0	0	0.41	1.1830448e-18
3.4900196128920307e-09	0.050341997	0.35014778	0.4103123	0	0	0.41	7.8084774e-19
3.5000450888545736e-09	-0.21804577	0.30285835	0.42611945	0	0	0.41	1.327754e-18
3.5100611203020154e-09	-0.34518272	0.059974458	0.4364641	0	0	0.41	2.0474146e-19
3.5200477229546497e-09	-0.27945936	-0.16964985	0.45222345	0	0	0.41	9.076351e-19
3.530021002560353e-09	-0.06335413	-0.330753	0.46728903	0	0	0.41	1.1524017e-18
3.5400108468582306e-09	0.20582655	-0.26261845	0.47557932	0	0	0.41	2.3868372e-19
3.550001502211272e-09	0.29269135	-0.03630458	0.47927514	0	0	0.41	2.0823293e-20
3.5600116733009306e-09	0.22903019	0.18692836	0.49606198	0	0	0.41	8.5371135e-19
3.5700093647616373e-09	0.0118080145	0.31158304	0.5074606	0	0	0.41	1.108033e-18
3.580041404532739e-09	-0.21873479	0.24531087	0.5122547	0	0	0.41	7.818559e-19
3.590049061989885e-09	-0.3193377	0.016321521	0.5275008	0	0	0.41	1.4620465e-18
3.600054050169218e-09	-0.20415463	-0.24948509	0.54292995	0	0	0.41	3.7936703e-19
3.610055930561874e-09	0.05407029	-0.3187207	0.561951	0	0	0.41	5.6943904e-19
3.620043377368234e-09	0.22700869	-0.18521963	0.5708678	0	0	0.41	5.9863624e-19
3.6300414044984034e-09	0.2626242	0.04674269	0.57830167	0	0	0.41	7.1970023e-19
3.6400399541204436e-09	0.14953506	0.2133812	0.5940762	0	0	0.41	4.2256043e-19
3.6500026065618857e-09	-0.07342127	0.291789	0.60599804	0	0	0.41	2.0577912e-19
3.660004991890735e-09	-0.25414562	0.1253269	0.6224305	0	0	0.41	6.0754994e-19
3.6700299074270384e-09	-0.22179268	-0.10059741	0.6415267	0	0	0.41	8.0851487e-19
3.6800506995610295e-09	-0.07136329	-0.25014037	0.6692673	0	0	0.41	-4.5297887e-20
3.690035438323767e-09	0.1334515	-0.22669204	0.67689776	0	0	0.41	8.756835e-19
3.7000095660874153e-09	0.24639449	-0.041553214	0.6746198	0	0	0.41	-6.5300936e-19
3.7100119047554298e-09	0.19355874	0.1690612	0.6870748	0	0	0.41	-1.3714281e-19
3.720016108405623e-09	-0.015604747	0.27143675	0.70395565	0	0	0.41	-1.8476671e-19
3.7300621750195485e-09	-0.23042737	0.15331058	0.71476465	0	0	0.41	-6.8427705e-19
3.740019875251198e-09	-0.24364635	-0.09592469	0.7267228	0	0	0.41	-9.76063e-19
3.7500597958425924e-09	-0.06867384	-0.23500443	0.7436641	0	0	0.41	-4.90088e-19
3.760054959628845e-09	0.13314126	-0.21026348	0.7544541	0	0	0.41	-9.011728e-19
3.770030651710267e-09	0.2634528	-0.040166765	0.762834	0	0	0.41	-1.3709029e-18
3.780011077692602e-09	0.18924165	0.19643745	0.77301925	0	0	0.41	-8.337561e-19
3.790024792772643e-09	-0.07523893	0.24377824	0.788683	0	0	0.41	-6.527009e-20
3.800015825896637e-09	-0.2332095	0.072541356	0.7986701	0	0	0.41	-1.3565547e-19
3.810033823136179e-09	-0.18804231	-0.16711092	0.8043756	0	0	0.41	-3.2958195e-19
3.820052114304641e-09	0.06868374	-0.26281396	0.8186608	0	0	0.41	5.0312324e-20
3.830005540797454e-09	0.2587532	-0.07077745	0.8184745	0	0	0.41	-1.1811599e-18
3.840033549388524e-09	0.15794209	0.20550434	0.8257643	0	0	0.41	1.986981e-19
3.850045595192195e-09	-0.119961254	0.2254669	0.8382338	0	0	0.41	-4.601958e-19
3.860046162913712e-09	-0.23084375	-0.0012356525	0.8478034	0	0	0.41	1.2976289e-19
3.870051131294285e-09	-0.09635321	-0.19602835	0.8404555	0	0	0.41	-4.0329173e-19
3.880048042059267e-09	0.12381046	-0.18451028	0.8541712	0	0	0.41	-4.434405e-19
3.890045109838723e-09	0.22433059	0.02362048	0.8588619	0	0	0.41	-1.0944443e-18
3.900007265778774e-09	0.053902123	0.21914954	0.8657276	0	0	0.41	-1.3940524e-18
3.9100013762935574e-09	-0.20469232	0.12910467	0.86973345	0	0	0.41	-1.4073712e-18
3.9200586538803284e-09	-0.19246319	-0.16752651	0.8875905	0	0	0.41	-1.3543879e-18
3.93004668899255e-09	0.11960155	-0.21002479	0.90000635	0	0	0.41	-9.943373e-19
3.94005311919247e-09	0.21823359	0.07411328	0.89927036	0	0	0.41	-4.736233e-19
3.950013303533198e-09	-0.036400706	0.2202627	0.9084873	0	0	0.41	-6.196658e-19
3.960031350200108e-09	-0.21278386	0.00920617	0.91515154	0	0	0.41	-1.7251458e-19
3.970011916077982e-09	-0.033569437	-0.20858921	0.9211181	0	0	0.41	-1.1823434e-18
3.9800122815717565e-09	0.19108623	-0.06682195	0.92598057	0	0	0.41	-1.1514786e-18
3.990013788384139e-09	0.08070761	0.16835153	0.9336608	0	0	0.41	-1.2386123e-18
4.000036573719413e-09	-0.15953729	0.09517546	0.93593204	0	0	0.41	-1.3753995e-18
4.010046953426653e-09	-0.09964577	-0.12329782	0.9449837	0	0	0.41	-8.960793e-19
4.0200050716074735e-09	0.09486158	-0.12526666	0.9469546	0	0	0.41	-1.3616084e-18
4.030063235403361e-09	0.11433214	0.063861884	0.94791234	0	0	0.41	-1.0081977e-18
4.040005676074823e-09	-0.04982033	0.094963804	0.94929004	0	0	0.41	-3.413858e-19
4.050024248720812e-09	-0.08323699	-0.031742234	0.95448476	0	0	0.41	-2.1499942e-18
4.060059306636699e-09	0.025794292	-0.07218136	0.9582896	0	0	0.41	-1.0405263e-18
4.0700280202066724e-09	0.06849472	0.009008619	0.9591885	0	0	0.41	-1.934213e-18
4.080005721159915e-09	-0.0010644238	0.064131886	0.9591943	0	0	0.41	-7.423591e-19
4.090033026803851e-09	-0.055892915	0.011560266	0.9633246	0	0	0.41	-8.809214e-19
4.100031913690938e-09	0.0035885014	-0.057435255	0.9643226	0	0	0.41	-7.198089e-19
4.110007170936784e-09	0.043593563	-0.011463047	0.96410143	0	0	0.41	-1.262197e-18
4.120037739429907e-09	0.011761841	0.0418643	0.9664612	0	0	0.41	-2.0319727e-18
4.130054458790838e-09	-0.0332681	0.0045143156	0.96774864	0	0	0.41	-1.8665572e-18
4.140028359006941e-09	-0.018833451	-0.024606634	0.9658636	0	0	0.41	-2.1631675e-18
4.150050094078338e-09	0.03091546	-0.0232144	0.96479654	0	0	0.41	-6.9099484e-19
4.160048562663862e-09	0.03102398	0.035505675	0.9655134	0	0	0.41	-1.2798655e-18
4.170016236273346e-09	-0.0064916657	0.029773869	0.96537113	0	0	0.41	-1.9745082e-18
4.1800575000112564e-09	-0.0350353	-0.016982224	0.9638074	0	0	0.41	-1.2495591e-18
4.1900509194513964e-09	0.016446302	-0.030338764	0.96371514	0	0	0.41	-1.660217e-18
4.200011914316326e-09	0.03426299	0.019027447	0.96375084	0	0	0.41	-1.0807804e-18
4.210030641451739e-09	-0.026205545	0.027574722	0.9647349	0	0	0.41	-1.624106e-18
4.2200295148023915e-09	-0.036177263	-0.031940147	0.9631564	0	0	0.41	-6.314751e-19
4.230001329987386e-09	0.035420354	-0.032245595	0.96515477	0	0	0.41	-1.845497e-18
4.240038965392121e-09	0.01856625	0.023697944	0.9675664	0	0	0.41	-2.145061e-18
4.250039794571777e-09	-0.033325892	0.023470588	0.9685217	0	0	0.41	-2.1654302e-18
4.26001180973505e-09	-0.030830529	-0.026415473	0.96621096	0	0	0.41	-1.9361122e-18
4.270048267948918e-09	0.013789097	-0.017150259	0.9669713	0	0	0.41	-2.4520388e-18
4.280048645164426e-09	0.035237957	0.008760019	0.9641118	0	0	0.41	-1.9933235e-18
4.29004586598076e-09	-0.010472596	0.04127473	0.96420485	0	0	0.41	-1.4167377e-18
4.3000020769798625e-09	-0.049706932	-0.007502711	0.9656633	0	0	0.41	-1.0732436e-18
4.310011950615406e-09	0.0045435457	-0.04279034	0.9664657	0	0	0.41	-4.802529e-19
4.3200393777504075e-09	0.034697015	0.008410639	0.9665633	0	0	0.41	-1.7983568e-18
4.3300055085585986e-09	-0.00019744258	0.028499145	0.9655968	0	0	0.41	-2.823476e-18
4.340026621624418e-09	-0.015280121	0.015429637	0.96485096	0	0	0.41	-1.0991013e-18
4.350024929720661e-09	0.003283793	-0.020465989	0.9656916	0	0	0.41	-7.8249983e-19
4.360033144284426e-09	0.032491114	-0.0043424116	0.9678927	0	0	0.41	-2.0840445e-18
4.370060866220055e-09	0.013769354	0.045805085	0.9667371	0	0	0.41	-1.3363558e-18
4.380000610322599e-09	-0.060901448	0.008746337	0.96736497	0	0	0.41	-1.1562434e-18
4.390035512573082e-09	-0.012135475	-0.06805695	0.9657357	0	0	0.41	-1.0786128e-18
4.400017277482767e-09	0.065823086	-0.017968468	0.9655978	0	0	0.41	-1.6309526e-18
4.410043610798723e-09	0.0065311436	0.06894271	0.9651324	0	0	0.41	-4.1118393e-19
4.420055226248832e-09	-0.069691665	0.016348233	0.96645516	0	0	0.41	-8.4701744e-19
4.430001329477467e-09	-0.0024826727	-0.047411267	0.9678688	0	0	0.41	-1.4166943e-18
4.440057355664201e-09	0.03360238	-0.0097937165	0.96791184	0	0	0.41	-1.2880367e-18
4.4500042747871725e-09	0.00043988816	0.009902249	0.96464515	0	0	0.41	-1.5908864e-18
4.460039519224084e-09	-0.004144047	0.0032675571	0.96284664	0	0	0.41	-1.7101256e-18
4.47002997382454e-09	0.006092989	0.013991543	0.96189946	0	0	0.41	-1.3651241e-18
4.480019210376849e-09	-0.012885657	0.00031689822	0.9631109	0	0	0.41	-1.2532845e-18
4.490059247188783e-09	-0.0024145565	-0.0076996665	0.961431	0	0	0.41	-1.7820564e-18
4.500019572691808e-09	-0.007425583	0.0023956592	0.96491176	0	0	0.41	-1.2121725e-18
4.5100389660543584e-09	-0.00396097	-0.0068279062	0.9631955	0	0	0.41	-6.23753e-19
4.5200456026684455e-09	0.0025805957	-0.02339756	0.9632529	0	0	0.41	-1.0072355e-18
4.530032844254935e-09	0.01566632	0.020301692	0.9640918	0	0	0.41	-8.982876e-19
4.540008269843333e-09	-0.022538722	0.016698299	0.965863	0	0	0.41	-1.2420109e-18
4.5500164741808224e-09	-0.013871343	-0.028348332	0.96571714	0	0	0.41	-1.9307903e-18
4.560002525702581e-09	0.019848498	-0.00670424	0.9646961	0	0	0.41	-4.5625344e-19
4.570050123050274e-09	0.018825227	0.015642047	0.9668505	0	0	0.41	-1.3580755e-18
4.5800536903476675e-09	-0.013455633	0.020613145	0.9659847	0	0	0.41	-2.8228537e-18
4.590004297742388e-09	-0.027490178	0.00752972	0.9667725	0	0	0.41	-1.9673308e-18
4.600060942805823e-09	-0.025616005	-0.031723965	0.9686649	0	0	0.41	-2.4907213e-18
4.61005519951488e-09	0.029698396	-0.02053817	0.9665551	0	0	0.41	-4.4927845e-19
4.620058936361447e-09	0.015617783	0.019740485	0.9686637	0	0	0.41	-1.104569e-18
4.630058831736256e-09	-0.035849392	0.027171774	0.9681472	0	0	0.41	-2.437417e-18
4.640022902149345e-09	-0.01658066	-0.021229153	0.96451706	0	0	0.41	-1.2863955e-18
4.650012146981127e-09	0.0048738252	-0.011422437	0.9664531	0	0	0.41	-1.0344941e-18
4.660020671844168e-09	0.016067844	-0.001575042	0.9674135	0	0	0.41	-1.793474e-18
4.6700127094903595e-09	-0.005042107	0.029873867	0.9651823	0	0	0.41	-1.0240529e-18
4.680058625906587e-09	-0.02205099	-0.010565016	0.96577233	0	0	0.41	-7.4791965e-19
4.6900460577371885e-09	0.025643334	-0.007209337	0.9658949	0	0	0.41	-2.1599299e-18
4.700002604465175e-09	-0.017155241	0.017974807	0.9674455	0	0	0.41	-2.453205e-18
4.710044179616754e-09	-0.0074796122	-0.02597638	0.9656088	0	0	0.41	-1.5593934e-18
4.720022081116894e-09	0.019948933	0.022374494	0.965732	0	0	0.41	-1.7744499e-18
4.730025267135272e-09	-0.021469483	0.015958553	0.967776	0	0	0.41	-9.238085e-19
4.740059551125929e-09	-0.021555262	-0.022788452	0.96845174	0	0	0.41	-1.515921e-18
4.750000679293885e-09	0.016038822	-0.02994616	0.96869767	0	0	0.41	-1.7793046e-18
4.760039429356685e-09	0.041126374	0.007870796	0.96925	0	0	0.41	-1.5143853e-18
4.770040863835805e-09	0.005304659	0.029322384	0.96934426	0	0	0.41	-2.0526142e-18
4.780056166040137e-09	-0.035316195	0.013986557	0.9662474	0	0	0.41	-1.1558497e-18
4.790051803615565e-09	-0.012333948	-0.03756561	0.9642268	0	0	0.41	-2.0972335e-18
4.800034065451721e-09	0.030403566	-0.024700884	0.9666989	0	0	0.41	-1.4213116e-18
4.8100645263371276e-09	0.026849093	0.038725335	0.9662678	0	0	0.41	-1.8761693e-18
4.820045082846449e-09	-0.052579824	0.03583401	0.96297544	0	0	0.41	-1.4767489e-18
4.830020259335982e-09	-0.026497884	-0.04818457	0.964932	0	0	0.41	-1.2929758e-18
4.840033572355483e-09	0.04571959	-0.02629083	0.9658957	0	0	0.41	-1.3390929e-18
4.850060221144474e-09	0.030217849	0.033018887	0.9669529	0	0	0.41	-1.8539547e-18
4.8600519132926404e-09	-0.031045517	0.013099387	0.96469784	0	0	0.41	-6.8814603e-19
4.870005244615551e-09	0.0032639068	-0.025622295	0.96644646	0	0	0.41	-1.7885523e-18
4.880028373358322e-09	0.0077538695	0.0033497969	0.9655371	0	0	0.41	-1.5668645e-18
4.890054683545572e-09	0.0013464883	0.008203048	0.96204066	0	0	0.41	-2.5992995e-18
4.900054137320869e-09	-0.0044259457	0.009350634	0.9638039	0	0	0.41	-8.567447e-19
4.9100449940007345e-09	-0.0141700525	0.00033962316	0.96423405	0	0	0.41	-6.736914e-19
4.920057238719027e-09	0.00231448	-0.00437133	0.9657827	0	0	0.41	-1.6585487e-18
4.9300567058896476e-09	0.0028084684	0.011032406	0.9646267	0	0	0.41	-1.9792101e-18
4.940015298445703e-09	-0.0029352708	-0.01091598	0.96419793	0	0	0.41	-7.6677797e-19
4.95004623550154e-09	0.00697149	-0.006100163	0.966225	0	0	0.41	-2.3593745e-18
4.960009605052283e-09	-0.0031582934	0.008887001	0.96672314	0	0	0.41	-1.246861e-18
4.970051481684649e-09	0.0066805035	-0.01563976	0.9686281	0	0	0.41	-1.7578936e-18
4.9800289527471966e-09	0.025565064	0.016262604	0.9690099	0	0	0.41	-8.886834e-19
4.990031340325749e-09	-0.009963845	0.03500945	0.96853817	0	0	0.41	-2.1277341e-18
5.000031067865239e-09	-0.021605551	-0.0092921285	0.96709484	0	0	0.41	-1.9233953e-18
5.010045909045199e-09	0.011414079	-0.023726348	0.96766037	0	0	0.41	-1.6373197e-18
5.020052428445042e-09	0.01660301	0.011416693	0.9676583	0	0	0.41	-1.0918485e-18
5.0300265510087645e-09	0.010055268	0.010003881	0.9682177	0	0	0.41	-9.313201e-19
5.040036688153109e-09	0.00032083565	0.0216022	0.9640616	0	0	0.41	-1.2910243e-18
5.0500417424335595e-09	-0.026883397	0.0056961384	0.9656992	0	0	0.41	-1.9639528e-18
5.060058808433819e-09	-0.014071724	-0.010538753	0.9669054	0	0	0.41	-2.2383023e-18
5.070050652223313e-09	0.026053678	-0.007892473	0.96487194	0	0	0.41	-1.1963631e-18
5.080022616433067e-09	0.0014012823	0.019537458	0.96531814	0	0	0.41	-1.7944118e-18
5.090042909543554e-09	-0.033376735	0.0037291425	0.96546626	0	0	0.41	-1.4482029e-18
5.100054047754212e-09	-0.0037931222	-0.015708677	0.9666275	0	0	0.41	-2.0222876e-18
5.110007645334622e-09	0.017200004	0.0020773388	0.967061	0	0	0.41	-8.817717e-19
5.12002693178432e-09	0.008647034	0.020544933	0.96709484	0	0	0.41	-5.9373613e-19
5.130048725297121e-09	-0.03282663	0.0010104931	0.9684008	0	0	0.41	-8.0809146e-19
5.140053712165462e-09	0.010241513	-0.018171486	0.9660748	0	0	0.41	-4.737177e-19
5.150039535522737e-09	0.022838322	0.007867348	0.9671389	0	0	0.41	-2.2678488e-18
5.160050811228909e-09	0.0049498808	0.026581937	0.9675708	0	0	0.41	-9.617479e-19
5.170017981673303e-09	-0.025203262	0.0023761676	0.96513075	0	0	0.41	-1.2746412e-18
5.18005325130728e-09	-0.009750888	-0.014406738	0.96402013	0	0	0.41	-1.1071844e-18
5.190048793947068e-09	0.031627234	0.0016823543	0.965862	0	0	0.41	-1.3181332e-18
5.200017430882237e-09	0.0017594869	0.011139596	0.96170044	0	0	0.41	-7.123064e-19
5.210051624408886e-09	-0.0054421374	-0.005977566	0.9631966	0	0	0.41	-1.4531911e-18
5.220012103912315e-09	0.028594416	0.0006013269	0.96406233	0	0	0.41	-1.3129792e-18
5.230007591118728e-09	0.0006353174	0.025184095	0.96339107	0	0	0.41	-1.2272385e-18
5.240024717083632e-09	-0.013793546	0.0006633885	0.963067	0	0	0.41	-1.7248112e-18
5.2500121667987565e-09	-0.004793298	-0.011627165	0.96321374	0	0	0.41	-1.4648279e-18
5.260015441074744e-09	0.0026817666	-0.011228597	0.96152663	0	0	0.41	-1.5068688e-18
5.270059984951282e-09	0.011030476	0.013239076	0.96241003	0	0	0.41	-1.553133e-18
5.2800389380212195e-09	-0.014271875	0.021144198	0.9615988	0	0	0.41	-1.6638478e-18
5.290013500293851e-09	-0.02444917	-0.02845417	0.96418107	0	0	0.41	-1.1617614e-18
5.300064628728857e-09	0.025224075	-0.030373458	0.96468395	0	0	0.41	-2.0983631e-19
5.310060459435769e-09	0.037259385	0.038074173	0.96659446	0	0	0.41	-1.6629825e-18
5.320022353585418e-09	-0.021755883	0.04372564	0.9682948	0	0	0.41	-1.2707405e-18
5.33003030101859e-09	-0.03254628	-0.019441936	0.96618366	0	0	0.41	-1.5264767e-18
5.3400628781897416e-09	-0.00038980585	-0.027607488	0.9688082	0	0	0.41	-2.042653e-18
5.350054355881996e-09	0.023367811	0.00722342	0.96782523	0	0	0.41	-2.1772688e-18
5.3600184142064024e-09	-0.002540639	0.035928115	0.9660605	0	0	0.41	-1.813373e-18
5.370021052057425e-09	-0.038887683	-0.0015859175	0.96813196	0	0	0.41	-1.6563585e-18
5.380021025329473e-09	-0.017335182	-0.031645894	0.9661635	0	0	0.41	-2.4899702e-18
5.390058513593957e-09	0.03314071	-0.0041290717	0.9648636	0	0	0.41	-4.992285e-19
5.400051062888402e-09	-0.0019775864	0.03657118	0.96952724	0	0	0.41	-1.8357545e-18
5.410047297437459e-09	-0.030471088	-0.0051743407	0.97148365	0	0	0.41	-3.3092782e-19
5.420033463217102e-09	-0.0021157323	-0.039083794	0.9709907	0	0	0.41	-8.597842e-19
5.430063144879941e-09	0.045198582	-0.02229668	0.9696037	0	0	0.41	-1.5370825e-18
5.44002132786835e-09	0.015535602	0.034913566	0.9643522	0	0	0.41	-9.024743e-19
5.450030781650282e-09	-0.028191384	0.029266203	0.9638255	0	0	0.41	-8.6478864e-19
5.460026496349898e-09	-0.035755828	-0.021104822	0.9653436	0	0	0.41	-1.8143977e-18
5.4700089313925886e-09	0.0014932578	-0.04152353	0.96600187	0	0	0.41	-1.6612967e-18
5.480036847372891e-09	0.045332205	0.00799598	0.9679166	0	0	0.41	-7.082146e-19
5.490055360466476e-09	-0.011587364	0.044983793	0.96506983	0	0	0.41	-1.8187803e-18
5.5000491318383765e-09	-0.028404165	-0.010345957	0.96877766	0	0	0.41	-2.5493603e-18
5.510012580567869e-09	-0.0025636563	-0.038539954	0.96535426	0	0	0.41	-1.6573847e-18
5.520019471838405e-09	0.03556393	-0.0023160356	0.96754915	0	0	0.41	-4.0821668e-19
5.530064041592992e-09	0.005207422	0.036303587	0.96727806	0	0	0.41	-2.2337322e-18
5.5400508586872816e-09	-0.032994162	0.010668098	0.96903276	0	0	0.41	-2.3745965e-18
5.55004017144577e-09	-0.020561993	-0.030323436	0.96905	0	0	0.41	-1.0775548e-18
5.5600584606109036e-09	0.015881626	-0.017887441	0.96851295	0	0	0.41	-9.623235e-19
5.57004608897905e-09	0.013776955	-0.0015584248	0.9680132	0	0	0.41	-1.1749807e-18
5.5800301225177876e-09	0.027153144	0.018544773	0.96893424	0	0	0.41	-7.2202957e-19
5.590047030125209e-09	-0.0140850935	0.021161998	0.96827555	0	0	0.41	-1.6356307e-18
5.600008317059618e-09	-0.012418711	-0.013879595	0.968626	0	0	0.41	-1.7681476e-18
5.610037908836667e-09	0.014527176	-0.011269844	0.9685268	0	0	0.41	-2.574752e-18
5.620038071968322e-09	0.012876551	0.013447135	0.96808475	0	0	0.41	-6.001961e-19
5.630043782625145e-09	-0.013938203	-0.00669834	0.9668436	0	0	0.41	-1.8357007e-18
5.640035700766825e-09	0.010597756	-0.013242616	0.96341324	0	0	0.41	-4.0029793e-19
5.6500251956842214e-09	0.0009321591	0.004942276	0.9634006	0	0	0.41	-1.547736e-18
5.660010942920593e-09	0.026842136	-0.0020339643	0.96404636	0	0	0.41	-1.7413755e-18
5.670018493330531e-09	0.008578534	0.029352712	0.9662937	0	0	0.41	-9.536687e-19
5.680025282027918e-09	-0.01941629	0.0021708857	0.9639652	0	0	0.41	-8.878654e-19
5.690025727248274e-09	0.0055243047	-0.030279286	0.9660824	0	0	0.41	-1.7434566e-18
5.700012615272873e-09	0.016447576	0.016647093	0.9656336	0	0	0.41	-1.6716145e-18
5.710024230745514e-09	-0.019333115	0.018840978	0.9669086	0	0	0.41	-1.7980894e-18
5.720047228634869e-09	-0.03549299	-0.014548132	0.9651683	0	0	0.41	-1.0221382e-18
5.730023537746854e-09	0.006356669	-0.033131287	0.9657654	0	0	0.41	-9.852502e-19
5.740031646084076e-09	0.03307947	0.012262636	0.96856266	0	0	0.41	-2.6084427e-18
5.750012641739828e-09	-0.025398536	0.027773991	0.96774936	0	0	0.41	-1.2320896e-18
5.7600189579144635e-09	-0.045419082	-0.011648065	0.9689104	0	0	0.41	-1.2070576e-18
5.7700569178893256e-09	0.00077072444	-0.032961864	0.96764714	0	0	0.41	-1.7406161e-19
5.780050361694304e-09	0.01674232	0.017507	0.96661484	0	0	0.41	-1.0053709e-18
5.7900568197783425e-09	-0.009425382	0.017645307	0.9689665	0	0	0.41	-1.0410403e-18
5.8000064382494935e-09	-0.010272826	-0.006194427	0.9686031	0	0	0.41	-1.5953611e-18
5.810035211360928e-09	-0.011464873	0.010701351	0.9681392	0	0	0.41	-2.2251766e-18
5.8200510016270054e-09	-0.017136203	-0.01315846	0.96454066	0	0	0.41	-1.6391544e-18
5.830014181548947e-09	0.007635396	-0.013037536	0.96309054	0	0	0.41	-1.8913354e-18
5.8400286511313495e-09	0.022475017	0.0027309305	0.96419203	0	0	0.41	-9.42749e-19
5.850001457485176e-09	0.0091192005	0.031726535	0.964925	0	0	0.41	-1.3303359e-18
5.860035514924003e-09	-0.04237461	0.024805615	0.96396476	0	0	0.41	-1.2040247e-18
5.870057655781855e-09	-0.020010516	-0.04677182	0.96301436	0	0	0.41	-1.7105908e-18
5.880058656521704e-09	0.03428429	-0.012182901	0.96496445	0	0	0.41	-2.2287447e-18
5.890007891811503e-09	0.023225306	0.044943545	0.96620893	0	0	0.41	-2.0269118e-18
5.9000187781868685e-09	-0.021940475	0.028055415	0.96511465	0	0	0.41	-2.0578386e-18
5.9100055698855425e-09	-0.039131362	-0.011810453	0.96583176	0	0	0.41	-1.1888139e-18
5.920042966639125e-09	0.011955072	-0.0438354	0.9679075	0	0	0.41	-2.376061e-18
5.930040930710342e-09	0.046149068	0.008750786	0.9639191	0	0	0.41	-9.475908e-19
5.940023090610297e-09	-0.00039159137	0.055522665	0.964383	0	0	0.41	-1.9702388e-18
5.950053615485688e-09	-0.04707216	0.0062009795	0.9623509	0	0	0.41	-1.7107038e-18
5.960049439322104e-09	-0.0011242834	-0.051670104	0.9653586	0	0	0.41	-1.6122336e-18
5.970004783724539e-09	0.02217998	0.000112768466	0.96499604	0	0	0.41	-3.9463127e-19
5.980042260171482e-09	0.0043398654	0.02844947	0.967101	0	0	0.41	-1.7954232e-18
5.9900162354115015e-09	-0.018273294	0.023389598	0.9679651	0	0	0.41	-9.372395e-19
6.000023567220509e-09	-0.001933146	0.0061597447	0.9685907	0	0	0.41	-1.8696195e-18
6.0100418627898375e-09	-0.003461327	-0.0059528416	0.9687782	0	0	0.41	-6.6280597e-19
6.020020337299049e-09	0.0026801366	-0.0020537227	0.965852	0	0	0.41	-1.0257837e-18
6.030022701908626e-09	-0.014707064	0.014684176	0.96422094	0	0	0.41	-1.4216568e-18
6.040016024909543e-09	-0.01989351	-0.008331699	0.9627106	0	0	0.41	-1.956016e-18
6.050051276951031e-09	-0.0030288568	-0.01829701	0.96542424	0	0	0.41	-1.4629653e-18
6.0600535755908264e-09	0.012352669	-0.020836666	0.9630381	0	0	0.41	-1.4709488e-18
6.070047482975451e-09	0.028517509	0.025251918	0.9632522	0	0	0.41	-1.4629299e-18
6.080060980317191e-09	-0.020802492	0.010820586	0.9610308	0	0	0.41	-1.8055947e-18
6.090031755755623e-09	-0.009184753	-0.004741081	0.96217287	0	0	0.41	-2.0550829e-19
6.100059073265786e-09	0.0067003453	-0.007978389	0.9615683	0	0	0.41	-1.1501152e-18
6.110049196751107e-09	-0.026499556	0.0016123967	0.9621033	0	0	0.41	-1.826297e-18
6.1200390990837176e-09	0.01484449	-0.021394784	0.9626486	0	0	0.41	-1.3929678e-18
6.130002966630109e-09	0.017723756	0.019791555	0.9646301	0	0	0.41	-1.5782068e-18
6.140050513287879e-09	-0.03424581	0.017715415	0.9663714	0	0	0.41	-1.3879249e-18
6.150014915874666e-09	-0.023593148	-0.045949705	0.9683113	0	0	0.41	-1.9183396e-18
6.160043204218816e-09	0.05494342	-0.0064352844	0.96704745	0	0	0.41	-2.337169e-19
6.170006282347272e-09	0.016926741	0.04721485	0.9661774	0	0	0.41	-9.928495e-19
6.1800096115904815e-09	-0.03797163	0.01766101	0.9655066	0	0	0.41	-3.9528176e-20
6.190062296668653e-09	-0.026750302	-0.03754768	0.96713436	0	0	0.41	-1.3575059e-18
6.20004023593874e-09	0.018816588	-0.03050736	0.9661223	0	0	0.41	-1.0498979e-18
6.210028999845233e-09	0.03060011	0.00062811235	0.9673179	0	0	0.41	-1.7469794e-18
6.220017810054996e-09	-0.013009816	0.030692568	0.9619413	0	0	0.41	-1.8128809e-18
6.23003183450152e-09	-0.016407002	-0.0071737054	0.965316	0	0	0.41	-2.2070724e-18
6.240048272263829e-09	-0.0015886341	-0.03281827	0.96272	0	0	0.41	-5.174078e-19
6.250012227861538e-09	0.033667564	-0.013042491	0.9630919	0	0	0.41	-1.8686916e-18
6.2600501844056956e-09	0.017598312	0.0328369	0.96438885	0	0	0.41	-1.9535522e-18
6.270062388162481e-09	-0.033917964	0.033691123	0.9621623	0	0	0.41	-1.0321045e-18
6.280020632065765e-09	-0.020057987	-0.037716772	0.9641199	0	0	0.41	-6.4050063e-19
6.290041374017672e-09	0.023961654	-0.010145233	0.9638931	0	0	0.41	-2.8403327e-19
6.30002333995499e-09	0.023539327	0.015673844	0.9625363	0	0	0.41	-8.6731955e-19
6.310054753589616e-09	-0.017077105	0.0075289365	0.96519876	0	0	0.41	-1.5453267e-18
6.320008535045311e-09	0.002535656	-0.025537785	0.9645461	0	0	0.41	-7.7384354e-19
6.330046436582429e-09	0.024734616	0.0023004522	0.9641695	0	0	0.41	-7.382159e-19
6.340052058325035e-09	0.0041930517	0.013410772	0.9653854	0	0	0.41	-1.5589703e-18
6.35000118335536e-09	-0.027308565	0.017952643	0.96670103	0	0	0.41	-2.5793642e-18
6.360011642932602e-09	-0.00660421	-0.032117832	0.96747047	0	0	0.41	-2.2072256e-18
6.370037372804798e-09	0.045539334	-0.022337614	0.9663661	0	0	0.41	-1.5620469e-18
6.380023830988643e-09	0.0057615926	0.052030828	0.9676144	0	0	0.41	-2.5045904e-18
6.3900529221398985e-09	-0.041807495	0.0077417274	0.96533024	0	0	0.41	-1.1726341e-18
6.400027393596277e-09	-0.0041872347	-0.037019394	0.96646374	0	0	0.41	-1.1008663e-18
6.410010664304746e-09	0.04796178	0.004534479	0.96680605	0	0	0.41	-7.2447487e-19
6.42001958649838e-09	-0.009916667	0.04131926	0.96500474	0	0	0.41	-8.4234397e-19
6.430024377906691e-09	-0.051461916	-0.0077737137	0.96673304	0	0	0.41	-1.0651066e-18
6.44001145575198e-09	0.023832565	-0.029036053	0.9630864	0	0	0.41	-8.451986e-19
6.4500247625664885e-09	0.032837093	0.0033070166	0.9678561	0	0	0.41	-2.3859793e-18
6.460001774619973e-09	0.0017762354	0.030548636	0.96785444	0	0	0.41	-1.696213e-18
6.470041923113713e-09	-0.013204921	0.00093483634	0.96525973	0	0	0.41	-1.7329791e-18
6.480000983296652e-09	0.0007817099	0.0010883209	0.96658134	0	0	0.41	-1.7270325e-18
6.490001690195229e-09	0.0028516706	-0.014958794	0.9630028	0	0	0.41	-2.3772294e-18
6.500003925820421e-09	0.018708311	-0.012772356	0.96448296	0	0	0.41	-2.0510148e-18
6.51003838848888e-09	0.016045734	0.014366037	0.96363795	0	0	0.41	-1.5302628e-18
6.520033131005739e-09	-0.0011574153	0.010127842	0.96435624	0	0	0.41	-1.9078968e-18
6.530023953873498e-09	-0.016981645	-0.0064243646	0.96917903	0	0	0.41	-2.0302747e-18
6.540014382265525e-09	0.01042245	-0.0025519282	0.9671731	0	0	0.41	-1.3141634e-18
6.550034020662502e-09	-0.0026955646	0.011357002	0.9659401	0	0	0.41	-5.0712567e-19
6.560062702227899e-09	-0.0072427555	-0.021335667	0.966786	0	0	0.41	-1.760613e-18
6.5700279729410735e-09	0.010867505	0.0011483273	0.9661659	0	0	0.41	-2.1693647e-18
6.580014896133508e-09	0.00619561	0.017862985	0.96536636	0	0	0.41	-9.747041e-19
6.5900507605942665e-09	-0.0053624297	-0.004387438	0.9662114	0	0	0.41	-1.3505201e-18
6.600001991601131e-09	-0.017269842	-0.017905122	0.9684334	0	0	0.41	-1.3163954e-18
6.610000362838919e-09	0.029011698	-0.00811443	0.9688196	0	0	0.41	-9.035618e-19
6.620022213943606e-09	0.002300735	0.018403497	0.96659154	0	0	0.41	-1.6847032e-18
6.63001312509949e-09	-0.021286035	0.0027505013	0.96857446	0	0	0.41	-1.2146258e-18
6.6400189759538915e-09	-0.018386524	-0.016779615	0.9652719	0	0	0.41	-7.448358e-19
6.650034805736485e-09	0.010419049	-0.013721762	0.9662304	0	0	0.41	-1.2349638e-18
6.660011529516349e-09	0.008068049	0.015054221	0.9672567	0	0	0.41	-6.6038946e-19
6.67003904611584e-09	-0.011135402	0.010787208	0.96877676	0	0	0.41	-2.1624027e-18
6.68004125894728e-09	-0.015282626	-0.012064345	0.9661635	0	0	0.41	-1.7341453e-18
6.690059797869113e-09	0.009261769	0.013020215	0.96632266	0	0	0.41	-1.8057828e-18
6.700063550557312e-09	-0.0068213227	-0.0010544927	0.96837133	0	0	0.41	-2.3058677e-18
6.71000252446143e-09	-0.011479884	0.0057323873	0.9675559	0	0	0.41	-1.2791344e-18
6.720038441952775e-09	0.0049045873	-0.017583601	0.96799546	0	0	0.41	-1.2219122e-18
6.730009451595788e-09	0.019045038	-0.015739946	0.9673964	0	0	0.41	-1.6404754e-18
6.740021584036577e-09	0.0136665255	0.021845153	0.96769947	0	0	0.41	-1.0000308e-18
6.7500095058714866e-09	-0.01727229	0.030364843	0.96665543	0	0	0.41	-1.9292197e-18
6.760054183707575e-09	-0.03159345	-0.028793063	0.9647473	0	0	0.41	-1.0264255e-18
6.770059403674822e-09	0.020465022	-0.04529493	0.9662744	0	0	0.41	-2.0662794e-18
6.780023387067478e-09	0.05089276	-0.0009989463	0.96620786	0	0	0.41	-1.7283864e-18
6.790005737909079e-09	0.009696765	0.046104796	0.9681407	0	0	0.41	-5.2173983e-19
6.800041955055728e-09	-0.04619567	0.020900618	0.96543694	0	0	0.41	-1.7448382e-18
6.810052881704281e-09	-0.009011379	-0.041747455	0.9663265	0	0	0.41	-1.3466984e-18
6.820047625274356e-09	0.052798904	-0.02037973	0.9643368	0	0	0.41	-1.6063429e-18
6.830022042739736e-09	0.019349856	0.033971675	0.9644613	0	0	0.41	-1.2309806e-18
6.840030466935032e-09	-0.031500462	0.020580612	0.96551496	0	0	0.41	-1.8475691e-18
6.8500584547869245e-09	-0.031943377	-0.03415318	0.96269834	0	0	0.41	-2.0900985e-18
6.860054953725188e-09	0.015253748	-0.0027287616	0.9663491	0	0	0.41	-1.6598342e-18
6.870019669386478e-09	0.021456586	0.004000014	0.9682073	0	0	0.41	-2.1217073e-18
6.880014791234165e-09	-0.01664488	0.043360744	0.9666201	0	0	0.41	-2.0298512e-18
6.890059352596708e-09	-0.034853157	-0.02481666	0.9661522	0	0	0.41	-1.0200479e-18
6.9000050983393304e-09	0.033572547	-0.0325017	0.9643102	0	0	0.41	-9.869649e-19
6.910023858454592e-09	0.03221491	0.028562898	0.9612093	0	0	0.41	-9.265268e-19
6.920038874221657e-09	-0.022036172	0.013692019	0.9624418	0	0	0.41	-1.4288448e-19
6.930046089841771e-09	-0.017564246	-0.012058168	0.9614071	0	0	0.41	-7.0308243e-19
6.940034026719732e-09	0.016576242	-0.022619024	0.96655077	0	0	0.41	-1.4608286e-18
6.950032836690521e-09	0.020273054	0.019261278	0.9656207	0	0	0.41	-5.364748e-19
6.960035113351623e-09	-0.026226817	0.026499493	0.963117	0	0	0.41	-1.7203627e-18
6.9700343707568574e-09	-0.02503806	-0.031982496	0.9634512	0	0	0.41	-8.741612e-19
6.980032536694165e-09	0.027587583	-0.019522337	0.96403646	0	0	0.41	-1.3648556e-18
6.9900447019989236e-09	0.02050745	0.020187395	0.9661892	0	0	0.41	-2.4431257e-18
7.000021010584745e-09	-0.0037067488	0.03527303	0.96444625	0	0	0.41	-1.1261274e-18
7.010018209440395e-09	-0.04274604	-0.0051656286	0.9643296	0	0	0.41	-1.4161853e-18
7.020019944307899e-09	-0.00649253	-0.03089519	0.9673083	0	0	0.41	-9.348702e-19
7.0300136444129915e-09	0.032254953	-0.0053735203	0.96794677	0	0	0.41	-2.317668e-18
7.040065060692496e-09	-0.0013715111	0.02642927	0.96800745	0	0	0.41	-4.620599e-19
7.050047907757138e-09	-0.023000455	-0.006540435	0.96483517	0	0	0.41	-1.5573487e-18
7.0600564888547726e-09	-0.007916556	-0.009080737	0.96836644	0	0	0.41	-2.1686393e-18
7.070054388260616e-09	0.01867144	-0.008064223	0.9660998	0	0	0.41	-1.5887735e-18
7.080033763739425e-09	-0.0048345802	0.019502478	0.96703154	0	0	0.41	-1.3684812e-18
7.090002457357335e-09	-0.03374723	-0.0049544736	0.9662118	0	0	0.41	-2.3195596e-18
7.100033526808689e-09	-0.002299946	-0.01004144	0.96391875	0	0	0.41	-1.3183994e-18
7.110015267883149e-09	0.0106600765	-0.014867827	0.96437293	0	0	0.41	-6.338631e-19
7.1200532843604174e-09	0.026610386	0.026141005	0.9603056	0	0	0.41	-1.387905e-18
7.130062391460378e-09	-0.016692353	0.028165655	0.9651745	0	0	0.41	-1.2195712e-18
7.140062934216019e-09	-0.027332015	-0.013269255	0.96473175	0	0	0.41	-1.1875877e-18
7.150061967086317e-09	0.0134543395	-0.032859717	0.966889	0	0	0.41	-2.2929175e-19
7.1600581589577486e-09	0.025724003	0.0032572164	0.9661244	0	0	0.41	-1.745999e-18
7.170007176231062e-09	0.013426771	0.028177924	0.9651958	0	0	0.41	-2.0723823e-18
7.18005645258464e-09	-0.021846518	0.013335994	0.9654599	0	0	0.41	-1.4198084e-18
7.1900350611198525e-09	0.006061149	-0.01782159	0.96564794	0	0	0.41	-1.8158445e-18
7.200031018450473e-09	0.0031483914	0.007899677	0.9655782	0	0	0.41	-2.0974591e-18
7.210019439531997e-09	-0.005967865	0.009194696	0.9640678	0	0	0.41	-7.740534e-19
7.220017847336184e-09	-0.008985044	-0.022501813	0.96487695	0	0	0.41	-2.3765308e-18
7.230020000158982e-09	0.03520117	0.0005493061	0.9667752	0	0	0.41	-2.0267633e-18
7.240014852188201e-09	-0.015479501	0.03996717	0.9656351	0	0	0.41	-2.088037e-18
7.250034729448543e-09	-0.04828224	-0.025523834	0.96307194	0	0	0.41	-1.5976467e-18
7.260018875855304e-09	0.035221145	-0.044758745	0.96290237	0	0	0.41	-2.146802e-18
7.270004677056444e-09	0.04018336	0.030052505	0.96355057	0	0	0.41	-7.019712e-19
7.280027118219498e-09	-0.026728395	0.038580503	0.9649774	0	0	0.41	-1.2736202e-18
7.290014034533213e-09	-0.038557682	-0.033097863	0.96230435	0	0	0.41	-9.498972e-19
7.300058613510392e-09	0.008302175	-0.027333897	0.9627911	0	0	0.41	-1.882581e-18
7.310020875661525e-09	0.034878224	-0.020901155	0.9651434	0	0	0.41	-1.2116233e-18
7.32003264795172e-09	0.014503732	0.016280036	0.9661099	0	0	0.41	-1.7572524e-18
7.330036139600328e-09	-0.016923	0.024383536	0.965981	0	0	0.41	-1.4458437e-18
7.3400132001403675e-09	-0.022183212	-0.032773804	0.96426487	0	0	0.41	-1.0047699e-18
7.350055924561299e-09	0.022983167	-0.013828015	0.969181	0	0	0.41	-1.2985816e-18
7.360052881387896e-09	0.015397504	0.023757592	0.96802306	0	0	0.41	-1.3959127e-18
7.370064091068399e-09	-0.014814567	0.013842128	0.9659424	0	0	0.41	-1.7313197e-18
7.380009295256699e-09	-0.0039603747	0.0007287123	0.96579015	0	0	0.41	-1.9728903e-18
7.390030120014869e-09	-0.020095995	-0.00522021	0.9664004	0	0	0.41	-1.5403271e-18
7.400040091934398e-09	-0.013638393	-0.015979247	0.96231216	0	0	0.41	-1.2731231e-18
7.4100000938523026e-09	0.0074126804	-0.02457828	0.9652615	0	0	0.41	-1.3614752e-18
7.420028039122405e-09	0.015088745	-0.0029808476	0.96083236	0	0	0.41	-2.2470043e-18
7.4300449617997575e-09	0.01153083	0.004012512	0.96270704	0	0	0.41	-1.7843868e-18
7.440020112817381e-09	-0.00410157	0.018883536	0.9626978	0	0	0.41	-1.3003941e-18
7.450038232965576e-09	-0.015622517	-0.014726258	0.9646094	0	0	0.41	-1.765819e-18
7.460020886132834e-09	0.0014835696	-0.02294042	0.9663737	0	0	0.41	-1.1651894e-18
7.470049528989618e-09	0.016585363	-0.0038416232	0.9640759	0	0	0.41	-2.034466e-18
7.480025056449218e-09	-0.002546543	0.023304123	0.961582	0	0	0.41	-7.135757e-19
7.49001562281693e-09	-0.03417335	-0.014461179	0.96230716	0	0	0.41	-1.3405108e-18
7.50005366600113e-09	0.021449348	-0.045069277	0.96033347	0	0	0.41	-3.6971887e-19
7.51004587529518e-09	0.058772087	0.0112329535	0.9597975	0	0	0.41	-3.7340373e-19
7.52001675150544e-09	-0.016817639	0.080529295	0.95899814	0	0	0.41	-1.6476829e-18
7.530050249755086e-09	-0.07744315	-0.0049677584	0.96172625	0	0	0.41	-9.037048e-19
7.54002555543115e-09	0.010093108	-0.08782304	0.9632799	0	0	0.41	-1.8523661e-18
7.550014354261835e-09	0.07878482	0.014709463	0.9638236	0	0	0.41	-1.2567289e-18
7.560011187237347e-09	-0.01591831	0.07140951	0.96181136	0	0	0.41	-1.9562466e-18
7.570009103378966e-09	-0.07388608	-0.007086889	0.9615669	0	0	0.41	-1.1477449e-18
7.580047819738636e-09	-0.016668433	-0.06713003	0.9645052	0	0	0.41	-1.9774685e-18
7.590025975557225e-09	0.057648778	0.008243192	0.9637043	0	0	0.41	-1.1218273e-18
7.600059156576346e-09	-0.0019277035	0.056273818	0.9671548	0	0	0.41	-1.2896822e-18
7.610039450249794e-09	-0.051884	0.0073313764	0.9658846	0	0	0.41	-1.2791781e-18
7.620040647153055e-09	-0.0048926957	-0.045410372	0.96717197	0	0	0.41	-2.0360451e-18
7.630030499895723e-09	0.04448808	-0.019761818	0.9632702	0	0	0.41	-5.478974e-19
7.640041738422203e-09	0.013843335	0.02857195	0.968348	0	0	0.41	-1.7712913e-18
7.650004054441559e-09	-0.01430938	0.02371704	0.96642077	0	0	0.41	-1.7767087e-18
7.660001715152049e-09	-0.041211616	-0.0074154753	0.96531713	0	0	0.41	-2.03358e-18
7.670027488027587e-09	0.009885227	-0.022433337	0.96371406	0	0	0.41	-1.1400323e-18
7.680026955706902e-09	0.010974596	-0.0046578376	0.9644066	0	0	0.41	-1.3227633e-18
7.690003700188098e-09	0.011884225	0.02424191	0.96531594	0	0	0.41	-7.3865667e-19
7.700008033192432e-09	-0.02411377	0.0183905	0.9645421	0	0	0.41	-1.4491467e-18
7.710035430281615e-09	-0.022184182	-0.025026608	0.96638376	0	0	0.41	-1.1128798e-18
7.720058286954694e-09	0.030739993	-0.0077581606	0.96579504	0	0	0.41	-2.6732869e-18
7.730018689780713e-09	0.0018276364	0.016698277	0.9647625	0	0	0.41	-1.1667276e-18
7.740006900977159e-09	-0.013443979	0.0034216563	0.96514606	0	0	0.41	-2.315279e-18
7.750058707248965e-09	0.024746632	-0.019853584	0.96453685	0	0	0.41	-1.5096565e-18
7.76005470414657e-09	0.018554367	0.022224525	0.9684439	0	0	0.41	-1.0870969e-18
7.770055232668597e-09	-0.013444857	0.010528242	0.96739304	0	0	0.41	-1.962623e-18
7.78005614574693e-09	-0.0076576094	-0.0044958186	0.96919096	0	0	0.41	-1.7168245e-18
7.790003723651769e-09	-0.0064958194	-0.005354994	0.96689755	0	0	0.41	-1.5355847e-18
7.800044960180632e-09	0.00036561635	0.006842188	0.9652088	0	0	0.41	-2.0239195e-18
7.810055308804237e-09	0.008094849	0.018331544	0.96422106	0	0	0.41	-1.8103201e-18
7.82001418389594e-09	-0.02180861	0.00081050454	0.9638329	0	0	0.41	-1.4337939e-18
7.830005722779164e-09	0.003373523	-0.0068881228	0.96480364	0	0	0.41	-2.1246368e-18
7.840021912837386e-09	0.0031274545	0.0021514148	0.96417177	0	0	0.41	-1.6996597e-18
7.850045603040832e-09	0.0063084583	0.013708905	0.9635109	0	0	0.41	-7.6298106e-19
7.860057187474777e-09	-0.021285465	0.009029129	0.96130735	0	0	0.41	-6.30864e-19
7.870028765110805e-09	-0.009713894	-0.0129321115	0.96275485	0	0	0.41	-2.8584243e-18
7.880004502678955e-09	0.015194094	-0.0303325	0.96393937	0	0	0.41	-1.3950808e-18
7.890047313226668e-09	0.013497186	0.016017612	0.9652214	0	0	0.41	-1.0837843e-18
7.900047607809301e-09	-0.021828331	0.019257031	0.9656789	0	0	0.41	-8.730941e-19
7.910001468578426e-09	-0.016339596	-0.030443003	0.967424	0	0	0.41	-2.9449166e-18
7.92001294442205e-09	0.011061335	-0.015089045	0.96555084	0	0	0.41	-1.8415284e-18
7.930063206470752e-09	-0.0002057106	0.0072761085	0.96596736	0	0	0.41	-8.743713e-19
7.940010190932069e-09	0.005267833	0.00070793816	0.9658833	0	0	0.41	-1.4386103e-18
7.950003027157606e-09	-0.010507508	0.0002491317	0.96741277	0	0	0.41	-1.1999549e-18
7.960058178701514e-09	0.008144527	-0.014606562	0.9657898	0	0	0.41	-7.0282967e-19
7.970061175846392e-09	0.01702104	0.011902247	0.9659879	0	0	0.41	-1.14637e-18
7.980021083542702e-09	0.0027342113	0.0009423444	0.96746534	0	0	0.41	-1.0250113e-18
7.990040706834024e-09	-0.008312215	0.004607739	0.9659633	0	0	0.41	-1.3870331e-18
8.000024865212425e-09	0.0020047773	-0.005677864	0.9693957	0	0	0.41	-2.4670732e-18
8.010013089118065e-09	0.018303769	0.013998356	0.96522003	0	0	0.41	-1.5004637e-18
8.020044443803865e-09	-0.030369995	0.009417987	0.9631624	0	0	0.41	-7.149122e-19
8.030060062706164e-09	-0.014936685	-0.029182343	0.96474814	0	0	0.41	-1.4463826e-18
8.040039552870636e-09	0.021034751	-0.008639066	0.9623871	0	0	0.41	-2.2375732e-18
8.050030421733523e-09	-0.0068285465	0.00776663	0.96275073	0	0	0.41	-8.875641e-19
8.060010682752782e-09	0.000175033	-0.007884325	0.9632523	0	0	0.41	-1.0115202e-18
8.070053959828354e-09	-0.0022581543	0.018158669	0.96646434	0	0	0.41	-2.1392797e-18
8.080063074661384e-09	-0.011681998	-0.012610409	0.96606624	0	0	0.41	-2.1161797e-18
8.090010362579156e-09	0.011189016	-0.02789069	0.96646434	0	0	0.41	-1.8717631e-18
8.100001704744285e-09	0.032465447	-0.0014984995	0.9666169	0	0	0.41	-2.0384845e-18
8.11003108616761e-09	0.005097664	0.04349906	0.96620303	0	0	0.41	-1.5590064e-18
8.120061269032329e-09	-0.031959027	0.010129467	0.9675	0	0	0.41	-1.7447444e-18
8.130019255981915e-09	-0.01097425	-0.01638171	0.9679688	0	0	0.41	-1.4134935e-18
8.140028143016215e-09	0.024398549	-0.0067684697	0.9677862	0	0	0.41	-8.6343423e-19
8.150000558906927e-09	-0.009571484	0.026590038	0.9685741	0	0	0.41	-1.0917351e-18
8.160034876307449e-09	-0.018427804	-0.01539445	0.96827304	0	0	0.41	-2.1935575e-18
8.170004645009059e-09	0.022790914	-0.020776115	0.96679944	0	0	0.41	-6.0233395e-19
8.180005860478996e-09	0.026320387	0.01060365	0.9681501	0	0	0.41	-2.6115848e-18
8.190026970434541e-09	-0.011502665	0.025239475	0.96494055	0	0	0.41	-1.7205133e-18
8.200014031128032e-09	-0.033561945	-0.013145516	0.96184504	0	0	0.41	-6.8177167e-19
8.210040222824783e-09	0.014257967	-0.038374517	0.96346647	0	0	0.41	-1.1952527e-18
8.220052217986938e-09	0.033475306	0.02532843	0.9622672	0	0	0.41	-1.0153436e-18
8.230039964757149e-09	-0.004756891	0.038454436	0.9630734	0	0	0.41	-1.5460973e-18
8.24006285183414e-09	-0.040583916	-0.009955913	0.96555364	0	0	0.41	-1.983668e-18
8.250033277584522e-09	0.0093977535	-0.033043325	0.9650937	0	0	0.41	-8.4703925e-19
8.260008311701946e-09	0.037954614	0.008097062	0.9637299	0	0	0.41	-1.8767597e-18
8.27001516360952e-09	0.002194256	0.04934543	0.9637774	0	0	0.41	-1.57437e-18
8.280027377572468e-09	-0.035536334	0.0083033815	0.96492356	0	0	0.41	-2.1979272e-18
8.290058353800349e-09	-0.015621815	-0.023565987	0.96550626	0	0	0.41	-1.814824e-18
8.30005366291099e-09	0.027111137	-0.018021798	0.9669875	0	0	0.41	-8.092389e-19
8.310030805414676e-09	0.0043614064	0.040000737	0.96543425	0	0	0.41	-1.2757149e-18
8.320032063483667e-09	-0.047927134	-0.0020466386	0.96665704	0	0	0.41	-1.7661321e-18
8.330014972187884e-09	-0.008779317	-0.022198737	0.9672754	0	0	0.41	-1.887344e-18
8.340021648730528e-09	0.008068643	-0.020962415	0.9653115	0	0	0.41	-8.713483e-19
8.350018848400172e-09	0.020721873	0.015046237	0.9670437	0	0	0.41	-2.3174259e-18
8.360045621086964e-09	0.003423893	0.01533	0.9662049	0	0	0.41	-2.6896075e-18
8.370038991913084e-09	-0.03393227	-0.011847623	0.96652585	0	0	0.41	-2.6573216e-18
8.380044550881356e-09	0.010204512	-0.03887897	0.9656006	0	0	0.41	-9.443742e-19
8.390043323421245e-09	0.036732282	0.0089772325	0.96656054	0	0	0.41	-1.2987804e-18
8.400048905817007e-09	-0.006922729	0.030740727	0.9671006	0	0	0.41	-1.7827632e-18
8.410003271822397e-09	-0.022985883	-0.003700793	0.96628004	0	0	0.41	-2.4157154e-18
8.420004828207147e-09	-0.011006607	-0.024727883	0.9656166	0	0	0.41	-2.0817923e-18
8.430002191849487e-09	0.029622884	-0.010091471	0.9662688	0	0	0.41	-1.2426142e-18
8.440015748456943e-09	0.0072196634	0.028668549	0.9650211	0	0	0.41	-1.1722643e-18
8.450004137290683e-09	-0.028577147	3.8925504e-05	0.9654383	0	0	0.41	-6.296232e-19
8.460037149572772e-09	0.00773738	-0.01576348	0.965368	0	0	0.41	-1.1950546e-18
8.470018287700233e-09	0.014835506	0.006300067	0.9630731	0	0	0.41	-1.8201334e-18
8.480015255396286e-09	-0.014560602	0.01733617	0.96334857	0	0	0.41	-1.3396336e-18
8.490059221042506e-09	-0.010593897	-0.016406637	0.96628845	0	0	0.41	-7.4894427e-19
8.500009704229738e-09	0.025532221	-0.01027969	0.96271926	0	0	0.41	-2.0600995e-18
8.51005736894675e-09	0.012801799	0.016857998	0.9623824	0	0	0.41	-5.963145e-19
8.520030800064157e-09	-0.019718917	0.014459618	0.96550363	0	0	0.41	-1.6408253e-18
8.530000136127925e-09	-0.0074376278	-0.03631451	0.96463335	0	0	0.41	-1.0114036e-19
8.540036812624053e-09	0.031973895	-0.025406782	0.96672785	0	0	0.41	-6.6819464e-19
8.55002073742231e-09	0.059793245	0.026931753	0.9674646	0	0	0.41	-1.2592031e-18
8.560023705761268e-09	-0.01616047	0.070986286	0.9650775	0	0	0.41	-1.7632928e-18
8.570016334330982e-09	-0.06873168	-0.0067233415	0.9658615	0	0	0.41	-1.3750576e-18
8.580053745724657e-09	0.0069269207	-0.050603647	0.9653275	0	0	0.41	-1.023945e-18
8.5900265690329e-09	0.037107177	0.007422236	0.96560067	0	0	0.41	-1.1736872e-18
8.600048553365593e-09	-0.0009698994	0.033924825	0.96356755	0	0	0.41	-1.1896493e-18
8.610021313782775e-09	-0.039185736	-0.001025157	0.96767235	0	0	0.41	-1.6880006e-18
8.620052975048923e-09	-0.005612405	-0.028528675	0.9665272	0	0	0.41	-1.3395092e-18
8.630059763396602e-09	0.03932803	-0.0020835164	0.9693174	0	0	0.41	-1.1712767e-18
8.640056665684932e-09	-0.0071067545	0.04882371	0.9666644	0	0	0.41	-6.244483e-19
8.650016486201314e-09	-0.058285233	-0.006588923	0.96723646	0	0	0.41	-1.5069163e-18
8.660016103172239e-09	0.006107189	-0.04396125	0.96511817	0	0	0.41	-1.1589614e-18
8.670049108585222e-09	0.015545089	0.014233418	0.963289	0	0	0.41	-1.6541434e-18
8.680013152306098e-09	-0.008838018	0.016229404	0.9627673	0	0	0.41	-2.1132914e-18
8.690042594967472e-09	-0.024085546	-0.005780591	0.9622687	0	0	0.41	-1.7986712e-18
8.700017351233826e-09	0.0026277814	-0.011986876	0.96570927	0	0	0.41	-1.2727601e-18
8.710026304611378e-09	0.010868428	-0.011472822	0.9652384	0	0	0.41	-1.2341418e-18
8.720029689916026e-09	0.009123833	0.022096876	0.9659329	0	0	0.41	-1.6544307e-18
8.730019745267547e-09	-0.024381883	-0.0048247348	0.9655454	0	0	0.41	-1.0292705e-18
8.740049113782756e-09	0.0064195553	-0.01615465	0.96480566	0	0	0.41	-2.320411e-18
8.750054468335824e-09	0.027883116	0.012183015	0.9651521	0	0	0.41	-1.3965135e-18
8.760052799510771e-09	0.004180367	0.015808197	0.9646296	0	0	0.41	-9.939487e-19
8.770019345595558e-09	-0.009664382	-0.0110581005	0.96491826	0	0	0.41	-1.3602631e-18
8.780058400060336e-09	0.0011398678	-0.0137135	0.9633505	0	0	0.41	-1.5208811e-18
8.790012117495161e-09	0.018226504	0.00019487247	0.9649206	0	0	0.41	-1.5402672e-18
8.800036213853678e-09	0.006380715	0.011243587	0.96362096	0	0	0.41	-1.4519548e-18
8.810005210449012e-09	-0.011118687	0.032456122	0.96295315	0	0	0.41	-1.0613112e-18
8.82005844702131e-09	-0.035462268	-0.011601283	0.96186453	0	0	0.41	-1.3685891e-18
8.830061043070092e-09	0.015788114	-0.013320974	0.9623934	0	0	0.41	-1.8231092e-18
8.840009306564398e-09	0.016263759	0.009158056	0.9633322	0	0	0.41	-1.3248832e-18
8.850042047956726e-09	-0.013211031	0.012041237	0.9647274	0	0	0.41	-1.7586546e-18
8.860032056818427e-09	-0.0044762036	-0.0032550108	0.9631716	0	0	0.41	-1.091985e-18
8.870014011051918e-09	-0.01271537	-0.009141994	0.9628029	0	0	0.41	-9.084621e-19
8.880006274033791e-09	-0.0099780075	-0.025580063	0.9622822	0	0	0.41	-1.2319871e-18
8.890063073586263e-09	0.018333843	0.00012264625	0.96568435	0	0	0.41	-1.4056571e-18
8.900039540543879e-09	-0.012397425	0.02168309	0.96351916	0	0	0.41	-1.8462953e-18
8.91000444588814e-09	-0.01604302	-0.007517722	0.96412545	0	0	0.41	-1.7695032e-19
8.920035412926098e-09	-0.010998897	-0.016997345	0.96686053	0	0	0.41	-1.610065e-18
8.930047082272907e-09	0.0110516045	-0.019787021	0.96665406	0	0	0.41	-1.374062e-18
8.94005506171226e-09	0.033591032	-0.00029438527	0.96615505	0	0	0.41	-1.088169e-18
8.950043381732392e-09	-0.001621756	0.021459948	0.96714777	0	0	0.41	-1.7445837e-18
8.960056076671285e-09	-0.04411484	-0.0074267867	0.9687586	0	0	0.41	-1.1618955e-18
8.970043139886233e-09	-0.015161614	-0.031832527	0.9679447	0	0	0.41	-1.8657156e-18
8.980010261649771e-09	0.02595475	-0.019742513	0.96959335	0	0	0.41	-1.922613e-18
8.990034395694329e-09	0.031770673	0.028864885	0.96738195	0	0	0.41	-1.3727219e-18
9.000023093426613e-09	-0.032025192	0.044653963	0.9648737	0	0	0.41	-1.6474045e-18
9.010049975175872e-09	-0.048286725	-0.03175311	0.96452487	0	0	0.41	-2.2223305e-18
9.020016844079707e-09	0.032118265	-0.05440854	0.9664722	0	0	0.41	-1.04169e-18
9.030043501043092e-09	0.062559836	0.028258657	0.96417	0	0	0.41	-7.0323577e-19
9.040001507474549e-09	-0.03538193	0.04588815	0.96232724	0	0	0.41	-2.0456892e-18
9.050038282679714e-09	-0.05824168	-0.02341269	0.96435755	0	0	0.41	-5.7144444e-19
9.06000500107922e-09	0.006542417	-0.065489374	0.961028	0	0	0.41	-1.4240176e-18
9.070062607498035e-09	0.056812093	-1.5701786e-05	0.9640434	0	0	0.41	-1.1226334e-18
9.080036997759829e-09	0.012362264	0.05550262	0.9679504	0	0	0.41	-2.1890584e-18
9.090040538360404e-09	-0.07942307	0.01903973	0.9634911	0	0	0.41	-2.3807697e-18
9.100049215647128e-09	-0.009617361	-0.06853847	0.9655347	0	0	0.41	-1.7312984e-18
9.110055094043495e-09	0.06003033	-0.015987646	0.9664099	0	0	0.41	-2.0546792e-18
9.120055561197981e-09	0.026105836	0.05606487	0.96547306	0	0	0.41	-1.36866e-18
9.130043995192116e-09	-0.034943704	0.022666438	0.9626821	0	0	0.41	-1.3530398e-18
9.140022810560153e-09	-0.014953324	-0.023290174	0.9639824	0	0	0.41	-1.5508352e-18
9.150042758802316e-09	0.028494405	-0.04081876	0.96557117	0	0	0.41	-2.4991786e-18
9.160046637514694e-09	0.03726812	0.04076594	0.9645518	0	0	0.41	-7.8608416e-19
9.170007278667746e-09	-0.027797483	0.045265976	0.96457916	0	0	0.41	-1.6780123e-18
9.180003842689696e-09	-0.040730786	-0.03488384	0.9633755	0	0	0.41	-1.480871e-18
9.19003554867905e-09	0.04272447	-0.03555318	0.9622248	0	0	0.41	-8.762235e-19
9.200041923325064e-09	0.02121106	0.035144065	0.96525294	0	0	0.41	-1.6085722e-18
9.210040454927143e-09	-0.039713457	0.021152345	0.9663083	0	0	0.41	-1.0982133e-18
9.22003643773348e-09	-0.028012473	-0.035265766	0.96575505	0	0	0.41	-1.6068562e-18
9.230042503144824e-09	0.018895406	-0.013676535	0.96410334	0	0	0.41	-1.8933837e-18
9.240003450712848e-09	0.010575894	-0.010073324	0.967647	0	0	0.41	-1.0756709e-18
9.250023044977561e-09	0.024682453	0.011265821	0.9675338	0	0	0.41	1.9719468e-19
9.260009962880993e-09	-0.00600177	0.01866794	0.9661748	0	0	0.41	-1.311882e-18
9.270053374151554e-09	-0.0027882797	0.015082574	0.9668496	0	0	0.41	-1.085266e-18
9.280011978799541e-09	-0.005578153	-0.012854144	0.9651691	0	0	0.41	-2.0533737e-18
9.290055489814247e-09	-0.015793685	0.00040134566	0.96750283	0	0	0.41	-3.3608807e-18
9.300023486176824e-09	-0.002976708	-0.009423818	0.9676542	0	0	0.41	-1.9122213e-18
9.31006366967807e-09	0.00637967	-0.0039726337	0.9685568	0	0	0.41	-2.6033022e-18
9.320025244745298e-09	0.017334418	0.015313617	0.9670401	0	0	0.41	-1.0116576e-18
9.330053707211687e-09	-0.009222862	0.0031160663	0.9663229	0	0	0.41	-1.4178918e-18
9.340031459040785e-09	0.0061443723	0.0028462762	0.96644336	0	0	0.41	-2.007439e-18
9.350050454948039e-09	-0.03915839	0.0027908005	0.96596676	0	0	0.41	-2.8284519e-18
9.360062680624622e-09	-0.005622199	-0.04013	0.96665955	0	0	0.41	-1.8610888e-18
9.370031456963964e-09	0.024610752	-0.002032433	0.96532923	0	0	0.41	-1.194005e-18
9.380021344962243e-09	-0.0026826442	0.038611192	0.9650183	0	0	0.41	-1.3096295e-18
9.39000610005031e-09	-0.03252471	-0.022543954	0.96536	0	0	0.41	-2.3108149e-18
9.400066062579761e-09	0.018094264	-0.02700584	0.969425	0	0	0.41	-2.3121048e-18
9.410031266541333e-09	0.03759951	-0.0060012857	0.9666891	0	0	0.41	-2.4699561e-18
9.420026788467247e-09	0.001580263	0.044533394	0.9668612	0	0	0.41	-1.756445e-18
9.430040583606624e-09	-0.028097143	0.0079373475	0.9667532	0	0	0.41	-1.3798814e-18
9.440034912487097e-09	-0.01258618	-0.026038818	0.96923417	0	0	0.41	-2.312322e-18
9.450000157728192e-09	0.023823237	-0.01455895	0.96903294	0	0	0.41	-1.6805063e-18
9.460058567653268e-09	0.020888539	0.02274145	0.96645004	0	0	0.41	-9.387629e-19
9.470019735049503e-09	-0.023239134	0.046115085	0.9643615	0	0	0.41	-2.6443324e-18
9.480002951394206e-09	-0.034309812	-0.03602431	0.9641825	0	0	0.41	-2.048977e-18
9.490061446033874e-09	0.02101941	-0.029212655	0.9636492	0	0	0.41	-1.1506431e-18
9.500008631629575e-09	0.034801647	7.409885e-05	0.9619536	0	0	0.41	-1.3979655e-18
9.510018939392352e-09	-0.00028838782	0.0223004	0.9645135	0	0	0.41	-1.3888937e-18
9.520034554543593e-09	-0.023886932	0.015111134	0.96501356	0	0	0.41	-1.5945928e-18
9.53001138513224e-09	-0.020320162	-0.022650724	0.9646859	0	0	0.41	-9.624721e-19
9.540013638087525e-09	0.034591455	-0.037456304	0.96730936	0	0	0.41	-1.4413123e-18
9.550001977571104e-09	0.050188124	0.028004702	0.96817183	0	0	0.41	-2.086614e-18
9.560012439186007e-09	-0.029015316	0.047983274	0.9675854	0	0	0.41	-1.174556e-18
9.570018217788585e-09	-0.02773337	-0.025261097	0.9641134	0	0	0.41	-7.196775e-19
9.580018568989822e-09	0.018956237	-0.0071883313	0.9636222	0	0	0.41	-1.8833432e-18
9.59001700481558e-09	0.012773187	0.022005018	0.96299684	0	0	0.41	-9.754853e-19
9.600017210056972e-09	-0.022287885	0.014784839	0.96343917	0	0	0.41	-2.2284134e-18
9.610037933007291e-09	-0.033450376	-0.01408922	0.9635275	0	0	0.41	-1.7667463e-18
9.620006923628391e-09	-0.0028235137	-0.042484343	0.9653331	0	0	0.41	-5.5141235e-19
9.630008113044986e-09	0.033246703	-0.01799979	0.9650712	0	0	0.41	-1.030713e-18
9.64000183153839e-09	0.013044219	0.022210425	0.96493846	0	0	0.41	-1.6210812e-18
9.650044686984313e-09	-0.026986785	0.022372836	0.965208	0	0	0.41	-2.8951665e-18
9.660031616847446e-09	-0.0281518	-0.029484894	0.9645339	0	0	0.41	-8.650757e-19
9.670043765462786e-09	0.02847156	-0.022183714	0.9646192	0	0	0.41	-1.0605999e-18
9.680045928974298e-09	0.029884221	0.02327679	0.96635723	0	0	0.41	-1.3572633e-18
9.69004869834165e-09	-0.01922426	0.047419712	0.96616054	0	0	0.41	-1.9513714e-18
9.700013780117258e-09	-0.053363275	-0.0044475864	0.9624542	0	0	0.41	-1.4454694e-18
9.710017578010707e-09	-0.0006046357	-0.056546737	0.9629246	0	0	0.41	-1.1474836e-18
9.720032496508248e-09	0.048374675	-0.014455274	0.9627486	0	0	0.41	-2.0247547e-18
9.730046683441394e-09	0.011947975	0.048184004	0.9645141	0	0	0.41	-1.8153982e-18
9.740058884604128e-09	-0.034824286	0.032083146	0.96355796	0	0	0.41	-1.4709586e-18
9.750026928409637e-09	-0.044064663	-0.047852296	0.9639613	0	0	0.41	-1.154192e-18
9.760029621785948e-09	0.03607481	-0.028360562	0.96364254	0	0	0.41	-1.0261197e-18
9.77004452841973e-09	0.03565466	0.031179449	0.9631808	0	0	0.41	-1.7047061e-18
9.780024628765297e-09	-0.035834324	0.037401	0.9651285	0	0	0.41	-5.5867727e-19
9.79004351250165e-09	-0.03667747	-0.02934713	0.9645287	0	0	0.41	-1.8963376e-18
9.800043755198129e-09	0.031733543	-0.036391154	0.96383697	0	0	0.41	-1.1649647e-18
9.81003333634273e-09	0.03538251	0.02347094	0.965485	0	0	0.41	-1.4225692e-18
9.820022063572326e-09	-0.012786947	0.03878716	0.96553636	0	0	0.41	-1.5086255e-18
9.830005070736338e-09	-0.04419152	-0.0018398521	0.96782845	0	0	0.41	-1.1476836e-18
9.84005172648555e-09	-0.021793492	-0.03698035	0.9659366	0	0	0.41	-1.7163145e-18
9.850047231106091e-09	0.048730347	-0.03218978	0.96530133	0	0	0.41	-1.5375352e-18
9.860034115323247e-09	0.032474637	0.031874083	0.9650848	0	0	0.41	-1.9050302e-18
9.870017937436409e-09	-0.03368419	0.034290336	0.96408606	0	0	0.41	-1.3583235e-18
9.880056861355844e-09	-0.03241261	-0.03479049	0.9611472	0	0	0.41	-1.8086356e-18
9.890059579079584e-09	0.012101323	-0.03290723	0.96548355	0	0	0.41	-1.9222908e-18
9.900020282028066e-09	0.030274771	0.008107683	0.96493876	0	0	0.41	-1.7677755e-18
9.910009403920635e-09	-0.0037517948	0.031566553	0.96506065	0	0	0.41	-1.8253703e-18
9.920057714716837e-09	-0.027851587	-0.0043086843	0.9663166	0	0	0.41	-1.4782747e-18
9.930012854487705e-09	-0.007970633	0.007863203	0.96457106	0	0	0.41	-1.9175658e-18
9.940044259296671e-09	-0.011061904	-0.009400553	0.96651095	0	0	0.41	-6.4488816e-20
9.950006035926881e-09	0.0004436447	-0.0051318435	0.9669696	0	0	0.41	-1.7864192e-18
9.960001027841349e-09	0.0015730436	0.011878763	0.9643189	0	0	0.41	-4.1104965e-19
9.970002958849588e-09	-0.010521287	-0.0006856378	0.96275216	0	0	0.41	-1.1275793e-18
9.98004388048729e-09	-0.007853757	-0.0029365113	0.962537	0	0	0.41	-1.285871e-18
9.990020468510004e-09	0.014243262	-0.007103582	0.96679634	0	0	0.41	-1.77339e-18
1e-08	-0.004513824	-0.0019955083	0.9653187	0	0	0.41	-1.6428051e-18
