# t (s)	mx ()	my ()	mz ()	B_extx (T)	B_exty (T)	B_extz (T)
0	0	0	-1	0	0	0.365
1.0030929814474386e-11	-0.0040449556	0.014774731	-0.97445124	0	0	0.365
2.0063653575735105e-11	-0.012276137	0.010158943	-0.96927	0	0	0.365
3.0026810650512876e-11	-0.0038386208	0.0068255463	-0.9658675	0	0	0.365
4.0040078013326866e-11	-0.006649903	0.011115159	-0.9605171	0	0	0.365
5.0062453222080714e-11	-0.022569608	0.001877307	-0.95989275	0	0	0.365
6.003554019524238e-11	-0.016939936	5.4341817e-05	-0.960371	0	0	0.365
7.004275633759857e-11	0.00413669	0.010121454	-0.9574799	0	0	0.365
8.003971118767823e-11	0.011853946	0.017260972	-0.95961916	0	0	0.365
9.004630415095198e-11	0.026572462	0.022735784	-0.9584215	0	0	0.365
1.0001557157144077e-10	0.018151231	0.017070722	-0.9582341	0	0	0.365
1.1005847213019779e-10	0.030978803	0.00010027087	-0.9598775	0	0	0.365
1.200073529767909e-10	0.012273578	-0.0020630565	-0.95709294	0	0	0.365
1.3002186086552997e-10	0.023712007	0.004128965	-0.95776474	0	0	0.365
1.400165114046957e-10	0.038764518	0.0031803136	-0.9592165	0	0	0.365
1.5002257027932107e-10	0.022063045	-0.011443254	-0.95549047	0	0	0.365
1.6006216350163526e-10	0.030340277	-0.009947912	-0.9530358	0	0	0.365
1.7002745008145167e-10	0.03244978	-0.020723479	-0.9524157	0	0	0.365
1.80040142217225e-10	0.027734948	-0.023507241	-0.95900106	0	0	0.365
1.9005688271228922e-10	0.019557765	-0.019262519	-0.96024513	0	0	0.365
2.0006196337674818e-10	0.025217695	-0.037667986	-0.9526005	0	0	0.365
2.1002288159730993e-10	0.017180935	-0.0417002	-0.9546089	0	0	0.365
2.200170531159543e-10	0.019198803	-0.032288313	-0.9552642	0	0	0.365
2.3000821741409443e-10	0.018720254	-0.010631461	-0.9583916	0	0	0.365
2.400387352922708e-10	0.026616232	-0.011042973	-0.9584964	0	0	0.365
2.500093509846442e-10	0.03163668	-0.02318293	-0.95490533	0	0	0.365
2.600147874777893e-10	0.037909944	-0.023579948	-0.9507231	0	0	0.365
2.7002052986078757e-10	0.016652629	-0.028539587	-0.95415133	0	0	0.365
2.800291754192556e-10	0.01149547	-0.038786866	-0.95375115	0	0	0.365
2.9000029570842865e-10	-0.0043256986	-0.040035225	-0.9529039	0	0	0.365
3.0001368217041267e-10	0.0030888477	-0.021701451	-0.9502177	0	0	0.365
3.100020854924939e-10	0.0073862406	-0.018991163	-0.9513407	0	0	0.365
3.2005607987591406e-10	-0.009038868	-0.021199211	-0.95269954	0	0	0.365
3.3003034956182553e-10	0.0013323535	-0.009397035	-0.95345545	0	0	0.365
3.4005559315157603e-10	0.01144962	-0.026576184	-0.95814735	0	0	0.365
3.500312373583868e-10	-0.010746925	-0.030165872	-0.9569585	0	0	0.365
3.6002441879174706e-10	-0.02255921	-0.011020364	-0.9574648	0	0	0.365
3.7002908901314535e-10	-0.01787268	-0.013250715	-0.9591589	0	0	0.365
3.800556257225583e-10	-0.0187865	0.0016029198	-0.9607015	0	0	0.365
3.900423929279723e-10	-0.010156838	0.0103897825	-0.95799756	0	0	0.365
4.0006268830077617e-10	-0.0114728995	0.0115836505	-0.95781976	0	0	0.365
4.100551680998409e-10	-0.0013775355	-0.0057576625	-0.9593158	0	0	0.365
4.200410474038156e-10	-0.002535693	0.014284611	-0.9579968	0	0	0.365
4.300422741366126e-10	0.018020943	0.025422692	-0.95287603	0	0	0.365
4.4003034891468164e-10	0.008216015	0.027744148	-0.95608	0	0	0.365
4.5001312950014687e-10	0.012459355	0.053928845	-0.9547209	0	0	0.365
4.600558704316823e-10	0.015137309	0.044730023	-0.95428014	0	0	0.365
4.700056207504975e-10	0.025752857	0.038272765	-0.952629	0	0	0.365
4.800503082322763e-10	0.03059665	0.029862333	-0.95425653	0	0	0.365
4.900523625665222e-10	0.02993852	0.009693831	-0.9554411	0	0	0.365
5.000217411183028e-10	0.010950629	0.028129378	-0.95465755	0	0	0.365
5.100278235827116e-10	0.011860467	0.03400051	-0.9572509	0	0	0.365
5.200540472434092e-10	0.013296799	0.041608848	-0.9598379	0	0	0.365
5.30008028529464e-10	0.006857784	0.041757565	-0.9562721	0	0	0.365
5.400505020708038e-10	0.023557177	0.05826531	-0.95705456	0	0	0.365
5.500107273655529e-10	0.021032909	0.055362042	-0.9549613	0	0	0.365
5.600501075487766e-10	0.026397731	0.039056897	-0.9557961	0	0	0.365
5.70026135293307e-10	0.016207958	0.04014975	-0.9528198	0	0	0.365
5.80042076470477e-10	0.0064887544	0.022079848	-0.95371854	0	0	0.365
5.900206490954163e-10	0.008285469	0.018073244	-0.95641863	0	0	0.365
6.000068369527632e-10	-0.010119415	0.021990992	-0.9562363	0	0	0.365
6.10029358256893e-10	0.018985074	0.03231961	-0.9548365	0	0	0.365
6.200516662406929e-10	0.01941351	0.038410235	-0.9539825	0	0	0.365
6.300511971999914e-10	0.020777894	0.040907357	-0.9529082	0	0	0.365
6.4003091280205e-10	0.034003865	0.04850206	-0.95051783	0	0	0.365
6.500257182493458e-10	0.037113875	0.05082114	-0.9509002	0	0	0.365
6.600512895344104e-10	0.032862388	0.029153274	-0.952511	0	0	0.365
6.70006066678851e-10	0.0128609985	0.017707005	-0.9527786	0	0	0.365
6.800317884794872e-10	-0.0012977299	0.013440421	-0.9528566	0	0	0.365
6.900203234458279e-10	-0.0069058235	0.017795255	-0.95423955	0	0	0.365
7.000155835101717e-10	-0.011625594	0.030333988	-0.954487	0	0	0.365
7.100337716078492e-10	0.01255695	0.03617539	-0.9545554	0	0	0.365
7.200428481629396e-10	0.029889414	0.04357002	-0.9508049	0	0	0.365
7.300363008135914e-10	0.039992608	0.042609293	-0.9550326	0	0	0.365
7.400491230548033e-10	0.036296938	0.028946577	-0.951589	0	0	0.365
7.500088160701348e-10	0.015473636	0.035614945	-0.9496602	0	0	0.365
7.600536921779127e-10	0.018522464	0.03892263	-0.94728035	0	0	0.365
7.700207714026634e-10	0.027443284	0.056162715	-0.9445121	0	0	0.365
7.800029056696367e-10	0.027053528	0.049920537	-0.94726264	0	0	0.365
7.900378038121905e-10	0.049753968	0.067088515	-0.94584167	0	0	0.365
8.000169006704822e-10	0.058799617	0.06138904	-0.94669	0	0	0.365
8.100051832687854e-10	0.079117976	0.03822451	-0.9462572	0	0	0.365
8.200300289610296e-10	0.062186174	0.028305147	-0.93854284	0	0	0.365
8.300223391559405e-10	0.07005456	0.0173749	-0.9357053	0	0	0.365
8.400589362975295e-10	0.07729035	0.019343222	-0.9332447	0	0	0.365
8.500330081491454e-10	0.07820609	0.015703429	-0.93244827	0	0	0.365
8.600276722342022e-10	0.08098818	0.019477919	-0.93355066	0	0	0.365
8.700645010587609e-10	0.09756406	0.030490234	-0.93241155	0	0	0.365
8.800151942651052e-10	0.11207504	0.022793991	-0.93087214	0	0	0.365
8.900366714985086e-10	0.09976523	-3.3864835e-05	-0.9338546	0	0	0.365
9.000250391513231e-10	0.111231565	-0.007865375	-0.9388951	0	0	0.365
9.100118629014511e-10	0.11267001	-0.028777156	-0.94115096	0	0	0.365
9.200327905465525e-10	0.1142311	-0.04574788	-0.9406917	0	0	0.365
9.300468050325608e-10	0.100987054	-0.049261708	-0.9416483	0	0	0.365
9.400375861816741e-10	0.0882057	-0.05577023	-0.9419334	0	0	0.365
9.500051198661676e-10	0.08702328	-0.05353846	-0.9399509	0	0	0.365
9.600483522418794e-10	0.08559775	-0.05663274	-0.93786603	0	0	0.365
9.700304575048326e-10	0.08307544	-0.06329136	-0.937117	0	0	0.365
9.800592487599208e-10	0.09904019	-0.07407222	-0.93514216	0	0	0.365
9.900354856883223e-10	0.08847076	-0.06639606	-0.9413225	0	0	0.365
1.0000283938707402e-09	0.07573788	-0.081466034	-0.94467825	0	0	0.365
1.0100022704475453e-09	0.07185084	-0.07105925	-0.94232184	0	0	0.365
1.020016939624352e-09	0.053970512	-0.060555387	-0.9435005	0	0	0.365
1.0300371795037187e-09	0.05812033	-0.048948593	-0.94060695	0	0	0.365
1.0400013272372582e-09	0.045358367	-0.042335838	-0.9450649	0	0	0.365
1.0500011051127077e-09	0.06279548	-0.04565564	-0.94438344	0	0	0.365
1.0600298710316615e-09	0.054129075	-0.06035315	-0.9418425	0	0	0.365
1.0700321929325254e-09	0.04084484	-0.0699103	-0.9373644	0	0	0.365
1.080023737237261e-09	0.021722976	-0.069282316	-0.93717086	0	0	0.365
1.0900288889376081e-09	0.0035623494	-0.07168043	-0.94456047	0	0	0.365
1.1000123704424538e-09	-0.0131854685	-0.06996193	-0.9465662	0	0	0.365
1.1100483413823836e-09	-0.023721859	-0.0618896	-0.94162303	0	0	0.365
1.1200210906486772e-09	-0.013282104	-0.04897875	-0.9427995	0	0	0.365
1.1300377215707107e-09	-0.024521263	-0.041540593	-0.93753	0	0	0.365
1.1400260202228552e-09	-0.024143362	-0.03847044	-0.94266087	0	0	0.365
1.1500043502964186e-09	-0.025782334	-0.04287935	-0.93767154	0	0	0.365
1.1600117485075157e-09	-0.04263158	-0.060888465	-0.9307812	0	0	0.365
1.1700070808997454e-09	-0.07015615	-0.07488804	-0.9275201	0	0	0.365
1.1800165905394747e-09	-0.08908901	-0.080157146	-0.92914885	0	0	0.365
1.1900042982184016e-09	-0.1130475	-0.06905523	-0.926242	0	0	0.365
1.200000874657082e-09	-0.10988897	-0.051399376	-0.93043107	0	0	0.365
1.2100099666672251e-09	-0.112443775	-0.045362458	-0.9296559	0	0	0.365
1.220051611132175e-09	-0.110988	-0.025988663	-0.92729497	0	0	0.365
1.2300090154532414e-09	-0.12075533	-0.03805189	-0.92551214	0	0	0.365
1.240037462187852e-09	-0.14624381	-0.038799	-0.9267509	0	0	0.365
1.2500439837100919e-09	-0.14614074	-0.024993034	-0.92975765	0	0	0.365
1.2600369945816483e-09	-0.15047553	0.009297731	-0.93224514	0	0	0.365
1.2700036478760745e-09	-0.15506169	0.029532025	-0.9295302	0	0	0.365
1.280059977548706e-09	-0.13996284	0.035514038	-0.9299731	0	0	0.365
1.2900097981311472e-09	-0.149352	0.055546917	-0.92908573	0	0	0.365
1.3000462038233739e-09	-0.13092273	0.04621936	-0.9279492	0	0	0.365
1.3100101139931226e-09	-0.14515164	0.04749375	-0.92986107	0	0	0.365
1.320037786214015e-09	-0.15345024	0.058802277	-0.9275911	0	0	0.365
1.3300185988788997e-09	-0.13617	0.07153076	-0.92525446	0	0	0.365
1.340059593119349e-09	-0.12985669	0.09303404	-0.9254107	0	0	0.365
1.3500103539247903e-09	-0.11758177	0.10796264	-0.9294247	0	0	0.365
1.3600246649547026e-09	-0.0894598	0.11108122	-0.9274537	0	0	0.365
1.370019299182153e-09	-0.07192375	0.11491323	-0.92774713	0	0	0.365
1.3800382350665374e-09	-0.04649414	0.13209528	-0.927399	0	0	0.365
1.390032893485181e-09	-0.044092033	0.1388352	-0.92532367	0	0	0.365
1.4000633949243022e-09	-0.028733898	0.14470883	-0.9284728	0	0	0.365
1.4100021276574217e-09	-0.025480282	0.13860238	-0.9333567	0	0	0.365
1.42001018253194e-09	-0.021706503	0.15000525	-0.9311383	0	0	0.365
1.4300607298003425e-09	-0.025327526	0.16090004	-0.93314904	0	0	0.365
1.4400567843730074e-09	-0.011700496	0.1664051	-0.9308127	0	0	0.365
1.4500535031073526e-09	-0.01126397	0.17255862	-0.92812055	0	0	0.365
1.4600333391180401e-09	-0.003212924	0.16794176	-0.9328688	0	0	0.365
1.4700264573565494e-09	0.014268357	0.16528852	-0.9319359	0	0	0.365
1.4800112614913684e-09	0.020225208	0.1465084	-0.93731856	0	0	0.365
1.4900306045753087e-09	0.036463104	0.12151142	-0.9398327	0	0	0.365
1.5000014719777784e-09	0.044847365	0.11584797	-0.9357953	0	0	0.365
1.5100431136360863e-09	0.043110054	0.13149555	-0.94019514	0	0	0.365
1.5200030034533883e-09	0.03897433	0.12131519	-0.9393438	0	0	0.365
1.530036913288073e-09	0.05936054	0.13977034	-0.9397223	0	0	0.365
1.540023334658022e-09	0.07422794	0.15007193	-0.93622124	0	0	0.365
1.5500606337896922e-09	0.09601773	0.14004795	-0.93386084	0	0	0.365
1.5600308588149034e-09	0.11294164	0.13457902	-0.9311144	0	0	0.365
1.570013010479188e-09	0.111772075	0.11705132	-0.93184686	0	0	0.365
1.5800309440054935e-09	0.12463738	0.09302998	-0.9351513	0	0	0.365
1.5900185795732866e-09	0.11585674	0.061523486	-0.9320718	0	0	0.365
1.6000207370332746e-09	0.11887012	0.055847947	-0.92789614	0	0	0.365
1.6100109105696526e-09	0.11359102	0.048578553	-0.9289665	0	0	0.365
1.6200303590498232e-09	0.11937552	0.06151682	-0.9319198	0	0	0.365
1.6300277754399893e-09	0.14759511	0.061782148	-0.9300774	0	0	0.365
1.6400479054784855e-09	0.14630264	0.04235329	-0.9349356	0	0	0.365
1.6500162023696486e-09	0.1612907	0.03778638	-0.93053764	0	0	0.365
1.6600180457193796e-09	0.15792777	0.015346485	-0.9257303	0	0	0.365
1.6700361887778216e-09	0.15233667	-0.012223756	-0.92297566	0	0	0.365
1.6800616113406056e-09	0.162352	-0.015622529	-0.9117795	0	0	0.365
1.6900571296384022e-09	0.1472396	-0.03438232	-0.91691446	0	0	0.365
1.700006279632918e-09	0.14829138	-0.01861263	-0.91740763	0	0	0.365
1.7100587652390243e-09	0.14637788	-0.017163878	-0.917161	0	0	0.365
1.7200264383589311e-09	0.15581937	-0.014809878	-0.91685975	0	0	0.365
1.7300116273604327e-09	0.16796419	-0.003596539	-0.91960096	0	0	0.365
1.7400305066801946e-09	0.16673978	-0.0039758384	-0.92507553	0	0	0.365
1.750006557460275e-09	0.17466196	-0.029767781	-0.92801476	0	0	0.365
1.760001089690712e-09	0.16357903	-0.07584236	-0.9265799	0	0	0.365
1.7700326208037235e-09	0.1494745	-0.084983066	-0.9275431	0	0	0.365
1.7800617851341755e-09	0.13503315	-0.097423345	-0.917602	0	0	0.365
1.7900127875519936e-09	0.11995318	-0.095535	-0.9206856	0	0	0.365
1.80000681445261e-09	0.13240415	-0.09523727	-0.9187641	0	0	0.365
1.8100115959994482e-09	0.12979934	-0.08672149	-0.91737074	0	0	0.365
1.8200609755202566e-09	0.13099281	-0.09708658	-0.92206454	0	0	0.365
1.8300216339652763e-09	0.14905128	-0.11770691	-0.9200414	0	0	0.365
1.8400118958757975e-09	0.13125575	-0.13367926	-0.9242024	0	0	0.365
1.8500519698993209e-09	0.12786287	-0.14445801	-0.9315554	0	0	0.365
1.8600028560322157e-09	0.113977075	-0.17212124	-0.9276373	0	0	0.365
1.870012063767319e-09	0.076863825	-0.18238959	-0.9328176	0	0	0.365
1.880064720248322e-09	0.061786763	-0.17857902	-0.9295053	0	0	0.365
1.8900547477560025e-09	0.043523915	-0.17335287	-0.9317861	0	0	0.365
1.9000250981598426e-09	0.035255708	-0.16966775	-0.9293234	0	0	0.365
1.9100199787111818e-09	0.019459208	-0.17748526	-0.9245338	0	0	0.365
1.9200202507062396e-09	0.022582036	-0.1810338	-0.9247071	0	0	0.365
1.930049530001567e-09	0.01582646	-0.19033358	-0.9203974	0	0	0.365
1.9400516031652606e-09	0.0049215327	-0.18596424	-0.9228816	0	0	0.365
1.950007236093792e-09	-0.012703116	-0.19770843	-0.91695386	0	0	0.365
1.960047508283635e-09	-0.038561717	-0.18938646	-0.92108506	0	0	0.365
1.970027042707252e-09	-0.061246645	-0.18308423	-0.91731864	0	0	0.365
1.980047382660342e-09	-0.06574491	-0.17993423	-0.9129231	0	0	0.365
1.990021306432674e-09	-0.09051405	-0.17284265	-0.91294855	0	0	0.365
2.0000330542165804e-09	-0.08236414	-0.1722539	-0.9208513	0	0	0.365
2.0100474587497243e-09	-0.07515239	-0.16866633	-0.9270669	0	0	0.365
2.020039060262061e-09	-0.080460854	-0.1770172	-0.92040473	0	0	0.365
2.0300302112640947e-09	-0.067447655	-0.18975595	-0.92106974	0	0	0.365
2.0400452810405372e-09	-0.06349956	-0.17948699	-0.921056	0	0	0.365
2.050047623035098e-09	-0.09694886	-0.15953712	-0.9170045	0	0	0.365
2.060024196586392e-09	-0.10810021	-0.14950584	-0.9137159	0	0	0.365
2.0700448570798173e-09	-0.11818583	-0.13284336	-0.91757727	0	0	0.365
2.0800542708955536e-09	-0.12659402	-0.123430505	-0.9168327	0	0	0.365
2.090018798548291e-09	-0.12271077	-0.13277483	-0.9135042	0	0	0.365
2.10001659862409e-09	-0.109681875	-0.12781273	-0.9118467	0	0	0.365
2.1100469129309874e-09	-0.10613719	-0.120221235	-0.9165332	0	0	0.365
2.1200144948710867e-09	-0.104379065	-0.11776243	-0.92448676	0	0	0.365
2.130001498386225e-09	-0.105156556	-0.11359246	-0.92803293	0	0	0.365
2.1400529686013187e-09	-0.12368207	-0.12978093	-0.9231058	0	0	0.365
2.150014817788147e-09	-0.13941802	-0.12774736	-0.9180474	0	0	0.365
2.1600219336183484e-09	-0.14987178	-0.116793945	-0.9172895	0	0	0.365
2.1700586710535724e-09	-0.17010318	-0.10308014	-0.9135404	0	0	0.365
2.1800246956675687e-09	-0.1845477	-0.058471482	-0.91549563	0	0	0.365
2.1900278226172255e-09	-0.18065917	-0.029894236	-0.9127605	0	0	0.365
2.200025604740671e-09	-0.16283943	-0.007468604	-0.91824985	0	0	0.365
2.2100022689549156e-09	-0.15914822	0.008651903	-0.91782475	0	0	0.365
2.2200630752153565e-09	-0.17212749	0.028861003	-0.9181616	0	0	0.365
2.2300336161519723e-09	-0.18535383	0.038460735	-0.91502255	0	0	0.365
2.240052736703453e-09	-0.18239452	0.04168129	-0.9146378	0	0	0.365
2.250019278499384e-09	-0.193827	0.044962592	-0.910369	0	0	0.365
2.2600370623996813e-09	-0.20696956	0.035400722	-0.9052551	0	0	0.365
2.2700598592508594e-09	-0.20317584	0.053181633	-0.9119467	0	0	0.365
2.280052112557544e-09	-0.19136319	0.06589321	-0.9089648	0	0	0.365
2.2900560604755615e-09	-0.19183551	0.06858666	-0.9105375	0	0	0.365
2.3000242457982494e-09	-0.18815412	0.08071071	-0.9128802	0	0	0.365
2.3100213514207177e-09	-0.1617733	0.07619439	-0.91155547	0	0	0.365
2.3200077133294624e-09	-0.15930744	0.06343771	-0.9185411	0	0	0.365
2.330053597907287e-09	-0.1648879	0.0537733	-0.92210263	0	0	0.365
2.3400397842018587e-09	-0.1568949	0.058277216	-0.9272272	0	0	0.365
2.3500315287700064e-09	-0.15054145	0.05620411	-0.92647445	0	0	0.365
2.360055264624075e-09	-0.14665051	0.067270264	-0.93482536	0	0	0.365
2.3700086140772704e-09	-0.14797021	0.06958761	-0.930956	0	0	0.365
2.3800042133817195e-09	-0.13262478	0.07524364	-0.93276125	0	0	0.365
2.3900322789988766e-09	-0.14350353	0.09066145	-0.9294538	0	0	0.365
2.40002118516962e-09	-0.13080885	0.10178138	-0.92824703	0	0	0.365
2.4100332456076896e-09	-0.11358089	0.08443943	-0.9243161	0	0	0.365
2.4200141097378653e-09	-0.11485219	0.06993143	-0.9266096	0	0	0.365
2.4300252543858517e-09	-0.11323647	0.060855944	-0.92696977	0	0	0.365
2.4400296075119644e-09	-0.11309817	0.048628755	-0.92658305	0	0	0.365
2.4500282262946534e-09	-0.1425175	0.050083414	-0.9273109	0	0	0.365
2.460002020695705e-09	-0.14988151	0.06718933	-0.92456394	0	0	0.365
2.4700508154498566e-09	-0.14614873	0.076905966	-0.9279499	0	0	0.365
2.4800314908511527e-09	-0.11987814	0.079020485	-0.93280065	0	0	0.365
2.4900105216333285e-09	-0.115715176	0.09088423	-0.9285114	0	0	0.365
2.5000518261522353e-09	-0.110610746	0.105503924	-0.92645186	0	0	0.365
2.5100444667507928e-09	-0.12064649	0.12018453	-0.92011553	0	0	0.365
2.5200042135717923e-09	-0.11197597	0.13238244	-0.9180476	0	0	0.365
2.530022739235169e-09	-0.10509668	0.12490997	-0.91038203	0	0	0.365
2.540047940317283e-09	-0.1149758	0.14677395	-0.90956897	0	0	0.365
2.5500444341118186e-09	-0.102352366	0.16191538	-0.9078432	0	0	0.365
2.560051841567228e-09	-0.111644454	0.18415608	-0.9059001	0	0	0.365
2.5700167205551387e-09	-0.115741655	0.19723397	-0.9027798	0	0	0.365
2.58002747557669e-09	-0.13572828	0.205671	-0.90360093	0	0	0.365
2.590012837716305e-09	-0.121437244	0.20870283	-0.9077652	0	0	0.365
2.6000343157486047e-09	-0.108081445	0.231583	-0.9084588	0	0	0.365
2.6100145662927457e-09	-0.11236262	0.23294528	-0.9079175	0	0	0.365
2.6200491563698362e-09	-0.09713266	0.2344706	-0.90927964	0	0	0.365
2.6300373490980296e-09	-0.10106954	0.24430554	-0.90606016	0	0	0.365
2.640064343826398e-09	-0.07359513	0.24253018	-0.9025969	0	0	0.365
2.650058477484171e-09	-0.0846929	0.23809002	-0.9015051	0	0	0.365
2.660045292331449e-09	-0.07306012	0.26259983	-0.8987925	0	0	0.365
2.6700068483551764e-09	-0.07691633	0.28185773	-0.8954525	0	0	0.365
2.680039239401324e-09	-0.048401076	0.28280577	-0.89557064	0	0	0.365
2.690016777391652e-09	-0.03865335	0.27869362	-0.8969072	0	0	0.365
2.700019988764306e-09	-0.03862907	0.28241676	-0.8983464	0	0	0.365
2.7100075821505097e-09	-0.0249999	0.2971445	-0.8940125	0	0	0.365
2.7200535888255293e-09	-0.028884972	0.27907214	-0.89414597	0	0	0.365
2.730063040770389e-09	-0.024384795	0.28403404	-0.8932205	0	0	0.365
2.740002602741022e-09	-0.0057960004	0.26627687	-0.8954316	0	0	0.365
2.750051267014865e-09	-0.020793078	0.276836	-0.8922925	0	0	0.365
2.760064664245724e-09	-0.021597026	0.27773374	-0.891952	0	0	0.365
2.770011920498323e-09	-0.031650383	0.27063546	-0.8956313	0	0	0.365
2.7800360783360714e-09	-0.036225587	0.27130637	-0.898008	0	0	0.365
2.7900267540539923e-09	-0.037981715	0.30655277	-0.88374263	0	0	0.365
2.800052335430759e-09	-0.021584347	0.3033331	-0.8890278	0	0	0.365
2.810035168909327e-09	-0.011267375	0.32853538	-0.8793858	0	0	0.365
2.820031276975131e-09	-0.0071459664	0.31525224	-0.8779794	0	0	0.365
2.8300496665127084e-09	-0.0047288905	0.32541674	-0.8748618	0	0	0.365
2.8400169247069334e-09	0.0036495002	0.308969	-0.87788093	0	0	0.365
2.850028283426489e-09	0.025286943	0.29769742	-0.8756867	0	0	0.365
2.86000742049467e-09	0.019619491	0.27504447	-0.8750332	0	0	0.365
2.870009711896474e-09	-0.012117212	0.26090568	-0.87307906	0	0	0.365
2.8800285365221408e-09	-0.0356918	0.2473136	-0.87827516	0	0	0.365
2.8900310191787534e-09	-0.022050843	0.2466717	-0.87895566	0	0	0.365
2.9000564459931426e-09	-0.031458214	0.26518363	-0.88147753	0	0	0.365
2.9100088586261955e-09	-0.03517271	0.2558831	-0.88972926	0	0	0.365
2.920038112970938e-09	-0.039350316	0.25002486	-0.89309925	0	0	0.365
2.930049173741767e-09	-0.03724992	0.23416167	-0.89851344	0	0	0.365
2.9400577792915334e-09	-0.018576039	0.22947223	-0.901102	0	0	0.365
2.950029405753916e-09	-0.02288752	0.2196071	-0.90093803	0	0	0.365
2.960014717525212e-09	-0.01822532	0.22008492	-0.8977036	0	0	0.365
2.9700594140668414e-09	-0.021946765	0.20364562	-0.8990055	0	0	0.365
2.9800402567120566e-09	-0.044500373	0.20011564	-0.893418	0	0	0.365
2.990024413938733e-09	-0.06259987	0.2088236	-0.9003461	0	0	0.365
3.0000158296506378e-09	-0.05646964	0.21268688	-0.90244144	0	0	0.365
3.0100218202967545e-09	-0.050061174	0.21945946	-0.89924586	0	0	0.365
3.0200141813756297e-09	-0.016546972	0.22819367	-0.89666915	0	0	0.365
3.0300209683429718e-09	0.014712897	0.21619295	-0.89621097	0	0	0.365
3.0400327650350585e-09	0.04979085	0.20341808	-0.88617134	0	0	0.365
3.0500100735759316e-09	0.05070529	0.19454387	-0.8847181	0	0	0.365
3.0600173306242904e-09	0.0455111	0.18381982	-0.88201886	0	0	0.365
3.070018036591665e-09	0.03242943	0.17572929	-0.88712317	0	0	0.365
3.080038048598821e-09	0.019562574	0.17899746	-0.88982165	0	0	0.365
3.0900508756620174e-09	0.0013493029	0.17368366	-0.88991445	0	0	0.365
3.100015729379185e-09	-0.015872633	0.18183209	-0.895121	0	0	0.365
3.1100242405557668e-09	-0.028847408	0.18033679	-0.89946103	0	0	0.365
3.120008758203176e-09	-0.01498853	0.1847155	-0.9045887	0	0	0.365
3.1300075959355683e-09	0.01820048	0.19030294	-0.90037626	0	0	0.365
3.140002639996013e-09	0.020303609	0.1709529	-0.90760773	0	0	0.365
3.1500363878100905e-09	0.029197758	0.1591825	-0.9079599	0	0	0.365
3.160008647394765e-09	0.044955313	0.1580835	-0.9092182	0	0	0.365
3.170049100595579e-09	0.046727683	0.1505428	-0.9144986	0	0	0.365
3.1800478754058443e-09	0.037815835	0.16155359	-0.9128343	0	0	0.365
3.1900081619379617e-09	0.05019297	0.17615077	-0.9103247	0	0	0.365
3.2000117954392596e-09	0.048603382	0.19741406	-0.9084147	0	0	0.365
3.2100340437756214e-09	0.06011662	0.18614522	-0.9118064	0	0	0.365
3.220055646828943e-09	0.085386455	0.16673318	-0.910079	0	0	0.365
3.2300122974392693e-09	0.085481144	0.14150545	-0.9156655	0	0	0.365
3.240034070214782e-09	0.0894834	0.13163076	-0.921491	0	0	0.365
3.2500641757883763e-09	0.09452222	0.12325006	-0.92532396	0	0	0.365
3.2600604692811774e-09	0.077107325	0.13372204	-0.929175	0	0	0.365
3.270017979646362e-09	0.0838441	0.14016141	-0.92979723	0	0	0.365
3.2800477071701676e-09	0.08106775	0.13043827	-0.92904913	0	0	0.365
3.2900407863189527e-09	0.09519186	0.1230445	-0.9274964	0	0	0.365
3.300053824316029e-09	0.12606092	0.104873754	-0.92633915	0	0	0.365
3.3100100070728283e-09	0.13559851	0.0999215	-0.9261471	0	0	0.365
3.320062661338366e-09	0.1554767	0.09547186	-0.922887	0	0	0.365
3.330041358768541e-09	0.16454284	0.06744922	-0.92350197	0	0	0.365
3.340061091213502e-09	0.17464572	0.05153177	-0.9222672	0	0	0.365
3.3500501129740157e-09	0.18537542	0.037960596	-0.92177147	0	0	0.365
3.360005182035147e-09	0.18793939	0.012926109	-0.92505866	0	0	0.365
3.3700354192736295e-09	0.19037685	-0.0024329382	-0.9243313	0	0	0.365
3.380051074002103e-09	0.17960374	0.0040690363	-0.9269771	0	0	0.365
3.3900426986199394e-09	0.19146815	-0.013809785	-0.9261533	0	0	0.365
3.4000194047922976e-09	0.1891946	-0.026396051	-0.9267479	0	0	0.365
3.4100217225760513e-09	0.1763205	-0.014188864	-0.93128735	0	0	0.365
3.4200279781260057e-09	0.18974048	-0.023272214	-0.9241333	0	0	0.365
3.430011437149253e-09	0.17366026	-0.044171657	-0.9302609	0	0	0.365
3.4400445024350016e-09	0.16828524	-0.0503481	-0.9243319	0	0	0.365
3.4500121733781458e-09	0.1452323	-0.05330334	-0.92419976	0	0	0.365
3.4600505835552326e-09	0.14499943	-0.052223444	-0.92349005	0	0	0.365
3.470036487863749e-09	0.13629042	-0.056818508	-0.92835087	0	0	0.365
3.4800590165484853e-09	0.16035618	-0.05967066	-0.9238692	0	0	0.365
3.4900121866621145e-09	0.15807977	-0.060797244	-0.92414564	0	0	0.365
3.500063402413343e-09	0.15488252	-0.06421377	-0.92174965	0	0	0.365
3.510053290976923e-09	0.13171718	-0.0775408	-0.92788213	0	0	0.365
3.5200350171207062e-09	0.10898314	-0.098061696	-0.9319864	0	0	0.365
3.530014415575594e-09	0.082111426	-0.092102855	-0.9368762	0	0	0.365
3.540031410706479e-09	0.09047111	-0.09896515	-0.93601936	0	0	0.365
3.5500095968703726e-09	0.086573556	-0.1174746	-0.9300414	0	0	0.365
3.560034526316586e-09	0.071466684	-0.12087618	-0.9299513	0	0	0.365
3.570027293897662e-09	0.07495236	-0.1258309	-0.925397	0	0	0.365
3.580006536390869e-09	0.043615516	-0.13458061	-0.92900527	0	0	0.365
3.5900329796968775e-09	0.03790353	-0.14565265	-0.93001086	0	0	0.365
3.600023580786435e-09	0.040133886	-0.1419826	-0.9305285	0	0	0.365
3.6100122331706613e-09	0.03274625	-0.16063483	-0.92890143	0	0	0.365
3.6200473569927166e-09	0.015521748	-0.14210798	-0.93379676	0	0	0.365
3.63001123157748e-09	0.0068277842	-0.14543903	-0.93256456	0	0	0.365
3.640047145657714e-09	-0.011966479	-0.14716788	-0.93515736	0	0	0.365
3.65004987838874e-09	-0.03724508	-0.14727978	-0.9366478	0	0	0.365
3.6600034954096837e-09	-0.037417054	-0.1512257	-0.9378799	0	0	0.365
3.670008230359692e-09	-0.05947757	-0.15274365	-0.9393129	0	0	0.365
3.6800130531084907e-09	-0.082459755	-0.14559568	-0.9396935	0	0	0.365
3.6900243440985103e-09	-0.087124154	-0.1408109	-0.93737507	0	0	0.365
3.7000444562577514e-09	-0.09135563	-0.13532767	-0.9318439	0	0	0.365
3.7100458838895756e-09	-0.098435715	-0.14192788	-0.9303042	0	0	0.365
3.7200578606607916e-09	-0.11659294	-0.14982642	-0.92865133	0	0	0.365
3.7300174007282026e-09	-0.15680872	-0.120029874	-0.9213816	0	0	0.365
3.74000628563893e-09	-0.1507798	-0.11193866	-0.9153519	0	0	0.365
3.7500011184008735e-09	-0.15793294	-0.115653984	-0.917067	0	0	0.365
3.760059215297964e-09	-0.15271544	-0.096261516	-0.9164126	0	0	0.365
3.77004359876335e-09	-0.14252627	-0.09627656	-0.92411005	0	0	0.365
3.7800130437522765e-09	-0.13594942	-0.079789534	-0.93019044	0	0	0.365
3.79001814630726e-09	-0.14257781	-0.079752125	-0.93495035	0	0	0.365
3.800061359169033e-09	-0.14851816	-0.050041858	-0.9314893	0	0	0.365
3.810050301924092e-09	-0.14683731	-0.03080694	-0.92775154	0	0	0.365
3.820042016263449e-09	-0.12725046	-0.023064353	-0.9335497	0	0	0.365
3.830011928107494e-09	-0.10517949	-0.007908901	-0.93673944	0	0	0.365
3.84000227044233e-09	-0.10561076	-0.011479401	-0.93855834	0	0	0.365
3.850021024761549e-09	-0.099296175	-0.0110031655	-0.9396042	0	0	0.365
3.860060689087541e-09	-0.13269746	-0.017214404	-0.93819505	0	0	0.365
3.870055778328337e-09	-0.12046985	-0.002523817	-0.93876654	0	0	0.365
3.880048098295908e-09	-0.096626185	0.022607084	-0.9364813	0	0	0.365
3.890020779204346e-09	-0.0996055	0.03922646	-0.94146526	0	0	0.365
3.900039575707965e-09	-0.09318631	0.037221856	-0.94166124	0	0	0.365
3.910040833807153e-09	-0.06675255	0.05343487	-0.937699	0	0	0.365
3.920001922239224e-09	-0.051973697	0.05980996	-0.9357737	0	0	0.365
3.930016086052396e-09	-0.04589424	0.046401605	-0.9420168	0	0	0.365
3.940050647763411e-09	-0.055705275	0.032653734	-0.94634974	0	0	0.365
3.950022106244077e-09	-0.066619806	0.037738472	-0.94645643	0	0	0.365
3.960025348655698e-09	-0.09145763	0.06238018	-0.9410927	0	0	0.365
3.970028859445387e-09	-0.08239268	0.1000211	-0.939066	0	0	0.365
3.980018723268525e-09	-0.06817315	0.0945443	-0.9404176	0	0	0.365
3.990031303705461e-09	-0.06307262	0.0931012	-0.9430841	0	0	0.365
4.000065425910127e-09	-0.06285219	0.09910437	-0.943524	0	0	0.365
4.010043269160781e-09	-0.058228865	0.08488665	-0.9396496	0	0	0.365
4.020065519951839e-09	-0.05330301	0.09237118	-0.9395833	0	0	0.365
4.0300026013047884e-09	-0.071587436	0.090152286	-0.93825525	0	0	0.365
4.040050383457131e-09	-0.055501934	0.09887777	-0.9400775	0	0	0.365
4.050045306032243e-09	-0.037497383	0.10628437	-0.94380164	0	0	0.365
4.0600113139193585e-09	-0.029601574	0.10891201	-0.9424666	0	0	0.365
4.07006024079609e-09	-0.0045970157	0.11966987	-0.9398519	0	0	0.365
4.080064549779975e-09	0.0008839011	0.09925062	-0.94179815	0	0	0.365
4.090041535311879e-09	0.01826806	0.101102725	-0.94716686	0	0	0.365
4.100044573875405e-09	0.0014492632	0.085907415	-0.9463185	0	0	0.365
4.11004143398936e-09	-0.015418247	0.0802141	-0.9426202	0	0	0.365
4.120031001140033e-09	-0.004285237	0.08789307	-0.94186825	0	0	0.365
4.130004374423081e-09	0.010245927	0.090501666	-0.94426876	0	0	0.365
4.140057431625797e-09	0.022406353	0.083099306	-0.9478317	0	0	0.365
4.150059163512038e-09	0.021962723	0.08270652	-0.9483786	0	0	0.365
4.1600476965039964e-09	0.01663238	0.0760842	-0.9465379	0	0	0.365
4.1700518217783224e-09	0.011146139	0.08287328	-0.94549674	0	0	0.365
4.180037433606674e-09	0.01287815	0.087484516	-0.94321746	0	0	0.365
4.190059458262901e-09	0.017350262	0.07947279	-0.94706374	0	0	0.365
4.200004064198893e-09	0.035190657	0.08177814	-0.94531834	0	0	0.365
4.2100580620878e-09	0.041444335	0.06812511	-0.9489755	0	0	0.365
4.220029719082619e-09	0.040057033	0.08087029	-0.95247257	0	0	0.365
4.230010797086272e-09	0.033184707	0.087588735	-0.9522792	0	0	0.365
4.240059115237311e-09	0.034001008	0.0897429	-0.95317113	0	0	0.365
4.250025570131147e-09	0.037336513	0.07191638	-0.95593387	0	0	0.365
4.260040109084891e-09	0.044450924	0.06396348	-0.95798343	0	0	0.365
4.270060483251552e-09	0.06152995	0.052687805	-0.95577276	0	0	0.365
4.280037525123111e-09	0.06812061	0.025028551	-0.9540141	0	0	0.365
4.290003625687718e-09	0.054975435	0.015219433	-0.9556366	0	0	0.365
4.300032664275556e-09	0.052908685	0.0147159	-0.95628875	0	0	0.365
4.310026339698725e-09	0.074447066	0.029529141	-0.9550481	0	0	0.365
4.3200575616541924e-09	0.07596758	0.023711035	-0.9549577	0	0	0.365
4.330062873453566e-09	0.09054473	0.0055210367	-0.95157975	0	0	0.365
4.34005405175751e-09	0.09136863	-0.002623955	-0.9498799	0	0	0.365
4.350036886217481e-09	0.10172942	-0.026110113	-0.9504162	0	0	0.365
4.360000191958747e-09	0.08942349	-0.02213378	-0.9462091	0	0	0.365
4.370053020213835e-09	0.09007303	-0.03443203	-0.9481843	0	0	0.365
4.3800086798608334e-09	0.096534185	-0.04842139	-0.9423281	0	0	0.365
4.3900214526616804e-09	0.096297674	-0.06519589	-0.9435397	0	0	0.365
4.400005719901527e-09	0.08620554	-0.07191476	-0.943205	0	0	0.365
4.410033813750746e-09	0.071826	-0.081376776	-0.94313574	0	0	0.365
4.420054366154204e-09	0.06882399	-0.073824815	-0.94447607	0	0	0.365
4.430058028763567e-09	0.065640114	-0.101644	-0.94267714	0	0	0.365
4.440045512653158e-09	0.048679136	-0.110352956	-0.9486338	0	0	0.365
4.450052527564102e-09	0.02697644	-0.13555211	-0.94887424	0	0	0.365
4.460030315350425e-09	0.01680954	-0.16111495	-0.9435499	0	0	0.365
4.4700123899554295e-09	0.01480312	-0.13214186	-0.9462019	0	0	0.365
4.480032830215046e-09	0.0039597214	-0.12885675	-0.9427624	0	0	0.365
4.490055501693409e-09	0.0011283705	-0.14372413	-0.9399092	0	0	0.365
4.500051276028504e-09	-0.0015946116	-0.14340442	-0.9363597	0	0	0.365
4.510031895473682e-09	0.008596848	-0.15940428	-0.93371403	0	0	0.365
4.5200619579369535e-09	-0.015462964	-0.14301863	-0.93780375	0	0	0.365
4.5300255052548e-09	-0.0077664712	-0.12736252	-0.9422637	0	0	0.365
4.54005471085715e-09	-0.017516019	-0.12342765	-0.94171023	0	0	0.365
4.550008402023195e-09	-0.014364377	-0.12079437	-0.9449326	0	0	0.365
4.56005228149208e-09	-0.013306005	-0.12708393	-0.94919664	0	0	0.365
4.570040121690388e-09	-0.031810362	-0.12862997	-0.9499454	0	0	0.365
4.580053174865239e-09	-0.04881655	-0.14982212	-0.94142926	0	0	0.365
4.590041008335783e-09	-0.06591193	-0.14862037	-0.9416454	0	0	0.365
4.600041544511148e-09	-0.074709505	-0.14460059	-0.934498	0	0	0.365
4.610044694363081e-09	-0.07835412	-0.13137847	-0.93643415	0	0	0.365
4.620043713226151e-09	-0.07864373	-0.13984722	-0.92935705	0	0	0.365
4.630037950817454e-09	-0.089236386	-0.13630152	-0.92606854	0	0	0.365
4.64004029170197e-09	-0.09053269	-0.1213225	-0.92964375	0	0	0.365
4.650015340470456e-09	-0.09103948	-0.10450968	-0.92927015	0	0	0.365
4.660029771551626e-09	-0.08909306	-0.090184435	-0.9382589	0	0	0.365
4.67004939970917e-09	-0.101524204	-0.09505352	-0.937495	0	0	0.365
4.680032059514955e-09	-0.10588647	-0.109661944	-0.9350028	0	0	0.365
4.690054802395187e-09	-0.11950749	-0.122423366	-0.9347247	0	0	0.365
4.700038076605391e-09	-0.10323518	-0.10850662	-0.93664086	0	0	0.365
4.7100267520745135e-09	-0.09951058	-0.11830293	-0.93263125	0	0	0.365
4.720039868991577e-09	-0.092849836	-0.10853331	-0.93586934	0	0	0.365
4.730021033165722e-09	-0.07359713	-0.10393214	-0.9354089	0	0	0.365
4.740000593549826e-09	-0.07549097	-0.11099546	-0.9397903	0	0	0.365
4.75002920109491e-09	-0.0874364	-0.095446736	-0.94272107	0	0	0.365
4.760046551176972e-09	-0.10484637	-0.1102894	-0.9377703	0	0	0.365
4.770008291048184e-09	-0.11167055	-0.11181257	-0.9338209	0	0	0.365
4.780051984244956e-09	-0.10785539	-0.091486365	-0.9341341	0	0	0.365
4.79003984187724e-09	-0.109550655	-0.07474116	-0.94114494	0	0	0.365
4.800047003060047e-09	-0.122131534	-0.0819113	-0.9396949	0	0	0.365
4.810056107681715e-09	-0.11828052	-0.07457215	-0.9354704	0	0	0.365
4.8200558556973636e-09	-0.122818016	-0.065510444	-0.9363693	0	0	0.365
4.830029540406569e-09	-0.13234529	-0.06488883	-0.9385709	0	0	0.365
4.8400101441444105e-09	-0.13523726	-0.055134203	-0.94128746	0	0	0.365
4.850024534959841e-09	-0.14147396	-0.028005255	-0.9427055	0	0	0.365
4.8600358470318915e-09	-0.15215214	-0.020872492	-0.93571645	0	0	0.365
4.870034153755498e-09	-0.16241586	-0.03094883	-0.9368597	0	0	0.365
4.880030089626504e-09	-0.15655358	-0.019981448	-0.9391197	0	0	0.365
4.890005462624231e-09	-0.16491003	-0.010681594	-0.93374467	0	0	0.365
4.900060886048092e-09	-0.17255796	-0.016650993	-0.9283485	0	0	0.365
4.910005672134228e-09	-0.18605666	0.010376618	-0.92825365	0	0	0.365
4.9200467208901035e-09	-0.1760783	0.0398475	-0.9279818	0	0	0.365
4.930003740893464e-09	-0.16662642	0.0509604	-0.9302401	0	0	0.365
4.94002437684861e-09	-0.17583413	0.078873895	-0.9274155	0	0	0.365
4.950050012089294e-09	-0.1613281	0.08651831	-0.92949057	0	0	0.365
4.96003863005523e-09	-0.1647605	0.0929055	-0.93264633	0	0	0.365
4.970037183940116e-09	-0.149197	0.11456777	-0.9249924	0	0	0.365
4.98000110468978e-09	-0.13421495	0.11911882	-0.9291828	0	0	0.365
4.990013629750906e-09	-0.11901453	0.104435615	-0.9311999	0	0	0.365
5.000051558269001e-09	-0.10375764	0.13362956	-0.93336433	0	0	0.365
5.010052942769355e-09	-0.08599583	0.13877752	-0.9350153	0	0	0.365
5.020013451696448e-09	-0.06829398	0.1506384	-0.93232226	0	0	0.365
5.030054515756198e-09	-0.07084853	0.15699786	-0.93143934	0	0	0.365
5.040063477371291e-09	-0.0711819	0.16385907	-0.9358086	0	0	0.365
5.0500489448000495e-09	-0.042493463	0.18057628	-0.93243414	0	0	0.365
5.060002274088421e-09	-0.03794608	0.17415495	-0.93601173	0	0	0.365
5.070028329042919e-09	-0.01641992	0.16509737	-0.94235873	0	0	0.365
5.080022696543687e-09	-0.019070178	0.16562264	-0.9442611	0	0	0.365
5.090016123660122e-09	-0.025403943	0.16010886	-0.9432586	0	0	0.365
5.100016834376457e-09	-0.014415155	0.16762689	-0.94425714	0	0	0.365
5.1100471315140155e-09	-0.00465169	0.17383993	-0.943626	0	0	0.365
5.120058760401267e-09	0.017309573	0.17343774	-0.93742967	0	0	0.365
5.130047355808649e-09	0.049796034	0.1721043	-0.9366512	0	0	0.365
5.1400156078392536e-09	0.066455655	0.15738261	-0.9359595	0	0	0.365
5.150038665501152e-09	0.05788666	0.14001377	-0.9364486	0	0	0.365
5.160009109691027e-09	0.076314434	0.13863784	-0.9348254	0	0	0.365
5.170003794444153e-09	0.081825756	0.12750356	-0.9395953	0	0	0.365
5.180019821334916e-09	0.09570237	0.12449826	-0.9446181	0	0	0.365
5.190044093472683e-09	0.12624957	0.11991591	-0.9428883	0	0	0.365
5.200039039971128e-09	0.13808212	0.09504912	-0.94590175	0	0	0.365
5.21001094002748e-09	0.13681187	0.10214623	-0.9431987	0	0	0.365
5.220066380136244e-09	0.15184826	0.09298731	-0.93943727	0	0	0.365
5.230030846801071e-09	0.14086652	0.08157494	-0.9450174	0	0	0.365
5.240059986648738e-09	0.1469351	0.06392077	-0.9449633	0	0	0.365
5.250027603614128e-09	0.14471655	0.029657904	-0.9419715	0	0	0.365
5.2600450853127075e-09	0.16002862	0.036303557	-0.9369074	0	0	0.365
5.270050474794097e-09	0.16923155	0.01754925	-0.9352082	0	0	0.365
5.280049213064077e-09	0.17968483	0.0024016115	-0.93513566	0	0	0.365
5.29000174945256e-09	0.1790944	0.0019885595	-0.93734574	0	0	0.365
5.300043879909597e-09	0.19181833	-0.023529172	-0.93145573	0	0	0.365
5.310053703552938e-09	0.17805465	-0.04026362	-0.933409	0	0	0.365
5.320061754395766e-09	0.17527527	-0.051943723	-0.9348377	0	0	0.365
5.330052657954383e-09	0.16791362	-0.06822143	-0.93730384	0	0	0.365
5.34000404524468e-09	0.16792108	-0.08791606	-0.93637955	0	0	0.365
5.350038672135045e-09	0.15736943	-0.09155077	-0.933886	0	0	0.365
5.360047945898281e-09	0.15037204	-0.1012885	-0.9296641	0	0	0.365
5.370047479478382e-09	0.14588152	-0.11068901	-0.9324506	0	0	0.365
5.380055631846549e-09	0.14028943	-0.11967583	-0.9328077	0	0	0.365
5.3900658985747605e-09	0.1347466	-0.13191523	-0.93317765	0	0	0.365
5.4000634187167744e-09	0.12204019	-0.156447	-0.9307418	0	0	0.365
5.410008580520173e-09	0.10713041	-0.15299244	-0.9325695	0	0	0.365
5.420039438449837e-09	0.087999135	-0.15172271	-0.93123186	0	0	0.365
5.430034668727424e-09	0.06693338	-0.14879198	-0.9396681	0	0	0.365
5.440024194453308e-09	0.058832873	-0.14440787	-0.94028896	0	0	0.365
5.450058333664726e-09	0.064173356	-0.124716595	-0.94035345	0	0	0.365
5.460044928981893e-09	0.066469565	-0.13536389	-0.9374435	0	0	0.365
5.470020333618807e-09	0.069862954	-0.13728069	-0.9329279	0	0	0.365
5.480002454105533e-09	0.06383015	-0.14458063	-0.9315543	0	0	0.365
5.490022302824423e-09	0.043853864	-0.17704564	-0.9322503	0	0	0.365
5.5000596223491624e-09	0.021769064	-0.18215856	-0.9325553	0	0	0.365
5.510059028656426e-09	0.0011343651	-0.18200654	-0.9290705	0	0	0.365
5.5200248679835364e-09	-0.021099648	-0.16554905	-0.92969275	0	0	0.365
5.530037999995589e-09	-0.033058915	-0.17191547	-0.9227248	0	0	0.365
5.540006898265488e-09	-0.04933023	-0.14867435	-0.92546576	0	0	0.365
5.550047503648678e-09	-0.05502978	-0.13651755	-0.92432386	0	0	0.365
5.5600604297637965e-09	-0.056813676	-0.1431024	-0.92571414	0	0	0.365
5.570020886838512e-09	-0.074033365	-0.15525368	-0.924327	0	0	0.365
5.580026208615598e-09	-0.10457475	-0.15022585	-0.92820084	0	0	0.365
5.590056440041998e-09	-0.12888199	-0.1447427	-0.9241437	0	0	0.365
5.600003599820045e-09	-0.13728596	-0.13353673	-0.92810374	0	0	0.365
5.610016758743873e-09	-0.15139017	-0.10895078	-0.92817724	0	0	0.365
5.6200024171227826e-09	-0.1646768	-0.08451565	-0.930533	0	0	0.365
5.630021098676044e-09	-0.16482845	-0.058510397	-0.9336813	0	0	0.365
5.640000334822143e-09	-0.17487693	-0.047357906	-0.93163353	0	0	0.365
5.650053549861348e-09	-0.1633087	-0.032881588	-0.93085426	0	0	0.365
5.660063346295197e-09	-0.17104092	-0.017606504	-0.9313891	0	0	0.365
5.670000676570868e-09	-0.1646118	-0.008873211	-0.9336825	0	0	0.365
5.680011755001717e-09	-0.15302512	-0.0045327554	-0.9343209	0	0	0.365
5.69000263189824e-09	-0.15312241	0.02888433	-0.94236535	0	0	0.365
5.7000596711128344e-09	-0.13647318	0.056770314	-0.9440652	0	0	0.365
5.7100581964057785e-09	-0.13638635	0.06479759	-0.93992376	0	0	0.365
5.720058824894753e-09	-0.11652168	0.069176525	-0.9443064	0	0	0.365
5.730056565089523e-09	-0.12503953	0.079882145	-0.94633985	0	0	0.365
5.740057522343174e-09	-0.11420887	0.09542888	-0.94663954	0	0	0.365
5.750036182725255e-09	-0.10370967	0.08574958	-0.943039	0	0	0.365
5.7600066106689156e-09	-0.10241247	0.08180648	-0.94928205	0	0	0.365
5.7700510298643165e-09	-0.09304299	0.09523315	-0.9454819	0	0	0.365
5.780047236692708e-09	-0.07741534	0.106143616	-0.94653034	0	0	0.365
5.790018933319046e-09	-0.05240867	0.11125138	-0.9453737	0	0	0.365
5.80002976875231e-09	-0.043957643	0.104632676	-0.9469666	0	0	0.365
5.810042419188699e-09	-0.038622368	0.10580743	-0.94406885	0	0	0.365
5.820014269626528e-09	-0.042292655	0.12222521	-0.9427191	0	0	0.365
5.830027599992974e-09	-0.027284458	0.13166976	-0.9412261	0	0	0.365
5.840014112721682e-09	-0.025145404	0.105837844	-0.93989015	0	0	0.365
5.8500658047766146e-09	-0.0079263635	0.09405646	-0.93907	0	0	0.365
5.860058309940431e-09	0.0029880449	0.086359024	-0.94199914	0	0	0.365
5.870042172551395e-09	0.00466366	0.07923411	-0.9402992	0	0	0.365
5.880037794680817e-09	0.009277289	0.082869366	-0.9457885	0	0	0.365
5.890015285339889e-09	0.027222132	0.07803675	-0.94623226	0	0	0.365
5.900013269555885e-09	-0.0023005866	0.08781469	-0.9393191	0	0	0.365
5.910000592460559e-09	-0.008621953	0.09836871	-0.94124883	0	0	0.365
5.9200623292642805e-09	-0.014146443	0.12368314	-0.9380274	0	0	0.365
5.9300242787919124e-09	-0.025767725	0.13386278	-0.9376834	0	0	0.365
5.940037660742506e-09	-0.02371235	0.11575228	-0.93831366	0	0	0.365
5.950045682217447e-09	-0.0054419665	0.12087708	-0.9364782	0	0	0.365
5.960056478242702e-09	-0.0008600639	0.11100403	-0.93464226	0	0	0.365
5.970056911402845e-09	-0.0041189757	0.12193488	-0.92780226	0	0	0.365
5.980029462115841e-09	-0.00028623853	0.12042316	-0.9303912	0	0	0.365
5.990016681834292e-09	-0.01026077	0.13386051	-0.9334006	0	0	0.365
6.000066340340869e-09	-0.0040103914	0.1493179	-0.9350186	0	0	0.365
6.010023852702503e-09	0.011999374	0.1539025	-0.93411404	0	0	0.365
6.020048694175848e-09	0.018971158	0.17040102	-0.9311166	0	0	0.365
6.0300345799368214e-09	0.03167332	0.16892998	-0.9290052	0	0	0.365
6.040024775473901e-09	0.044603366	0.14955185	-0.9322833	0	0	0.365
6.050046842599697e-09	0.056547835	0.13961542	-0.93394953	0	0	0.365
6.060038211081961e-09	0.06280511	0.14237027	-0.930789	0	0	0.365
6.070038510344256e-09	0.06542238	0.13207613	-0.9305701	0	0	0.365
6.080006811850289e-09	0.07159495	0.15270285	-0.92588496	0	0	0.365
6.09004472702059e-09	0.08448891	0.14814164	-0.9273052	0	0	0.365
6.100011879895776e-09	0.07338959	0.1567089	-0.92626494	0	0	0.365
6.110017507953679e-09	0.07806009	0.16167751	-0.92612416	0	0	0.365
6.120019995662908e-09	0.09092064	0.14692923	-0.9284841	0	0	0.365
6.130045500247713e-09	0.09099512	0.13436912	-0.9310204	0	0	0.365
6.140013181498874e-09	0.09352959	0.13422161	-0.9300761	0	0	0.365
6.15003461502769e-09	0.10119916	0.13017346	-0.92754763	0	0	0.365
6.1600328272314954e-09	0.11005417	0.11213494	-0.9271738	0	0	0.365
6.170049522697495e-09	0.11803783	0.12367408	-0.9224804	0	0	0.365
6.18005861202984e-09	0.118220605	0.11033247	-0.9245881	0	0	0.365
6.190053737966325e-09	0.10740268	0.12854259	-0.9208896	0	0	0.365
6.200007572515651e-09	0.1069441	0.14294256	-0.9221235	0	0	0.365
6.2100017766394166e-09	0.1318195	0.13874196	-0.928476	0	0	0.365
6.22004240082712e-09	0.14532599	0.1183128	-0.9321517	0	0	0.365
6.230053987861388e-09	0.15745363	0.115666755	-0.9257297	0	0	0.365
6.240003448383508e-09	0.15775539	0.100025855	-0.92409426	0	0	0.365
6.250028052447931e-09	0.13795961	0.09323686	-0.92555094	0	0	0.365
6.260014607230266e-09	0.12691548	0.079024725	-0.9252343	0	0	0.365
6.270054938423743e-09	0.12009577	0.10977442	-0.92126715	0	0	0.365
6.280055476680369e-09	0.12568733	0.108955756	-0.92886186	0	0	0.365
6.290004249618339e-09	0.14083172	0.1292982	-0.92501605	0	0	0.365
6.3000096944608205e-09	0.16711935	0.12919667	-0.92541784	0	0	0.365
6.3100392363172705e-09	0.17902043	0.09514219	-0.92926234	0	0	0.365
6.3200412596563795e-09	0.18882117	0.07572098	-0.9287757	0	0	0.365
6.330008475446391e-09	0.19643886	0.03723932	-0.93352413	0	0	0.365
6.340012326410734e-09	0.19257246	0.0052639297	-0.9303569	0	0	0.365
6.350049038542799e-09	0.16754937	0.0059612254	-0.9319374	0	0	0.365
6.360046451922735e-09	0.15338881	0.0077083735	-0.93234116	0	0	0.365
6.370004267219167e-09	0.14251272	0.016664956	-0.93290114	0	0	0.365
6.380046992740492e-09	0.15050918	0.022724628	-0.9365481	0	0	0.365
6.390053097175114e-09	0.16927476	0.03223324	-0.9317957	0	0	0.365
6.4000098150670254e-09	0.18068592	0.008993613	-0.9364377	0	0	0.365
6.410046533570688e-09	0.18738326	0.0012694368	-0.93498915	0	0	0.365
6.420007801609377e-09	0.18043476	-0.0030508956	-0.9364359	0	0	0.365
6.430027372574749e-09	0.17773227	-0.010920791	-0.9354728	0	0	0.365
6.440048146047752e-09	0.17834127	-0.018683696	-0.93431896	0	0	0.365
6.450035866356774e-09	0.16779591	-0.018797116	-0.9419498	0	0	0.365
6.460038169759122e-09	0.1465021	-0.03266028	-0.9444649	0	0	0.365
6.470016074563442e-09	0.15859985	-0.040342476	-0.94195044	0	0	0.365
6.480029700754397e-09	0.16552895	-0.05873037	-0.9395847	0	0	0.365
6.490007416036089e-09	0.1690319	-0.07797094	-0.9363655	0	0	0.365
6.500043057912075e-09	0.17113878	-0.102993526	-0.93450487	0	0	0.365
6.51004250215177e-09	0.14384934	-0.12808852	-0.9361714	0	0	0.365
6.520018905779065e-09	0.11661343	-0.13378829	-0.9390815	0	0	0.365
6.530037558093254e-09	0.10228989	-0.15389404	-0.9338128	0	0	0.365
6.540025318709958e-09	0.07767321	-0.14544778	-0.9352236	0	0	0.365
6.550006366567877e-09	0.0819405	-0.13790315	-0.93609697	0	0	0.365
6.560034256292935e-09	0.08930259	-0.16591862	-0.9334723	0	0	0.365
6.5700141343647005e-09	0.071059555	-0.16240622	-0.9300145	0	0	0.365
6.580064217627363e-09	0.07155704	-0.18619855	-0.92592573	0	0	0.365
6.590042338866833e-09	0.07517968	-0.19348757	-0.9338491	0	0	0.365
6.600050376894484e-09	0.04828847	-0.20340371	-0.9387987	0	0	0.365
6.61003123177115e-09	-0.0010010591	-0.19939753	-0.9370653	0	0	0.365
6.620055963142358e-09	-0.025670476	-0.19077188	-0.933175	0	0	0.365
6.630020788531239e-09	-0.049503736	-0.1696945	-0.9356007	0	0	0.365
6.640025509357368e-09	-0.06258109	-0.15685779	-0.9366346	0	0	0.365
6.650031646373717e-09	-0.09372417	-0.16553666	-0.9355883	0	0	0.365
6.660065734635421e-09	-0.10887451	-0.14160939	-0.93871945	0	0	0.365
6.670037170896909e-09	-0.11562552	-0.13177319	-0.9370674	0	0	0.365
6.680043026708e-09	-0.12584215	-0.12055245	-0.9392006	0	0	0.365
6.690061529892056e-09	-0.14138234	-0.09927535	-0.9401029	0	0	0.365
6.700008460977092e-09	-0.14027628	-0.065952	-0.9437471	0	0	0.365
6.710008911198476e-09	-0.14273255	-0.05646988	-0.9445255	0	0	0.365
6.72003040754353e-09	-0.16622722	-0.041731346	-0.94261944	0	0	0.365
6.730038999252041e-09	-0.15635128	-0.015071181	-0.94627434	0	0	0.365
6.740009836498251e-09	-0.14755817	-0.00086750305	-0.9445034	0	0	0.365
6.750009773133771e-09	-0.1356518	0.011319173	-0.9451802	0	0	0.365
6.760040403595871e-09	-0.13524546	-1.6654067e-06	-0.9438137	0	0	0.365
6.770063584958535e-09	-0.12423511	0.009335938	-0.94280696	0	0	0.365
6.780005372572399e-09	-0.13075219	0.011199784	-0.945863	0	0	0.365
6.790060884223915e-09	-0.12435431	0.025231356	-0.94893056	0	0	0.365
6.800019827362675e-09	-0.14437778	0.034514684	-0.94198173	0	0	0.365
6.810001798920403e-09	-0.1346662	0.068962686	-0.9427858	0	0	0.365
6.8200293887630155e-09	-0.12856418	0.07671565	-0.9408969	0	0	0.365
6.8300406464329585e-09	-0.0982137	0.095688775	-0.9384409	0	0	0.365
6.840015369861076e-09	-0.06482014	0.09755102	-0.9380026	0	0	0.365
6.85001176656308e-09	-0.037707034	0.097088836	-0.9340454	0	0	0.365
6.86002709199135e-09	-0.02501367	0.07682654	-0.9370552	0	0	0.365
6.870016079963706e-09	-0.031310447	0.06216315	-0.94226164	0	0	0.365
6.880028072647862e-09	-0.032632384	0.072968416	-0.9451984	0	0	0.365
6.89002961716801e-09	-0.029514134	0.07224066	-0.9476452	0	0	0.365
6.90005519952017e-09	-0.021212917	0.076939575	-0.94738024	0	0	0.365
6.910013511941578e-09	-0.011915278	0.10737854	-0.94371015	0	0	0.365
6.920017437671188e-09	0.004367262	0.12449033	-0.9434431	0	0	0.365
6.930031013624958e-09	0.023748225	0.110475324	-0.9443248	0	0	0.365
6.940011239567949e-09	0.028506678	0.097350135	-0.945544	0	0	0.365
6.9500444859352705e-09	0.017752182	0.08560538	-0.9456067	0	0	0.365
6.960001874504176e-09	-0.008266171	0.07805356	-0.9471718	0	0	0.365
6.9700062082754424e-09	-0.005052395	0.07225777	-0.94919485	0	0	0.365
6.980053967390626e-09	-0.008406076	0.06325228	-0.94793665	0	0	0.365
6.990045256384067e-09	-0.004588304	0.085153624	-0.9459903	0	0	0.365
7.000028684539319e-09	0.0041650487	0.09334324	-0.9475137	0	0	0.365
7.010007949085864e-09	0.02299004	0.08239207	-0.9519016	0	0	0.365
7.020013932132856e-09	0.030282019	0.08216797	-0.9503461	0	0	0.365
7.030010264130155e-09	0.04453715	0.073756486	-0.9485673	0	0	0.365
7.040027475743859e-09	0.057779003	0.068546705	-0.9477924	0	0	0.365
7.050002489810537e-09	0.06897994	0.073115684	-0.94603133	0	0	0.365
7.060023945983203e-09	0.0831541	0.08180837	-0.9437967	0	0	0.365
7.0700101581303985e-09	0.09247046	0.08927687	-0.9407434	0	0	0.365
7.080040710643564e-09	0.09049602	0.10374356	-0.9378396	0	0	0.365
7.090043686170997e-09	0.10396136	0.1082357	-0.9343163	0	0	0.365
7.100026906025406e-09	0.10318278	0.09625093	-0.93956167	0	0	0.365
7.110059795657194e-09	0.09798576	0.10339431	-0.93897974	0	0	0.365
7.120007962670595e-09	0.11027678	0.07973542	-0.94055724	0	0	0.365
7.130036464940306e-09	0.11814762	0.048847474	-0.935833	0	0	0.365
7.140007126145511e-09	0.14263117	0.03539003	-0.9308604	0	0	0.365
7.150059674956255e-09	0.15838315	0.03146787	-0.9286812	0	0	0.365
7.160040951560466e-09	0.14009482	0.031195218	-0.93638074	0	0	0.365
7.170027098297786e-09	0.13708512	0.041953	-0.9417466	0	0	0.365
7.180031578552693e-09	0.14471787	0.044023827	-0.9447865	0	0	0.365
7.190035862011351e-09	0.15954898	0.027890023	-0.9375879	0	0	0.365
7.200061546519387e-09	0.15590034	0.016444163	-0.9381204	0	0	0.365
7.210019618040419e-09	0.15777625	-0.0045468113	-0.94010323	0	0	0.365
7.220036302831347e-09	0.1512562	-0.022525227	-0.94144624	0	0	0.365
7.230059542351909e-09	0.14899413	-0.03298442	-0.93719244	0	0	0.365
7.240017576195324e-09	0.1520318	-0.01906779	-0.9390547	0	0	0.365
7.250034553092033e-09	0.14246517	-0.022476792	-0.9379794	0	0	0.365
7.260019584318263e-09	0.13363117	-0.04598427	-0.94333875	0	0	0.365
7.270049576506222e-09	0.12790081	-0.057325043	-0.936453	0	0	0.365
7.280049562655045e-09	0.104456894	-0.07461594	-0.9452043	0	0	0.365
7.290058544087996e-09	0.07795596	-0.07878747	-0.94582516	0	0	0.365
7.300037408533715e-09	0.063481145	-0.07713352	-0.95060295	0	0	0.365
7.310024570383009e-09	0.065972134	-0.08383964	-0.9483522	0	0	0.365
7.32005285368189e-09	0.051301196	-0.09414498	-0.94585115	0	0	0.365
7.3300343450520474e-09	0.04075196	-0.0990302	-0.94686997	0	0	0.365
7.340047515004581e-09	0.040917367	-0.08438406	-0.9440049	0	0	0.365
7.350023376416884e-09	0.036084168	-0.09225874	-0.94753075	0	0	0.365
7.36002710872299e-09	0.03158581	-0.09234204	-0.9470313	0	0	0.365
7.3700037045261614e-09	0.022646505	-0.092736095	-0.9482404	0	0	0.365
7.380044222447729e-09	0.024993116	-0.08838579	-0.94804823	0	0	0.365
7.390015442186442e-09	0.018201228	-0.096142426	-0.94857115	0	0	0.365
7.400060799025744e-09	0.0048541185	-0.10270302	-0.9452716	0	0	0.365
7.410011313739752e-09	-0.01628474	-0.107331686	-0.9476419	0	0	0.365
7.420010323803131e-09	-0.03248074	-0.13100943	-0.9398726	0	0	0.365
7.430022535381665e-09	-0.04784273	-0.11714697	-0.9404872	0	0	0.365
7.440046309858744e-09	-0.05242222	-0.10913875	-0.9402678	0	0	0.365
7.450057560090971e-09	-0.057566985	-0.11480839	-0.94112515	0	0	0.365
7.460048421893288e-09	-0.0489941	-0.13483168	-0.9417448	0	0	0.365
7.470046873324441e-09	-0.041860785	-0.13161787	-0.9403084	0	0	0.365
7.4800127387423e-09	-0.06574101	-0.123684585	-0.9449768	0	0	0.365
7.490054615096947e-09	-0.08169041	-0.114897914	-0.94497967	0	0	0.365
7.500002880328497e-09	-0.122180134	-0.110563144	-0.9399086	0	0	0.365
7.5100342211892e-09	-0.15271327	-0.09258422	-0.9310034	0	0	0.365
7.52004367789503e-09	-0.1648253	-0.08058133	-0.9315486	0	0	0.365
7.530045062023369e-09	-0.18691713	-0.055002242	-0.9256043	0	0	0.365
7.540063597845987e-09	-0.1983416	-0.034413543	-0.92740446	0	0	0.365
7.550031828495963e-09	-0.19909106	-0.04599883	-0.92407775	0	0	0.365
7.56005894658214e-09	-0.194802	-0.05532835	-0.92835134	0	0	0.365
7.570037255343329e-09	-0.20211908	-0.051243786	-0.92954874	0	0	0.365
7.58005058146864e-09	-0.20937519	-0.037533812	-0.9320784	0	0	0.365
7.59002315637595e-09	-0.2229061	-0.029147914	-0.93245393	0	0	0.365
7.600023574240636e-09	-0.22386251	0.012655275	-0.9334967	0	0	0.365
7.610018794913777e-09	-0.20511614	0.037831083	-0.9282443	0	0	0.365
7.620012566667034e-09	-0.18525228	0.045286767	-0.92973524	0	0	0.365
7.63004211503766e-09	-0.18893576	0.048310746	-0.9318671	0	0	0.365
7.640046394961955e-09	-0.17969234	0.069445744	-0.93540484	0	0	0.365
7.650017587377245e-09	-0.18178956	0.08320753	-0.9320865	0	0	0.365
7.660000617856373e-09	-0.19438656	0.11568024	-0.9250801	0	0	0.365
7.670062087465319e-09	-0.19535936	0.13265893	-0.92166156	0	0	0.365
7.680043228918346e-09	-0.19568811	0.16376133	-0.91885686	0	0	0.365
7.690050366444642e-09	-0.17692971	0.1696472	-0.923237	0	0	0.365
7.700003925720755e-09	-0.16026689	0.19196413	-0.91888475	0	0	0.365
7.710046937272642e-09	-0.13313818	0.17866312	-0.92906934	0	0	0.365
7.720033888008672e-09	-0.120241344	0.19440559	-0.9289743	0	0	0.365
7.730023249789819e-09	-0.1262118	0.21660233	-0.92341095	0	0	0.365
7.74003284241719e-09	-0.11677389	0.22359605	-0.9232	0	0	0.365
7.750053585617947e-09	-0.09817212	0.25385544	-0.9134616	0	0	0.365
7.76001704196223e-09	-0.059976757	0.2651598	-0.91194654	0	0	0.365
7.770001721408362e-09	-0.028660871	0.27393332	-0.911648	0	0	0.365
7.780057575667453e-09	-0.0023934653	0.27314958	-0.9134167	0	0	0.365
7.790024084437457e-09	0.0115555385	0.26716408	-0.9201378	0	0	0.365
7.800065159476924e-09	0.033494756	0.26443377	-0.9143599	0	0	0.365
7.810015611351633e-09	0.04406635	0.26279813	-0.9113646	0	0	0.365
7.820032562653146e-09	0.060104582	0.25115278	-0.9148085	0	0	0.365
7.830006019661188e-09	0.086129345	0.2582488	-0.911613	0	0	0.365
7.840052616925157e-09	0.12070644	0.2420046	-0.9139804	0	0	0.365
7.850007392559972e-09	0.13020031	0.2353404	-0.9103541	0	0	0.365
7.860051922710138e-09	0.13111007	0.21888454	-0.9124273	0	0	0.365
7.870025882038106e-09	0.12798984	0.21540435	-0.9174488	0	0	0.365
7.880015206646107e-09	0.15860666	0.20687415	-0.9146889	0	0	0.365
7.890017374892976e-09	0.19010752	0.20955504	-0.9096881	0	0	0.365
7.900006616578878e-09	0.2067236	0.21166682	-0.90362084	0	0	0.365
7.910018301185787e-09	0.21528873	0.19886804	-0.9036011	0	0	0.365
7.920040769544064e-09	0.20763865	0.20029847	-0.90489376	0	0	0.365
7.930057239230944e-09	0.22416769	0.18996574	-0.9022462	0	0	0.365
7.940010180517068e-09	0.2342573	0.17583838	-0.9040293	0	0	0.365
7.950056048442074e-09	0.24546117	0.16160208	-0.90780085	0	0	0.365
7.960019552804535e-09	0.26151803	0.14275934	-0.905863	0	0	0.365
7.970056645272005e-09	0.2724126	0.13755473	-0.90473825	0	0	0.365
7.980044212030024e-09	0.29374364	0.11853146	-0.89931154	0	0	0.365
7.990045989378307e-09	0.28524348	0.08337291	-0.9038523	0	0	0.365
8.000024197222336e-09	0.2808317	0.07454091	-0.90439516	0	0	0.365
8.01000668402776e-09	0.28276247	0.049771205	-0.9057888	0	0	0.365
8.020035821555268e-09	0.2897667	0.042611137	-0.90066767	0	0	0.365
8.03005362798549e-09	0.30274615	0.029951071	-0.8968822	0	0	0.365
8.040006890093372e-09	0.30717665	0.030518137	-0.89167476	0	0	0.365
8.050027941699301e-09	0.32832175	0.035296317	-0.88908714	0	0	0.365
8.06003133152835e-09	0.33759385	0.014784796	-0.889704	0	0	0.365
8.070014123567178e-09	0.3438264	-0.0010753775	-0.88348556	0	0	0.365
8.080039175461736e-09	0.3397168	0.0074502304	-0.8850451	0	0	0.365
8.090044962208122e-09	0.3322037	-0.018483654	-0.8874684	0	0	0.365
8.100025361775093e-09	0.30783576	-0.01725986	-0.89235175	0	0	0.365
8.110032583838009e-09	0.30434698	-0.020122828	-0.8944163	0	0	0.365
8.120058973706676e-09	0.31053072	-0.031248707	-0.89809173	0	0	0.365
8.130039878114543e-09	0.31215298	-0.0430126	-0.8982564	0	0	0.365
8.14005696964805e-09	0.32255644	-0.048570186	-0.8980991	0	0	0.365
8.150022012066129e-09	0.3188059	-0.07706878	-0.90318555	0	0	0.365
8.160060281103669e-09	0.30393848	-0.09431723	-0.90256804	0	0	0.365
8.170031164286617e-09	0.30774316	-0.09652946	-0.9032953	0	0	0.365
8.180014482045816e-09	0.30733716	-0.10892253	-0.899949	0	0	0.365
8.190036179393173e-09	0.30368003	-0.13262267	-0.89469135	0	0	0.365
8.200038840959648e-09	0.28352717	-0.14271832	-0.89569676	0	0	0.365
8.210010140758488e-09	0.28182524	-0.13889578	-0.89910465	0	0	0.365
8.220006959303107e-09	0.26007554	-0.14474367	-0.8978062	0	0	0.365
8.230060703160073e-09	0.2529497	-0.15780462	-0.8997128	0	0	0.365
8.24005622392839e-09	0.25306684	-0.17054945	-0.90222424	0	0	0.365
8.250009438477846e-09	0.24061808	-0.1899617	-0.9025393	0	0	0.365
8.260048323775488e-09	0.2164536	-0.19087005	-0.91310805	0	0	0.365
8.270004510076586e-09	0.21098797	-0.20853381	-0.9093587	0	0	0.365
8.280012329355405e-09	0.1925896	-0.21350221	-0.91213316	0	0	0.365
8.290051438401943e-09	0.182446	-0.20683445	-0.91842586	0	0	0.365
8.300057006094882e-09	0.15666348	-0.22145988	-0.9169271	0	0	0.365
8.310017218959567e-09	0.1480382	-0.22869334	-0.9166815	0	0	0.365
8.320024844338051e-09	0.1263097	-0.2466888	-0.9128726	0	0	0.365
8.330002494214328e-09	0.11055137	-0.25025633	-0.91503435	0	0	0.365
8.340058508295395e-09	0.09574678	-0.22894326	-0.920618	0	0	0.365
8.350024171784646e-09	0.0912077	-0.23138541	-0.9199981	0	0	0.365
8.360024821213047e-09	0.10856919	-0.23419032	-0.9180453	0	0	0.365
8.37005124692824e-09	0.10193867	-0.26027653	-0.9117722	0	0	0.365
8.380059857912184e-09	0.06894289	-0.28940564	-0.9068687	0	0	0.365
8.390034184614552e-09	0.056726515	-0.3002755	-0.9060606	0	0	0.365
8.400015014184767e-09	0.034907423	-0.30647412	-0.90364486	0	0	0.365
8.410066149658514e-09	0.019178288	-0.29828444	-0.90092677	0	0	0.365
8.420062928857773e-09	0.0047208676	-0.26986375	-0.90669763	0	0	0.365
8.430042727406842e-09	0.0016252184	-0.25372756	-0.90799415	0	0	0.365
8.440055706981144e-09	-0.0070801144	-0.259417	-0.9033344	0	0	0.365
8.450059953440915e-09	0.006142198	-0.26156354	-0.9024952	0	0	0.365
8.460029167935876e-09	0.012627032	-0.26442778	-0.90367466	0	0	0.365
8.47001479822864e-09	0.0020352397	-0.28896928	-0.90164304	0	0	0.365
8.480001918531724e-09	0.008081537	-0.28948674	-0.90551186	0	0	0.365
8.490004129472751e-09	-0.01655398	-0.28592175	-0.9058888	0	0	0.365
8.500013979110635e-09	-0.03377034	-0.3059302	-0.9031347	0	0	0.365
8.510017148925895e-09	-0.06507325	-0.3166225	-0.89727694	0	0	0.365
8.520020040131785e-09	-0.101450205	-0.30199137	-0.8950353	0	0	0.365
8.530040679943185e-09	-0.115242265	-0.28854272	-0.8900492	0	0	0.365
8.540005870411707e-09	-0.12836355	-0.27364922	-0.8935417	0	0	0.365
8.55003305954843e-09	-0.1269782	-0.2761046	-0.8894921	0	0	0.365
8.560029893753416e-09	-0.12756701	-0.2481383	-0.8927743	0	0	0.365
8.57005871935563e-09	-0.11753058	-0.25217077	-0.8926169	0	0	0.365
8.580017303065115e-09	-0.110865355	-0.25704572	-0.8977762	0	0	0.365
8.590039098751396e-09	-0.12063162	-0.26572645	-0.8995305	0	0	0.365
8.600045774775035e-09	-0.13377185	-0.27465153	-0.9009771	0	0	0.365
8.610024152548965e-09	-0.17178199	-0.26894334	-0.8982135	0	0	0.365
8.620054706347011e-09	-0.1871789	-0.27301082	-0.8951372	0	0	0.365
8.630002795782624e-09	-0.19381766	-0.25460628	-0.89774287	0	0	0.365
8.640007390026871e-09	-0.21572557	-0.24235757	-0.8982931	0	0	0.365
8.6500194400017e-09	-0.22101127	-0.2320067	-0.8947895	0	0	0.365
8.660045719353556e-09	-0.20065367	-0.21561123	-0.90273434	0	0	0.365
8.670042284326896e-09	-0.2040986	-0.2095671	-0.90176046	0	0	0.365
8.680016283132375e-09	-0.21060993	-0.20111288	-0.900111	0	0	0.365
8.690047780361962e-09	-0.2195544	-0.2205493	-0.8922193	0	0	0.365
8.700034316430437e-09	-0.22722782	-0.22239587	-0.88928103	0	0	0.365
8.710033028466918e-09	-0.21522427	-0.22353326	-0.8936082	0	0	0.365
8.720031504901907e-09	-0.23441097	-0.21377186	-0.89077777	0	0	0.365
8.730040964691732e-09	-0.23971558	-0.1967398	-0.8970346	0	0	0.365
8.740026992732908e-09	-0.23357995	-0.19447853	-0.8978631	0	0	0.365
8.750007799683001e-09	-0.23403297	-0.15574184	-0.9007771	0	0	0.365
8.760031790005927e-09	-0.23031883	-0.14932984	-0.9037155	0	0	0.365
8.770061707118521e-09	-0.21934795	-0.14016826	-0.90450823	0	0	0.365
8.780019115774537e-09	-0.22202316	-0.14443652	-0.90400416	0	0	0.365
8.790016882977334e-09	-0.20778482	-0.123701096	-0.91616565	0	0	0.365
8.800039831000918e-09	-0.2047264	-0.12569416	-0.9181693	0	0	0.365
8.810051731909337e-09	-0.21340725	-0.13308911	-0.916977	0	0	0.365
8.820044454853852e-09	-0.22428867	-0.12937187	-0.9140702	0	0	0.365
8.830036950435694e-09	-0.2238083	-0.10405673	-0.9166965	0	0	0.365
8.8400683096953e-09	-0.23712195	-0.10035734	-0.9138818	0	0	0.365
8.850011257609907e-09	-0.24426164	-0.073625505	-0.91636544	0	0	0.365
8.860051889357406e-09	-0.22536224	-0.07871499	-0.92182094	0	0	0.365
8.870020206912395e-09	-0.2548762	-0.07272051	-0.9126963	0	0	0.365
8.88003941690013e-09	-0.2636817	-0.061187454	-0.9138845	0	0	0.365
8.890032239997135e-09	-0.25670338	-0.035333652	-0.9188428	0	0	0.365
8.900027181003581e-09	-0.24765797	-0.018480083	-0.9218669	0	0	0.365
8.910009996410158e-09	-0.23657301	-0.0044618403	-0.92411554	0	0	0.365
8.920002139000863e-09	-0.22646569	0.02128797	-0.9268488	0	0	0.365
8.93002095218462e-09	-0.22261557	0.021924447	-0.9268136	0	0	0.365
8.940019450110586e-09	-0.21593715	0.033393666	-0.92364234	0	0	0.365
8.95002038162482e-09	-0.21301052	0.038164917	-0.9248908	0	0	0.365
8.960034096589691e-09	-0.20101164	0.040824983	-0.92597264	0	0	0.365
8.970016547222599e-09	-0.22137061	0.042394735	-0.9258262	0	0	0.365
8.980031547161805e-09	-0.234872	0.06725041	-0.91690266	0	0	0.365
8.990065259273111e-09	-0.23090626	0.074585706	-0.91594136	0	0	0.365
9.000037892558367e-09	-0.23446573	0.074769884	-0.9167901	0	0	0.365
9.010064217954695e-09	-0.22963108	0.113811746	-0.9153566	0	0	0.365
9.02000708538767e-09	-0.22084591	0.12457561	-0.9154857	0	0	0.365
9.030045933336601e-09	-0.22786498	0.12462648	-0.9150265	0	0	0.365
9.040065361038827e-09	-0.22152452	0.13666289	-0.9199601	0	0	0.365
9.050060803716487e-09	-0.21690556	0.1514815	-0.91706496	0	0	0.365
9.060052338205424e-09	-0.20972405	0.18656753	-0.9118981	0	0	0.365
9.07005433586019e-09	-0.19923307	0.18689318	-0.9111719	0	0	0.365
9.080004882057631e-09	-0.19126697	0.19189562	-0.90995425	0	0	0.365
9.090039896316854e-09	-0.17273386	0.19640496	-0.910975	0	0	0.365
9.10001002072325e-09	-0.17113335	0.21298943	-0.91314304	0	0	0.365
9.110020809749751e-09	-0.17107883	0.22198796	-0.91086656	0	0	0.365
9.120005882896684e-09	-0.1722146	0.21262474	-0.9083458	0	0	0.365
9.130032016637249e-09	-0.16964447	0.23253226	-0.9067533	0	0	0.365
9.140041682405074e-09	-0.14935975	0.24031979	-0.9057755	0	0	0.365
9.150001599961663e-09	-0.14168687	0.24908447	-0.9031775	0	0	0.365
9.160016677046249e-09	-0.1278616	0.24569988	-0.902067	0	0	0.365
9.17003653371323e-09	-0.121484905	0.2651099	-0.90215	0	0	0.365
9.180030804206984e-09	-0.10367439	0.2618133	-0.90499616	0	0	0.365
9.190058274737754e-09	-0.08038223	0.26830286	-0.904384	0	0	0.365
9.200029345059513e-09	-0.081367165	0.26895216	-0.9069014	0	0	0.365
9.210006707748987e-09	-0.0641503	0.25565752	-0.9092583	0	0	0.365
9.220022819551861e-09	-0.06419121	0.2478532	-0.907997	0	0	0.365
9.230048181569651e-09	-0.045534227	0.2571106	-0.9094714	0	0	0.365
9.240001067028636e-09	-0.050321437	0.2664503	-0.9100733	0	0	0.365
9.250017971264445e-09	-0.0445525	0.27152735	-0.90761286	0	0	0.365
9.260038570211672e-09	-0.04777109	0.26254565	-0.9076618	0	0	0.365
9.270064924873594e-09	-0.038916033	0.27085727	-0.90877545	0	0	0.365
9.280064565136073e-09	-0.009616096	0.2793762	-0.90966135	0	0	0.365
9.290036178675119e-09	0.035097945	0.28033093	-0.9046428	0	0	0.365
9.300002800564835e-09	0.029268801	0.25565758	-0.9067601	0	0	0.365
9.310017097748389e-09	0.040156472	0.23274145	-0.9118929	0	0	0.365
9.320045486517928e-09	0.045915406	0.22183739	-0.91046345	0	0	0.365
9.33005655259106e-09	0.052093133	0.21288674	-0.9155783	0	0	0.365
9.34005864100839e-09	0.059447132	0.21032813	-0.9222555	0	0	0.365
9.350060626590883e-09	0.07018638	0.21555704	-0.920341	0	0	0.365
9.36001522325215e-09	0.073855855	0.21463482	-0.91860527	0	0	0.365
9.370060307024371e-09	0.08641148	0.20775174	-0.92779016	0	0	0.365
9.380005231762182e-09	0.10415488	0.18593279	-0.92251617	0	0	0.365
9.390021909029383e-09	0.11798932	0.17268324	-0.9226665	0	0	0.365
9.400057810319624e-09	0.14379795	0.15968733	-0.9186269	0	0	0.365
9.410014818613692e-09	0.15826984	0.1471298	-0.9179937	0	0	0.365
9.420002309920046e-09	0.16211584	0.14042608	-0.9134813	0	0	0.365
9.4300207125235e-09	0.16232184	0.15497525	-0.9093202	0	0	0.365
9.440033604643064e-09	0.17675103	0.15323795	-0.91376996	0	0	0.365
9.450020590444052e-09	0.1838679	0.13334987	-0.91664934	0	0	0.365
9.4600336284721e-09	0.18582106	0.122144885	-0.91592544	0	0	0.365
9.470041748602563e-09	0.21385795	0.11923723	-0.9138584	0	0	0.365
9.480041884022796e-09	0.21440962	0.098885566	-0.9120328	0	0	0.365
9.49001735301814e-09	0.21741083	0.08961957	-0.9090415	0	0	0.365
9.50001947432415e-09	0.21492343	0.08401752	-0.9037513	0	0	0.365
9.510000850456534e-09	0.20970976	0.07021472	-0.9024834	0	0	0.365
9.520043058982551e-09	0.21318415	0.06760105	-0.90752625	0	0	0.365
9.530005116895766e-09	0.23047473	0.056404226	-0.9034968	0	0	0.365
9.540007451171486e-09	0.24259827	0.047644366	-0.89860195	0	0	0.365
9.550012154580302e-09	0.22240354	0.038767405	-0.90562266	0	0	0.365
9.560022000827253e-09	0.22847138	0.04430368	-0.9047098	0	0	0.365
9.570044780192967e-09	0.22634983	0.030425033	-0.90481585	0	0	0.365
9.580039623832435e-09	0.22143352	0.03037743	-0.9126576	0	0	0.365
9.590048032082843e-09	0.20321149	0.025373753	-0.9132484	0	0	0.365
9.60005007419936e-09	0.20848547	0.03068768	-0.91140133	0	0	0.365
9.610016653891762e-09	0.20106083	0.029396972	-0.9166468	0	0	0.365
9.620062294711809e-09	0.21472856	0.020400967	-0.9177001	0	0	0.365
9.630025568820804e-09	0.23857687	0.008793107	-0.9116088	0	0	0.365
9.64005526708205e-09	0.22901168	-0.013610394	-0.91703314	0	0	0.365
9.650002276314052e-09	0.23354143	-0.021737592	-0.9114121	0	0	0.365
9.660060605002545e-09	0.22434862	-0.026716616	-0.91191775	0	0	0.365
9.670051838339075e-09	0.22459745	-0.03539816	-0.9090256	0	0	0.365
9.680008344664797e-09	0.21934243	-0.029502816	-0.9080928	0	0	0.365
9.69006564565423e-09	0.20136872	-0.010328155	-0.9093132	0	0	0.365
9.700053064457035e-09	0.20796722	-0.006974654	-0.9150826	0	0	0.365
9.710048432836954e-09	0.22025779	-0.0017692738	-0.9156784	0	0	0.365
9.7200578146311e-09	0.23128709	-0.03498418	-0.9099267	0	0	0.365
9.73001693115329e-09	0.23597312	-0.046896975	-0.90982497	0	0	0.365
9.740031080140259e-09	0.2271815	-0.05657255	-0.91456974	0	0	0.365
9.750054104223639e-09	0.22548912	-0.07154327	-0.9148238	0	0	0.365
9.760054682223272e-09	0.21030127	-0.088309094	-0.9133928	0	0	0.365
9.770036699024953e-09	0.19781655	-0.08385922	-0.9155215	0	0	0.365
9.780041859346196e-09	0.19285166	-0.08289045	-0.91569847	0	0	0.365
9.790012328885436e-09	0.21267648	-0.083841726	-0.91289574	0	0	0.365
9.800054763014623e-09	0.19779436	-0.10806904	-0.9118891	0	0	0.365
9.810050021573624e-09	0.18709716	-0.10163965	-0.9089551	0	0	0.365
9.82003026272127e-09	0.18597354	-0.10549413	-0.901455	0	0	0.365
9.830023300420861e-09	0.17638706	-0.09787748	-0.90268487	0	0	0.365
9.840008722564253e-09	0.17313571	-0.09402287	-0.90824836	0	0	0.365
9.850058679572093e-09	0.18214591	-0.08108056	-0.9006527	0	0	0.365
9.860033412492071e-09	0.1791954	-0.08452062	-0.90690756	0	0	0.365
9.870037004095621e-09	0.1882437	-0.09624361	-0.9025305	0	0	0.365
9.880013585079373e-09	0.18656358	-0.08446546	-0.9042007	0	0	0.365
9.890036928168266e-09	0.19257246	-0.09123565	-0.9071184	0	0	0.365
9.900060220776976e-09	0.19792593	-0.093007416	-0.9106259	0	0	0.365
9.91003526523634e-09	0.2131483	-0.09326614	-0.90818214	0	0	0.365
9.920030925610227e-09	0.20512252	-0.112556	-0.90680844	0	0	0.365
9.930034841087502e-09	0.20180237	-0.11222004	-0.9117866	0	0	0.365
9.940031405588613e-09	0.18557799	-0.12337747	-0.907477	0	0	0.365
9.950019258563722e-09	0.18017593	-0.12661597	-0.9041649	0	0	0.365
9.960016072549321e-09	0.17455386	-0.11507754	-0.9054192	0	0	0.365
9.970015479097852e-09	0.16511649	-0.12885763	-0.8986119	0	0	0.365
9.980034113577882e-09	0.15588498	-0.12600628	-0.8935575	0	0	0.365
9.990031101110098e-09	0.14926124	-0.1286015	-0.89477974	0	0	0.365
1e-08	0.13405725	-0.12066921	-0.89466053	0	0	0.365
