# t (s)	mx ()	my ()	mz ()	B_extx (T)	B_exty (T)	B_extz (T)	E_total (J)
0	0	0	-1	0	0	0.39	1.17474e-18
1.003159310049721e-11	0.0097081745	0.0005210609	-0.9747588	0	0	0.39	4.185391e-18
2.0008651943248118e-11	0.019473614	-0.0041330047	-0.9667749	0	0	0.39	4.3710676e-18
3.004799200667625e-11	0.031557795	-0.027632022	-0.964208	0	0	0.39	5.2096414e-18
4.0045490576971067e-11	0.024685642	-0.030106023	-0.96292657	0	0	0.39	5.1927384e-18
5.0024091738582e-11	0.0052724765	-0.020054078	-0.9614797	0	0	0.39	3.800662e-18
6.005666618683698e-11	-0.007985802	-0.014074854	-0.9578009	0	0	0.39	4.691406e-18
7.003543443415012e-11	-0.0042294892	-0.026426198	-0.95764774	0	0	0.39	4.6755565e-18
8.001812214705617e-11	0.018922133	-0.0137096625	-0.9547407	0	0	0.39	5.5089075e-18
9.000426050093215e-11	0.0322192	-0.02058723	-0.9555108	0	0	0.39	4.6259753e-18
1.000234387279252e-10	0.032504275	-0.024306227	-0.9558065	0	0	0.39	4.3396223e-18
1.1004660463774814e-10	0.03418945	-0.01973863	-0.95620507	0	0	0.39	3.137847e-18
1.2000896832807085e-10	0.028124494	-0.030365333	-0.9560835	0	0	0.39	5.1106275e-18
1.3005842657192014e-10	0.049733654	-0.034549434	-0.956754	0	0	0.39	3.661987e-18
1.400072204872588e-10	0.03339349	-0.038535718	-0.9600651	0	0	0.39	4.736806e-18
1.5000030244473022e-10	0.035890944	-0.052144103	-0.9603045	0	0	0.39	4.6474804e-18
1.6002404771020574e-10	0.0279241	-0.037577447	-0.9614316	0	0	0.39	3.9961186e-18
1.7002560655879167e-10	0.0243268	-0.047717165	-0.9597508	0	0	0.39	4.5016873e-18
1.8002945803697733e-10	0.017149765	-0.04942537	-0.9568589	0	0	0.39	4.3365055e-18
1.900304828197913e-10	0.018872727	-0.044520397	-0.95659214	0	0	0.39	5.2075586e-18
2.0001076293227657e-10	0.01951355	-0.04508524	-0.95769864	0	0	0.39	4.275141e-18
2.1003748233630748e-10	0.02465701	-0.022011468	-0.9541178	0	0	0.39	5.0608283e-18
2.2006337081030735e-10	0.028146284	-0.028340932	-0.95406795	0	0	0.39	4.749631e-18
2.3000865116679093e-10	0.02226014	-0.053414326	-0.95408475	0	0	0.39	4.3165254e-18
2.4005677232922173e-10	0.031127159	-0.06525127	-0.95528454	0	0	0.39	5.478981e-18
2.5002546744063995e-10	0.018103696	-0.07757625	-0.9540625	0	0	0.39	4.8899456e-18
2.6001947174459936e-10	0.008523946	-0.0739324	-0.9558664	0	0	0.39	3.8915014e-18
2.7001864164529347e-10	-0.005736249	-0.06875777	-0.9523725	0	0	0.39	4.4068738e-18
2.800053968463107e-10	-0.0076620146	-0.06762226	-0.94632107	0	0	0.39	5.004565e-18
2.9004815718164306e-10	0.012475857	-0.06287419	-0.9458615	0	0	0.39	4.1956143e-18
3.000538422135245e-10	0.019293364	-0.054881506	-0.94546187	0	0	0.39	4.160638e-18
3.1003073988533814e-10	0.0348126	-0.062435642	-0.9462889	0	0	0.39	3.2951244e-18
3.200267478714056e-10	0.019728841	-0.08009083	-0.9447935	0	0	0.39	4.698447e-18
3.30052485075906e-10	0.012407124	-0.085075945	-0.94584256	0	0	0.39	4.5063497e-18
3.4001727499825583e-10	0.0119312545	-0.095867015	-0.94608486	0	0	0.39	4.698596e-18
3.500127586569334e-10	0.007280764	-0.09429172	-0.94806254	0	0	0.39	4.3770283e-18
3.600115080842274e-10	-0.0023945963	-0.089039244	-0.94946843	0	0	0.39	4.5817245e-18
3.700481972960265e-10	0.014748753	-0.06685466	-0.9510743	0	0	0.39	4.9766056e-18
3.800142152493089e-10	0.01158633	-0.054209553	-0.9513582	0	0	0.39	4.05852e-18
3.9006019760887677e-10	0.025608875	-0.055810817	-0.952734	0	0	0.39	4.276358e-18
4.000530721261289e-10	0.04515259	-0.048480127	-0.95279133	0	0	0.39	5.1616753e-18
4.100618563132091e-10	0.028413812	-0.06634134	-0.9545242	0	0	0.39	4.7312353e-18
4.200347707143313e-10	0.029679341	-0.08028897	-0.9525999	0	0	0.39	4.7829184e-18
4.3002074355830375e-10	0.0128320595	-0.08850953	-0.95347166	0	0	0.39	5.133614e-18
4.4000341400234743e-10	0.017145086	-0.103259176	-0.9483154	0	0	0.39	4.9589002e-18
4.5004129440602084e-10	0.011415908	-0.096370324	-0.9525342	0	0	0.39	4.419902e-18
4.6003151111078354e-10	0.0281834	-0.11219784	-0.9489133	0	0	0.39	3.9886496e-18
4.700337341304778e-10	0.028020168	-0.13103582	-0.9479784	0	0	0.39	5.3788304e-18
4.800415300289158e-10	0.008936555	-0.11976743	-0.9515392	0	0	0.39	3.3519499e-18
4.900547134240409e-10	-0.001585965	-0.11575914	-0.95108634	0	0	0.39	4.150954e-18
5.000449216942778e-10	0.004859328	-0.13012445	-0.94691956	0	0	0.39	4.425133e-18
5.100346783855353e-10	-0.01213422	-0.119055696	-0.9496573	0	0	0.39	4.1363605e-18
5.200604518517864e-10	-0.012193717	-0.12543151	-0.94425356	0	0	0.39	4.749197e-18
5.300356291165617e-10	-0.023959946	-0.14093702	-0.94338584	0	0	0.39	3.9711874e-18
5.400088038278518e-10	-0.054881074	-0.1290934	-0.9425794	0	0	0.39	4.105063e-18
5.500320780354857e-10	-0.057428434	-0.116075255	-0.94387937	0	0	0.39	4.4422353e-18
5.600093105354334e-10	-0.058806937	-0.08470085	-0.94703627	0	0	0.39	3.8401235e-18
5.700459693797723e-10	-0.061972924	-0.057868693	-0.9475569	0	0	0.39	4.410798e-18
5.800550702553138e-10	-0.07068299	-0.05225937	-0.9480033	0	0	0.39	4.6391734e-18
5.900227522588309e-10	-0.06181522	-0.037947714	-0.95490175	0	0	0.39	4.492789e-18
6.000241363439329e-10	-0.05258154	-0.042548284	-0.9526629	0	0	0.39	4.31008e-18
6.100367391023086e-10	-0.060874794	-0.04884097	-0.95394355	0	0	0.39	4.463018e-18
6.200341986765196e-10	-0.060065623	-0.03952158	-0.95058995	0	0	0.39	5.6258274e-18
6.300473395575379e-10	-0.08993346	-0.051608082	-0.9467401	0	0	0.39	4.2265716e-18
6.400170347116191e-10	-0.093084306	-0.034080222	-0.9457821	0	0	0.39	4.701164e-18
6.500389430949493e-10	-0.08752806	-0.03119259	-0.94473064	0	0	0.39	4.5461094e-18
6.600309167121059e-10	-0.08456331	-0.02564918	-0.9465595	0	0	0.39	4.283804e-18
6.700439368695306e-10	-0.06859876	-0.034881737	-0.9453706	0	0	0.39	4.616174e-18
6.800109532389003e-10	-0.059524525	-0.036865514	-0.9412744	0	0	0.39	4.5450787e-18
6.900299937980682e-10	-0.07192627	-0.0467186	-0.9378248	0	0	0.39	3.906948e-18
7.000253347072341e-10	-0.060311098	-0.03035925	-0.9377144	0	0	0.39	4.0477794e-18
7.100569358024055e-10	-0.05957399	-0.023129802	-0.9407956	0	0	0.39	4.73921e-18
7.200533300226489e-10	-0.078917675	-0.01890785	-0.93957067	0	0	0.39	5.1994683e-18
7.300394955926997e-10	-0.0874085	-0.023819096	-0.94451886	0	0	0.39	4.4544185e-18
7.400112072576247e-10	-0.08533396	-0.03443845	-0.94571996	0	0	0.39	4.7730526e-18
7.500561674594275e-10	-0.07839823	-0.03622758	-0.94458985	0	0	0.39	5.089185e-18
7.600045495399444e-10	-0.086905435	-0.04252516	-0.94126666	0	0	0.39	4.985633e-18
7.700284343303259e-10	-0.0913377	-0.028736485	-0.9379797	0	0	0.39	4.4855473e-18
7.800562084217768e-10	-0.09936909	-0.007874524	-0.9358006	0	0	0.39	3.7223566e-18
7.900256073299447e-10	-0.108882844	0.0066482094	-0.9365287	0	0	0.39	4.850125e-18
8.00062711166444e-10	-0.11063741	0.01805958	-0.9333752	0	0	0.39	5.992342e-18
8.100386442111145e-10	-0.08658993	0.036318768	-0.9286263	0	0	0.39	4.633319e-18
8.200176116648771e-10	-0.07850296	0.039787617	-0.9313012	0	0	0.39	5.0424806e-18
8.300363385464383e-10	-0.06577107	0.051094588	-0.93602103	0	0	0.39	3.843512e-18
8.400588528567655e-10	-0.06018968	0.03890092	-0.9403386	0	0	0.39	4.2157707e-18
8.50038923520799e-10	-0.083714835	0.036017455	-0.94281346	0	0	0.39	4.231514e-18
8.600173463779163e-10	-0.10921367	0.045093488	-0.93876326	0	0	0.39	3.7128527e-18
8.70038638947108e-10	-0.12300236	0.06525321	-0.9352791	0	0	0.39	4.590921e-18
8.800371497525407e-10	-0.1334515	0.050502777	-0.9355786	0	0	0.39	4.736143e-18
8.90023906096491e-10	-0.14619333	0.049903557	-0.9362261	0	0	0.39	4.899742e-18
9.000106002159357e-10	-0.14597438	0.06960348	-0.9337498	0	0	0.39	3.7874222e-18
9.100441687660628e-10	-0.13527203	0.07766389	-0.9312971	0	0	0.39	4.3964434e-18
9.200231332141741e-10	-0.1384323	0.08178632	-0.9239977	0	0	0.39	4.5746885e-18
9.300056243202697e-10	-0.12267865	0.09214074	-0.92586154	0	0	0.39	4.99956e-18
9.400650377189736e-10	-0.11136001	0.0843025	-0.92377317	0	0	0.39	4.713869e-18
9.500286458671617e-10	-0.13160935	0.08506914	-0.9215552	0	0	0.39	5.266183e-18
9.60028715678261e-10	-0.13957483	0.08203027	-0.9218693	0	0	0.39	4.1098663e-18
9.700537513783258e-10	-0.14470598	0.0680802	-0.9236133	0	0	0.39	5.4889662e-18
9.800527006874067e-10	-0.14306653	0.06718572	-0.9274725	0	0	0.39	4.52377e-18
9.900514926687805e-10	-0.14310469	0.060848847	-0.93234026	0	0	0.39	4.2533424e-18
1.0000232278468672e-09	-0.13200554	0.05932968	-0.9311707	0	0	0.39	4.1904196e-18
1.0100020358223502e-09	-0.14242746	0.049248025	-0.933934	0	0	0.39	4.86567e-18
1.020012127690285e-09	-0.12603703	0.05882781	-0.9404758	0	0	0.39	4.8615526e-18
1.030053848261167e-09	-0.10584578	0.058295414	-0.94157404	0	0	0.39	4.8013967e-18
1.040029969557219e-09	-0.093541704	0.059977133	-0.939183	0	0	0.39	4.3290406e-18
1.0500465448037064e-09	-0.08778795	0.056784257	-0.9359123	0	0	0.39	4.787231e-18
1.0600468799245837e-09	-0.09613058	0.028959844	-0.93643105	0	0	0.39	4.1743947e-18
1.0700636091530877e-09	-0.13283189	0.024360003	-0.93350315	0	0	0.39	4.3855933e-18
1.0800286527118668e-09	-0.1419791	0.032690108	-0.9416361	0	0	0.39	4.398106e-18
1.0900270471906993e-09	-0.1375405	0.06255896	-0.9321949	0	0	0.39	4.316202e-18
1.100005889735263e-09	-0.12024506	0.059483726	-0.9377566	0	0	0.39	4.695818e-18
1.110060728539607e-09	-0.122948155	0.0616895	-0.93635565	0	0	0.39	4.999063e-18
1.120040823117495e-09	-0.12062084	0.0662138	-0.93504506	0	0	0.39	5.022681e-18
1.13004189276503e-09	-0.11751385	0.06672088	-0.937595	0	0	0.39	4.302629e-18
1.140047023482844e-09	-0.10140818	0.063632704	-0.9444404	0	0	0.39	4.5599336e-18
1.1500537544472228e-09	-0.088014975	0.06965215	-0.9440498	0	0	0.39	4.288834e-18
1.160055037968828e-09	-0.08646821	0.05772292	-0.94574034	0	0	0.39	3.3453525e-18
1.1700575191126777e-09	-0.07033847	0.04480768	-0.94837743	0	0	0.39	4.4268204e-18
1.180053320453387e-09	-0.05804697	0.05377577	-0.9486729	0	0	0.39	4.8713775e-18
1.1900073533561355e-09	-0.08739781	0.04713443	-0.94588995	0	0	0.39	4.667817e-18
1.2000075589723544e-09	-0.08942684	0.053046636	-0.94261575	0	0	0.39	4.888482e-18
1.2100414678046834e-09	-0.09220516	0.07051434	-0.9377736	0	0	0.39	4.3571648e-18
1.2200544352465831e-09	-0.055495568	0.080593385	-0.9374764	0	0	0.39	4.2804674e-18
1.2300077527214078e-09	-0.054484155	0.064675376	-0.934416	0	0	0.39	4.9734367e-18
1.2400633498359215e-09	-0.046964873	0.05866029	-0.93282026	0	0	0.39	4.5638433e-18
1.2500339045436546e-09	-0.0284562	0.04818581	-0.9334162	0	0	0.39	4.971651e-18
1.2600580047256273e-09	-0.023934022	0.051206324	-0.93769956	0	0	0.39	3.926113e-18
1.2700516359242835e-09	-0.043805577	0.04940496	-0.9325424	0	0	0.39	4.2177584e-18
1.2800180968542533e-09	-0.043182265	0.06086134	-0.9342584	0	0	0.39	4.780715e-18
1.2900080648174542e-09	-0.047699712	0.09152215	-0.93028986	0	0	0.39	4.6364834e-18
1.3000238755012615e-09	-0.05255517	0.08800003	-0.92826957	0	0	0.39	4.3382314e-18
1.310026290335891e-09	-0.062106855	0.10517281	-0.9266784	0	0	0.39	3.587099e-18
1.3200413362972357e-09	-0.059014842	0.10102288	-0.9311402	0	0	0.39	5.709807e-18
1.330007733678621e-09	-0.05681176	0.090737715	-0.935299	0	0	0.39	4.108553e-18
1.3400636669893472e-09	-0.04670755	0.089582905	-0.9354084	0	0	0.39	4.765994e-18
1.3500504099904263e-09	-0.024753012	0.06998134	-0.93566006	0	0	0.39	4.8440755e-18
1.3600474147299026e-09	-0.033930324	0.06306011	-0.930966	0	0	0.39	4.6550888e-18
1.370044193337249e-09	-0.03701831	0.060793288	-0.9337662	0	0	0.39	4.2767955e-18
1.3800385373420328e-09	-0.05062681	0.07553669	-0.93854874	0	0	0.39	4.4366233e-18
1.3900480785087705e-09	-0.039156295	0.088442326	-0.9375409	0	0	0.39	4.6493126e-18
1.4000563040243818e-09	-0.025525812	0.10684214	-0.9365655	0	0	0.39	4.7124285e-18
1.4100212596327931e-09	-0.019075666	0.10663228	-0.9356638	0	0	0.39	4.1917576e-18
1.4200261324868658e-09	-0.009784534	0.11496208	-0.93292177	0	0	0.39	5.2101815e-18
1.4300201786933644e-09	-0.0015942381	0.1058355	-0.9353706	0	0	0.39	4.403823e-18
1.4400307188960437e-09	-0.0059662736	0.09558938	-0.9330575	0	0	0.39	4.8618603e-18
1.4500231135054375e-09	-0.019562496	0.080917746	-0.9392425	0	0	0.39	3.0193348e-18
1.4600623068874786e-09	-0.013878284	0.08219587	-0.9421105	0	0	0.39	4.4132245e-18
1.47006299141619e-09	-0.007700076	0.07049346	-0.9442614	0	0	0.39	4.4162325e-18
1.4800334110250035e-09	0.003304249	0.07672869	-0.9452934	0	0	0.39	5.112541e-18
1.4900161576362702e-09	0.012541428	0.10440441	-0.9409142	0	0	0.39	5.3899544e-18
1.500061248619403e-09	0.04784811	0.09310597	-0.94267106	0	0	0.39	4.765869e-18
1.5100607840863694e-09	0.070299424	0.0944358	-0.93862087	0	0	0.39	4.514887e-18
1.5200142076167162e-09	0.07007091	0.09579072	-0.93827856	0	0	0.39	5.06602e-18
1.530047250342205e-09	0.074227	0.0967097	-0.93603843	0	0	0.39	4.992282e-18
1.5400097300032438e-09	0.03576489	0.09438655	-0.9340659	0	0	0.39	4.164185e-18
1.5500553741705507e-09	0.039403647	0.1272902	-0.9338292	0	0	0.39	3.955761e-18
1.5600173360437071e-09	0.03042546	0.13014728	-0.93292475	0	0	0.39	4.8482383e-18
1.5700253974606554e-09	0.03994276	0.12203446	-0.93580395	0	0	0.39	4.0508176e-18
1.5800567851782647e-09	0.048789434	0.12182467	-0.9389713	0	0	0.39	4.8028774e-18
1.5900486952529543e-09	0.044111393	0.1278306	-0.93769604	0	0	0.39	3.6184962e-18
1.6000213473572938e-09	0.056402333	0.12282998	-0.9344699	0	0	0.39	3.5594603e-18
1.6100374467817508e-09	0.05614751	0.10761865	-0.93176645	0	0	0.39	5.2654347e-18
1.6200399676625977e-09	0.049009096	0.11923976	-0.9313813	0	0	0.39	3.9984356e-18
1.6300202785793377e-09	0.04757799	0.13037337	-0.9354761	0	0	0.39	4.670835e-18
1.6400274901213873e-09	0.04462417	0.13501255	-0.9297784	0	0	0.39	4.7486706e-18
1.6500369945168295e-09	0.031755768	0.15990795	-0.92890114	0	0	0.39	5.518017e-18
1.6600040173205165e-09	0.04080036	0.16794677	-0.92956454	0	0	0.39	5.1541794e-18
1.6700377425547484e-09	0.018144349	0.173667	-0.9294716	0	0	0.39	5.357086e-18
1.6800076691820485e-09	0.0315715	0.15882257	-0.9296504	0	0	0.39	5.3277847e-18
1.6900632416323603e-09	0.028677903	0.16722378	-0.9231163	0	0	0.39	4.479767e-18
1.700031415403832e-09	0.023459094	0.16231701	-0.92187953	0	0	0.39	4.9330905e-18
1.7100663269409511e-09	0.041998822	0.16002978	-0.91926765	0	0	0.39	4.2377364e-18
1.7200266438547022e-09	0.045066603	0.16556506	-0.92396116	0	0	0.39	4.3252323e-18
1.73001371722679e-09	0.06963189	0.15686655	-0.9229437	0	0	0.39	4.2211366e-18
1.7400428987199674e-09	0.047702074	0.17685147	-0.9197432	0	0	0.39	4.707109e-18
1.750060127530433e-09	0.039193705	0.19068845	-0.9197556	0	0	0.39	4.090621e-18
1.7600009102889653e-09	0.022070413	0.20173854	-0.9274041	0	0	0.39	4.460163e-18
1.7700448733944912e-09	0.022070428	0.21469885	-0.9216812	0	0	0.39	4.6691314e-18
1.7800411555734e-09	0.027506687	0.2037935	-0.9237907	0	0	0.39	4.9807427e-18
1.790061947228279e-09	0.029342614	0.1978647	-0.9222109	0	0	0.39	4.740478e-18
1.8000601253171528e-09	0.037770014	0.17438796	-0.92192626	0	0	0.39	5.1617224e-18
1.8100315701844257e-09	0.020944163	0.1572459	-0.92507684	0	0	0.39	3.5839304e-18
1.820062796289141e-09	0.012950444	0.14422955	-0.9226683	0	0	0.39	4.0100335e-18
1.8300640119651159e-09	-0.0011490601	0.15843466	-0.9255964	0	0	0.39	3.8148176e-18
1.8400254113106291e-09	0.006204899	0.1770946	-0.9260816	0	0	0.39	4.7121642e-18
1.850064887119062e-09	0.011525182	0.18179089	-0.9294876	0	0	0.39	4.631269e-18
1.8600297266664496e-09	0.028250828	0.17878869	-0.92725706	0	0	0.39	5.2921762e-18
1.8700082328357183e-09	0.054383695	0.18234693	-0.92700386	0	0	0.39	4.155911e-18
1.8800400392296205e-09	0.053637218	0.16511573	-0.9324931	0	0	0.39	5.035676e-18
1.890026604895491e-09	0.057031807	0.15496756	-0.933257	0	0	0.39	4.975289e-18
1.9000482865494276e-09	0.040372655	0.13737723	-0.9283452	0	0	0.39	4.3348086e-18
1.9100063513697596e-09	0.022311436	0.12938806	-0.92930543	0	0	0.39	3.2991458e-18
1.9200508043575317e-09	0.026397202	0.13010944	-0.9276492	0	0	0.39	4.191283e-18
1.9300173578359145e-09	0.02210533	0.13161732	-0.93186355	0	0	0.39	5.5123142e-18
1.9400247589055435e-09	0.033493206	0.12696168	-0.93830615	0	0	0.39	4.4891146e-18
1.950006662082991e-09	0.06749277	0.11721081	-0.93426424	0	0	0.39	4.6550044e-18
1.960064894705545e-09	0.071925946	0.111365385	-0.93299454	0	0	0.39	5.014742e-18
1.9700556848756936e-09	0.086309716	0.10558229	-0.93204427	0	0	0.39	5.1559102e-18
1.980063664789881e-09	0.09600037	0.11577552	-0.9338182	0	0	0.39	4.376977e-18
1.9900588411892287e-09	0.09914845	0.10896262	-0.9374119	0	0	0.39	4.1805187e-18
2.0000045483242126e-09	0.07267019	0.116544075	-0.936653	0	0	0.39	3.8869027e-18
2.0100524927611415e-09	0.056792367	0.12738429	-0.93418574	0	0	0.39	3.5997006e-18
2.020034445949148e-09	0.04369651	0.13256863	-0.92986226	0	0	0.39	5.9379934e-18
2.0300461958836797e-09	0.02954088	0.12482842	-0.93554884	0	0	0.39	3.938157e-18
2.0400262606356795e-09	0.025134988	0.13289745	-0.9408541	0	0	0.39	4.8080944e-18
2.0500593592332047e-09	0.04697676	0.13010037	-0.9428169	0	0	0.39	4.2431735e-18
2.0600418306268337e-09	0.069752395	0.11891418	-0.94356877	0	0	0.39	3.8088884e-18
2.0700436714298e-09	0.06766951	0.12443037	-0.93925005	0	0	0.39	4.0041965e-18
2.0800528312479894e-09	0.056091815	0.10232638	-0.9427754	0	0	0.39	3.8701055e-18
2.0900136778553603e-09	0.0460954	0.09764069	-0.9431993	0	0	0.39	4.527874e-18
2.1000407333119293e-09	0.038660333	0.11739361	-0.9393656	0	0	0.39	4.276219e-18
2.110032569299443e-09	0.04662524	0.107034996	-0.9452603	0	0	0.39	4.286052e-18
2.1200514054221246e-09	0.03678308	0.09382635	-0.94735044	0	0	0.39	5.2850964e-18
2.130060898278874e-09	0.044555973	0.09667533	-0.94553035	0	0	0.39	4.919437e-18
2.140020945080005e-09	0.060261164	0.09418816	-0.946949	0	0	0.39	3.816892e-18
2.150064587205065e-09	0.064793825	0.087852836	-0.94748634	0	0	0.39	5.0074445e-18
2.160042417352586e-09	0.061908346	0.069239855	-0.94810134	0	0	0.39	4.632151e-18
2.170061324816975e-09	0.052619755	0.06403693	-0.9454478	0	0	0.39	5.2139477e-18
2.1800381825509448e-09	0.061222028	0.053022373	-0.9479776	0	0	0.39	4.7351197e-18
2.1900552362778263e-09	0.064024016	0.049763337	-0.9473539	0	0	0.39	3.7299315e-18
2.200003372976451e-09	0.06637795	0.05695812	-0.9458791	0	0	0.39	4.376077e-18
2.2100438562727545e-09	0.05873853	0.06303365	-0.9474037	0	0	0.39	4.8880026e-18
2.220022907156311e-09	0.065002866	0.075805604	-0.94222695	0	0	0.39	5.6044237e-18
2.230035112492706e-09	0.072660536	0.076884225	-0.944768	0	0	0.39	3.976899e-18
2.2400231323452427e-09	0.06851699	0.075027704	-0.946188	0	0	0.39	4.017385e-18
2.2500389188394916e-09	0.065503165	0.064523205	-0.94807154	0	0	0.39	5.691353e-18
2.2600603561442834e-09	0.054502577	0.054936856	-0.9504279	0	0	0.39	5.2276384e-18
2.27001537463468e-09	0.061689038	0.04857269	-0.9436815	0	0	0.39	4.172439e-18
2.280056555995741e-09	0.063674286	0.04798907	-0.94288343	0	0	0.39	4.2547764e-18
2.290049729862723e-09	0.078208424	0.06261814	-0.9452802	0	0	0.39	4.4820546e-18
2.300003944088681e-09	0.094385155	0.06689312	-0.94688004	0	0	0.39	4.557849e-18
2.310044161518605e-09	0.08010626	0.06500442	-0.94769335	0	0	0.39	5.112411e-18
2.320008072760824e-09	0.0893099	0.04433432	-0.9475215	0	0	0.39	5.2317495e-18
2.330003217899212e-09	0.0988683	0.039031018	-0.94674385	0	0	0.39	4.1306228e-18
2.3400090165763092e-09	0.09545197	0.046282753	-0.945136	0	0	0.39	4.6203852e-18
2.3500420394120064e-09	0.09180638	0.040117826	-0.9475089	0	0	0.39	4.0882306e-18
2.3600130113768826e-09	0.09269152	0.035117008	-0.95204717	0	0	0.39	4.4774244e-18
2.3700066313635364e-09	0.10789252	0.025734747	-0.9513907	0	0	0.39	4.4005926e-18
2.380038118797852e-09	0.09528427	0.013873068	-0.94716763	0	0	0.39	4.3036995e-18
2.3900069442458636e-09	0.088776216	0.014045964	-0.94687724	0	0	0.39	4.759663e-18
2.4000238719809704e-09	0.076048225	0.016880106	-0.94597036	0	0	0.39	4.2414364e-18
2.410018370495033e-09	0.076917276	0.044095717	-0.945041	0	0	0.39	4.5862152e-18
2.42005720893037e-09	0.087582596	0.03860634	-0.94659704	0	0	0.39	3.58369e-18
2.4300214287013734e-09	0.091775656	0.022748638	-0.94841725	0	0	0.39	3.7842314e-18
2.4400089867140626e-09	0.08888327	0.019922994	-0.9483942	0	0	0.39	5.1104703e-18
2.4500445493804162e-09	0.09876939	0.0030993335	-0.94812137	0	0	0.39	5.1444054e-18
2.4600546097835496e-09	0.09720385	0.0011554376	-0.9451697	0	0	0.39	3.7829666e-18
2.4700256932024016e-09	0.0899345	-0.00086941157	-0.94940513	0	0	0.39	5.022e-18
2.480004116252558e-09	0.08585906	-0.0012226128	-0.95277387	0	0	0.39	4.316486e-18
2.4900546194041677e-09	0.08107012	-0.01131588	-0.94752496	0	0	0.39	4.4239422e-18
2.500023621126508e-09	0.065052055	0.0028348826	-0.9477936	0	0	0.39	4.6376985e-18
2.5100452451909594e-09	0.07013154	0.024874428	-0.9444376	0	0	0.39	4.5435468e-18
2.520027501717766e-09	0.07708782	0.02450376	-0.94840366	0	0	0.39	3.0833987e-18
2.5300158429263503e-09	0.092794046	0.020180305	-0.9478431	0	0	0.39	4.248293e-18
2.5400481739525767e-09	0.09156775	0.01602534	-0.94815433	0	0	0.39	4.9353305e-18
2.550014293269808e-09	0.0790012	0.0152046215	-0.9472178	0	0	0.39	4.786083e-18
2.5600330084411205e-09	0.08167221	0.008295027	-0.94652313	0	0	0.39	4.117875e-18
2.570024378681733e-09	0.0830717	0.0024212126	-0.9465547	0	0	0.39	4.9037947e-18
2.580001489108636e-09	0.059379652	0.004777793	-0.9489988	0	0	0.39	4.7572274e-18
2.5900469526960492e-09	0.05928354	0.0061122184	-0.9480336	0	0	0.39	4.195332e-18
2.600023408805335e-09	0.07136839	0.007882681	-0.941229	0	0	0.39	4.9688665e-18
2.610060757806618e-09	0.08772322	0.021474622	-0.9355503	0	0	0.39	4.370555e-18
2.6200415715494356e-09	0.08449812	0.03182809	-0.937957	0	0	0.39	4.5190978e-18
2.6300386211940028e-09	0.10548928	0.034390595	-0.9338834	0	0	0.39	4.2752578e-18
2.6400477197071875e-09	0.1251993	0.029473202	-0.9298508	0	0	0.39	4.538222e-18
2.6500260921910525e-09	0.1357309	0.00798461	-0.93279004	0	0	0.39	5.1121573e-18
2.6600067322020006e-09	0.12889361	0.019541811	-0.93361735	0	0	0.39	4.725925e-18
2.670062650880025e-09	0.13202421	0.009909618	-0.9347698	0	0	0.39	4.242765e-18
2.6800449916686717e-09	0.122538	0.021630866	-0.9382757	0	0	0.39	5.329096e-18
2.6900592279507884e-09	0.13127351	0.019136846	-0.9366027	0	0	0.39	5.4353194e-18
2.700046383938097e-09	0.13657431	0.016921468	-0.9386511	0	0	0.39	3.5585025e-18
2.7100146803726076e-09	0.13144143	0.021710156	-0.9369392	0	0	0.39	5.0816216e-18
2.720018191860369e-09	0.13325909	0.018977482	-0.93947583	0	0	0.39	4.9542994e-18
2.730054872879554e-09	0.120372675	-0.000713036	-0.9360325	0	0	0.39	4.828983e-18
2.7400092208026917e-09	0.12593673	0.0012687568	-0.9305497	0	0	0.39	5.1768375e-18
2.7500221624435537e-09	0.11184991	-0.005439985	-0.9276529	0	0	0.39	4.5889267e-18
2.7600574775983117e-09	0.10654579	-0.010944141	-0.9263138	0	0	0.39	4.846059e-18
2.7700315855839686e-09	0.107296966	-0.020943353	-0.920169	0	0	0.39	4.079882e-18
2.780046337340485e-09	0.11574609	-0.029474981	-0.91504025	0	0	0.39	4.4381123e-18
2.7900116558682485e-09	0.103893414	-0.041397903	-0.91713333	0	0	0.39	5.4103167e-18
2.800047551173743e-09	0.09873052	-0.031928167	-0.9242793	0	0	0.39	4.8313403e-18
2.8100186485153574e-09	0.100264534	-0.027071357	-0.920746	0	0	0.39	5.0382326e-18
2.820010698730746e-09	0.1082184	-0.04479703	-0.91931826	0	0	0.39	4.5203497e-18
2.830013523881745e-09	0.11639042	-0.05169668	-0.92312247	0	0	0.39	4.353849e-18
2.8400081068333695e-09	0.1055346	-0.05026729	-0.92424697	0	0	0.39	4.505809e-18
2.85000429235006e-09	0.110375255	-0.0537319	-0.9198395	0	0	0.39	5.445375e-18
2.8600477777542728e-09	0.113635436	-0.054387495	-0.9182549	0	0	0.39	5.6122137e-18
2.8700403631187506e-09	0.12304023	-0.06259876	-0.92038256	0	0	0.39	4.367647e-18
2.8800496799285597e-09	0.124427915	-0.04785872	-0.9203184	0	0	0.39	4.9761035e-18
2.8900639163561064e-09	0.15225673	-0.05614015	-0.9138482	0	0	0.39	4.5394783e-18
2.90003019458488e-09	0.1597947	-0.055922136	-0.9113521	0	0	0.39	3.8878006e-18
2.910010958807088e-09	0.17289518	-0.053491164	-0.90646017	0	0	0.39	4.0957186e-18
2.92006441047772e-09	0.20090427	-0.05691547	-0.90125054	0	0	0.39	5.1983516e-18
2.930049279821141e-09	0.20482497	-0.04259185	-0.8935302	0	0	0.39	5.247224e-18
2.940003732505145e-09	0.19711663	-0.045314677	-0.88900065	0	0	0.39	4.7262263e-18
2.950030662741341e-09	0.2141176	-0.03426905	-0.88492996	0	0	0.39	4.6216157e-18
2.960033716469054e-09	0.22711425	-0.021443222	-0.8750766	0	0	0.39	4.0646547e-18
2.9700612384009206e-09	0.21523376	-0.011845791	-0.8806181	0	0	0.39	3.5241496e-18
2.980052064007125e-09	0.20696245	0.0011236633	-0.8855045	0	0	0.39	5.1672376e-18
2.990023874624232e-09	0.20819119	0.0019388857	-0.8879237	0	0	0.39	5.1672703e-18
3.000002100547221e-09	0.20443426	0.008459293	-0.88691413	0	0	0.39	4.1462883e-18
3.0100444571299034e-09	0.18091391	0.023407198	-0.8904456	0	0	0.39	4.6348853e-18
3.020037621001534e-09	0.19031647	0.037683252	-0.8875588	0	0	0.39	4.4886038e-18
3.030027852643246e-09	0.17706092	0.066475414	-0.8901495	0	0	0.39	4.171587e-18
3.0400431019392562e-09	0.17109528	0.09859638	-0.8931619	0	0	0.39	4.894346e-18
3.0500427499507397e-09	0.17286603	0.12019662	-0.8940893	0	0	0.39	4.9648117e-18
3.060029127445029e-09	0.16692352	0.14611101	-0.8992178	0	0	0.39	4.160268e-18
3.0700194625870923e-09	0.16622873	0.15921228	-0.89838356	0	0	0.39	4.5126052e-18
3.0800106848411843e-09	0.16657193	0.15831356	-0.90351677	0	0	0.39	4.6147554e-18
3.090038872918167e-09	0.17783089	0.15012468	-0.90358144	0	0	0.39	4.7262155e-18
3.1000584019786293e-09	0.17396346	0.13778976	-0.90347904	0	0	0.39	4.7587845e-18
3.110050927941623e-09	0.16387056	0.12837552	-0.90503484	0	0	0.39	4.9037273e-18
3.120011612918056e-09	0.17106241	0.13859546	-0.8941534	0	0	0.39	5.256335e-18
3.1300017504003172e-09	0.16364308	0.13816534	-0.8900208	0	0	0.39	4.952067e-18
3.1400108986738083e-09	0.15681271	0.14524177	-0.8903455	0	0	0.39	5.5552164e-18
3.1500105605928267e-09	0.16226943	0.14211817	-0.8897877	0	0	0.39	4.5995667e-18
3.160057570928662e-09	0.15925	0.13740379	-0.8883852	0	0	0.39	4.632714e-18
3.170049746454744e-09	0.14953081	0.13479297	-0.88238794	0	0	0.39	5.209846e-18
3.1800631006372815e-09	0.095560715	0.1598178	-0.8808142	0	0	0.39	4.396393e-18
3.1900127914433574e-09	0.06837576	0.16601989	-0.88094056	0	0	0.39	4.2766106e-18
3.200026495995679e-09	0.023144506	0.1892279	-0.8802322	0	0	0.39	5.2028184e-18
3.2100427185362633e-09	-0.018065546	0.21581648	-0.87011135	0	0	0.39	5.027773e-18
3.2200430636354306e-09	-0.053249113	0.21002775	-0.86327165	0	0	0.39	4.0244583e-18
3.2300343172562027e-09	-0.10564485	0.2060681	-0.8480765	0	0	0.39	3.959975e-18
3.2400002372821246e-09	-0.16161752	0.18546848	-0.83547926	0	0	0.39	5.53514e-18
3.250033140684483e-09	-0.22709799	0.13008747	-0.8232289	0	0	0.39	5.0984013e-18
3.260010001965562e-09	-0.28035164	0.0632539	-0.8205848	0	0	0.39	4.948235e-18
3.2700418711441226e-09	-0.3378443	0.0042079682	-0.81531376	0	0	0.39	4.460257e-18
3.2800212407280105e-09	-0.36760885	-0.0706431	-0.8158587	0	0	0.39	4.1256853e-18
3.2900229076694882e-09	-0.36679363	-0.12846994	-0.8174094	0	0	0.39	4.7039086e-18
3.3000271063069463e-09	-0.3383719	-0.17862284	-0.81434035	0	0	0.39	4.8891035e-18
3.3100651530819364e-09	-0.3016266	-0.23273836	-0.80998313	0	0	0.39	4.74871e-18
3.320037690134518e-09	-0.25022143	-0.26545373	-0.80743605	0	0	0.39	4.6614378e-18
3.3300091571399735e-09	-0.17838433	-0.2620913	-0.7993749	0	0	0.39	4.6559333e-18
3.340047387719926e-09	-0.1103634	-0.2704046	-0.7763119	0	0	0.39	4.440771e-18
3.3500451235874325e-09	-0.04058555	-0.24203141	-0.76445717	0	0	0.39	5.349504e-18
3.3600404790379658e-09	0.01782234	-0.15790282	-0.7356627	0	0	0.39	3.6557847e-18
3.370026494566826e-09	0.048492167	-0.057500195	-0.7025426	0	0	0.39	3.768191e-18
3.3800519592362718e-09	0.04911622	0.046134684	-0.6769548	0	0	0.39	3.826875e-18
3.3900558595224557e-09	-0.013838857	0.14649339	-0.6516347	0	0	0.39	4.3804458e-18
3.4000415966558195e-09	-0.086044885	0.18937626	-0.6434562	0	0	0.39	4.0690636e-18
3.410036362960142e-09	-0.20067611	0.19049549	-0.6248492	0	0	0.39	4.120475e-18
3.4200593286637625e-09	-0.3084597	0.11732537	-0.59401006	0	0	0.39	3.9459936e-18
3.4300178257369193e-09	-0.31152493	-0.0018529869	-0.57572097	0	0	0.39	5.063577e-18
3.4400199200696953e-09	-0.29210576	-0.14281447	-0.5563411	0	0	0.39	5.0858112e-18
3.4500325566481775e-09	-0.17738219	-0.31284085	-0.52769065	0	0	0.39	3.872686e-18
3.4600577796589243e-09	0.04518736	-0.40166432	-0.5061484	0	0	0.39	4.2222582e-18
3.470030736863322e-09	0.27689192	-0.35964337	-0.49940172	0	0	0.39	4.6593293e-18
3.4800572761430135e-09	0.47294858	-0.27520508	-0.48973864	0	0	0.39	4.850496e-18
3.490062333703646e-09	0.5825906	-0.08796171	-0.487289	0	0	0.39	4.9753342e-18
3.5000019912674263e-09	0.6202568	0.117650844	-0.4754377	0	0	0.39	4.3032595e-18
3.5100300024935034e-09	0.5268664	0.36049235	-0.45804983	0	0	0.39	4.635924e-18
3.5200624407517513e-09	0.32233858	0.5165242	-0.43616787	0	0	0.39	5.0316524e-18
3.530015561681542e-09	0.037875153	0.56079715	-0.40745002	0	0	0.39	4.2308783e-18
3.5400366279846334e-09	-0.25458	0.41166687	-0.3636038	0	0	0.39	3.98493e-18
3.5500592531951686e-09	-0.45657778	0.1554598	-0.32942876	0	0	0.39	4.34892e-18
3.5600441269558137e-09	-0.49814054	-0.1631963	-0.32049245	0	0	0.39	5.220167e-18
3.5700222376801365e-09	-0.36109826	-0.4067025	-0.31241068	0	0	0.39	4.7004886e-18
3.5800386128808953e-09	-0.106431775	-0.48559624	-0.32514152	0	0	0.39	3.636799e-18
3.5900457844343976e-09	0.1027055	-0.40148994	-0.3058958	0	0	0.39	4.5672343e-18
3.6000552481118906e-09	0.2728034	-0.24063896	-0.2644106	0	0	0.39	3.5577592e-18
3.6100141528851486e-09	0.40245298	0.05024557	-0.23968211	0	0	0.39	3.6098923e-18
3.620043159864557e-09	0.2882297	0.37549677	-0.2136704	0	0	0.39	3.8463282e-18
3.630060816783212e-09	0.010869646	0.5041594	-0.21275386	0	0	0.39	3.4193382e-18
3.6400597605375823e-09	-0.26319927	0.4032472	-0.18935293	0	0	0.39	3.8230787e-18
3.650012191855545e-09	-0.40157735	0.08168075	-0.16303974	0	0	0.39	2.5525685e-18
3.660051328845846e-09	-0.2927905	-0.25249222	-0.13105832	0	0	0.39	3.631824e-18
3.670032298775238e-09	-0.03965637	-0.36792904	-0.10587034	0	0	0.39	3.515698e-18
3.6800000772707817e-09	0.20731047	-0.29248282	-0.09059015	0	0	0.39	3.261605e-18
3.6900495010685188e-09	0.29672936	-0.115302995	-0.07022834	0	0	0.39	2.916179e-18
3.7000046652460768e-09	0.20910753	0.09296298	-0.037935097	0	0	0.39	2.620241e-18
3.7100472099672203e-09	0.038638294	0.14960648	-0.006244171	0	0	0.39	3.0797218e-18
3.720033594509339e-09	0.0059981677	0.09833974	0.014311673	0	0	0.39	2.4412308e-18
3.730058457342621e-09	0.008752334	0.12626214	0.027264562	0	0	0.39	2.1561118e-18
3.740041586023611e-09	-0.06440278	0.10099704	0.048806626	0	0	0.39	3.3172701e-18
3.7500191997801875e-09	-0.04390762	-0.0030185718	0.06536651	0	0	0.39	2.2083801e-18
3.760060994349903e-09	0.008302604	-0.06998924	0.07613005	0	0	0.39	1.6456127e-18
3.770046527750355e-09	0.06535142	-0.15713045	0.09331962	0	0	0.39	2.5861742e-18
3.78003683053281e-09	0.23516054	-0.18520674	0.11367719	0	0	0.39	2.0984662e-18
3.790017528755989e-09	0.34042066	0.0069550765	0.12065048	0	0	0.39	3.2583252e-18
3.800054721413943e-09	0.24465856	0.25774387	0.13739337	0	0	0.39	3.2579522e-18
3.810062110408258e-09	0.029858679	0.38030788	0.15155524	0	0	0.39	2.7948872e-18
3.820031176735375e-09	-0.12888676	0.30638614	0.16814841	0	0	0.39	1.7427577e-18
3.830013944086281e-09	-0.1850855	0.23291332	0.19087373	0	0	0.39	1.9933334e-18
3.840016014296501e-09	-0.31066093	0.14408451	0.20098133	0	0	0.39	1.5775311e-18
3.8500634248814415e-09	-0.4154999	-0.08952165	0.21237265	0	0	0.39	2.627049e-18
3.86003925002124e-09	-0.23945932	-0.35250598	0.22347115	0	0	0.39	1.7145476e-18
3.870019907902488e-09	0.057056576	-0.31753975	0.24374165	0	0	0.39	2.6653507e-18
3.8800152390129286e-09	0.1555719	-0.087261915	0.26052785	0	0	0.39	1.3793996e-18
3.890033799995672e-09	0.08062585	0.03511307	0.26296267	0	0	0.39	1.2385058e-18
3.900048952834683e-09	0.06100241	0.035458222	0.29508808	0	0	0.39	1.026144e-18
3.9100640701413835e-09	0.06324052	0.12611902	0.31866184	0	0	0.39	2.0047653e-18
3.920037771842234e-09	-0.056203607	0.19831555	0.31641075	0	0	0.39	2.1064185e-18
3.930019469917152e-09	-0.22223382	0.108212456	0.32479423	0	0	0.39	1.2360855e-18
3.940061172789225e-09	-0.23551576	-0.056266844	0.34338248	0	0	0.39	2.1118628e-18
3.950005500396649e-09	-0.13830751	-0.23989683	0.38231108	0	0	0.39	1.3981221e-18
3.9600090098700414e-09	0.11444577	-0.35651574	0.3906607	0	0	0.39	5.537573e-19
3.9700035506487855e-09	0.3650585	-0.19178817	0.40320274	0	0	0.39	2.0463328e-18
3.980009513033238e-09	0.3750347	0.16406097	0.42839587	0	0	0.39	2.1187218e-18
3.990052116592515e-09	0.051506475	0.43682924	0.4525623	0	0	0.39	1.3241686e-18
4.000031935609765e-09	-0.309992	0.2929692	0.46817967	0	0	0.39	9.745702e-19
4.010007661235914e-09	-0.32157984	-0.052523594	0.48216435	0	0	0.39	5.6799843e-22
4.020020798494049e-09	-0.07421698	-0.1816427	0.50738424	0	0	0.39	2.1872219e-18
4.030041668926744e-09	0.058611814	-0.0920933	0.5345646	0	0	0.39	1.6756155e-18
4.040003776916091e-09	0.03900808	-0.061566688	0.5456443	0	0	0.39	7.4148775e-19
4.050008479199125e-09	0.06946499	-0.14086503	0.56197757	0	0	0.39	1.1360694e-18
4.060028323776521e-09	0.233435	-0.05355954	0.5774806	0	0	0.39	3.9261412e-19
4.0700315467072284e-09	0.23028459	0.2021971	0.58456343	0	0	0.39	9.424963e-19
4.080054448333668e-09	-0.056163583	0.33787912	0.6001552	0	0	0.39	1.4285122e-20
4.090052634831119e-09	-0.234796	0.13145834	0.61330956	0	0	0.39	4.9838774e-19
4.100055958131736e-09	-0.18276	-0.0710551	0.61886996	0	0	0.39	7.62891e-19
4.1100201673604364e-09	-0.066768765	-0.13090733	0.62940705	0	0	0.39	-6.2897015e-19
4.120060010954994e-09	-0.00358011	-0.13693628	0.6424855	0	0	0.39	-2.0238455e-19
4.130007428372845e-09	0.10681793	-0.1377035	0.6536208	0	0	0.39	1.6793761e-19
4.140032889127846e-09	0.22763392	-0.045405768	0.6594351	0	0	0.39	7.9250355e-19
4.150027047452436e-09	0.18912072	0.18871157	0.67897487	0	0	0.39	-4.3287457e-19
4.160040812286087e-09	-0.07965132	0.27620685	0.693191	0	0	0.39	8.5331637e-19
4.170021994000529e-09	-0.28144336	0.11622849	0.7070762	0	0	0.39	2.295536e-19
4.180002360540421e-09	-0.22123964	-0.13696747	0.71693957	0	0	0.39	8.0006285e-20
4.190013195085549e-09	-0.019163562	-0.19734097	0.71889675	0	0	0.39	-6.218932e-19
4.200015806957127e-09	0.08974622	-0.13440496	0.7295084	0	0	0.39	-1.7747347e-19
4.21001231499709e-09	0.14511967	-0.06436546	0.7414367	0	0	0.39	5.479393e-19
4.220006133730109e-09	0.18317962	0.073038965	0.7489719	0	0	0.39	-8.482624e-19
4.230000194446998e-09	0.06634495	0.21590872	0.75793713	0	0	0.39	1.1004851e-19
4.2400352414526475e-09	-0.17436077	0.20345998	0.7623745	0	0	0.39	-1.3589666e-19
4.250047467510841e-09	-0.29992196	-0.059071682	0.7653866	0	0	0.39	-4.1104264e-19
4.260010431878948e-09	-0.10539749	-0.27313408	0.7763914	0	0	0.39	1.8035139e-19
4.270041179016526e-09	0.15535484	-0.20035595	0.78557783	0	0	0.39	-1.1241105e-18
4.280030116070799e-09	0.23960099	0.0058254763	0.7970861	0	0	0.39	-4.404958e-19
4.290010972756071e-09	0.122499704	0.18318285	0.7997154	0	0	0.39	5.96277e-19
4.3000410542209905e-09	-0.05627846	0.19421495	0.8193507	0	0	0.39	-1.8415164e-19
4.310010451812052e-09	-0.18184598	0.064261846	0.82639855	0	0	0.39	-4.5453585e-19
4.3200008329241535e-09	-0.15958172	-0.12162591	0.830923	0	0	0.39	6.2909185e-19
4.3300386689422256e-09	0.014030887	-0.19456813	0.83463126	0	0	0.39	4.2028706e-19
4.340006246924013e-09	0.1735713	-0.10631108	0.84766144	0	0	0.39	-8.231137e-19
4.350061843495765e-09	0.19555202	0.09912983	0.8511169	0	0	0.39	-8.1403423e-19
4.36000977239255e-09	-0.0011877497	0.22420144	0.85268253	0	0	0.39	1.2433705e-19
4.370023641010305e-09	-0.19185056	0.106523834	0.85946685	0	0	0.39	-6.260753e-19
4.380014831187049e-09	-0.19129024	-0.12166999	0.8667497	0	0	0.39	-1.1416314e-18
4.390047823190442e-09	0.03919432	-0.21595888	0.87644833	0	0	0.39	-8.867097e-19
4.400010269322856e-09	0.20819934	-0.04258668	0.8867138	0	0	0.39	-1.5394241e-18
4.410007840182103e-09	0.09900352	0.17136209	0.8948966	0	0	0.39	-5.3736103e-19
4.42000655505812e-09	-0.1301122	0.124560274	0.90860766	0	0	0.39	-2.043019e-18
4.4300435320110026e-09	-0.1352654	-0.07584529	0.9146616	0	0	0.39	-1.7202163e-18
4.440031346988596e-09	0.045365203	-0.1518728	0.9230723	0	0	0.39	-2.042487e-18
4.450023646909672e-09	0.16880238	0.015719064	0.926716	0	0	0.39	-5.7386167e-19
4.4600517516652675e-09	0.021095544	0.16129369	0.9299258	0	0	0.39	-6.954151e-19
4.470040579370086e-09	-0.15848827	0.065616176	0.93169075	0	0	0.39	-1.1652222e-18
4.480047807013804e-09	-0.08028077	-0.15249495	0.9381688	0	0	0.39	-1.1375015e-18
4.490008239706104e-09	0.13528802	-0.08297074	0.9397404	0	0	0.39	-1.0625677e-18
4.5000403916075366e-09	0.10087226	0.104565054	0.940555	0	0	0.39	-2.1556767e-18
4.5100504921504025e-09	-0.070530646	0.119788766	0.9440089	0	0	0.39	-1.0331036e-19
4.5200012341935625e-09	-0.114383094	-0.04082717	0.94912916	0	0	0.39	-2.0153701e-18
4.53004801938468e-09	0.02372001	-0.12262288	0.9483163	0	0	0.39	-5.046406e-19
4.5400355117931555e-09	0.13503328	-0.0012120589	0.94985986	0	0	0.39	-2.596109e-18
4.550008833623669e-09	0.005351129	0.11093705	0.95578814	0	0	0.39	-1.184929e-18
4.560013006323535e-09	-0.09032509	0.020792967	0.9569746	0	0	0.39	-2.0780398e-18
4.570037792653201e-09	-0.025137302	-0.08873651	0.95912224	0	0	0.39	-8.05337e-19
4.5800066495586826e-09	0.07573131	-0.036909923	0.9580368	0	0	0.39	-7.258667e-19
4.59001603238302e-09	0.051476754	0.053161923	0.95758206	0	0	0.39	-1.5899434e-18
4.600018718271857e-09	-0.037313	0.049672537	0.9582666	0	0	0.39	-1.2296165e-18
4.610004910344261e-09	-0.056243505	-0.039318547	0.95621854	0	0	0.39	-4.5901524e-19
4.620016811734323e-09	0.035530552	-0.055093464	0.95837724	0	0	0.39	-1.2748597e-18
4.630046137342962e-09	0.054930568	0.032956522	0.9584767	0	0	0.39	-7.6532425e-19
4.6400644132997296e-09	-0.0072235214	0.0641797	0.9598723	0	0	0.39	-6.943047e-19
4.650043686189995e-09	-0.07440462	0.009273557	0.96007127	0	0	0.39	-9.221308e-19
4.660034996057475e-09	-0.01091595	-0.06491953	0.9606331	0	0	0.39	-1.1165643e-18
4.6700344943904135e-09	0.06928162	-0.027877253	0.95857805	0	0	0.39	-1.4189342e-18
4.680017922025596e-09	0.027956394	0.050987337	0.96035826	0	0	0.39	-2.9086193e-19
4.690053956274716e-09	-0.037135363	0.044498082	0.96056545	0	0	0.39	-1.6750857e-18
4.7000188163877575e-09	-0.026472874	-0.03865437	0.9591632	0	0	0.39	-1.2341484e-18
4.710003085120351e-09	0.04800999	-0.026159836	0.96011734	0	0	0.39	-1.8824379e-18
4.7200511086613346e-09	0.03603726	0.022338048	0.9617332	0	0	0.39	-1.113596e-18
4.730021090781405e-09	-0.012956611	0.032262143	0.9637934	0	0	0.39	-7.653562e-19
4.740045919848115e-09	-0.018355794	-0.011385584	0.9636812	0	0	0.39	-1.3215106e-18
4.750060689648414e-09	0.002122253	-0.018293284	0.9666103	0	0	0.39	-1.8375193e-18
4.760031755542787e-09	0.022588022	-0.020912835	0.9637693	0	0	0.39	-9.230913e-19
4.77000821741894e-09	0.01889708	0.01823095	0.9665532	0	0	0.39	-1.3772976e-18
4.780042466855947e-09	-0.015323876	0.018330289	0.9618289	0	0	0.39	-2.4155155e-18
4.7900343631171104e-09	-0.0069921617	-0.016019406	0.9631925	0	0	0.39	-8.645729e-19
4.800060265875206e-09	0.030824492	-0.008006928	0.9639668	0	0	0.39	-1.8698887e-18
4.810023197466713e-09	0.0053986157	0.009627051	0.96388495	0	0	0.39	-7.489467e-19
4.820011584329732e-09	0.009836074	0.008340802	0.9631177	0	0	0.39	-1.6155317e-19
4.830028528033111e-09	-0.0074649267	-0.0069403686	0.9644311	0	0	0.39	-3.1691205e-19
4.840011748112316e-09	0.008142314	-0.010389521	0.963305	0	0	0.39	-1.7994692e-18
4.850013449579862e-09	0.008450145	0.008119192	0.9642552	0	0	0.39	-1.116097e-18
4.860026482701621e-09	-0.012364397	0.023964735	0.96360123	0	0	0.39	-1.1314258e-18
4.870058141661559e-09	-0.023591101	-0.01309008	0.96515155	0	0	0.39	-3.0276134e-18
4.8800332157943044e-09	-0.013871079	-0.0074525774	0.9608108	0	0	0.39	-5.2976317e-19
4.890018984612274e-09	0.014194	-0.00023907042	0.9637573	0	0	0.39	-1.1559519e-18
4.9000091171232264e-09	0.028571814	0.02909872	0.9637103	0	0	0.39	-1.5783314e-18
4.910047198810458e-09	-0.018689059	0.027906785	0.9654484	0	0	0.39	-3.911922e-19
4.920011810995408e-09	-0.019182568	-0.014139206	0.9672115	0	0	0.39	-9.842876e-19
4.93005318876436e-09	0.012817233	-0.010223957	0.96632785	0	0	0.39	-1.3038053e-18
4.940020729212798e-09	0.015448107	0.012315378	0.9672083	0	0	0.39	-7.337111e-19
4.950044830024549e-09	0.0021588411	0.026922991	0.967555	0	0	0.39	-1.2035401e-18
4.960048622188998e-09	-0.02727728	-0.0012659674	0.96428126	0	0	0.39	-1.1393181e-18
4.9700606211279335e-09	0.0052849413	-0.040642753	0.96227187	0	0	0.39	-8.741764e-19
4.9800354966911695e-09	0.03526093	-0.0034776945	0.96484554	0	0	0.39	-2.002385e-18
4.9900529914397956e-09	0.009990898	0.036888774	0.96414757	0	0	0.39	-1.2069651e-18
5.0000266031214375e-09	-0.029894331	-0.006269592	0.9643269	0	0	0.39	-2.1035964e-19
5.010032427106405e-09	-0.0065512573	-0.020410864	0.96682936	0	0	0.39	-1.0420693e-18
5.020029421504271e-09	0.01719564	-0.024016613	0.9657829	0	0	0.39	-2.82145e-19
5.030008282027542e-09	0.023620958	0.012324813	0.9661423	0	0	0.39	-1.2867961e-18
5.0400426715103995e-09	0.016097328	0.02741496	0.96769637	0	0	0.39	-1.9195863e-18
5.0500172538859384e-09	-0.030505767	0.0005360457	0.96642154	0	0	0.39	-6.6173896e-19
5.06000368298645e-09	-0.0010677794	-0.008416941	0.96507704	0	0	0.39	-1.909182e-18
5.0700450492722295e-09	0.0142348595	0.0031137313	0.9681434	0	0	0.39	-1.2906996e-18
5.080039217359951e-09	-0.004053498	-0.014981698	0.9664584	0	0	0.39	-1.0551039e-18
5.090049183794901e-09	0.0117127225	0.0033601727	0.9659547	0	0	0.39	-2.1042956e-18
5.100064125097597e-09	0.011785646	0.027540369	0.9666855	0	0	0.39	-1.5162042e-18
5.110030932702354e-09	-0.011797042	0.00546197	0.96451104	0	0	0.39	-5.911717e-19
5.120038196768131e-09	0.009085459	-0.011103026	0.9642879	0	0	0.39	-7.020373e-19
5.130016390447157e-09	0.010338419	0.01623225	0.96504205	0	0	0.39	-2.8841844e-19
5.1400123604906485e-09	-0.039137036	0.011452544	0.9649902	0	0	0.39	-1.3442981e-18
5.150008856302398e-09	-0.005855903	-0.027663663	0.96402615	0	0	0.39	-9.933878e-19
5.1600267985548764e-09	0.031152612	-0.006377196	0.9649043	0	0	0.39	-1.7177861e-18
5.170004482524665e-09	0.019601319	0.021543054	0.96505135	0	0	0.39	-2.0153914e-18
5.18006474121618e-09	-0.013791589	0.01330183	0.9654282	0	0	0.39	-1.317547e-18
5.190039100196359e-09	-0.030079128	-0.0022341912	0.96098757	0	0	0.39	-1.9192691e-18
5.200030395687066e-09	-0.011786331	-0.04378312	0.96356136	0	0	0.39	-1.5139881e-18
5.210008156421021e-09	0.04805045	-0.000592937	0.9620131	0	0	0.39	-8.7542e-19
5.220044466967257e-09	0.013406735	0.040871598	0.96279997	0	0	0.39	-8.929815e-20
5.230017822971962e-09	-0.04392033	0.014691618	0.962559	0	0	0.39	-1.4910453e-18
5.240004394565375e-09	-0.0037229215	-0.025670469	0.96486783	0	0	0.39	-2.2129486e-18
5.250036295569048e-09	0.022622043	-0.0018676654	0.9629154	0	0	0.39	-7.5946084e-19
5.260006423993426e-09	0.026626388	-0.0023498095	0.96673036	0	0	0.39	-5.032003e-19
5.2700472890976135e-09	3.1847085e-05	0.024758756	0.9640495	0	0	0.39	-8.325554e-19
5.280021855222644e-09	-0.01470182	0.012578256	0.96508557	0	0	0.39	-6.343804e-19
5.2900446126103385e-09	-0.0059696115	-0.018282298	0.9683965	0	0	0.39	-1.6346004e-18
5.3000400785348276e-09	0.007747187	0.0004828129	0.96577686	0	0	0.39	-8.0035287e-19
5.310026101926979e-09	-0.008124704	-0.0013621836	0.9689812	0	0	0.39	-2.2038925e-18
5.320023546389552e-09	0.007303952	-0.015131464	0.9637623	0	0	0.39	-1.2515621e-19
5.330049049940292e-09	0.013741162	-0.0047359946	0.9629002	0	0	0.39	-1.0790765e-18
5.340001012812046e-09	-0.0046450943	0.014708471	0.9630556	0	0	0.39	-1.0746173e-18
5.350004030035916e-09	0.010440765	-0.018376539	0.9655807	0	0	0.39	-1.242042e-18
5.360057190733908e-09	0.028984996	0.010492235	0.9647785	0	0	0.39	-1.504722e-18
5.370012296819038e-09	-0.001137508	0.043175146	0.9634917	0	0	0.39	-8.727936e-19
5.380048374486186e-09	-0.048565757	-0.0051174834	0.96440536	0	0	0.39	-1.1461127e-18
5.39004886396398e-09	0.00010883514	-0.05476882	0.96452916	0	0	0.39	-5.400947e-19
5.400025473870314e-09	0.041993953	-0.001421495	0.96355146	0	0	0.39	-7.262885e-19
5.41005657244228e-09	7.3210945e-06	0.035644516	0.96541303	0	0	0.39	-1.0457378e-18
5.420035375824832e-09	-0.03058279	0.004483324	0.96637774	0	0	0.39	-1.1345497e-18
5.430013653551899e-09	-0.008759304	-0.027699767	0.9658998	0	0	0.39	-7.345409e-19
5.440034239235254e-09	0.035913732	-0.03103794	0.9658453	0	0	0.39	-1.2120339e-18
5.450055329930601e-09	0.015780943	0.03890676	0.96477187	0	0	0.39	-1.3704354e-18
5.460016876658638e-09	-0.048047423	0.035751455	0.9640629	0	0	0.39	-7.208598e-19
5.470021077805728e-09	-0.042247627	-0.057445507	0.96208537	0	0	0.39	-1.3927805e-18
5.4800212613016805e-09	0.038671587	-0.039331324	0.96270114	0	0	0.39	-1.0018906e-18
5.490020729081379e-09	0.042661536	0.019064747	0.9625797	0	0	0.39	-2.1047561e-18
5.5000059509653254e-09	-0.003275401	0.034161787	0.9658947	0	0	0.39	-1.5669168e-18
5.510000858032514e-09	-0.014963587	-0.008584184	0.9693545	0	0	0.39	-1.1277972e-18
5.520043205796297e-09	0.027100077	-0.011034403	0.9697456	0	0	0.39	-1.7414532e-18
5.530029142564717e-09	0.022148913	0.015617098	0.9677139	0	0	0.39	-1.5605007e-18
5.540036538752531e-09	-0.017224876	0.01305248	0.9677025	0	0	0.39	-1.4504177e-18
5.550025233285939e-09	-0.02407542	-0.012689433	0.96740353	0	0	0.39	-7.8035847e-19
5.560014980978917e-09	0.00560899	-0.02139371	0.96661776	0	0	0.39	-1.0169806e-18
5.570059163872853e-09	0.0063274046	0.008018817	0.96866626	0	0	0.39	-1.5595049e-18
5.580029617411473e-09	0.011320309	0.002195972	0.965357	0	0	0.39	-2.0630753e-18
5.590060245672547e-09	0.002946207	0.016011264	0.96550196	0	0	0.39	-9.181709e-19
5.600046659648474e-09	-0.017783439	-0.009441481	0.96779907	0	0	0.39	-9.92556e-19
5.610054561259246e-09	0.011781124	-0.042104438	0.963074	0	0	0.39	-1.5471028e-18
5.6200565278180516e-09	0.024711633	-0.0015374372	0.9592385	0	0	0.39	-1.5329111e-18
5.630007692442253e-09	0.012901558	0.014244396	0.9606252	0	0	0.39	-1.5003169e-18
5.6400349977645865e-09	-0.012746022	0.011612682	0.96185976	0	0	0.39	-8.0084727e-19
5.650059952860574e-09	-0.019816183	-0.011158318	0.96349734	0	0	0.39	-1.8005424e-18
5.6600151235631444e-09	0.012096748	-0.037724983	0.96376306	0	0	0.39	-1.3986973e-18
5.670016755921214e-09	0.025544034	-0.008465744	0.96366996	0	0	0.39	-1.3444087e-18
5.680038948257969e-09	0.020147417	0.007922727	0.9603476	0	0	0.39	-4.338002e-19
5.690019165203613e-09	-0.01558531	0.01144374	0.9599934	0	0	0.39	-1.3106405e-18
5.700035794523381e-09	-0.0035439236	0.0042713447	0.958645	0	0	0.39	-5.700629e-19
5.7100304122342975e-09	-0.005554541	-0.023107355	0.9599368	0	0	0.39	-1.3708325e-18
5.720029392732735e-09	0.027865564	0.0013288468	0.959701	0	0	0.39	-1.1014268e-18
5.730055877745511e-09	-0.001179526	0.028980983	0.96198684	0	0	0.39	-1.1942983e-18
5.740010906395921e-09	-0.017352298	0.008188693	0.96170795	0	0	0.39	-1.5417809e-18
5.750021564751347e-09	0.0061723855	0.004835773	0.9631437	0	0	0.39	-1.7442979e-18
5.760051112726921e-09	0.0012232441	-0.007403954	0.9615197	0	0	0.39	-1.3564672e-18
5.770050674372832e-09	0.011531024	0.01736412	0.96507496	0	0	0.39	-6.7413105e-19
5.780040109676269e-09	-0.009915546	0.019133799	0.9610779	0	0	0.39	-2.3248347e-18
5.790016926084409e-09	-0.027822789	-0.00813917	0.96097434	0	0	0.39	-5.40379e-19
5.800040939719447e-09	0.003441477	-0.0089718895	0.9610992	0	0	0.39	-1.1904801e-18
5.810044765650241e-09	0.02315005	-0.0048394296	0.96475816	0	0	0.39	-8.827097e-19
5.820019991015966e-09	0.008242778	0.014525959	0.9655079	0	0	0.39	-1.5063485e-18
5.8300062031357245e-09	-0.014893783	0.020078598	0.9663377	0	0	0.39	-1.4263511e-18
5.840021727913173e-09	-0.02814089	-0.015522675	0.96838397	0	0	0.39	-7.0463903e-19
5.850039714860112e-09	0.019046709	-0.049350597	0.9667191	0	0	0.39	-1.790595e-18
5.860049960591773e-09	0.04671295	0.011479878	0.9677198	0	0	0.39	-2.0474213e-18
5.870041484573763e-09	0.004712977	0.05523725	0.96472085	0	0	0.39	-1.1406663e-18
5.880005399386719e-09	-0.053411953	0.002760362	0.9643777	0	0	0.39	-1.4145076e-18
5.890047673816806e-09	-0.0105806505	-0.040736448	0.9627548	0	0	0.39	-1.6549547e-18
5.900044561105085e-09	0.042855088	-0.014776779	0.9631612	0	0	0.39	-8.111044e-19
5.910025019027717e-09	0.024355717	0.039091397	0.96449393	0	0	0.39	-1.5542888e-18
5.920004252313101e-09	-0.026006008	0.02574147	0.96369356	0	0	0.39	-1.3959979e-18
5.930006552492032e-09	-0.021315394	-0.025692606	0.96346277	0	0	0.39	-1.2915719e-18
5.940008670808685e-09	0.03248068	-0.026672905	0.9648081	0	0	0.39	-5.9387256e-19
5.950020854694992e-09	0.032255527	0.033288956	0.9640185	0	0	0.39	-1.1957661e-18
5.960029918682387e-09	-0.02834866	0.051983565	0.9623011	0	0	0.39	-1.2518782e-18
5.970032907920585e-09	-0.05278544	-0.020461908	0.96663356	0	0	0.39	-1.3426067e-18
5.980049068591864e-09	4.211112e-05	-0.034452807	0.9669649	0	0	0.39	-2.2455815e-18
5.990026221483268e-09	0.024043368	-0.01918233	0.9688277	0	0	0.39	-2.2426668e-18
6.0000630627980245e-09	0.033027504	0.023002991	0.9687237	0	0	0.39	-2.7510141e-18
6.010050872423881e-09	-0.023966474	0.024790576	0.965372	0	0	0.39	-1.8502721e-18
6.020032142041324e-09	-0.044876833	-0.0030788993	0.96921235	0	0	0.39	-1.4673051e-18
6.030064429901931e-09	0.016890338	-0.014177852	0.96638787	0	0	0.39	-1.6267289e-18
6.0400394681327825e-09	0.008327172	0.0019877085	0.96507835	0	0	0.39	-1.1877676e-18
6.0500414039738985e-09	0.006448716	0.0065947156	0.96680206	0	0	0.39	-7.5245374e-19
6.060008085846864e-09	-0.011763694	-0.0129022645	0.96736753	0	0	0.39	-2.0445657e-18
6.0700559979496505e-09	0.017643237	-0.0036775772	0.96839494	0	0	0.39	-8.775686e-19
6.080022819361151e-09	0.0021127225	0.015155832	0.96382403	0	0	0.39	-1.5410699e-18
6.0900622339695676e-09	-0.018573461	-0.0015612001	0.96838003	0	0	0.39	-9.902767e-19
6.100015801672434e-09	0.005164541	-0.00385834	0.9660414	0	0	0.39	-1.6667255e-18
6.110028487636142e-09	0.0027343042	0.0183222	0.96626836	0	0	0.39	-1.2266727e-18
6.1200315434539835e-09	-0.005421006	0.0071867034	0.9692172	0	0	0.39	-9.595062e-19
6.13002767088948e-09	-0.022089085	0.0064494354	0.9658281	0	0	0.39	-2.3905381e-18
6.140033303033171e-09	-0.0031391054	-0.021774663	0.9675037	0	0	0.39	-1.2473048e-18
6.150026978946735e-09	0.02176603	0.0018719487	0.9690541	0	0	0.39	-1.1762414e-18
6.16000055540809e-09	0.0051117777	0.037321486	0.96675235	0	0	0.39	-1.1004874e-18
6.170014928639621e-09	-0.041942663	0.011483643	0.96676284	0	0	0.39	-8.197546e-19
6.180033736625623e-09	-0.018479016	-0.03771636	0.9672575	0	0	0.39	-1.2222097e-18
6.190037559874938e-09	0.024992	-0.009594694	0.9664439	0	0	0.39	-2.0173291e-18
6.200052984356158e-09	-0.004974329	-0.0009617054	0.96322787	0	0	0.39	-1.8936575e-18
6.210005285913337e-09	0.004979234	-0.012801061	0.9639194	0	0	0.39	-1.15667e-18
6.2200101156944885e-09	0.019198813	0.006846982	0.96363914	0	0	0.39	-1.9800322e-18
6.230046372651593e-09	-0.0066665597	0.019552412	0.96596193	0	0	0.39	-1.1523623e-18
6.240049539166782e-09	0.0071395813	-0.0065245857	0.9636772	0	0	0.39	-1.5746364e-18
6.250000232073376e-09	0.012256308	0.017109774	0.96386325	0	0	0.39	-8.723281e-19
6.260003767722185e-09	-0.024102617	0.0025951252	0.9606893	0	0	0.39	-1.6683253e-18
6.2700012741973205e-09	-0.0013943189	-0.021330213	0.9586797	0	0	0.39	-6.560996e-19
6.280015234144491e-09	0.01289301	0.007684635	0.9594486	0	0	0.39	-1.4751674e-18
6.290041221840327e-09	-0.02893947	0.012062639	0.96002376	0	0	0.39	-1.5028133e-19
6.300051094407421e-09	-0.01124989	-0.01453628	0.95876473	0	0	0.39	-1.151122e-18
6.310005209073177e-09	-0.007205511	-0.014996092	0.95936507	0	0	0.39	-1.7466605e-18
6.3200208569174126e-09	0.013818339	-0.018498864	0.96319485	0	0	0.39	-1.7807186e-18
6.330000834184614e-09	0.027773345	0.010202981	0.96209294	0	0	0.39	-6.726326e-19
6.340053196002692e-09	-0.02622748	0.023129025	0.96334285	0	0	0.39	-1.8424127e-18
6.350032221541274e-09	-0.014121085	-0.04348559	0.96421117	0	0	0.39	-4.696973e-19
6.360019561389379e-09	0.043151923	-0.011580194	0.96597177	0	0	0.39	-2.7419238e-18
6.370007846807775e-09	0.015958171	0.026257262	0.96783686	0	0	0.39	-1.100421e-18
6.380003885353801e-09	-0.018620355	0.009513968	0.96503425	0	0	0.39	-1.0902864e-18
6.390006846362685e-09	0.0035096249	-0.010351959	0.9638122	0	0	0.39	-6.8899973e-19
6.400034632800037e-09	0.011051782	0.005174443	0.9614014	0	0	0.39	-7.0160477e-19
6.410024331874126e-09	-0.007516391	0.011108337	0.9625726	0	0	0.39	-6.955549e-19
6.420039921385215e-09	-0.03245963	-0.01215555	0.9631456	0	0	0.39	-6.537296e-19
6.430053787367308e-09	0.0049750395	-0.020305034	0.9629085	0	0	0.39	-1.603488e-18
6.440057360278045e-09	0.0059653316	0.012811908	0.9624384	0	0	0.39	-1.5769161e-18
6.450020730041534e-09	-0.0076239426	0.014010658	0.962351	0	0	0.39	-8.5598697e-19
6.46001088583316e-09	-0.026440097	-0.008780073	0.96330416	0	0	0.39	-1.0817902e-18
6.470017214139178e-09	-0.0002498157	-0.0322463	0.96305597	0	0	0.39	-1.0216461e-18
6.480058183153243e-09	0.037806723	-0.029127767	0.9631385	0	0	0.39	-1.5210776e-18
6.4900482904168754e-09	0.021675099	0.031505633	0.96361643	0	0	0.39	-7.815678e-19
6.500056802035931e-09	-0.025096973	0.029147618	0.9623962	0	0	0.39	-2.079191e-18
6.510036152545483e-09	-0.031473946	-0.02224549	0.96244645	0	0	0.39	-8.018477e-19
6.5200260501371985e-09	0.008628892	-0.03451008	0.96342474	0	0	0.39	-5.4747414e-19
6.530021211602551e-09	0.021850778	-0.007021954	0.96142894	0	0	0.39	-1.4227499e-18
6.540006879759915e-09	0.0120616825	0.01701328	0.96398604	0	0	0.39	-1.0256028e-18
6.550013938474707e-09	-0.031995486	0.014138137	0.9654549	0	0	0.39	-1.0264415e-18
6.560011870978628e-09	-0.021367073	-0.020781005	0.96458906	0	0	0.39	-1.3877003e-18
6.570011019873848e-09	0.019947954	-0.024829192	0.9667283	0	0	0.39	-1.7246201e-18
6.580029220454686e-09	0.030647784	0.012866215	0.9662721	0	0	0.39	-1.617188e-18
6.590018065015661e-09	-0.004015711	0.020549605	0.9667497	0	0	0.39	-5.4400355e-19
6.600047492483618e-09	-0.011460539	-2.8942606e-05	0.966968	0	0	0.39	-1.16369e-18
6.6100467019202825e-09	0.01955751	0.0055560833	0.9635706	0	0	0.39	-6.865975e-19
6.6200030125617724e-09	-0.0011215926	0.033145305	0.9642216	0	0	0.39	-8.4052976e-19
6.630026688487133e-09	-0.035642244	0.0049988036	0.9635557	0	0	0.39	-1.5914687e-18
6.640041105798783e-09	-0.020133803	-0.0461539	0.96243197	0	0	0.39	-7.741031e-19
6.650001285039023e-09	0.040583227	-0.02175402	0.9618204	0	0	0.39	-1.7323414e-18
6.6600269633633245e-09	0.028990036	0.046384133	0.9619343	0	0	0.39	-1.844108e-18
6.6700183724416635e-09	-0.05075413	0.021386363	0.9657486	0	0	0.39	-1.7603142e-18
6.680036060563991e-09	-0.043326344	-0.044639036	0.9637059	0	0	0.39	-1.8630403e-18
6.690012363312003e-09	0.035590064	-0.037570048	0.9646833	0	0	0.39	-2.260724e-18
6.700029559660924e-09	0.05783316	0.032199807	0.962746	0	0	0.39	-4.439974e-19
6.7100589508887e-09	-0.03248018	0.0645136	0.9653113	0	0	0.39	-8.884791e-19
6.720038731858781e-09	-0.061687663	-0.025988648	0.9652847	0	0	0.39	-2.115275e-18
6.7300025976732656e-09	0.01960136	-0.045096073	0.96620387	0	0	0.39	-1.6452435e-18
6.740062727938786e-09	0.061228417	0.019564226	0.96404445	0	0	0.39	-8.2208627e-19
6.750061648492398e-09	-0.023975339	0.06956676	0.9639564	0	0	0.39	-1.6022139e-18
6.760004824457434e-09	-0.058130234	-0.0097850645	0.96518797	0	0	0.39	-1.9538868e-18
6.7700584025879206e-09	-0.0061173285	-0.06298558	0.96397346	0	0	0.39	-1.5565035e-18
6.780037910661043e-09	0.057011724	-0.017298792	0.96490586	0	0	0.39	-1.17781e-18
6.79002095403867e-09	0.017430605	0.0361002	0.96798646	0	0	0.39	-1.2833006e-18
6.8000624548412e-09	-0.048165064	0.018037448	0.9647389	0	0	0.39	-1.3894923e-18
6.810048360914496e-09	-0.010704121	-0.037545208	0.9660044	0	0	0.39	-1.0957483e-18
6.820050118391484e-09	0.040938664	-0.021226952	0.9658384	0	0	0.39	-1.3264901e-18
6.830052022651137e-09	0.014075372	0.03403229	0.9639758	0	0	0.39	-8.671284e-19
6.840018013807353e-09	-0.042491097	0.028620701	0.96053565	0	0	0.39	-6.7280126e-19
6.850056811769675e-09	-0.016349832	-0.04555837	0.96392715	0	0	0.39	-2.3143004e-18
6.860035151580261e-09	0.04764259	-0.023424312	0.9624374	0	0	0.39	-1.9989742e-18
6.870011630563373e-09	0.040356785	0.033756565	0.96266145	0	0	0.39	-2.0752626e-18
6.880056997234254e-09	-0.04400852	0.07412946	0.9632149	0	0	0.39	-2.1686113e-18
6.8900347325119835e-09	-0.07531416	-0.02546737	0.9619653	0	0	0.39	-3.29711e-19
6.900037033306801e-09	0.008950388	-0.08353014	0.9661159	0	0	0.39	-1.5448997e-18
6.9100439532292365e-09	0.07883632	0.008240046	0.9655864	0	0	0.39	-8.6583254e-19
6.920034776179493e-09	-0.001390564	0.066995524	0.96351737	0	0	0.39	-3.4041902e-19
6.9300620194887505e-09	-0.055457506	0.020121414	0.96442944	0	0	0.39	-9.421451e-19
6.9400350429675305e-09	-0.03176909	-0.052213367	0.9649684	0	0	0.39	-1.5737436e-18
6.950005430743004e-09	0.030200113	-0.040475085	0.96559596	0	0	0.39	-1.6292014e-18
6.960061586340445e-09	0.05109328	0.011641377	0.9677073	0	0	0.39	-1.759019e-18
6.970056040176229e-09	0.008415862	0.058499455	0.96664894	0	0	0.39	-1.7393096e-18
6.980022527341196e-09	-0.06527993	0.023771765	0.9673599	0	0	0.39	-1.4957782e-18
6.990011979495571e-09	-0.020323899	-0.054554448	0.966358	0	0	0.39	-1.673258e-18
7.0000271347553916e-09	0.06164204	-0.033568755	0.96437275	0	0	0.39	-8.777572e-19
7.010064077126597e-09	0.034657393	0.06996073	0.9619258	0	0	0.39	-1.6026179e-18
7.02003904992706e-09	-0.06434233	0.04370122	0.96108884	0	0	0.39	-1.2640904e-18
7.030019983975466e-09	-0.05595623	-0.038645774	0.96445453	0	0	0.39	-4.74558e-19
7.04006328776178e-09	0.03640051	-0.05354769	0.9641968	0	0	0.39	-1.8540877e-18
7.050021795500396e-09	0.060180645	0.028635152	0.96478426	0	0	0.39	-1.4348936e-18
7.060011939927034e-09	-0.028965151	0.037263922	0.96596014	0	0	0.39	-1.4471805e-18
7.070031864121651e-09	-0.035867076	-0.007316958	0.967291	0	0	0.39	-1.8434882e-18
7.080060880837635e-09	-0.0029341036	-0.032720607	0.9652071	0	0	0.39	-7.0809033e-19
7.090021717416236e-09	0.030593708	0.0119252885	0.96432066	0	0	0.39	-1.191658e-18
7.1000401553336385e-09	0.003704479	0.037232004	0.9629082	0	0	0.39	-1.9798382e-18
7.110032788004637e-09	-0.03363727	0.0055130296	0.9665436	0	0	0.39	-1.3203551e-18
7.120049456832298e-09	0.0004230814	-0.030208552	0.9652162	0	0	0.39	-9.830317e-19
7.130022257340118e-09	0.017740041	0.006456296	0.96623224	0	0	0.39	-1.7785692e-18
7.140056978883774e-09	-0.010758534	0.030143974	0.9643336	0	0	0.39	-7.7546745e-19
7.150061526474519e-09	-0.032707617	-0.005584839	0.96528906	0	0	0.39	-1.558767e-18
7.1600243431626e-09	-0.0077349893	-0.039684657	0.9659248	0	0	0.39	-1.5686903e-18
7.170023943429672e-09	0.046638794	-0.036271926	0.9656544	0	0	0.39	-4.9487104e-19
7.180056196580037e-09	0.04255912	0.039746586	0.9650072	0	0	0.39	-2.3066812e-18
7.190045721714106e-09	-0.020990942	0.04208536	0.964939	0	0	0.39	-1.7477658e-18
7.2000636286475364e-09	-0.052917752	-0.014129406	0.9638235	0	0	0.39	-2.1049175e-19
7.210017603014054e-09	0.017328896	-0.04700563	0.96519125	0	0	0.39	-3.0591083e-19
7.220043839513293e-09	0.029403828	0.005568945	0.96726537	0	0	0.39	-1.1691446e-18
7.230007070917668e-09	0.007210297	0.028181264	0.9662776	0	0	0.39	-1.2163568e-18
7.2400418653618176e-09	-0.03816251	0.020458745	0.96365935	0	0	0.39	-1.7585943e-18
7.250057346669175e-09	-0.028107408	-0.040570546	0.9620325	0	0	0.39	-7.8101515e-19
7.260032290639849e-09	0.028815879	-0.04290281	0.9651256	0	0	0.39	-1.5048783e-18
7.270010820944922e-09	0.028831868	0.014307306	0.9642961	0	0	0.39	-1.0783925e-18
7.280044258406103e-09	0.00027259084	0.017065693	0.9638458	0	0	0.39	-7.989378e-19
7.2900105446242445e-09	-0.011230215	0.007050995	0.96530676	0	0	0.39	-1.08077e-18
7.30001351050167e-09	-0.009526778	-0.013352326	0.96533567	0	0	0.39	-7.395941e-19
7.310027334217032e-09	0.0033450145	-0.0067444746	0.96484107	0	0	0.39	-8.4729356e-19
7.3200167311194205e-09	0.017591892	0.0037800143	0.9648081	0	0	0.39	-1.7663685e-18
7.330040088604764e-09	-0.0060460954	0.027858138	0.9650948	0	0	0.39	-2.1345925e-18
7.3400114674065074e-09	-0.031526837	0.0021673944	0.96520156	0	0	0.39	-5.719451e-19
7.350039867086524e-09	0.019888299	-0.026764875	0.9665898	0	0	0.39	-1.7328346e-18
7.3600027559864635e-09	0.02008042	0.009380316	0.9669739	0	0	0.39	-9.026253e-19
7.370006570213984e-09	0.010037688	-0.00838371	0.9682986	0	0	0.39	-1.5279618e-18
7.38005946970733e-09	0.007896069	0.0013395642	0.969741	0	0	0.39	-1.7753627e-18
7.390037567809211e-09	0.0098249735	0.005693378	0.96931255	0	0	0.39	-9.959408e-19
7.400008849188155e-09	0.00067991926	0.031015651	0.9682697	0	0	0.39	-2.5525526e-18
7.4100224641322984e-09	-0.040306393	0.01857806	0.9663271	0	0	0.39	-9.325402e-19
7.420038611988524e-09	-0.042083494	-0.04399216	0.9650885	0	0	0.39	-1.618987e-18
7.43001149999762e-09	0.034244142	-0.04813918	0.96309644	0	0	0.39	-9.031454e-19
7.440043400612874e-09	0.045652386	0.014595504	0.9615153	0	0	0.39	-4.023454e-19
7.450022777778384e-09	0.013618475	0.04567961	0.9627994	0	0	0.39	-1.835042e-18
7.460050795936813e-09	-0.058593895	0.012913196	0.96310794	0	0	0.39	-1.4870887e-18
7.470059573192702e-09	-0.012502476	-0.053381465	0.964507	0	0	0.39	-1.6543235e-18
7.480056032361499e-09	0.047146294	-0.01527545	0.9642411	0	0	0.39	-2.1304291e-18
7.490045487912872e-09	0.004876735	0.047328442	0.9654996	0	0	0.39	-1.1855415e-18
7.500016532091937e-09	-0.038054664	0.011611351	0.9643237	0	0	0.39	-1.2973076e-18
7.510013281168912e-09	-0.020889996	-0.0175189	0.96562713	0	0	0.39	-1.6291084e-18
7.520026142551078e-09	0.013806033	-0.028639985	0.9652364	0	0	0.39	-1.0585997e-18
7.5300321831367e-09	0.031111786	-0.009487619	0.966207	0	0	0.39	-1.4281138e-18
7.540040927299624e-09	0.014512574	0.022884972	0.96616554	0	0	0.39	-1.878617e-18
7.550033349726805e-09	-0.013922179	-0.00038545427	0.96601814	0	0	0.39	-2.1193155e-18
7.560021106194658e-09	-0.0017358859	0.0017005211	0.9659917	0	0	0.39	-8.0072934e-19
7.57004676290338e-09	-0.009781373	-0.0056329584	0.9659798	0	0	0.39	-6.144606e-19
7.580004827924584e-09	0.0016824506	-0.0065135863	0.9648316	0	0	0.39	-1.6395139e-18
7.590001142141903e-09	0.0074147307	-0.0022159556	0.9651743	0	0	0.39	-1.2621395e-18
7.600024870375598e-09	-0.011265971	0.003247425	0.9663556	0	0	0.39	-1.0309349e-18
7.61004304419247e-09	0.0062853904	0.011783464	0.96477616	0	0	0.39	-1.2440307e-18
7.620025709817873e-09	-0.024517853	0.0077110734	0.96592563	0	0	0.39	-1.572363e-18
7.630041097699852e-09	-0.0076189516	-0.008200912	0.9700118	0	0	0.39	-7.4036506e-19
7.640041838668752e-09	-0.002389407	0.00018459294	0.9678976	0	0	0.39	-2.5096494e-18
7.65004376534844e-09	-0.0034200123	-0.0033815347	0.9687898	0	0	0.39	-1.1514179e-18
7.660024149358999e-09	0.020104615	0.012367643	0.9695501	0	0	0.39	-1.9819795e-18
7.670029236277696e-09	-0.0025551508	0.011017844	0.9658444	0	0	0.39	-2.2190115e-18
7.680015916180445e-09	-0.019246474	-0.0117472485	0.96321565	0	0	0.39	-7.5313616e-19
7.69006118255291e-09	0.021450024	-0.014941732	0.9652843	0	0	0.39	-1.7955628e-18
7.700014897332185e-09	0.0110612735	0.026285533	0.9685164	0	0	0.39	-1.6915861e-18
7.710033181250214e-09	-0.023803739	0.013665988	0.9666377	0	0	0.39	-1.5811928e-18
7.720035531332075e-09	-0.0062437435	-0.03083231	0.967363	0	0	0.39	-2.2871596e-18
7.730013768233315e-09	0.028035508	-0.00033904825	0.9662498	0	0	0.39	-1.0929432e-18
7.74005800363164e-09	0.0062483014	0.022391733	0.9679101	0	0	0.39	-5.175053e-19
7.750034901438346e-09	-0.008768472	0.005326145	0.964888	0	0	0.39	-1.9303798e-18
7.760038949906376e-09	-0.012683265	-0.0059016114	0.9646265	0	0	0.39	-1.6762473e-18
7.770039170137976e-09	0.008525592	-0.010446351	0.9689624	0	0	0.39	-7.9433255e-19
7.780006685273556e-09	0.021234123	0.010295408	0.96514803	0	0	0.39	-1.9235438e-18
7.79005929960232e-09	-0.0065017547	0.006598582	0.96546596	0	0	0.39	-7.97679e-19
7.800029249626176e-09	-0.012308436	-0.0005373673	0.96364725	0	0	0.39	-1.7257667e-18
7.81001676272673e-09	-0.0037717114	-0.02479615	0.9625394	0	0	0.39	-9.392308e-19
7.820038161067916e-09	0.018951055	0.011773051	0.96097314	0	0	0.39	-1.8971631e-18
7.830022542534198e-09	0.0056663407	0.007892923	0.9631525	0	0	0.39	-1.6533811e-18
7.840060138304629e-09	-0.01299378	0.015283711	0.96035737	0	0	0.39	-7.845292e-19
7.8500508970054e-09	-0.024134547	-0.0115172025	0.96343046	0	0	0.39	-1.5446513e-18
7.86002164716964e-09	0.018011605	-0.041100685	0.9648169	0	0	0.39	-1.3801008e-18
7.870005559206998e-09	0.031931736	0.0072327624	0.9638174	0	0	0.39	-9.532156e-19
7.880012452185715e-09	0.008726486	0.02185031	0.9631085	0	0	0.39	-7.09582e-19
7.8900620341512e-09	-0.020221133	0.016222157	0.9597412	0	0	0.39	-8.886408e-19
7.9000151360284e-09	-0.02538406	-0.013925381	0.9595262	0	0	0.39	-1.562803e-18
7.910015805920292e-09	0.0010009775	-0.022403048	0.96132505	0	0	0.39	-1.3668862e-18
7.920061558228098e-09	0.043347336	-0.0023822337	0.9609309	0	0	0.39	-1.9075329e-18
7.930039867855295e-09	0.007817353	0.041314438	0.96257174	0	0	0.39	-1.0496614e-18
7.940005092961853e-09	-0.0383182	0.006663353	0.9622851	0	0	0.39	-1.3716211e-18
7.950020771001114e-09	-0.00021981137	-0.037007928	0.96452653	0	0	0.39	-1.5498353e-18
7.960047264554075e-09	0.04628852	-0.0045041475	0.965162	0	0	0.39	-1.3479017e-18
7.970048871661252e-09	0.02698631	0.030181699	0.9655573	0	0	0.39	-3.397021e-19
7.980058518896033e-09	-0.025289893	0.0360768	0.962643	0	0	0.39	-1.889719e-18
7.99002634952992e-09	-0.040629465	-0.02728695	0.9653879	0	0	0.39	-1.1785394e-18
8.000041505469074e-09	0.02061951	-0.042931113	0.96710443	0	0	0.39	-2.1515119e-18
8.010046299184842e-09	0.047533687	0.012759928	0.96828926	0	0	0.39	-9.296991e-19
8.020047704960511e-09	0.0028306223	0.046087906	0.9696043	0	0	0.39	-8.2755134e-19
8.030027342208539e-09	-0.05994759	0.024093919	0.9636132	0	0	0.39	-1.6441773e-18
8.0400324277135e-09	-0.03853444	-0.05180974	0.96660775	0	0	0.39	-1.0554881e-18
8.05004017205861e-09	0.031649977	-0.031101095	0.96905637	0	0	0.39	-1.2501473e-18
8.060018969164025e-09	0.037699644	0.017342582	0.9638793	0	0	0.39	-2.1398344e-18
8.070034012512488e-09	-0.028133564	0.029476406	0.96354926	0	0	0.39	-7.132784e-19
8.08001177410059e-09	-0.034182545	-0.022789678	0.96378136	0	0	0.39	-1.5667813e-18
8.090030520234624e-09	0.01298268	-0.042396568	0.9653917	0	0	0.39	-1.600269e-18
8.100011124208508e-09	0.047998812	0.025257306	0.9640166	0	0	0.39	-9.073299e-19
8.110055180825426e-09	-0.0054998314	0.042746812	0.96349645	0	0	0.39	-1.2050268e-18
8.120050359812372e-09	-0.04311774	-0.0077240397	0.96396965	0	0	0.39	-4.360512e-19
8.130042145932938e-09	-0.0033522863	-0.042538665	0.9651262	0	0	0.39	-1.311982e-18
8.140048627320463e-09	0.031368423	-0.004756911	0.9667053	0	0	0.39	-2.1265329e-18
8.15001393774041e-09	0.002451031	0.017249132	0.9671331	0	0	0.39	-6.7618696e-19
8.160005950906541e-09	-0.008954198	-0.000851832	0.9681436	0	0	0.39	-1.0995537e-18
8.170032104613375e-09	-0.0024172075	0.0012873834	0.96732086	0	0	0.39	-7.966755e-19
8.180056038256249e-09	-0.0016347271	-0.01761666	0.96629524	0	0	0.39	-1.6746407e-18
8.190005955390012e-09	0.019841995	0.005726558	0.96588993	0	0	0.39	-5.7328156e-19
8.200063691528183e-09	-0.0006647674	0.007666541	0.96728694	0	0	0.39	-1.77592e-19
8.210051514455147e-09	-0.0010318145	0.010308685	0.9659827	0	0	0.39	-1.5027525e-18
8.220057614355202e-09	-0.033564102	0.018174713	0.96632725	0	0	0.39	-1.4147978e-18
8.230025994224693e-09	-0.011445734	-0.056606498	0.9627384	0	0	0.39	-8.556677e-19
8.240047782723952e-09	0.056276128	-0.0028328965	0.9648699	0	0	0.39	-7.086787e-19
8.250021119010197e-09	-0.009028425	0.03568419	0.96262294	0	0	0.39	-1.6309038e-18
8.260017375410647e-09	-0.038501613	0.008370228	0.9631354	0	0	0.39	-1.9871662e-18
8.270033335263004e-09	-0.009738241	-0.01587599	0.96278006	0	0	0.39	-5.570952e-19
8.280015322874567e-09	0.0068545965	-0.013741958	0.96239966	0	0	0.39	-1.6675228e-18
8.290030230024836e-09	0.021332666	0.016964566	0.96129936	0	0	0.39	-1.8308745e-18
8.300063479483593e-09	-0.011934156	0.01767027	0.9597101	0	0	0.39	-1.3912116e-18
8.310003884191555e-09	-0.023395546	-0.016132595	0.95912886	0	0	0.39	-1.2258287e-18
8.320033456269413e-09	0.016292684	-0.019132607	0.96169794	0	0	0.39	-2.1909392e-18
8.33004255590991e-09	0.005001287	0.01569019	0.9645112	0	0	0.39	-1.0257636e-18
8.340045724914098e-09	-0.021776993	-0.002661776	0.96533424	0	0	0.39	-1.1040272e-18
8.35001980846417e-09	0.0138832005	-0.033583537	0.9630745	0	0	0.39	-6.585538e-19
8.360007267268075e-09	0.036920957	0.01912828	0.9603523	0	0	0.39	-9.359957e-19
8.370015569972267e-09	-0.011410668	0.025348013	0.96555275	0	0	0.39	-1.2774471e-18
8.380049430192271e-09	-0.012154034	0.00034490682	0.96573	0	0	0.39	-4.91319e-19
8.390007172975597e-09	0.011032029	0.0010626469	0.9667266	0	0	0.39	-9.931999e-19
8.400004826250647e-09	0.008703214	0.0114181675	0.9670018	0	0	0.39	-1.6797883e-18
8.410020730568869e-09	0.01125742	-0.009140818	0.963901	0	0	0.39	-1.61474e-18
8.420055267094212e-09	-0.019584011	0.03330476	0.96427953	0	0	0.39	-1.374849e-18
8.430016023104773e-09	-0.045276448	-0.0007557464	0.9625103	0	0	0.39	-1.6487358e-18
8.440057187865515e-09	0.010537023	-0.032523587	0.96462876	0	0	0.39	-6.6056e-19
8.450030726340676e-09	0.010345115	-0.009106109	0.96602684	0	0	0.39	-1.9407616e-18
8.460029418663453e-09	0.0023014885	-0.003067784	0.96558833	0	0	0.39	-1.8943429e-18
8.470033650665537e-09	0.015594374	0.014450569	0.96705425	0	0	0.39	-1.7269828e-18
8.480033245678925e-09	-0.019224824	0.018376283	0.9651115	0	0	0.39	-1.3165518e-18
8.490017992177271e-09	-0.010555255	-0.025710305	0.96590686	0	0	0.39	-1.3652397e-18
8.500055680314138e-09	0.027879147	-0.019600654	0.9657316	0	0	0.39	-1.0380987e-18
8.510058343718969e-09	0.013405439	0.026384234	0.96393335	0	0	0.39	-1.3102853e-18
8.520039323672689e-09	-0.052180074	0.029477086	0.96395844	0	0	0.39	-3.2086762e-19
8.53004655732494e-09	-0.02414672	-0.036785223	0.96332324	0	0	0.39	-1.3405466e-18
8.54002559608257e-09	0.013175814	-0.013830352	0.9661397	0	0	0.39	-2.3803657e-18
8.550013675163823e-09	0.01446778	0.0125023695	0.9673071	0	0	0.39	-8.5619956e-19
8.560005559049317e-09	-0.010890739	0.01473271	0.9688835	0	0	0.39	1.2852034e-19
8.570022262800492e-09	-0.013778533	-0.0061192284	0.9667235	0	0	0.39	-1.5657888e-18
8.58005620682648e-09	0.003498048	-0.028075922	0.9646915	0	0	0.39	-1.0630861e-18
8.59005329526948e-09	0.030945286	0.0024844168	0.96299964	0	0	0.39	-6.152853e-19
8.600029608593423e-09	0.014091339	0.025594462	0.96287847	0	0	0.39	-1.462185e-18
8.610050022894606e-09	-0.01698073	0.016402243	0.9625474	0	0	0.39	-7.009514e-19
8.620015874841038e-09	-0.015651153	-0.016718946	0.96471554	0	0	0.39	-8.957575e-19
8.630035490416815e-09	0.017201276	-0.012520398	0.96709275	0	0	0.39	-1.3752211e-18
8.640060439559634e-09	0.013461773	0.011777794	0.9686378	0	0	0.39	-1.423308e-18
8.650024657471787e-09	-0.0075483457	0.010909961	0.96724963	0	0	0.39	-1.4222734e-18
8.660061165236644e-09	-0.017701915	-0.009176982	0.9665773	0	0	0.39	-4.3213433e-19
8.670047606464444e-09	-0.005260596	-0.016871616	0.9648561	0	0	0.39	-2.5696513e-19
8.680052395672399e-09	0.011041016	-0.006168625	0.9667574	0	0	0.39	-1.5879092e-18
8.690002833825574e-09	-0.0046990495	0.017222496	0.9629015	0	0	0.39	-1.4420291e-18
8.700008080467608e-09	-0.014144718	-0.0061099436	0.9633792	0	0	0.39	-1.5622588e-18
8.710034953953163e-09	-0.003832773	-0.004522993	0.96315855	0	0	0.39	-9.011078e-19
8.720040845549914e-09	-0.0069628526	-0.010816722	0.9643289	0	0	0.39	-2.210963e-18
8.73003798806618e-09	0.02436942	-0.008800085	0.96434027	0	0	0.39	-1.2199635e-18
8.74000173104949e-09	-0.0001494262	0.03601551	0.9624357	0	0	0.39	-1.5464645e-18
8.750011009108904e-09	-0.050593615	0.0077390634	0.96446794	0	0	0.39	-7.9556996e-19
8.760006166091027e-09	-0.015102468	-0.0449537	0.9635191	0	0	0.39	-1.5440374e-18
8.770058036814454e-09	0.025638824	-0.015998438	0.96548885	0	0	0.39	-1.4022284e-18
8.780021369320038e-09	0.02027903	0.026085863	0.96194494	0	0	0.39	-1.3985229e-18
8.79001325382573e-09	-0.011015203	0.005825452	0.9652693	0	0	0.39	-2.1935066e-18
8.800032699117817e-09	-0.0016746043	-0.0018257448	0.9638024	0	0	0.39	-1.0773955e-18
8.810058167631719e-09	-0.012743491	0.0039143623	0.96149147	0	0	0.39	-1.4345348e-18
8.820056751443963e-09	-0.030927127	-0.013572568	0.96286845	0	0	0.39	-1.2170541e-18
8.830027735658046e-09	0.027690375	-0.04101652	0.96276027	0	0	0.39	-1.5577649e-18
8.840043799766261e-09	0.037150316	0.03689693	0.96326315	0	0	0.39	-2.473611e-18
8.850041661435129e-09	-0.02345876	0.016177801	0.96202356	0	0	0.39	-1.4090062e-18
8.860025670220371e-09	-0.015960108	0.005730656	0.96078473	0	0	0.39	-8.593833e-19
8.870052542129364e-09	-0.004135883	-0.027561497	0.9641297	0	0	0.39	-7.631865e-19
8.880030797003448e-09	0.031846464	-0.007271751	0.9639446	0	0	0.39	-1.6087275e-18
8.890025103964735e-09	-0.006951261	0.03351498	0.96553844	0	0	0.39	-9.161787e-19
8.900038272645456e-09	-0.03655705	-0.0077707795	0.96678996	0	0	0.39	-1.6093464e-18
8.910060546852069e-09	-0.0014406965	-0.029213076	0.9676292	0	0	0.39	-2.1018384e-18
8.920051379713134e-09	0.032159373	-0.0024688372	0.9666359	0	0	0.39	-1.8859087e-18
8.930016220185564e-09	0.0023763122	0.027855892	0.96722907	0	0	0.39	-1.4060512e-18
8.94003333269235e-09	-0.011885208	0.012991823	0.96405774	0	0	0.39	-6.908472e-19
8.950033817441927e-09	-0.010963156	-0.01695931	0.96428216	0	0	0.39	-4.4160066e-19
8.96004309975772e-09	0.005430903	-0.0052257096	0.967337	0	0	0.39	-1.744532e-18
8.970009724660393e-09	0.021911325	0.012584398	0.9678456	0	0	0.39	-1.2148807e-18
8.980000919361016e-09	-0.010073602	0.013356484	0.96721464	0	0	0.39	-2.354589e-18
8.990043773316626e-09	-0.020671215	-0.004494372	0.9677981	0	0	0.39	-1.6633169e-18
9.000050619827613e-09	-0.010886709	-0.03300913	0.9700749	0	0	0.39	-1.5349964e-18
9.010033165193371e-09	0.021777082	-0.0073518865	0.9679998	0	0	0.39	-1.699614e-18
9.020062451918253e-09	0.02217606	0.029057782	0.96586114	0	0	0.39	-1.6577185e-18
9.030034733945343e-09	-0.025153661	0.034129363	0.96626884	0	0	0.39	-1.9317953e-18
9.040017584724409e-09	-0.04181665	-0.012736504	0.9659406	0	0	0.39	-1.888964e-18
9.050003651567592e-09	-0.008098643	-0.0397128	0.96479684	0	0	0.39	-1.1866431e-18
9.060054076656697e-09	0.03658486	-0.0018243555	0.96160454	0	0	0.39	-9.19076e-19
9.070027347401813e-09	0.008684756	0.02271072	0.9610035	0	0	0.39	-1.5390312e-18
9.080025201290105e-09	-0.03862915	0.018529382	0.96227527	0	0	0.39	-2.5635289e-18
9.090054120327864e-09	-0.0121145435	-0.03352587	0.9617586	0	0	0.39	-1.5708922e-18
9.100038871341556e-09	0.03513528	-0.013620978	0.96413445	0	0	0.39	-1.2143704e-18
9.110018659896019e-09	0.030234568	0.033941697	0.9633277	0	0	0.39	-8.876095e-19
9.120051736316599e-09	-0.040274724	0.051076327	0.96243536	0	0	0.39	-1.6433076e-18
9.130043534514295e-09	-0.046911202	-0.03494852	0.9627263	0	0	0.39	-9.794285e-19
9.140002843159919e-09	0.020506816	-0.06083017	0.96463704	0	0	0.39	-1.5830358e-18
9.150028115656062e-09	0.06386445	0.019277686	0.96507776	0	0	0.39	-6.0666233e-19
9.160002694451628e-09	-0.008601865	0.06285044	0.9622143	0	0	0.39	-1.0984146e-18
9.170029980596689e-09	-0.05116985	-0.016368603	0.96466935	0	0	0.39	-8.696466e-19
9.180015853459462e-09	0.0030400013	-0.04252606	0.9642691	0	0	0.39	-7.2030314e-19
9.190038279496493e-09	0.038017403	-0.0069964896	0.96833146	0	0	0.39	-1.783259e-18
9.200043813071783e-09	0.021245603	0.031287886	0.9658327	0	0	0.39	-8.986667e-19
9.210026141817917e-09	-0.029125912	0.02210409	0.9683369	0	0	0.39	-1.0216624e-18
9.220010508425891e-09	0.0046247602	-0.023677697	0.96600574	0	0	0.39	-1.3825693e-18
9.230059985725473e-09	0.012483415	0.0013257603	0.9655889	0	0	0.39	-6.558454e-19
9.240024578252348e-09	0.0047635576	-0.010577261	0.96614283	0	0	0.39	-6.4334696e-19
9.250012832442109e-09	0.027033497	0.005605364	0.9665072	0	0	0.39	-1.7825963e-18
9.26003072248847e-09	0.0050159697	0.028241737	0.9653379	0	0	0.39	-1.1512075e-18
9.270044723501995e-09	-0.016885426	0.009299344	0.9656862	0	0	0.39	-2.5985035e-18
9.28004909421089e-09	0.0044842307	-0.0076420517	0.9668562	0	0	0.39	-2.4230215e-18
9.290048334863616e-09	0.0006054904	-0.0022663125	0.96761215	0	0	0.39	-1.9921752e-18
9.300008077063861e-09	0.020301161	0.002085329	0.96415716	0	0	0.39	-1.210403e-18
9.310040758039786e-09	-0.002914215	0.01132419	0.9671594	0	0	0.39	-5.78855e-19
9.320061003265557e-09	-0.0066974554	0.0014197275	0.96622175	0	0	0.39	-7.850161e-19
9.330045668849064e-09	-0.0043326113	-0.0053918143	0.9655174	0	0	0.39	-5.029046e-19
9.34000873103185e-09	0.010192096	0.00072129903	0.9661297	0	0	0.39	-1.8745877e-18
9.350061141200165e-09	-0.023893036	0.014548378	0.9666563	0	0	0.39	-9.374877e-19
9.360023399558479e-09	-0.030416837	-0.028767874	0.9659016	0	0	0.39	-1.3952494e-18
9.370037064909209e-09	0.029535005	-0.035533566	0.96637744	0	0	0.39	-1.9643629e-18
9.380059842653138e-09	0.039720677	0.031724043	0.96546084	0	0	0.39	-9.252222e-19
9.39002532837923e-09	-0.026687508	0.03777131	0.96701515	0	0	0.39	-1.0036937e-18
9.400058762241249e-09	-0.04442663	-0.01201855	0.96367115	0	0	0.39	-1.2018504e-18
9.410040412083239e-09	0.0256835	-0.032320265	0.96654093	0	0	0.39	-1.7342587e-18
9.420050508710376e-09	0.022953097	0.028181804	0.96566147	0	0	0.39	-1.3763764e-18
9.430036434285831e-09	-0.018214056	0.01978092	0.96473587	0	0	0.39	-1.4821663e-18
9.44001341235461e-09	-0.015853278	-0.0058016847	0.96634763	0	0	0.39	-1.5518711e-18
9.450020589561816e-09	0.0054760333	-0.01985011	0.9679976	0	0	0.39	-1.2367856e-18
9.460045765780175e-09	0.020576054	0.016113238	0.967768	0	0	0.39	-1.8089904e-18
9.470023577241198e-09	-0.03462215	0.024346052	0.9641511	0	0	0.39	-3.7526798e-19
9.48002011094459e-09	-0.02734153	-0.039136644	0.9620961	0	0	0.39	-1.5960627e-18
9.490009250602602e-09	0.026773429	-0.03180736	0.9612236	0	0	0.39	-1.5484612e-18
9.500037874448629e-09	0.032488044	0.010073604	0.96409106	0	0	0.39	-1.8459644e-18
9.510028919677227e-09	-0.003718878	0.03996946	0.9649984	0	0	0.39	-6.6164936e-19
9.520043886885668e-09	-0.03735219	0.011910876	0.96498114	0	0	0.39	-1.8595916e-18
9.530016017742994e-09	-0.030900855	-0.041123863	0.9696111	0	0	0.39	-1.4230627e-18
9.540036991796114e-09	0.03330851	-0.033603523	0.9652594	0	0	0.39	-1.2888576e-18
9.550049187720162e-09	0.04141628	0.027646055	0.9661182	0	0	0.39	-1.3322921e-18
9.560008458318103e-09	-0.030019106	0.05589095	0.96456337	0	0	0.39	-5.060766e-19
9.570061621910567e-09	-0.03848874	-0.019229397	0.96259123	0	0	0.39	-1.6600348e-18
9.580049011854105e-09	0.013095689	-0.032685425	0.96444964	0	0	0.39	-6.5473517e-19
9.59000552357692e-09	0.01804255	0.01122901	0.96540797	0	0	0.39	-2.8450544e-19
9.600000596036083e-09	0.006609112	0.021179218	0.96577716	0	0	0.39	-6.236213e-19
9.610053679615686e-09	-0.0037392366	0.013352474	0.9673827	0	0	0.39	-1.9436805e-18
9.620005062519787e-09	-0.019510068	-0.0086995065	0.9666517	0	0	0.39	-1.1212939e-18
9.630016237717548e-09	0.013298561	0.005590329	0.96659076	0	0	0.39	-2.7760783e-18
9.640031955068046e-09	-0.030565321	0.012212232	0.96469635	0	0	0.39	-8.4971446e-19
9.650000598341396e-09	-0.014046222	-0.016904306	0.96550024	0	0	0.39	-1.162783e-18
9.660009282464395e-09	0.02153235	-0.03690326	0.9648351	0	0	0.39	-1.1060909e-18
9.670059283462913e-09	0.02539366	0.019161839	0.9615294	0	0	0.39	-1.1052438e-18
9.680036699783015e-09	-0.0059415842	0.0046152757	0.9665345	0	0	0.39	-1.7825016e-18
9.690059408547484e-09	-0.0024052025	-0.0083666695	0.96467793	0	0	0.39	-1.4613188e-18
9.700055104230564e-09	0.021095635	0.019445868	0.962292	0	0	0.39	-1.0289066e-18
9.710036768567252e-09	-0.016028734	0.005469019	0.9610586	0	0	0.39	-1.7542859e-18
9.720007845087039e-09	0.014672195	-0.009351735	0.9619031	0	0	0.39	-1.105222e-18
9.730003456179892e-09	0.013300896	0.0025071492	0.9633418	0	0	0.39	-1.6524616e-19
9.740019812633314e-09	-0.00045479694	0.016618341	0.9654011	0	0	0.39	-2.0882348e-18
9.750040647611238e-09	-0.013642757	0.009101239	0.9651029	0	0	0.39	-2.0949021e-18
9.76003999574286e-09	-0.024565354	-0.0026454295	0.9655221	0	0	0.39	-1.1792892e-18
9.77002361362671e-09	0.0039137118	-0.0045392457	0.9688128	0	0	0.39	-1.841529e-18
9.780059053334319e-09	0.018938854	-0.0026990906	0.96743304	0	0	0.39	-2.1616273e-18
9.790026136032653e-09	0.014632056	0.013814795	0.96723276	0	0	0.39	-1.1560492e-18
9.800037398506056e-09	0.0042181136	0.005258754	0.96706486	0	0	0.39	-2.1268884e-18
9.810060939759574e-09	-0.006776443	-0.008136749	0.9681987	0	0	0.39	-4.182441e-19
9.820028410219362e-09	0.010529221	-0.009445653	0.96699756	0	0	0.39	-8.437375e-19
9.830021985609628e-09	0.0017217521	0.0013549341	0.9685765	0	0	0.39	-1.4063066e-18
9.840055477970764e-09	-0.0033152658	0.014289799	0.96839726	0	0	0.39	-2.4384993e-18
9.850008768400093e-09	-0.017255224	-0.009665602	0.96679306	0	0	0.39	-1.5764699e-18
9.860016573333933e-09	-0.0026544414	-0.017727152	0.9646865	0	0	0.39	-1.7022063e-18
9.870037385871506e-09	0.009247549	0.007644502	0.9619743	0	0	0.39	-1.2816234e-18
9.880049593493198e-09	-0.017072838	0.007676145	0.96257055	0	0	0.39	-1.6824131e-18
9.890052716298323e-09	-0.005205305	-0.047430668	0.9622768	0	0	0.39	-1.1206862e-18
9.900025346802664e-09	0.052893475	-0.0034222987	0.9637036	0	0	0.39	-7.477133e-19
9.910051412210376e-09	0.0032522844	0.03755674	0.9653778	0	0	0.39	-9.227911e-19
9.920054810968686e-09	-0.023978774	0.0008974845	0.96675855	0	0	0.39	-1.836397e-18
9.930059841441581e-09	-0.010802738	-0.02670766	0.9673119	0	0	0.39	-7.8217873e-19
9.940007928994476e-09	0.01768519	-0.018068574	0.96750647	0	0	0.39	-1.7160111e-18
9.950051559473543e-09	0.012213488	0.0023344848	0.9652545	0	0	0.39	-6.590819e-19
9.960006238890621e-09	0.01445738	0.026655944	0.96467155	0	0	0.39	-1.864692e-18
9.970006949856867e-09	-0.04022087	0.023093656	0.96280146	0	0	0.39	-9.690412e-19
9.980026448924702e-09	-0.0013259661	-0.04126364	0.9654855	0	0	0.39	-1.7057198e-18
9.990017281665702e-09	0.039086983	-0.0073486636	0.9641386	0	0	0.39	-1.5358591e-18
1e-08	-0.0028275005	0.047028337	0.9651803	0	0	0.39	-1.3617889e-18
