# t (s)	mx ()	my ()	mz ()	B_extx (T)	B_exty (T)	B_extz (T)	E_total (J)
0	0	0	-1	0	0	0.4	1.2498702e-18
1.0036105628903693e-11	0.0040957234	0.007633032	-0.976446	0	0	0.4	3.6712025e-18
2.004332988128438e-11	0.015831688	0.018651152	-0.9699309	0	0	0.4	4.4661636e-18
3.000267787755851e-11	0.033295795	0.013543186	-0.9665252	0	0	0.4	4.0783607e-18
4.0049462344021987e-11	0.015641015	0.023985703	-0.9645641	0	0	0.4	4.643873e-18
5.002929119856062e-11	0.013015914	0.04116785	-0.9628964	0	0	0.4	5.888384e-18
6.005229026561796e-11	0.015214067	0.048396867	-0.96014583	0	0	0.4	4.7797366e-18
7.000827527235038e-11	0.040971257	0.03020303	-0.95838267	0	0	0.4	5.1315895e-18
8.003192831035907e-11	0.050019916	0.018102322	-0.9609196	0	0	0.4	4.4608858e-18
9.001973351507092e-11	0.052214112	0.007982505	-0.9622291	0	0	0.4	4.305256e-18
1.0002825697736233e-10	0.05260781	-0.0050349375	-0.96288747	0	0	0.4	4.6073766e-18
1.1005665676357919e-10	0.04198223	-0.005553155	-0.9611917	0	0	0.4	3.957711e-18
1.2004410742348251e-10	0.05230888	-0.005732855	-0.9599701	0	0	0.4	5.8301766e-18
1.3004443207281503e-10	0.0531189	-0.021461416	-0.9596764	0	0	0.4	4.215483e-18
1.400477444581973e-10	0.05169139	-0.03789919	-0.956165	0	0	0.4	4.465907e-18
1.500036193007645e-10	0.046439048	-0.03355659	-0.9552552	0	0	0.4	4.323477e-18
1.6003951374067822e-10	0.042425904	-0.031633873	-0.95338315	0	0	0.4	4.165556e-18
1.7000422067558742e-10	0.051225863	-0.015501819	-0.9550981	0	0	0.4	4.2425337e-18
1.8005183864554972e-10	0.03734874	-0.010407857	-0.9558862	0	0	0.4	4.84754e-18
1.9005459839996378e-10	0.05977681	-0.017913321	-0.9558538	0	0	0.4	5.0677493e-18
2.0004845103952968e-10	0.06445072	-0.011637601	-0.9528159	0	0	0.4	5.0838843e-18
2.1000506379426222e-10	0.046168406	-0.03164425	-0.95345527	0	0	0.4	4.3423194e-18
2.2006666146865037e-10	0.061050076	-0.03213787	-0.9546725	0	0	0.4	5.0419917e-18
2.3002773283965472e-10	0.058240723	-0.051746283	-0.95450544	0	0	0.4	4.6061346e-18
2.4005552894405694e-10	0.054639082	-0.07577868	-0.95330256	0	0	0.4	5.05013e-18
2.500068738074944e-10	0.038377576	-0.074139625	-0.9512831	0	0	0.4	4.75701e-18
2.6005187302640855e-10	0.027384467	-0.08516352	-0.9502364	0	0	0.4	4.4150194e-18
2.700008688602899e-10	0.023070937	-0.10441158	-0.9503306	0	0	0.4	4.396294e-18
2.8001859482740223e-10	0.020939376	-0.1069748	-0.9491877	0	0	0.4	4.4379663e-18
2.9000995614790275e-10	0.0074200374	-0.093363054	-0.9493365	0	0	0.4	4.51016e-18
3.0004751015515425e-10	-0.0052752094	-0.08568317	-0.94731283	0	0	0.4	4.4033967e-18
3.100347509185514e-10	0.0017169286	-0.07012278	-0.9470889	0	0	0.4	4.883105e-18
3.2003757210882883e-10	-0.007686496	-0.076474145	-0.9517673	0	0	0.4	4.043869e-18
3.300107354664814e-10	0.008545607	-0.07785645	-0.95265496	0	0	0.4	4.6123343e-18
3.400505469946595e-10	0.015480968	-0.084597796	-0.9515997	0	0	0.4	4.369227e-18
3.5005830428254544e-10	0.008820934	-0.09474117	-0.95393276	0	0	0.4	5.335919e-18
3.600043750112019e-10	0.007829323	-0.09955738	-0.9520856	0	0	0.4	5.2014697e-18
3.7005478553145134e-10	-0.0057634204	-0.07911404	-0.95249975	0	0	0.4	4.8399095e-18
3.800100118646997e-10	-0.019779189	-0.0684099	-0.9520322	0	0	0.4	3.700805e-18
3.900126058544922e-10	-0.014642337	-0.04311599	-0.9502987	0	0	0.4	4.0007562e-18
4.0003037393664715e-10	0.01801352	-0.043586314	-0.94979316	0	0	0.4	5.1194436e-18
4.1006138362085644e-10	0.031463355	-0.035247102	-0.9534112	0	0	0.4	3.9596698e-18
4.200311590729956e-10	0.022373071	-0.056968506	-0.9540025	0	0	0.4	4.8943363e-18
4.3005305562979975e-10	0.009603244	-0.077129856	-0.95258665	0	0	0.4	4.26748e-18
4.400580995230085e-10	-0.0048169363	-0.07753163	-0.9526885	0	0	0.4	4.8931687e-18
4.500419354456266e-10	-0.035870623	-0.06731752	-0.9524469	0	0	0.4	5.8031997e-18
4.6006330466269767e-10	-0.050464164	-0.059857123	-0.94914335	0	0	0.4	4.231959e-18
4.70058680842798e-10	-0.06188468	-0.05104688	-0.9472824	0	0	0.4	4.1710748e-18
4.800181031214977e-10	-0.04269242	-0.04341506	-0.949025	0	0	0.4	4.2525434e-18
4.900366451970538e-10	-0.020778576	-0.037789617	-0.95127064	0	0	0.4	4.0374e-18
5.000258118870455e-10	0.013977577	-0.03213258	-0.9503154	0	0	0.4	4.5713917e-18
5.100206482856073e-10	0.014196469	-0.051386457	-0.94883835	0	0	0.4	3.8314117e-18
5.200333905787899e-10	0.002653684	-0.08159055	-0.9490943	0	0	0.4	4.1182237e-18
5.300024639377494e-10	-0.024692241	-0.08219353	-0.9461083	0	0	0.4	4.906635e-18
5.40037243758022e-10	-0.043523036	-0.078715995	-0.9457533	0	0	0.4	5.2170757e-18
5.50013281382047e-10	-0.058793414	-0.08184542	-0.9363197	0	0	0.4	5.517373e-18
5.600050068691212e-10	-0.073038496	-0.0583877	-0.9363293	0	0	0.4	4.605692e-18
5.700321619185003e-10	-0.052142054	-0.047968887	-0.94202787	0	0	0.4	3.189132e-18
5.80007761046006e-10	-0.032229498	-0.044331998	-0.94404656	0	0	0.4	4.5492394e-18
5.90024647424829e-10	-0.034528207	-0.042269845	-0.9439185	0	0	0.4	5.9773026e-18
6.000590986917501e-10	-0.033240836	-0.051924817	-0.9413164	0	0	0.4	5.9724715e-18
6.100180637071911e-10	-0.036464185	-0.048497956	-0.94196856	0	0	0.4	4.2266357e-18
6.200079298194244e-10	-0.03263933	-0.043757666	-0.9391666	0	0	0.4	4.3654622e-18
6.300369811965019e-10	-0.060110673	-0.04366931	-0.9386995	0	0	0.4	4.949474e-18
6.400133595422048e-10	-0.06333431	-0.053380456	-0.9369601	0	0	0.4	4.1212715e-18
6.500575684355952e-10	-0.059264746	-0.053575784	-0.94074744	0	0	0.4	4.8660144e-18
6.60023177385033e-10	-0.042348523	-0.03985029	-0.9410668	0	0	0.4	4.0930927e-18
6.700404619002367e-10	-0.031232368	-0.050442122	-0.9412379	0	0	0.4	5.039361e-18
6.800063476698091e-10	-0.032303076	-0.05826724	-0.94510216	0	0	0.4	3.7749066e-18
6.9004481486773e-10	-0.0075832	-0.077378936	-0.9386691	0	0	0.4	5.1710857e-18
7.000314586464559e-10	-0.013230197	-0.090511516	-0.93583566	0	0	0.4	5.905041e-18
7.100106543100758e-10	-0.017947607	-0.109725416	-0.93149525	0	0	0.4	4.7249595e-18
7.200477134202009e-10	-0.027143301	-0.103190966	-0.9413443	0	0	0.4	5.1010115e-18
7.300554246103244e-10	-0.035642497	-0.090569146	-0.9423451	0	0	0.4	4.64468e-18
7.400464256138498e-10	-0.045889854	-0.09352843	-0.94089437	0	0	0.4	4.1798185e-18
7.500046954131625e-10	-0.03878889	-0.08841205	-0.9363637	0	0	0.4	4.7463094e-18
7.600328707866801e-10	-0.04636773	-0.08091166	-0.9386224	0	0	0.4	3.3768906e-18
7.700225586873732e-10	-0.04576529	-0.089239486	-0.9352518	0	0	0.4	4.444586e-18
7.800640451814931e-10	-0.040780462	-0.09471382	-0.935987	0	0	0.4	4.834732e-18
7.900450818428992e-10	-0.033638034	-0.08906333	-0.938584	0	0	0.4	4.2990156e-18
8.000381568031517e-10	-0.04231669	-0.103398964	-0.9359548	0	0	0.4	3.338768e-18
8.100546227432289e-10	-0.04570617	-0.12101663	-0.93344325	0	0	0.4	4.4690108e-18
8.200596725104556e-10	-0.066165626	-0.11514106	-0.9282019	0	0	0.4	4.3843927e-18
8.300247586263319e-10	-0.07834741	-0.124202944	-0.92185754	0	0	0.4	5.7428706e-18
8.400236304323557e-10	-0.063658655	-0.12980779	-0.91761804	0	0	0.4	4.157878e-18
8.500211410927064e-10	-0.052848954	-0.12548704	-0.9166947	0	0	0.4	3.917308e-18
8.600593117047589e-10	-0.060906265	-0.12832975	-0.91344917	0	0	0.4	5.967079e-18
8.700314926976084e-10	-0.06164895	-0.120156355	-0.9136476	0	0	0.4	4.5847486e-18
8.800395037776756e-10	-0.07347027	-0.12071134	-0.9132288	0	0	0.4	4.1768063e-18
8.900426810560574e-10	-0.06663771	-0.12421155	-0.9183188	0	0	0.4	4.13318e-18
9.000328924194671e-10	-0.07211974	-0.108388714	-0.9225683	0	0	0.4	4.8603603e-18
9.100355967490724e-10	-0.07165976	-0.12396669	-0.91989183	0	0	0.4	4.775045e-18
9.200295864989824e-10	-0.07511292	-0.118859805	-0.9244232	0	0	0.4	4.9102045e-18
9.3000619008127e-10	-0.06905391	-0.10828951	-0.92386556	0	0	0.4	4.782903e-18
9.400056919403196e-10	-0.07522681	-0.09013679	-0.9320071	0	0	0.4	4.755951e-18
9.500388102611955e-10	-0.066324785	-0.10360805	-0.9318503	0	0	0.4	3.827071e-18
9.60020503459451e-10	-0.0642565	-0.101853676	-0.9299841	0	0	0.4	4.969362e-18
9.700175136129502e-10	-0.060949966	-0.1026318	-0.9334697	0	0	0.4	4.209715e-18
9.800061388885155e-10	-0.051274043	-0.10797322	-0.9340951	0	0	0.4	5.2519513e-18
9.900405316701214e-10	-0.063230656	-0.118445985	-0.9304815	0	0	0.4	4.387285e-18
1.0000432400687248e-09	-0.04224856	-0.106111154	-0.9319123	0	0	0.4	5.08369e-18
1.010054519898725e-09	-0.05065762	-0.10942694	-0.9254466	0	0	0.4	4.2182303e-18
1.0200482390276414e-09	-0.05907115	-0.10563026	-0.9226906	0	0	0.4	4.6610383e-18
1.0300529652332429e-09	-0.054472074	-0.10095509	-0.913035	0	0	0.4	3.95473e-18
1.0400514737856668e-09	-0.043103434	-0.0911085	-0.91369665	0	0	0.4	4.225201e-18
1.0500029010050166e-09	-0.024811829	-0.09356449	-0.91421574	0	0	0.4	4.813202e-18
1.060048071135326e-09	-0.019432407	-0.09577826	-0.91622907	0	0	0.4	3.985885e-18
1.0700034237063124e-09	-0.033140194	-0.099325396	-0.91434324	0	0	0.4	4.0188735e-18
1.0800629756317799e-09	-0.03778157	-0.10293066	-0.91775274	0	0	0.4	5.4925723e-18
1.0900642964926419e-09	-0.049522646	-0.12631238	-0.92155117	0	0	0.4	4.435913e-18
1.1000078515703176e-09	-0.049885772	-0.116706476	-0.9203451	0	0	0.4	5.6681327e-18
1.11003723546305e-09	-0.04000055	-0.114898935	-0.9202863	0	0	0.4	4.696965e-18
1.1200193367569497e-09	-0.042326715	-0.10918167	-0.91909176	0	0	0.4	4.1411246e-18
1.130020499614604e-09	-0.05905841	-0.12812713	-0.92160094	0	0	0.4	3.840135e-18
1.1400096721215603e-09	-0.063495256	-0.13989522	-0.9231284	0	0	0.4	5.3121163e-18
1.1500410548470036e-09	-0.04116424	-0.13339745	-0.92692137	0	0	0.4	4.7939633e-18
1.1600355782326503e-09	-0.03970149	-0.13521582	-0.93036556	0	0	0.4	5.2276504e-18
1.1700253943091183e-09	-0.043495018	-0.13654181	-0.93397933	0	0	0.4	4.1383552e-18
1.1800087680104255e-09	-0.03298878	-0.13179539	-0.92968947	0	0	0.4	4.596958e-18
1.1900296053399978e-09	-0.049348366	-0.12343637	-0.9326639	0	0	0.4	4.7807673e-18
1.200039657198654e-09	-0.06003317	-0.1387125	-0.92824703	0	0	0.4	4.84065e-18
1.2100204351228732e-09	-0.05213979	-0.12488413	-0.93174624	0	0	0.4	4.4732778e-18
1.220051428774724e-09	-0.04937732	-0.12172865	-0.9375657	0	0	0.4	4.6228817e-18
1.2300174073084472e-09	-0.050518434	-0.10308142	-0.93791735	0	0	0.4	4.1322523e-18
1.2400085461292692e-09	-0.050967645	-0.11676968	-0.93327564	0	0	0.4	4.6328484e-18
1.250034289843392e-09	-0.06653204	-0.11964287	-0.9358399	0	0	0.4	4.244924e-18
1.2600366801277843e-09	-0.061759915	-0.15018016	-0.9318565	0	0	0.4	4.265682e-18
1.2700425748138894e-09	-0.055537637	-0.141041	-0.9310418	0	0	0.4	4.771283e-18
1.2800574090356121e-09	-0.04675362	-0.13476811	-0.93359095	0	0	0.4	3.611958e-18
1.2900175355577407e-09	-0.033671577	-0.12268668	-0.9384524	0	0	0.4	4.892439e-18
1.3000632384037256e-09	-0.029466875	-0.12733713	-0.93603253	0	0	0.4	4.196827e-18
1.3100246706431318e-09	-0.016914275	-0.13713399	-0.9369176	0	0	0.4	4.797451e-18
1.3200457555520546e-09	-0.00041656775	-0.12454184	-0.94058436	0	0	0.4	5.533983e-18
1.3300087884926178e-09	-0.0033651548	-0.13050573	-0.94221175	0	0	0.4	4.8199765e-18
1.3400032473406397e-09	0.0049128006	-0.13244139	-0.94501185	0	0	0.4	5.52479e-18
1.3500298696835079e-09	-0.0028476927	-0.14751372	-0.9441304	0	0	0.4	4.490887e-18
1.3600326560505362e-09	-0.008109524	-0.15904367	-0.9466213	0	0	0.4	4.293354e-18
1.370050274091316e-09	-0.023758296	-0.15839393	-0.9442017	0	0	0.4	4.8565672e-18
1.380000593336234e-09	-0.038185954	-0.16266824	-0.94304764	0	0	0.4	5.028721e-18
1.3900464252669246e-09	-0.04517296	-0.14235695	-0.94488984	0	0	0.4	4.80851e-18
1.4000047257040452e-09	-0.039387546	-0.13317436	-0.9425542	0	0	0.4	4.462464e-18
1.4100349891911229e-09	-0.027113868	-0.11659221	-0.9475754	0	0	0.4	4.6472827e-18
1.4200069158499553e-09	-0.056036558	-0.11047975	-0.9468951	0	0	0.4	5.320412e-18
1.4300426157755816e-09	-0.044896085	-0.10528402	-0.94588304	0	0	0.4	4.4139507e-18
1.4400563165608405e-09	-0.036961623	-0.12347564	-0.9431189	0	0	0.4	5.1504608e-18
1.4500310845656871e-09	-0.052770585	-0.11999089	-0.9470154	0	0	0.4	4.197655e-18
1.4600114194432704e-09	-0.05871911	-0.099256776	-0.9532529	0	0	0.4	5.2718094e-18
1.4700038628905075e-09	-0.07013646	-0.10400002	-0.9498291	0	0	0.4	4.9057253e-18
1.4800101476597017e-09	-0.07866157	-0.09090525	-0.9540817	0	0	0.4	6.0144067e-18
1.4900182781808648e-09	-0.09127577	-0.08576512	-0.9511793	0	0	0.4	4.501178e-18
1.5000124967533283e-09	-0.08390902	-0.10412601	-0.9467264	0	0	0.4	5.3696504e-18
1.510015935416424e-09	-0.09340445	-0.09970136	-0.9459174	0	0	0.4	4.9661943e-18
1.5200258171040644e-09	-0.085923165	-0.10503979	-0.946026	0	0	0.4	4.202324e-18
1.5300247359675417e-09	-0.09230455	-0.09589028	-0.94826025	0	0	0.4	3.5573175e-18
1.5400376678336594e-09	-0.10542575	-0.107391216	-0.946276	0	0	0.4	4.9794623e-18
1.5500190127993328e-09	-0.11351705	-0.11411735	-0.94329756	0	0	0.4	4.6688233e-18
1.560014722464429e-09	-0.114919335	-0.115920864	-0.9406627	0	0	0.4	4.619336e-18
1.5700620107684259e-09	-0.107218415	-0.11669259	-0.94841415	0	0	0.4	4.4621514e-18
1.580015825062862e-09	-0.111438714	-0.11054704	-0.9494592	0	0	0.4	5.236827e-18
1.590003890156468e-09	-0.099100046	-0.09094195	-0.9473811	0	0	0.4	4.1131916e-18
1.6000492105144932e-09	-0.091899104	-0.08627945	-0.94625765	0	0	0.4	5.3847646e-18
1.6100621186718286e-09	-0.08560508	-0.091224894	-0.9453622	0	0	0.4	4.592652e-18
1.6200531116361287e-09	-0.09679584	-0.08245124	-0.9460691	0	0	0.4	4.1988035e-18
1.6300100462997133e-09	-0.100779414	-0.080968454	-0.94185394	0	0	0.4	5.4503667e-18
1.6400378938455403e-09	-0.11116122	-0.081387535	-0.94461226	0	0	0.4	4.687998e-18
1.6500357544876801e-09	-0.12263502	-0.07964044	-0.94514024	0	0	0.4	5.1865626e-18
1.6600302786246558e-09	-0.12427605	-0.058843415	-0.94394445	0	0	0.4	4.9591144e-18
1.6700443464472176e-09	-0.1330378	-0.074811794	-0.9401539	0	0	0.4	4.7378552e-18
1.6800257617174341e-09	-0.13683924	-0.073694564	-0.94007444	0	0	0.4	3.3180634e-18
1.6900171342480466e-09	-0.14169815	-0.077004105	-0.94103664	0	0	0.4	5.830656e-18
1.7000562755673041e-09	-0.13888302	-0.090728395	-0.9416996	0	0	0.4	4.4785734e-18
1.710054240358196e-09	-0.14228265	-0.10457709	-0.9318201	0	0	0.4	5.1345334e-18
1.7200362515768253e-09	-0.1476021	-0.10104255	-0.9279881	0	0	0.4	5.6618937e-18
1.7300290459655816e-09	-0.15131149	-0.12784328	-0.92436814	0	0	0.4	3.9186805e-18
1.740007089203885e-09	-0.14209324	-0.1338283	-0.92157555	0	0	0.4	4.535957e-18
1.7500617453511815e-09	-0.15320104	-0.14076783	-0.91978776	0	0	0.4	5.1929187e-18
1.76003637480662e-09	-0.14509697	-0.14677106	-0.92043257	0	0	0.4	5.602416e-18
1.770023841500578e-09	-0.123284966	-0.16332597	-0.9173417	0	0	0.4	4.905634e-18
1.780032006439951e-09	-0.11094526	-0.16192727	-0.91780674	0	0	0.4	4.901538e-18
1.7900100921394953e-09	-0.10537252	-0.16968364	-0.9195151	0	0	0.4	4.94706e-18
1.8000462133885308e-09	-0.109074906	-0.18119957	-0.92069644	0	0	0.4	4.8100056e-18
1.8100410289164057e-09	-0.10121415	-0.19040082	-0.92112607	0	0	0.4	4.4062385e-18
1.8200108509033673e-09	-0.107045434	-0.20664753	-0.9176201	0	0	0.4	4.8510197e-18
1.8300525032124521e-09	-0.117288224	-0.2169267	-0.9193613	0	0	0.4	4.2938515e-18
1.8400352822791202e-09	-0.118746266	-0.2178858	-0.91718847	0	0	0.4	4.572019e-18
1.8500269773258484e-09	-0.13115117	-0.22089049	-0.91645765	0	0	0.4	4.0805266e-18
1.8600192149416843e-09	-0.123774	-0.2143122	-0.9182858	0	0	0.4	5.01488e-18
1.870053513562364e-09	-0.14239956	-0.19550088	-0.92490345	0	0	0.4	4.5304504e-18
1.880024357091564e-09	-0.12851751	-0.16710266	-0.9280896	0	0	0.4	5.2073836e-18
1.890024621801472e-09	-0.11867368	-0.18487364	-0.92431647	0	0	0.4	4.6519537e-18
1.900065785592098e-09	-0.101733886	-0.17810039	-0.92499614	0	0	0.4	4.4355025e-18
1.910032079793625e-09	-0.085627854	-0.18502615	-0.9191281	0	0	0.4	4.9104696e-18
1.9200383908624532e-09	-0.07692545	-0.19189814	-0.92156154	0	0	0.4	4.217931e-18
1.9300122042691796e-09	-0.082212724	-0.18839046	-0.92294204	0	0	0.4	4.887312e-18
1.940038448865728e-09	-0.0939497	-0.20101425	-0.9260367	0	0	0.4	4.739031e-18
1.950043213738314e-09	-0.10881308	-0.18654864	-0.9311039	0	0	0.4	5.3321642e-18
1.960028656680604e-09	-0.13287295	-0.17150743	-0.93095684	0	0	0.4	4.6840103e-18
1.970054978610086e-09	-0.14143552	-0.16244943	-0.9296498	0	0	0.4	5.2324182e-18
1.980046958902001e-09	-0.13911924	-0.1465553	-0.935232	0	0	0.4	5.2014676e-18
1.9900406070008887e-09	-0.16779967	-0.11514371	-0.93060154	0	0	0.4	4.389073e-18
2.000055426911269e-09	-0.16654702	-0.09604163	-0.92983836	0	0	0.4	5.0749363e-18
2.0100156836201955e-09	-0.16684826	-0.0907944	-0.93235165	0	0	0.4	5.4260364e-18
2.0200271213870778e-09	-0.1768628	-0.10735242	-0.9242205	0	0	0.4	4.0759916e-18
2.0300081395746498e-09	-0.18920554	-0.1205238	-0.92166346	0	0	0.4	4.485967e-18
2.0400105669429494e-09	-0.18313858	-0.1342548	-0.921907	0	0	0.4	4.4017535e-18
2.0500575010887065e-09	-0.18644175	-0.11996769	-0.92879647	0	0	0.4	4.1975028e-18
2.060024606668896e-09	-0.18885484	-0.11913711	-0.9306757	0	0	0.4	4.716187e-18
2.07006042899513e-09	-0.22379488	-0.10278482	-0.925552	0	0	0.4	4.444169e-18
2.080026526229343e-09	-0.23486486	-0.09463817	-0.9238275	0	0	0.4	4.6391118e-18
2.0900337795817936e-09	-0.22390446	-0.0979117	-0.9209745	0	0	0.4	4.841664e-18
2.1000344124006583e-09	-0.18940698	-0.07877609	-0.9269743	0	0	0.4	4.5256003e-18
2.1100322550685487e-09	-0.18038395	-0.09231315	-0.9251731	0	0	0.4	5.737653e-18
2.12005555750459e-09	-0.16575037	-0.10649673	-0.9281267	0	0	0.4	4.724009e-18
2.1300519233224313e-09	-0.1662219	-0.09858469	-0.9321611	0	0	0.4	4.799198e-18
2.1400091195492723e-09	-0.17516853	-0.12276977	-0.93203294	0	0	0.4	3.5171066e-18
2.1500584916554763e-09	-0.17544857	-0.11562873	-0.9359338	0	0	0.4	4.3206973e-18
2.1600327930374617e-09	-0.18842791	-0.09932105	-0.93301797	0	0	0.4	4.8826408e-18
2.1700174229784296e-09	-0.19021694	-0.092086576	-0.93002	0	0	0.4	4.545863e-18
2.1800569397253273e-09	-0.18619463	-0.06504861	-0.93660414	0	0	0.4	4.26489e-18
2.1900141983512314e-09	-0.1776983	-0.0639499	-0.93399715	0	0	0.4	4.7331572e-18
2.200014759137532e-09	-0.17922519	-0.06327438	-0.93408984	0	0	0.4	3.8274913e-18
2.210004283560672e-09	-0.17701435	-0.06927002	-0.9310826	0	0	0.4	4.049554e-18
2.2200630519453762e-09	-0.1741079	-0.0657791	-0.93396515	0	0	0.4	4.2067527e-18
2.2300139008559576e-09	-0.1829297	-0.071697	-0.9352894	0	0	0.4	4.630136e-18
2.2400412553789984e-09	-0.19527023	-0.06670252	-0.93714535	0	0	0.4	5.4660215e-18
2.2500650973706083e-09	-0.19523947	-0.05611375	-0.93779594	0	0	0.4	4.74207e-18
2.260010414424328e-09	-0.20297328	-0.05926665	-0.9330575	0	0	0.4	4.4882667e-18
2.270053986099311e-09	-0.20971411	-0.042751726	-0.9292338	0	0	0.4	4.608316e-18
2.2800167724184292e-09	-0.18877685	-0.036282666	-0.9321035	0	0	0.4	5.366771e-18
2.2900582453889633e-09	-0.19131425	-0.03179288	-0.93367577	0	0	0.4	4.626429e-18
2.300059585013149e-09	-0.18780228	-0.039566744	-0.9271719	0	0	0.4	4.9895758e-18
2.3100055831230776e-09	-0.20159464	-0.046779558	-0.9260389	0	0	0.4	4.8919883e-18
2.320019617323766e-09	-0.19558308	-0.041164663	-0.922424	0	0	0.4	5.216389e-18
2.3300545048857345e-09	-0.1785797	-0.059009846	-0.92139053	0	0	0.4	4.3167446e-18
2.340021600417347e-09	-0.20011356	-0.07259255	-0.92171687	0	0	0.4	5.2266834e-18
2.350055729731491e-09	-0.19534922	-0.074938156	-0.9234469	0	0	0.4	5.2650278e-18
2.3600374373711375e-09	-0.20984319	-0.05730755	-0.92542255	0	0	0.4	4.622091e-18
2.370010116166691e-09	-0.2040647	-0.06754773	-0.92234147	0	0	0.4	4.6880697e-18
2.380015383280624e-09	-0.18423	-0.06563515	-0.92430615	0	0	0.4	4.5313872e-18
2.3900008610766574e-09	-0.1816548	-0.0676412	-0.92239213	0	0	0.4	4.028809e-18
2.4000299429637312e-09	-0.18288286	-0.073794074	-0.9252483	0	0	0.4	4.4010724e-18
2.4100090119969087e-09	-0.19395383	-0.071728885	-0.92138875	0	0	0.4	4.0756103e-18
2.420028843671674e-09	-0.20959608	-0.08078604	-0.92170346	0	0	0.4	4.9481026e-18
2.4300170250728743e-09	-0.22540602	-0.08969946	-0.91814387	0	0	0.4	4.472999e-18
2.440016135828435e-09	-0.23492765	-0.0926624	-0.91321254	0	0	0.4	4.282753e-18
2.4500526993197518e-09	-0.23331057	-0.09072479	-0.91625005	0	0	0.4	4.727329e-18
2.4600433540965888e-09	-0.24201101	-0.08803012	-0.9140507	0	0	0.4	4.247534e-18
2.4700357893021974e-09	-0.22951695	-0.10185227	-0.91231906	0	0	0.4	4.5412005e-18
2.4800626557419973e-09	-0.21782368	-0.104835	-0.912461	0	0	0.4	4.7341288e-18
2.4900193053084273e-09	-0.20994224	-0.100142725	-0.9123069	0	0	0.4	4.566223e-18
2.500009729520135e-09	-0.20304897	-0.087819695	-0.9231348	0	0	0.4	4.236566e-18
2.510039289542404e-09	-0.19837563	-0.0859889	-0.92427456	0	0	0.4	4.2367322e-18
2.520062200006291e-09	-0.20595509	-0.07040196	-0.9239307	0	0	0.4	5.0357742e-18
2.5300257785234996e-09	-0.20349565	-0.066129856	-0.92588836	0	0	0.4	4.5260544e-18
2.540030393320615e-09	-0.20103426	-0.051586982	-0.9247643	0	0	0.4	4.8117282e-18
2.5500514375076772e-09	-0.18169303	-0.04366682	-0.93076164	0	0	0.4	4.087425e-18
2.5600023137391405e-09	-0.19356386	-0.030585125	-0.92347836	0	0	0.4	4.2104664e-18
2.570043015253297e-09	-0.18916637	-0.040784474	-0.92122346	0	0	0.4	4.4029864e-18
2.5800067374112117e-09	-0.20318423	-0.044127963	-0.9173739	0	0	0.4	4.6016777e-18
2.590051112820511e-09	-0.21161959	-0.06142406	-0.915077	0	0	0.4	5.106702e-18
2.6000618139750944e-09	-0.22601052	-0.059536684	-0.91390854	0	0	0.4	4.749063e-18
2.6100428660376026e-09	-0.23014636	-0.052698314	-0.9152783	0	0	0.4	5.3560776e-18
2.6200635356632407e-09	-0.2386458	-0.061252613	-0.9110634	0	0	0.4	3.315843e-18
2.6300290519922417e-09	-0.22252196	-0.030752925	-0.9181625	0	0	0.4	3.953838e-18
2.640024901042081e-09	-0.19941255	-0.01791142	-0.92251015	0	0	0.4	4.9383154e-18
2.650054371852114e-09	-0.21134526	-0.023297329	-0.9149472	0	0	0.4	4.492599e-18
2.6600607993874015e-09	-0.2123981	-0.017526934	-0.9151124	0	0	0.4	4.566512e-18
2.670010281641317e-09	-0.21602143	-0.01498808	-0.9142539	0	0	0.4	4.240646e-18
2.680021435907656e-09	-0.21782906	-0.03456209	-0.9073856	0	0	0.4	5.0129825e-18
2.690063132408456e-09	-0.20762606	-0.024209633	-0.908288	0	0	0.4	5.3857845e-18
2.7000618901862064e-09	-0.21748081	-0.016969765	-0.9070776	0	0	0.4	4.8585595e-18
2.710013441471731e-09	-0.20290859	-0.03389397	-0.91308326	0	0	0.4	3.996382e-18
2.720031843436178e-09	-0.19627677	-0.02523464	-0.92120194	0	0	0.4	5.2425735e-18
2.7300629979570625e-09	-0.19820201	-0.036283374	-0.92152184	0	0	0.4	4.340254e-18
2.7400072111088945e-09	-0.20079504	-0.037879016	-0.92274123	0	0	0.4	4.8030383e-18
2.750016309937383e-09	-0.1923553	-0.041597422	-0.9215088	0	0	0.4	4.4003937e-18
2.760050996268428e-09	-0.18866073	-0.04703754	-0.9246109	0	0	0.4	4.2927076e-18
2.770028909873547e-09	-0.201234	-0.06288418	-0.92254585	0	0	0.4	4.670563e-18
2.780026444766547e-09	-0.2190828	-0.059439946	-0.91521555	0	0	0.4	4.980706e-18
2.790033318823232e-09	-0.22408907	-0.038564783	-0.90984005	0	0	0.4	4.6003203e-18
2.800060116730266e-09	-0.21116295	-0.029465098	-0.91138583	0	0	0.4	5.01432e-18
2.8100336083318987e-09	-0.20595472	-0.025977492	-0.9105795	0	0	0.4	4.9901478e-18
2.8200313676537687e-09	-0.20855898	-0.014686642	-0.9067126	0	0	0.4	4.7558662e-18
2.8300037274509025e-09	-0.1932084	-0.018483168	-0.9141171	0	0	0.4	5.5803387e-18
2.8400175128121533e-09	-0.19394688	-0.017980697	-0.9149176	0	0	0.4	4.8758906e-18
2.8500015788766886e-09	-0.20013507	-0.03219161	-0.9191699	0	0	0.4	5.0193324e-18
2.8600156439084472e-09	-0.2136083	-0.026302962	-0.91671455	0	0	0.4	4.624865e-18
2.8700163806843873e-09	-0.22075157	-0.032010537	-0.91565406	0	0	0.4	4.278198e-18
2.880054760481478e-09	-0.2271403	-0.059445925	-0.911009	0	0	0.4	4.8306537e-18
2.890034307466845e-09	-0.23304336	-0.05563189	-0.9110161	0	0	0.4	4.605238e-18
2.900006539327855e-09	-0.22832455	-0.045658637	-0.91223776	0	0	0.4	5.3691136e-18
2.910030666223192e-09	-0.22472937	-0.035946958	-0.9151572	0	0	0.4	5.2206747e-18
2.92003910819663e-09	-0.2047931	-0.034502476	-0.92382103	0	0	0.4	3.526556e-18
2.930007046525243e-09	-0.19588606	-0.05123918	-0.923286	0	0	0.4	4.4298475e-18
2.9400366263738294e-09	-0.18737364	-0.05620795	-0.9238137	0	0	0.4	4.9325744e-18
2.9500135061074576e-09	-0.19483927	-0.058992133	-0.9267963	0	0	0.4	5.941341e-18
2.96003373779281e-09	-0.20561568	-0.07852574	-0.9215651	0	0	0.4	5.673689e-18
2.9700336525277517e-09	-0.23141102	-0.07613124	-0.9199692	0	0	0.4	5.044313e-18
2.980057279591037e-09	-0.22938582	-0.071575426	-0.92184013	0	0	0.4	4.2811597e-18
2.9900377412946555e-09	-0.23689736	-0.07182564	-0.91704667	0	0	0.4	4.6186213e-18
3.0000499793344055e-09	-0.24600564	-0.06635375	-0.9135783	0	0	0.4	4.5438177e-18
3.01003647621332e-09	-0.24317457	-0.039948516	-0.91559124	0	0	0.4	4.8264107e-18
3.0200321951874978e-09	-0.23463564	-0.040666617	-0.91526914	0	0	0.4	4.4984117e-18
3.030053393054201e-09	-0.23142639	-0.03131615	-0.91207767	0	0	0.4	4.6531184e-18
3.040008383349222e-09	-0.2219805	-0.015122812	-0.91772556	0	0	0.4	4.5417394e-18
3.050060024722638e-09	-0.20253688	-0.011359826	-0.9156812	0	0	0.4	5.4520343e-18
3.0600304337770708e-09	-0.19189972	-0.027426075	-0.92147344	0	0	0.4	4.796138e-18
3.0700587979291464e-09	-0.19862065	-0.03085805	-0.92763424	0	0	0.4	4.4559798e-18
3.0800453772541653e-09	-0.19926678	-0.025846763	-0.9284824	0	0	0.4	4.107197e-18
3.0900590327749825e-09	-0.20125456	-0.026128892	-0.9315951	0	0	0.4	5.068891e-18
3.1000228692520686e-09	-0.20386586	-0.008499463	-0.9315126	0	0	0.4	4.2768112e-18
3.1100592432319897e-09	-0.19285734	0.01047662	-0.93226105	0	0	0.4	5.3041596e-18
3.1200380872125563e-09	-0.18479726	0.010320418	-0.9330592	0	0	0.4	4.807221e-18
3.1300470110161857e-09	-0.17475893	0.017827244	-0.9382097	0	0	0.4	4.192229e-18
3.1400618222955274e-09	-0.17362472	0.036646556	-0.93784755	0	0	0.4	4.305745e-18
3.1500018240287736e-09	-0.1708772	0.041022014	-0.93812567	0	0	0.4	4.519445e-18
3.1600658197601786e-09	-0.1546624	0.033195123	-0.941403	0	0	0.4	4.938323e-18
3.170060746814388e-09	-0.1797622	0.038590904	-0.9390116	0	0	0.4	3.3652294e-18
3.1800407628419558e-09	-0.1832166	0.03804137	-0.9412178	0	0	0.4	3.9729563e-18
3.1900281205604234e-09	-0.19941212	0.031688172	-0.93260807	0	0	0.4	4.5093346e-18
3.2000609963134807e-09	-0.18410003	0.021257138	-0.93615603	0	0	0.4	5.412116e-18
3.210061248273618e-09	-0.18746921	0.029725699	-0.93768865	0	0	0.4	4.265581e-18
3.2200528668071747e-09	-0.17643024	0.0382641	-0.9408991	0	0	0.4	4.8191787e-18
3.230007649353237e-09	-0.1866723	0.055448562	-0.9343164	0	0	0.4	4.3788725e-18
3.24002408686815e-09	-0.18199266	0.05642643	-0.93253946	0	0	0.4	4.433653e-18
3.2500428510974215e-09	-0.17786543	0.044065427	-0.93080205	0	0	0.4	5.2281223e-18
3.260032094954305e-09	-0.17887628	0.031371426	-0.93366206	0	0	0.4	3.534515e-18
3.270050096763111e-09	-0.18734843	0.024657104	-0.9301632	0	0	0.4	4.948219e-18
3.280052318174991e-09	-0.18555683	0.034137633	-0.9289226	0	0	0.4	4.21088e-18
3.2900065694892475e-09	-0.20707068	0.052092947	-0.9264618	0	0	0.4	3.8376565e-18
3.3000242040370736e-09	-0.20530163	0.06873516	-0.9241039	0	0	0.4	4.4414086e-18
3.3100316569331372e-09	-0.2028549	0.063402854	-0.9275591	0	0	0.4	3.814581e-18
3.32000739779189e-09	-0.22584131	0.057797886	-0.91992915	0	0	0.4	4.774353e-18
3.330013145632294e-09	-0.21432416	0.04235324	-0.92237025	0	0	0.4	5.114959e-18
3.340010365984791e-09	-0.20890993	0.030720169	-0.9244045	0	0	0.4	4.940832e-18
3.3500111111556386e-09	-0.21478726	0.027036881	-0.92611396	0	0	0.4	4.0399327e-18
3.3600495935007713e-09	-0.20738442	0.037464846	-0.9272858	0	0	0.4	4.9093058e-18
3.3700193167178373e-09	-0.22720753	0.017356532	-0.92919606	0	0	0.4	3.9074544e-18
3.3800015024890406e-09	-0.24000981	0.014349577	-0.9259891	0	0	0.4	4.5516875e-18
3.3900282568996483e-09	-0.24378614	0.012723355	-0.9248989	0	0	0.4	5.5079616e-18
3.4000337633163632e-09	-0.22973934	0.0056511667	-0.9292631	0	0	0.4	5.1016476e-18
3.4100589593920235e-09	-0.21683323	0.024828766	-0.9296902	0	0	0.4	4.50717e-18
3.420028483023734e-09	-0.19211228	0.02255717	-0.9375121	0	0	0.4	4.0162464e-18
3.4300553395379807e-09	-0.18524405	0.018451327	-0.93713313	0	0	0.4	4.566534e-18
3.4400450074302603e-09	-0.16724893	0.019680087	-0.9372554	0	0	0.4	4.797867e-18
3.4500384384997275e-09	-0.15980282	0.01681299	-0.9397932	0	0	0.4	4.3155307e-18
3.4600191807501414e-09	-0.16984615	-0.0094644	-0.9372901	0	0	0.4	4.8889575e-18
3.4700497448410755e-09	-0.17505684	-0.007393844	-0.941995	0	0	0.4	3.8359074e-18
3.4800524432313868e-09	-0.18204467	0.007186219	-0.94332516	0	0	0.4	3.7245267e-18
3.4900427168885856e-09	-0.18425807	0.0001713704	-0.9461426	0	0	0.4	3.6418297e-18
3.5000293108240266e-09	-0.17163603	0.016230244	-0.9438176	0	0	0.4	5.1305423e-18
3.5100087359082797e-09	-0.17637989	0.043242905	-0.93800753	0	0	0.4	5.2314554e-18
3.520056621601962e-09	-0.17541009	0.054558948	-0.93450403	0	0	0.4	5.7623254e-18
3.5300426977338605e-09	-0.16837604	0.05830101	-0.93682724	0	0	0.4	4.578982e-18
3.540067034394015e-09	-0.16120975	0.035740633	-0.93385595	0	0	0.4	3.8007808e-18
3.550036631682e-09	-0.16438338	0.03319336	-0.93493617	0	0	0.4	5.2620433e-18
3.560029154505377e-09	-0.172061	0.012322506	-0.9378115	0	0	0.4	4.1616995e-18
3.5700379681966533e-09	-0.1697104	0.020275716	-0.9373449	0	0	0.4	5.3892724e-18
3.5800134581250934e-09	-0.17339534	0.014219004	-0.9390556	0	0	0.4	3.735125e-18
3.5900608886758935e-09	-0.16564709	0.028820785	-0.9375484	0	0	0.4	4.3738023e-18
3.6000468848446558e-09	-0.163976	0.023842935	-0.93815875	0	0	0.4	4.2969014e-18
3.610033176253971e-09	-0.1589493	0.0061473045	-0.9373583	0	0	0.4	4.278979e-18
3.620030249414615e-09	-0.16393434	0.0016280771	-0.9367025	0	0	0.4	5.062598e-18
3.63002108261849e-09	-0.1703191	0.004145528	-0.93665886	0	0	0.4	4.960366e-18
3.6400479973789825e-09	-0.1829744	0.0075508715	-0.93675435	0	0	0.4	4.3538867e-18
3.650050538066442e-09	-0.18213488	0.0036409418	-0.9333655	0	0	0.4	4.4833487e-18
3.6600056711106505e-09	-0.16657862	0.03406071	-0.9370449	0	0	0.4	5.844252e-18
3.6700313548510404e-09	-0.17444637	0.038163517	-0.9352826	0	0	0.4	4.431754e-18
3.6800247683798926e-09	-0.15312743	0.044020686	-0.93758714	0	0	0.4	5.270527e-18
3.6900154415875796e-09	-0.16825995	0.031506743	-0.9339156	0	0	0.4	4.8763894e-18
3.700014389039537e-09	-0.16945711	0.00957064	-0.93854433	0	0	0.4	5.0989886e-18
3.710055110711462e-09	-0.1677297	0.008240764	-0.9374905	0	0	0.4	4.1842336e-18
3.720003609485877e-09	-0.16679172	0.0024940863	-0.9390035	0	0	0.4	4.953576e-18
3.730062113172192e-09	-0.162445	0.0085493	-0.94019485	0	0	0.4	4.6901484e-18
3.740056335812677e-09	-0.1761826	0.0055473675	-0.9388234	0	0	0.4	4.5943216e-18
3.750006222004106e-09	-0.17000403	0.02681671	-0.9338586	0	0	0.4	5.4718403e-18
3.760002267012745e-09	-0.16810589	0.048236594	-0.93681806	0	0	0.4	4.978276e-18
3.770026047047747e-09	-0.1648521	0.069898196	-0.9368818	0	0	0.4	3.9523442e-18
3.780056946971705e-09	-0.16409872	0.07865414	-0.93301255	0	0	0.4	4.319607e-18
3.790056669164518e-09	-0.15250683	0.07834785	-0.93116915	0	0	0.4	4.9849212e-18
3.800032686209497e-09	-0.1483849	0.07904795	-0.93698484	0	0	0.4	4.0833308e-18
3.8100134364840524e-09	-0.15811351	0.06480934	-0.9304925	0	0	0.4	5.8971542e-18
3.820017179567805e-09	-0.17607601	0.06626542	-0.9296202	0	0	0.4	4.936688e-18
3.830029606380691e-09	-0.16880746	0.08280642	-0.9314485	0	0	0.4	4.1068806e-18
3.840062600890741e-09	-0.17052712	0.10105661	-0.9351876	0	0	0.4	3.6485154e-18
3.850036879005835e-09	-0.18054034	0.09959857	-0.9364195	0	0	0.4	5.4392155e-18
3.86003443437533e-09	-0.17876977	0.12227397	-0.9281056	0	0	0.4	5.30147e-18
3.870060090390253e-09	-0.15946728	0.12054998	-0.9330288	0	0	0.4	4.9689306e-18
3.880019035745748e-09	-0.14348605	0.115402326	-0.9353683	0	0	0.4	4.684575e-18
3.890051685395507e-09	-0.14598262	0.11301512	-0.9285042	0	0	0.4	5.638115e-18
3.9000163805656476e-09	-0.14517492	0.119745135	-0.92596984	0	0	0.4	4.9987538e-18
3.910046902233465e-09	-0.14471602	0.12977922	-0.92267853	0	0	0.4	3.7319436e-18
3.9200160101357375e-09	-0.14935812	0.14131217	-0.9177384	0	0	0.4	5.446042e-18
3.930031214544338e-09	-0.14901115	0.1421	-0.91961795	0	0	0.4	4.606028e-18
3.940059871120686e-09	-0.14049472	0.14447078	-0.9219168	0	0	0.4	4.8973183e-18
3.9500364686259326e-09	-0.14349458	0.15366909	-0.920281	0	0	0.4	5.491223e-18
3.960028798433434e-09	-0.12915087	0.12500612	-0.926756	0	0	0.4	5.6084194e-18
3.970007397457559e-09	-0.12942377	0.122288674	-0.9237909	0	0	0.4	5.0877175e-18
3.98001475693895e-09	-0.1286427	0.12619445	-0.9261273	0	0	0.4	4.4154128e-18
3.990051537078132e-09	-0.13858818	0.12129816	-0.9323323	0	0	0.4	4.097076e-18
4.000046617838483e-09	-0.11721197	0.113644585	-0.9361526	0	0	0.4	4.9158992e-18
4.010053892247078e-09	-0.11652532	0.09947386	-0.93645173	0	0	0.4	4.6228767e-18
4.020016296848616e-09	-0.11489169	0.08789344	-0.9346219	0	0	0.4	3.8329473e-18
4.030021571376033e-09	-0.11837937	0.104607925	-0.9368746	0	0	0.4	5.217639e-18
4.040027217359046e-09	-0.12848832	0.110314526	-0.9385049	0	0	0.4	3.4802065e-18
4.0500464718461524e-09	-0.13381027	0.12381643	-0.936372	0	0	0.4	5.041922e-18
4.060032226266678e-09	-0.12946764	0.1251346	-0.93235636	0	0	0.4	5.031068e-18
4.0700507792055925e-09	-0.12277808	0.112783	-0.9293609	0	0	0.4	4.342354e-18
4.080001065419088e-09	-0.126849	0.10912889	-0.9255766	0	0	0.4	5.525088e-18
4.090004798827797e-09	-0.13478512	0.10505453	-0.92119664	0	0	0.4	5.342636e-18
4.10003473034128e-09	-0.140051	0.09360845	-0.9198308	0	0	0.4	4.762339e-18
4.110018780900562e-09	-0.15064876	0.077577546	-0.9156733	0	0	0.4	4.2184983e-18
4.120052470879153e-09	-0.16111483	0.07440431	-0.91664433	0	0	0.4	4.304299e-18
4.1300205586005305e-09	-0.17394537	0.07850045	-0.91123503	0	0	0.4	4.2833397e-18
4.140001810958945e-09	-0.18406144	0.10138735	-0.9083797	0	0	0.4	4.66918e-18
4.150012660214429e-09	-0.19436346	0.08227045	-0.9075197	0	0	0.4	4.8524863e-18
4.160014859346175e-09	-0.20508441	0.07697811	-0.91030115	0	0	0.4	4.8911736e-18
4.170025233779005e-09	-0.20076205	0.095812604	-0.91332984	0	0	0.4	4.488231e-18
4.180042880209151e-09	-0.17955403	0.095526345	-0.9165006	0	0	0.4	4.035121e-18
4.1900212743416324e-09	-0.17125063	0.08859843	-0.9209333	0	0	0.4	4.745314e-18
4.200001812539747e-09	-0.1427868	0.09964634	-0.92196673	0	0	0.4	5.1576473e-18
4.21000791667966e-09	-0.14907429	0.095493354	-0.92107403	0	0	0.4	5.1238868e-18
4.2200032832291175e-09	-0.14782546	0.084201984	-0.9263176	0	0	0.4	4.5447e-18
4.2300389350051185e-09	-0.15658566	0.07632383	-0.9306888	0	0	0.4	4.655003e-18
4.240021926807471e-09	-0.15370993	0.07652285	-0.9339343	0	0	0.4	5.3570247e-18
4.250019398863221e-09	-0.1675815	0.074400865	-0.93304384	0	0	0.4	3.842453e-18
4.260031876231883e-09	-0.15925021	0.07933709	-0.9368116	0	0	0.4	4.476403e-18
4.270034280543287e-09	-0.1600461	0.09483493	-0.93135667	0	0	0.4	5.864464e-18
4.280046508403608e-09	-0.16922666	0.097555496	-0.93062544	0	0	0.4	4.3790073e-18
4.290056088390782e-09	-0.14540142	0.09980332	-0.931324	0	0	0.4	4.2518564e-18
4.300021640533739e-09	-0.13666752	0.10966077	-0.9301423	0	0	0.4	4.728704e-18
4.310001814345834e-09	-0.11615988	0.11775856	-0.92635995	0	0	0.4	3.727526e-18
4.320031243348961e-09	-0.109930046	0.10830261	-0.92342496	0	0	0.4	4.066427e-18
4.3300610361317506e-09	-0.119792394	0.08055129	-0.91697025	0	0	0.4	4.9033997e-18
4.340010284139614e-09	-0.14401975	0.04584592	-0.9212917	0	0	0.4	4.2905027e-18
4.3500453094902684e-09	-0.14768021	0.06465981	-0.92505395	0	0	0.4	5.0114212e-18
4.360045146739472e-09	-0.16009745	0.097451955	-0.9297759	0	0	0.4	4.774679e-18
4.370044747161778e-09	-0.15745537	0.10356741	-0.9310924	0	0	0.4	4.232906e-18
4.380050022161903e-09	-0.13234778	0.12255219	-0.9303516	0	0	0.4	4.5203216e-18
4.390039906243266e-09	-0.11046988	0.12735179	-0.92852503	0	0	0.4	3.7424563e-18
4.40001605847972e-09	-0.10479759	0.11209863	-0.928776	0	0	0.4	3.4761058e-18
4.410024797724538e-09	-0.09715416	0.10183263	-0.92411613	0	0	0.4	4.2695428e-18
4.4200205344523885e-09	-0.11828343	0.08043295	-0.92671615	0	0	0.4	4.850869e-18
4.430059451962623e-09	-0.13771702	0.07833892	-0.9206968	0	0	0.4	4.2914143e-18
4.440011166651543e-09	-0.13814808	0.07300522	-0.92262393	0	0	0.4	4.9619976e-18
4.450018726748727e-09	-0.13558517	0.08229523	-0.92120254	0	0	0.4	5.0012022e-18
4.46005843940521e-09	-0.1418758	0.08507854	-0.92251223	0	0	0.4	5.023657e-18
4.470062305852261e-09	-0.11157076	0.096885435	-0.9252398	0	0	0.4	5.077619e-18
4.480050780108642e-09	-0.10437916	0.104597814	-0.92418694	0	0	0.4	4.901268e-18
4.4900457120774736e-09	-0.09546672	0.09587715	-0.9281244	0	0	0.4	3.8141943e-18
4.500015207197671e-09	-0.08355121	0.08722263	-0.9283416	0	0	0.4	4.6927867e-18
4.510040103183827e-09	-0.08480705	0.07606497	-0.92792946	0	0	0.4	4.951433e-18
4.52002130185878e-09	-0.089392826	0.07643764	-0.92422986	0	0	0.4	5.3094354e-18
4.530058465256785e-09	-0.094032116	0.074923195	-0.92728186	0	0	0.4	4.7469033e-18
4.540012892056592e-09	-0.110431	0.08073774	-0.92890173	0	0	0.4	5.1779765e-18
4.550017666329232e-09	-0.122691736	0.10068276	-0.9247589	0	0	0.4	4.3614926e-18
4.5600109036907485e-09	-0.118890435	0.11423946	-0.92222446	0	0	0.4	4.215421e-18
4.570043169996002e-09	-0.11994374	0.10477839	-0.9236886	0	0	0.4	5.039813e-18
4.5800071679834865e-09	-0.0991104	0.10027735	-0.9295274	0	0	0.4	3.9588153e-18
4.590055555870472e-09	-0.084232144	0.0889979	-0.9325257	0	0	0.4	4.7783072e-18
4.600054990995665e-09	-0.074900046	0.07979464	-0.92957205	0	0	0.4	4.281786e-18
4.610029156851116e-09	-0.08719135	0.07321278	-0.92646074	0	0	0.4	5.6092937e-18
4.62003482780921e-09	-0.10647244	0.078550525	-0.92160726	0	0	0.4	4.831742e-18
4.630049238080362e-09	-0.13706897	0.07585291	-0.92338264	0	0	0.4	4.6440074e-18
4.6400336283698545e-09	-0.15139517	0.07603145	-0.92928267	0	0	0.4	4.911085e-18
4.650002514475817e-09	-0.15445802	0.09570878	-0.9304847	0	0	0.4	3.8894177e-18
4.660040872681056e-09	-0.15845172	0.1087857	-0.9218512	0	0	0.4	4.7720538e-18
4.670062181092956e-09	-0.14541416	0.091208614	-0.9207455	0	0	0.4	3.8965852e-18
4.680015746933198e-09	-0.13791744	0.072923824	-0.91764855	0	0	0.4	3.9926503e-18
4.690003246918946e-09	-0.14849314	0.059965998	-0.91961956	0	0	0.4	5.42638e-18
4.7000584412182415e-09	-0.15606512	0.042492926	-0.92180437	0	0	0.4	5.1631042e-18
4.710017701115434e-09	-0.15877597	0.027822057	-0.92625767	0	0	0.4	4.8057734e-18
4.720031741716627e-09	-0.17400546	0.016207742	-0.92115146	0	0	0.4	4.5456164e-18
4.7300443148745595e-09	-0.17973399	0.027459605	-0.9203507	0	0	0.4	4.612331e-18
4.74002613990929e-09	-0.17549978	0.061373048	-0.9226074	0	0	0.4	4.6864224e-18
4.7500304249304355e-09	-0.1787884	0.06134597	-0.9236306	0	0	0.4	5.0586077e-18
4.760016607862759e-09	-0.17192534	0.060533527	-0.9261025	0	0	0.4	4.8016366e-18
4.770019818231349e-09	-0.15990707	0.046361107	-0.92882746	0	0	0.4	4.8266543e-18
4.780043037777151e-09	-0.14358571	0.04938864	-0.9342376	0	0	0.4	4.8049507e-18
4.790021517331665e-09	-0.13612069	0.05277645	-0.93406206	0	0	0.4	4.943865e-18
4.800007965788372e-09	-0.13502368	0.037076656	-0.93543065	0	0	0.4	4.925451e-18
4.810043307900995e-09	-0.13101114	0.04749875	-0.935298	0	0	0.4	4.328999e-18
4.820011019312609e-09	-0.13847828	0.05150375	-0.92920595	0	0	0.4	5.725326e-18
4.830065987935962e-09	-0.1316786	0.06107031	-0.9316505	0	0	0.4	5.6038203e-18
4.840062983334729e-09	-0.1264655	0.051935535	-0.93346596	0	0	0.4	4.6866254e-18
4.850060600950761e-09	-0.12310396	0.04687331	-0.93063676	0	0	0.4	3.9523488e-18
4.860049355056729e-09	-0.11799139	0.05796467	-0.92796576	0	0	0.4	5.224291e-18
4.870028331036377e-09	-0.10778349	0.057635825	-0.92750394	0	0	0.4	5.449045e-18
4.880030047478426e-09	-0.10979376	0.05599594	-0.92885554	0	0	0.4	4.4985767e-18
4.890011579270971e-09	-0.106714465	0.05870141	-0.935592	0	0	0.4	4.3964037e-18
4.900053029943883e-09	-0.1134203	0.056972053	-0.93482304	0	0	0.4	4.6512697e-18
4.9100351742824306e-09	-0.12029043	0.041037146	-0.93517	0	0	0.4	5.106589e-18
4.920028261716949e-09	-0.117789075	0.030627195	-0.9352152	0	0	0.4	5.382109e-18
4.930005266694688e-09	-0.12238035	0.013711717	-0.9298159	0	0	0.4	4.4700187e-18
4.940061906807303e-09	-0.11344646	0.009846837	-0.9356324	0	0	0.4	4.4787103e-18
4.9500303227465224e-09	-0.10551072	0.018527929	-0.93351436	0	0	0.4	4.7858325e-18
4.960016677316681e-09	-0.117294535	-0.006071509	-0.9330688	0	0	0.4	4.6760967e-18
4.970026730594034e-09	-0.12240874	-0.011655446	-0.9346691	0	0	0.4	3.3864243e-18
4.980013941437729e-09	-0.12129229	-0.008169227	-0.9401538	0	0	0.4	4.775047e-18
4.990016080905428e-09	-0.12066737	-0.0031007193	-0.94158417	0	0	0.4	3.8063204e-18
5.0000437639309424e-09	-0.12637833	-0.01966213	-0.9398328	0	0	0.4	4.9859974e-18
5.0100418495145856e-09	-0.12899733	-0.01691682	-0.94030035	0	0	0.4	4.9176756e-18
5.0200545524071176e-09	-0.12701133	-0.00900495	-0.93860257	0	0	0.4	4.5560537e-18
5.030000345952202e-09	-0.13201107	-0.015514622	-0.93922144	0	0	0.4	3.8981275e-18
5.040011995901143e-09	-0.12354226	0.0093269395	-0.9382166	0	0	0.4	4.2716637e-18
5.050047932026198e-09	-0.114766255	0.012072316	-0.93617374	0	0	0.4	4.3196447e-18
5.060060020827774e-09	-0.118265525	0.011014804	-0.93165225	0	0	0.4	5.1490165e-18
5.070041381794565e-09	-0.11963031	-0.010308559	-0.9322988	0	0	0.4	4.4457186e-18
5.080000896572737e-09	-0.1356958	-0.012231296	-0.93132555	0	0	0.4	4.5520303e-18
5.090004069566725e-09	-0.15186441	-0.008916586	-0.9280629	0	0	0.4	3.3997371e-18
5.1000291584114156e-09	-0.17362326	0.00083082414	-0.9260037	0	0	0.4	4.8520988e-18
5.1100601534121904e-09	-0.1603541	-0.0064487597	-0.92994547	0	0	0.4	4.690682e-18
5.120045725204059e-09	-0.1542683	0.006535159	-0.93105227	0	0	0.4	4.5393765e-18
5.1300360679096135e-09	-0.1551347	-0.00025800883	-0.92838585	0	0	0.4	4.9773906e-18
5.140011148528123e-09	-0.14999554	-0.0022259557	-0.9289117	0	0	0.4	6.057543e-18
5.150010928653903e-09	-0.15668489	0.00093211094	-0.9287229	0	0	0.4	5.4019547e-18
5.1600327311751494e-09	-0.14631464	-0.019545404	-0.93092054	0	0	0.4	5.274942e-18
5.170013343247859e-09	-0.15265208	-0.01763394	-0.928333	0	0	0.4	4.0074618e-18
5.18005560890957e-09	-0.14723532	-0.025075734	-0.9264944	0	0	0.4	4.5962237e-18
5.1900349102572936e-09	-0.157725	-0.045752555	-0.9211167	0	0	0.4	4.071286e-18
5.200003167554658e-09	-0.16648367	-0.06105162	-0.9189408	0	0	0.4	4.4120726e-18
5.2100614998304525e-09	-0.15360926	-0.06363734	-0.9152729	0	0	0.4	5.409735e-18
5.2200177930405065e-09	-0.15082076	-0.054110058	-0.9193933	0	0	0.4	3.913613e-18
5.230009129686316e-09	-0.14879218	-0.0483001	-0.9252426	0	0	0.4	3.785463e-18
5.240006216162012e-09	-0.1620127	-0.048380617	-0.92197317	0	0	0.4	4.880171e-18
5.25004164962126e-09	-0.1686916	-0.047561362	-0.9230318	0	0	0.4	4.8514035e-18
5.260002741755543e-09	-0.18541737	-0.040104542	-0.9206831	0	0	0.4	5.0717314e-18
5.270007344621675e-09	-0.18785208	-0.032699835	-0.9250028	0	0	0.4	4.5067674e-18
5.280056648714853e-09	-0.20484996	-0.023713147	-0.92089874	0	0	0.4	4.821058e-18
5.290042604168481e-09	-0.21815182	-0.018994514	-0.9169763	0	0	0.4	4.5069635e-18
5.30002889181714e-09	-0.20818104	-0.017979208	-0.9214219	0	0	0.4	4.328099e-18
5.3100428431339125e-09	-0.21324916	-0.024933295	-0.9209989	0	0	0.4	4.7060117e-18
5.320057733969871e-09	-0.21339728	-0.021384718	-0.921553	0	0	0.4	4.1300177e-18
5.330046716399893e-09	-0.21687384	-0.03711298	-0.9183112	0	0	0.4	4.7610394e-18
5.340018459340918e-09	-0.2094731	-0.025754975	-0.9214237	0	0	0.4	4.2151e-18
5.350019647550543e-09	-0.21284379	-0.02902498	-0.9235834	0	0	0.4	3.935463e-18
5.360059701753337e-09	-0.21081617	-0.04237512	-0.9175155	0	0	0.4	5.32712e-18
5.370013708242478e-09	-0.20957285	-0.030684076	-0.9193783	0	0	0.4	4.3598684e-18
5.380041864251478e-09	-0.2148038	-0.032762486	-0.9129995	0	0	0.4	5.063501e-18
5.3900138548650264e-09	-0.21869092	-0.035567548	-0.91436094	0	0	0.4	4.725108e-18
5.4000302675082886e-09	-0.22551142	-0.05351621	-0.9108472	0	0	0.4	5.2615304e-18
5.410021772102578e-09	-0.23741461	-0.050965738	-0.9105994	0	0	0.4	5.0131968e-18
5.420043264233719e-09	-0.22037902	-0.051428236	-0.90784633	0	0	0.4	4.720993e-18
5.43004414771059e-09	-0.21443024	-0.043210607	-0.9099264	0	0	0.4	5.0333556e-18
5.440046994565597e-09	-0.2054257	-0.045126237	-0.907158	0	0	0.4	4.6755243e-18
5.450050071347017e-09	-0.19569078	-0.04527994	-0.9132255	0	0	0.4	5.4295958e-18
5.460051353462546e-09	-0.20211546	-0.06285006	-0.91045505	0	0	0.4	5.2646555e-18
5.4700251858730514e-09	-0.20682365	-0.07345403	-0.9083557	0	0	0.4	5.953374e-18
5.480013356324114e-09	-0.2137134	-0.079690315	-0.9107364	0	0	0.4	4.109052e-18
5.490039047901382e-09	-0.20293094	-0.054879885	-0.91304785	0	0	0.4	4.134393e-18
5.5000249262593284e-09	-0.18227172	-0.06429094	-0.9195486	0	0	0.4	4.2868044e-18
5.510001826063721e-09	-0.168182	-0.07415655	-0.91669303	0	0	0.4	4.1626822e-18
5.520062819212682e-09	-0.16902094	-0.08085554	-0.915755	0	0	0.4	3.970486e-18
5.530008580395783e-09	-0.16036586	-0.07870545	-0.9166174	0	0	0.4	4.893668e-18
5.5400625725391286e-09	-0.1586215	-0.075986564	-0.92090034	0	0	0.4	5.317646e-18
5.550036970468627e-09	-0.15599868	-0.08487735	-0.9221245	0	0	0.4	4.4375258e-18
5.560008427809449e-09	-0.18695344	-0.06991092	-0.91615754	0	0	0.4	4.6274452e-18
5.570022501070268e-09	-0.17859304	-0.06456817	-0.9143683	0	0	0.4	4.3761155e-18
5.580016242172215e-09	-0.18375115	-0.07260554	-0.91670495	0	0	0.4	4.3823177e-18
5.5900620074022936e-09	-0.18514276	-0.06773209	-0.91882586	0	0	0.4	5.0668903e-18
5.600043159836173e-09	-0.1635756	-0.06780695	-0.92181575	0	0	0.4	4.9091623e-18
5.610035117893378e-09	-0.16272567	-0.07966153	-0.9223662	0	0	0.4	5.1664783e-18
5.6200093351065516e-09	-0.1571779	-0.09830191	-0.9207176	0	0	0.4	5.080457e-18
5.630005932238205e-09	-0.15750632	-0.099013664	-0.9214837	0	0	0.4	4.6163e-18
5.640004980673674e-09	-0.17661847	-0.106393054	-0.9231632	0	0	0.4	4.539884e-18
5.650030860949741e-09	-0.19624077	-0.11769316	-0.9214785	0	0	0.4	4.4820823e-18
5.660029751759966e-09	-0.2002604	-0.11248085	-0.9237973	0	0	0.4	4.826957e-18
5.670037228277269e-09	-0.20803085	-0.098508514	-0.9195306	0	0	0.4	4.4353797e-18
5.680042051022125e-09	-0.19272475	-0.09223683	-0.9222619	0	0	0.4	4.2495192e-18
5.690030326318898e-09	-0.17560467	-0.09303891	-0.9190021	0	0	0.4	4.927493e-18
5.700002305592681e-09	-0.15852487	-0.09838097	-0.91323835	0	0	0.4	4.5945255e-18
5.710064577578906e-09	-0.17472385	-0.109993696	-0.91349846	0	0	0.4	4.1630515e-18
5.720024356874211e-09	-0.19216494	-0.12247934	-0.90683794	0	0	0.4	4.5526648e-18
5.730011469719762e-09	-0.1973792	-0.14041762	-0.9034971	0	0	0.4	4.72506e-18
5.740066098639984e-09	-0.18994199	-0.13594757	-0.9062583	0	0	0.4	5.275982e-18
5.750016022289891e-09	-0.18736543	-0.15185165	-0.901034	0	0	0.4	3.7356655e-18
5.760016227119114e-09	-0.17840707	-0.14725794	-0.9092726	0	0	0.4	4.047942e-18
5.770018504101456e-09	-0.18510795	-0.15138264	-0.90988153	0	0	0.4	5.4092806e-18
5.780025672293889e-09	-0.18714832	-0.12286279	-0.9188946	0	0	0.4	5.344831e-18
5.790016611985687e-09	-0.16626991	-0.11276381	-0.92047524	0	0	0.4	4.1157124e-18
5.80003421665177e-09	-0.13460532	-0.10465995	-0.9216786	0	0	0.4	4.355233e-18
5.810025816619014e-09	-0.12688865	-0.11615466	-0.9242409	0	0	0.4	4.056064e-18
5.820052777625207e-09	-0.125001	-0.136593	-0.92877364	0	0	0.4	4.8053072e-18
5.830020526886733e-09	-0.12532724	-0.13988315	-0.92821145	0	0	0.4	4.368351e-18
5.840006862447692e-09	-0.13463564	-0.14353003	-0.92543757	0	0	0.4	4.7561425e-18
5.8500314082342905e-09	-0.14442626	-0.15347101	-0.9222568	0	0	0.4	3.857341e-18
5.860028700611116e-09	-0.14239296	-0.15112478	-0.9192557	0	0	0.4	5.6065318e-18
5.870028365499018e-09	-0.14306721	-0.16078393	-0.91562545	0	0	0.4	5.195237e-18
5.8800292588810145e-09	-0.13124397	-0.14219245	-0.91882956	0	0	0.4	4.960556e-18
5.890011331817088e-09	-0.12099119	-0.15320653	-0.9150444	0	0	0.4	3.985069e-18
5.9000636612931705e-09	-0.11465555	-0.16102897	-0.9128498	0	0	0.4	5.196102e-18
5.910051463382668e-09	-0.09459725	-0.15948983	-0.9111289	0	0	0.4	3.820556e-18
5.9200424835353e-09	-0.09757615	-0.16450745	-0.90889347	0	0	0.4	4.3727447e-18
5.930063744829048e-09	-0.09101731	-0.16035777	-0.9155141	0	0	0.4	5.207914e-18
5.940051017323388e-09	-0.07803555	-0.16205461	-0.91645247	0	0	0.4	4.6641716e-18
5.950021986492208e-09	-0.07593302	-0.16721351	-0.92254025	0	0	0.4	5.6271674e-18
5.960042729145854e-09	-0.09090083	-0.16268736	-0.9241328	0	0	0.4	4.7390414e-18
5.970002764949487e-09	-0.07302415	-0.16381887	-0.92650646	0	0	0.4	4.4821613e-18
5.980020323976341e-09	-0.062444314	-0.14360923	-0.93020785	0	0	0.4	4.8005125e-18
5.990044368716435e-09	-0.057995856	-0.15918122	-0.9276915	0	0	0.4	4.6043545e-18
6.000035229011356e-09	-0.03949203	-0.1611598	-0.92987067	0	0	0.4	4.840755e-18
6.010048797145073e-09	-0.042980902	-0.16605875	-0.9258343	0	0	0.4	4.6787705e-18
6.020042040856613e-09	-0.049316924	-0.16979837	-0.9196521	0	0	0.4	4.90106e-18
6.030000418948977e-09	-0.051010113	-0.17329873	-0.908871	0	0	0.4	4.6539634e-18
6.0400086099387075e-09	-0.051570892	-0.16562709	-0.9044052	0	0	0.4	3.806145e-18
6.050004079605711e-09	-0.056693316	-0.15637301	-0.91163385	0	0	0.4	4.523382e-18
6.060050131384369e-09	-0.03336384	-0.1529464	-0.91201043	0	0	0.4	4.889762e-18
6.070002076795518e-09	-0.044522874	-0.15083793	-0.9096732	0	0	0.4	4.983836e-18
6.080047806464563e-09	-0.03266791	-0.15130234	-0.9116612	0	0	0.4	3.8005376e-18
6.0900634829424975e-09	-0.032975346	-0.15976955	-0.9136438	0	0	0.4	4.65259e-18
6.100045281065452e-09	-0.02056283	-0.16700442	-0.9117534	0	0	0.4	4.8015353e-18
6.110045446490025e-09	-0.019475218	-0.16816351	-0.91454494	0	0	0.4	5.1817046e-18
6.120001526008363e-09	-0.026812505	-0.1730653	-0.9096982	0	0	0.4	4.2606903e-18
6.130004028991667e-09	-0.011800042	-0.16571158	-0.9137105	0	0	0.4	5.018405e-18
6.140041246420354e-09	-0.017044527	-0.16614814	-0.91461754	0	0	0.4	4.950776e-18
6.150020451641386e-09	-0.0006826323	-0.16863446	-0.9203659	0	0	0.4	4.9802584e-18
6.1600459834734765e-09	0.022182481	-0.16638991	-0.91538465	0	0	0.4	5.368741e-18
6.170050963179968e-09	0.039575342	-0.15600096	-0.9143132	0	0	0.4	4.635845e-18
6.180014302502953e-09	0.054150496	-0.15735795	-0.9173507	0	0	0.4	3.9181217e-18
6.190061871776286e-09	0.05432661	-0.14661932	-0.9219546	0	0	0.4	4.392357e-18
6.200027880512383e-09	0.04450485	-0.16024716	-0.92131513	0	0	0.4	4.6515306e-18
6.210048570674142e-09	0.041378357	-0.15901962	-0.92520344	0	0	0.4	4.858769e-18
6.2200163816681654e-09	0.040896457	-0.15886611	-0.9244236	0	0	0.4	5.0261384e-18
6.230013090064636e-09	0.064183265	-0.16909802	-0.9257695	0	0	0.4	4.7946296e-18
6.240028618719112e-09	0.06752078	-0.19377524	-0.9246219	0	0	0.4	5.0245664e-18
6.250005957732952e-09	0.045344245	-0.21074496	-0.9201206	0	0	0.4	4.580755e-18
6.26004625695428e-09	0.033162635	-0.21857944	-0.92170316	0	0	0.4	4.3704162e-18
6.270025381407705e-09	0.032612227	-0.21308583	-0.9242603	0	0	0.4	3.745134e-18
6.2800153464464e-09	0.03332264	-0.20587516	-0.9259546	0	0	0.4	4.995362e-18
6.290038110812966e-09	0.027821865	-0.19683567	-0.9277128	0	0	0.4	5.6633657e-18
6.300012514189614e-09	0.03152608	-0.19827737	-0.9238141	0	0	0.4	4.6673025e-18
6.310059818490604e-09	0.01863162	-0.18610802	-0.9250993	0	0	0.4	4.5175687e-18
6.320027467821803e-09	0.012442547	-0.19753915	-0.9213858	0	0	0.4	4.3400392e-18
6.330025257975839e-09	0.02203405	-0.20075864	-0.92400897	0	0	0.4	4.6563895e-18
6.340020617849115e-09	0.018023511	-0.2121435	-0.92533475	0	0	0.4	4.2801596e-18
6.350024217648136e-09	0.0124763325	-0.21184571	-0.9236688	0	0	0.4	5.1201533e-18
6.360016901689332e-09	0.007139409	-0.19935653	-0.92661303	0	0	0.4	4.662034e-18
6.370057905730605e-09	0.0059050443	-0.2078503	-0.92571163	0	0	0.4	3.7290444e-18
6.380021608906584e-09	0.0012994447	-0.21205041	-0.92303544	0	0	0.4	4.8873313e-18
6.3900360179205565e-09	0.0020466743	-0.20494834	-0.92602736	0	0	0.4	4.5118997e-18
6.400047719242235e-09	0.009621815	-0.21850169	-0.91760045	0	0	0.4	4.152551e-18
6.410005201481385e-09	0.0038242105	-0.21245295	-0.91570103	0	0	0.4	5.0944615e-18
6.4200639213264205e-09	0.0118200695	-0.19824392	-0.913992	0	0	0.4	5.27617e-18
6.43003625495556e-09	-0.000384218	-0.2167148	-0.90207195	0	0	0.4	4.602968e-18
6.4400548534210745e-09	0.004354416	-0.2251137	-0.89941174	0	0	0.4	5.3473976e-18
6.450062346048059e-09	0.0154177705	-0.22012164	-0.89588344	0	0	0.4	4.943823e-18
6.460029849663726e-09	0.024672633	-0.22233093	-0.89883155	0	0	0.4	4.662519e-18
6.470038051162816e-09	0.037604813	-0.23530787	-0.8915791	0	0	0.4	4.0344183e-18
6.4800317232018075e-09	0.05134319	-0.23818006	-0.887796	0	0	0.4	3.6430312e-18
6.490010619246424e-09	0.06834984	-0.23414123	-0.8945704	0	0	0.4	4.9139715e-18
6.50004010557794e-09	0.057770997	-0.23593248	-0.89419323	0	0	0.4	5.1129655e-18
6.510022300203299e-09	0.062437978	-0.2515883	-0.8852671	0	0	0.4	4.423311e-18
6.520061122619818e-09	0.07500351	-0.23304172	-0.8915171	0	0	0.4	4.309146e-18
6.530035482973908e-09	0.09694395	-0.23327501	-0.8950694	0	0	0.4	3.9313173e-18
6.540053174159752e-09	0.12100515	-0.21744402	-0.89665854	0	0	0.4	5.047712e-18
6.550023282859024e-09	0.14798999	-0.20380022	-0.9007666	0	0	0.4	4.736501e-18
6.560044170575385e-09	0.16649112	-0.19577733	-0.89742815	0	0	0.4	4.5876686e-18
6.57006351967016e-09	0.18098009	-0.18491589	-0.90265524	0	0	0.4	4.592562e-18
6.580020233559136e-09	0.1931461	-0.19310981	-0.9006277	0	0	0.4	4.7325857e-18
6.590032185923276e-09	0.19308421	-0.18863568	-0.9022995	0	0	0.4	4.7433076e-18
6.600054783635797e-09	0.19351877	-0.1813152	-0.90717065	0	0	0.4	4.4178484e-18
6.6100346626328616e-09	0.17993674	-0.18893835	-0.90835273	0	0	0.4	5.3434073e-18
6.620011012091504e-09	0.16551152	-0.17928165	-0.915977	0	0	0.4	3.631568e-18
6.630024391202358e-09	0.14637622	-0.15570715	-0.9152663	0	0	0.4	5.0458476e-18
6.640013075651696e-09	0.14292942	-0.13276474	-0.9174532	0	0	0.4	4.870997e-18
6.650013670872368e-09	0.1513175	-0.13883671	-0.92119294	0	0	0.4	5.5312447e-18
6.660011346697557e-09	0.15717834	-0.14471813	-0.922774	0	0	0.4	3.3814823e-18
6.670006731793896e-09	0.17721204	-0.15593354	-0.9152955	0	0	0.4	5.2034727e-18
6.680019810067336e-09	0.18762049	-0.1522321	-0.9132808	0	0	0.4	5.2002765e-18
6.690062165016471e-09	0.18675447	-0.15378979	-0.91319877	0	0	0.4	5.3668314e-18
6.700017677898039e-09	0.17895566	-0.15749146	-0.91101295	0	0	0.4	4.6900868e-18
6.710048947640655e-09	0.17318407	-0.15808849	-0.911243	0	0	0.4	4.7924094e-18
6.720062415790273e-09	0.16300598	-0.14961879	-0.899795	0	0	0.4	5.1287977e-18
6.730007860684944e-09	0.16653708	-0.14530101	-0.88962907	0	0	0.4	4.8460194e-18
6.74001486148094e-09	0.17316319	-0.11973292	-0.8944884	0	0	0.4	4.4649824e-18
6.750001816847373e-09	0.18740055	-0.11704516	-0.89554054	0	0	0.4	4.6474225e-18
6.760051302610762e-09	0.19307642	-0.1099282	-0.89317167	0	0	0.4	5.2305653e-18
6.770007761553491e-09	0.20303999	-0.08697999	-0.9010702	0	0	0.4	4.1368775e-18
6.7800128042398574e-09	0.20883927	-0.0755462	-0.90947795	0	0	0.4	4.2678996e-18
6.790035051737334e-09	0.2179441	-0.062937245	-0.90808314	0	0	0.4	4.292875e-18
6.800032395691564e-09	0.22483003	-0.053379655	-0.90954393	0	0	0.4	4.932732e-18
6.8100548782414735e-09	0.218424	-0.04907605	-0.9130874	0	0	0.4	4.20149e-18
6.820021356559244e-09	0.19849078	-0.06684287	-0.9156514	0	0	0.4	5.0275905e-18
6.830009310757483e-09	0.19369134	-0.07967383	-0.91547096	0	0	0.4	3.5595038e-18
6.8400494146623285e-09	0.17512569	-0.083720766	-0.9198393	0	0	0.4	4.791088e-18
6.850029550147445e-09	0.16192017	-0.0812545	-0.9217653	0	0	0.4	4.3452463e-18
6.860057728394146e-09	0.15962636	-0.07211596	-0.9260901	0	0	0.4	3.7707115e-18
6.870047597106901e-09	0.15857327	-0.07027889	-0.9260396	0	0	0.4	4.804438e-18
6.880051617261173e-09	0.1522816	-0.07942236	-0.92932683	0	0	0.4	4.4841387e-18
6.890058707833414e-09	0.16402644	-0.08109619	-0.92400175	0	0	0.4	4.4357e-18
6.900041865461327e-09	0.17751859	-0.09621714	-0.9179242	0	0	0.4	4.681455e-18
6.9100242945838495e-09	0.17622659	-0.09260311	-0.9122469	0	0	0.4	5.452553e-18
6.920009833215364e-09	0.17041583	-0.09066862	-0.90814614	0	0	0.4	4.944874e-18
6.930058362537918e-09	0.185668	-0.06943682	-0.90318733	0	0	0.4	4.445059e-18
6.9400191560681125e-09	0.19766515	-0.051482692	-0.90216726	0	0	0.4	4.9655086e-18
6.9500586214898875e-09	0.20485643	-0.026147068	-0.89821786	0	0	0.4	4.6649827e-18
6.9600325960417915e-09	0.21113814	-0.028519835	-0.89945835	0	0	0.4	4.110302e-18
6.9700522088313845e-09	0.2216946	-0.0056319796	-0.90098983	0	0	0.4	4.7738525e-18
6.980009373450648e-09	0.22433347	0.02757657	-0.90350986	0	0	0.4	4.381237e-18
6.990019415764659e-09	0.23368129	0.042331036	-0.90212345	0	0	0.4	4.539448e-18
7.000007635278495e-09	0.24004611	0.045482468	-0.9084169	0	0	0.4	4.6997412e-18
7.010006871065695e-09	0.22344856	0.055758696	-0.9140182	0	0	0.4	4.6252726e-18
7.020042965910377e-09	0.21943061	0.04285908	-0.9197446	0	0	0.4	4.3056765e-18
7.030006846142825e-09	0.22076912	0.028491497	-0.92344326	0	0	0.4	4.3923712e-18
7.04003819917969e-09	0.21745387	0.011945553	-0.9237749	0	0	0.4	3.9154904e-18
7.050064221957594e-09	0.2050527	0.014707533	-0.9262319	0	0	0.4	4.29114e-18
7.060042730232978e-09	0.21218929	0.020969367	-0.9217098	0	0	0.4	4.4559322e-18
7.0700440661319184e-09	0.20781972	0.04274761	-0.9222597	0	0	0.4	5.1201355e-18
7.0800398528473234e-09	0.21980841	0.061902277	-0.9203048	0	0	0.4	5.7442813e-18
7.090036786721403e-09	0.22271745	0.07566262	-0.9231524	0	0	0.4	4.44476e-18
7.100028227818982e-09	0.22205995	0.06953965	-0.9206336	0	0	0.4	5.0979948e-18
7.11005810945033e-09	0.23153506	0.06341041	-0.9157231	0	0	0.4	4.2140944e-18
7.120038122216659e-09	0.22659321	0.055902846	-0.9157718	0	0	0.4	5.180029e-18
7.130036303429755e-09	0.22229479	0.036510568	-0.91879904	0	0	0.4	3.8769728e-18
7.140018394870451e-09	0.22755878	0.04297684	-0.91242373	0	0	0.4	4.398049e-18
7.150004024821232e-09	0.21491256	0.048324063	-0.9166344	0	0	0.4	4.8426143e-18
7.160050462958442e-09	0.22089955	0.063772246	-0.9129069	0	0	0.4	4.2330223e-18
7.170036273598538e-09	0.2410974	0.06667138	-0.909078	0	0	0.4	4.23255e-18
7.1800061514329174e-09	0.2482865	0.06724088	-0.9100975	0	0	0.4	4.346828e-18
7.190014582497809e-09	0.25608513	0.061221927	-0.90994096	0	0	0.4	4.3893744e-18
7.200015723018794e-09	0.27409855	0.064601295	-0.9086292	0	0	0.4	4.8343984e-18
7.210025320300356e-09	0.26782793	0.057142925	-0.91053146	0	0	0.4	4.572312e-18
7.22003890046628e-09	0.25326723	0.058467597	-0.91498834	0	0	0.4	4.4017076e-18
7.230046232829532e-09	0.25349963	0.048872042	-0.90836835	0	0	0.4	4.441887e-18
7.240010837106767e-09	0.2370488	0.028699677	-0.91412026	0	0	0.4	3.2761386e-18
7.25003956843322e-09	0.22364846	0.01898407	-0.90838677	0	0	0.4	5.1185e-18
7.2600644818410885e-09	0.21879645	0.05063339	-0.90046054	0	0	0.4	3.935641e-18
7.270041332000153e-09	0.20573857	0.06119543	-0.894607	0	0	0.4	4.4904314e-18
7.2800311083314455e-09	0.20004116	0.07646032	-0.8910076	0	0	0.4	5.2793413e-18
7.290010722209879e-09	0.20616761	0.101200715	-0.89251316	0	0	0.4	4.5516167e-18
7.300037316782562e-09	0.20959139	0.12812719	-0.8908458	0	0	0.4	4.988372e-18
7.31004041786648e-09	0.22272822	0.13979656	-0.8819724	0	0	0.4	4.912718e-18
7.320032684769165e-09	0.21489789	0.15668789	-0.88369405	0	0	0.4	5.213027e-18
7.330022308873492e-09	0.22393179	0.16332959	-0.8863958	0	0	0.4	4.3260963e-18
7.3400004182645185e-09	0.1952751	0.16901767	-0.8799096	0	0	0.4	4.609801e-18
7.3500562411689166e-09	0.18976976	0.17363694	-0.88434017	0	0	0.4	5.233212e-18
7.360026040812691e-09	0.16384745	0.18032004	-0.8964127	0	0	0.4	4.4939072e-18
7.370052601719156e-09	0.14303488	0.19682904	-0.8876167	0	0	0.4	5.2551272e-18
7.380024309778716e-09	0.11947329	0.21287769	-0.8859752	0	0	0.4	5.150372e-18
7.390050415503112e-09	0.09951053	0.22923027	-0.8810661	0	0	0.4	4.9214914e-18
7.400014516036289e-09	0.07514264	0.24405801	-0.88028497	0	0	0.4	3.0526987e-18
7.410066319527009e-09	0.069116235	0.2512491	-0.8786935	0	0	0.4	4.7448234e-18
7.420058694826084e-09	0.064756475	0.24876204	-0.8815767	0	0	0.4	3.5110533e-18
7.430062625025195e-09	0.058084477	0.23631716	-0.88792443	0	0	0.4	4.5054295e-18
7.440041466255857e-09	0.05169557	0.21928674	-0.8936984	0	0	0.4	4.639187e-18
7.450055205859818e-09	0.02546187	0.21644461	-0.8921299	0	0	0.4	5.1486815e-18
7.460039276069076e-09	0.0054608025	0.20491834	-0.8963447	0	0	0.4	5.2514963e-18
7.470052785168483e-09	-0.014990132	0.18504217	-0.90426093	0	0	0.4	4.3502173e-18
7.480024328038787e-09	-0.050215818	0.19002181	-0.90795845	0	0	0.4	4.6871937e-18
7.4900199200188e-09	-0.08456714	0.1960075	-0.9082858	0	0	0.4	4.347614e-18
7.500019707359984e-09	-0.07825751	0.20586959	-0.90918195	0	0	0.4	4.5774066e-18
7.510030821391396e-09	-0.081480265	0.20082618	-0.9107886	0	0	0.4	4.656486e-18
7.520017867252956e-09	-0.077026166	0.22171742	-0.9098251	0	0	0.4	5.344329e-18
7.530011641659654e-09	-0.07369208	0.20912746	-0.9163654	0	0	0.4	3.9479205e-18
7.540064358830653e-09	-0.10806545	0.19349934	-0.915326	0	0	0.4	4.4542e-18
7.550008380161422e-09	-0.12977082	0.20690809	-0.91152203	0	0	0.4	5.3090404e-18
7.560057962048335e-09	-0.12554955	0.21394512	-0.9128387	0	0	0.4	3.892295e-18
7.570036177264106e-09	-0.1402294	0.18119961	-0.91241217	0	0	0.4	3.802868e-18
7.580002406277596e-09	-0.14554392	0.17810784	-0.9122997	0	0	0.4	4.4401728e-18
7.590011755271222e-09	-0.14919107	0.18456195	-0.9156187	0	0	0.4	4.0888795e-18
7.600042634100343e-09	-0.15243684	0.17198606	-0.91628516	0	0	0.4	3.5553013e-18
7.61000543344794e-09	-0.17868394	0.17854734	-0.91348046	0	0	0.4	5.0307177e-18
7.620056015522733e-09	-0.18397397	0.20003954	-0.9076195	0	0	0.4	3.682001e-18
7.630005964051936e-09	-0.17730626	0.20445578	-0.90184706	0	0	0.4	4.5623933e-18
7.640020426851726e-09	-0.20456861	0.18579842	-0.89955926	0	0	0.4	3.5804443e-18
7.650056625177504e-09	-0.20965251	0.16963936	-0.8998882	0	0	0.4	4.7050166e-18
7.660035821820444e-09	-0.20199363	0.15119003	-0.9045009	0	0	0.4	4.036804e-18
7.670058245938052e-09	-0.22851613	0.13430993	-0.9033159	0	0	0.4	4.9769906e-18
7.680014338215618e-09	-0.27095172	0.13271154	-0.8966189	0	0	0.4	4.6842953e-18
7.690044592583496e-09	-0.27534124	0.15121098	-0.89758956	0	0	0.4	4.5496327e-18
7.700015711003141e-09	-0.2758465	0.14575417	-0.9009415	0	0	0.4	4.275967e-18
7.710043069603023e-09	-0.27018014	0.14424276	-0.90549904	0	0	0.4	3.758724e-18
7.720050091171677e-09	-0.26085508	0.14663821	-0.89946157	0	0	0.4	5.024474e-18
7.73002516036545e-09	-0.26372936	0.14589669	-0.8957016	0	0	0.4	4.2640234e-18
7.740038732400666e-09	-0.25983813	0.13492434	-0.8922713	0	0	0.4	4.7553067e-18
7.75002576358163e-09	-0.2495906	0.118089534	-0.890378	0	0	0.4	4.2875497e-18
7.76001281147205e-09	-0.25877887	0.07189796	-0.8909501	0	0	0.4	5.6832577e-18
7.770029289069292e-09	-0.26890853	0.049672052	-0.8947375	0	0	0.4	4.4018313e-18
7.780024209350346e-09	-0.2699395	0.021240072	-0.89480484	0	0	0.4	5.2576344e-18
7.790058291004506e-09	-0.28587914	-0.002116208	-0.89777106	0	0	0.4	4.8620287e-18
7.800023687390121e-09	-0.31857455	0.0128984265	-0.89358115	0	0	0.4	4.695682e-18
7.81004805185082e-09	-0.29200396	0.02496365	-0.90180486	0	0	0.4	5.0833388e-18
7.820052821554226e-09	-0.2771094	0.029875986	-0.90820426	0	0	0.4	3.8430166e-18
7.830001807432809e-09	-0.25712654	0.04845686	-0.9105025	0	0	0.4	4.5726937e-18
7.840007133888286e-09	-0.25570816	0.04116756	-0.9078775	0	0	0.4	4.3667845e-18
7.850046570471994e-09	-0.23112036	0.03267064	-0.91709083	0	0	0.4	5.1486645e-18
7.860015982200657e-09	-0.23436637	0.038380206	-0.91351724	0	0	0.4	4.70364e-18
7.870013629254162e-09	-0.23261438	0.032016113	-0.9134369	0	0	0.4	4.317966e-18
7.88005638233605e-09	-0.22867118	0.032667004	-0.9177905	0	0	0.4	4.6927338e-18
7.890021462077984e-09	-0.21758251	0.016731687	-0.9201643	0	0	0.4	4.6302523e-18
7.900031289518946e-09	-0.21890324	0.01853476	-0.9207142	0	0	0.4	4.883474e-18
7.910008002790216e-09	-0.21340424	0.01249755	-0.92251354	0	0	0.4	4.5297213e-18
7.920059254051786e-09	-0.21484123	0.009454373	-0.9192516	0	0	0.4	4.064869e-18
7.93005766458483e-09	-0.2159886	0.010152906	-0.91770655	0	0	0.4	4.779894e-18
7.940062359090246e-09	-0.21927756	0.026318448	-0.9159524	0	0	0.4	5.520715e-18
7.950028716668888e-09	-0.21649851	0.013466334	-0.9134674	0	0	0.4	4.805829e-18
7.960023558007964e-09	-0.23517573	-0.008506169	-0.91122705	0	0	0.4	3.3852598e-18
7.970056161942263e-09	-0.24599867	-0.024232654	-0.9055469	0	0	0.4	3.9176494e-18
7.980040540990636e-09	-0.25577676	-0.034489416	-0.8992617	0	0	0.4	5.364497e-18
7.990059299393258e-09	-0.24913555	-0.043046787	-0.9058235	0	0	0.4	3.7537493e-18
8.000057763457178e-09	-0.2535887	-0.040331163	-0.9006249	0	0	0.4	3.6510458e-18
8.010001401261206e-09	-0.24496979	-0.026811844	-0.90675926	0	0	0.4	4.985742e-18
8.020061702563045e-09	-0.25945055	-0.03137453	-0.90023893	0	0	0.4	4.375781e-18
8.030027094173947e-09	-0.24945068	-0.025185894	-0.89247155	0	0	0.4	4.6234503e-18
8.040004518799235e-09	-0.23902343	-0.007285156	-0.9025816	0	0	0.4	4.327389e-18
8.050032230701228e-09	-0.23553991	-0.041764136	-0.90164757	0	0	0.4	4.51318e-18
8.060015404754013e-09	-0.24737749	-0.05275662	-0.9037674	0	0	0.4	5.4223348e-18
8.070009820131856e-09	-0.2444298	-0.06615235	-0.9106155	0	0	0.4	5.2475474e-18
8.080045819501627e-09	-0.2632193	-0.070991114	-0.9034568	0	0	0.4	3.9966997e-18
8.090040492691282e-09	-0.2490172	-0.07418011	-0.9060022	0	0	0.4	6.0214125e-18
8.100021520784319e-09	-0.23765418	-0.07693644	-0.9056806	0	0	0.4	4.4362304e-18
8.110017577095566e-09	-0.24296445	-0.072652824	-0.9065397	0	0	0.4	5.889286e-18
8.120000774615337e-09	-0.23669903	-0.06346253	-0.9106184	0	0	0.4	4.407945e-18
8.130013025574396e-09	-0.2382005	-0.08176595	-0.90800774	0	0	0.4	4.287771e-18
8.14003181736954e-09	-0.22265948	-0.08583202	-0.9084257	0	0	0.4	3.836245e-18
8.150028511610783e-09	-0.21122384	-0.086904645	-0.903406	0	0	0.4	4.6871015e-18
8.160038417326991e-09	-0.22844575	-0.08518726	-0.897608	0	0	0.4	4.3096114e-18
8.170002622900415e-09	-0.2392211	-0.08852402	-0.8972398	0	0	0.4	3.862001e-18
8.180018630790404e-09	-0.2458468	-0.1059159	-0.9010713	0	0	0.4	3.4548793e-18
8.190054150481097e-09	-0.24064486	-0.121760346	-0.90506375	0	0	0.4	3.5719698e-18
8.200022176359098e-09	-0.25284132	-0.12846157	-0.9026853	0	0	0.4	4.710978e-18
8.210002055293602e-09	-0.2495171	-0.106306545	-0.9034642	0	0	0.4	5.465826e-18
8.220039956407669e-09	-0.24557878	-0.07754108	-0.9037532	0	0	0.4	3.8815636e-18
8.230045760805532e-09	-0.23593718	-0.08233759	-0.90743005	0	0	0.4	4.5444794e-18
8.240066175540763e-09	-0.22374451	-0.09174134	-0.9044173	0	0	0.4	5.300286e-18
8.250015651226939e-09	-0.20656969	-0.11435749	-0.9103558	0	0	0.4	4.7485234e-18
8.260026636766343e-09	-0.20269394	-0.13174058	-0.91028297	0	0	0.4	4.040142e-18
8.270051357728045e-09	-0.19035326	-0.1323546	-0.9141428	0	0	0.4	4.7192627e-18
8.28001245313176e-09	-0.20502812	-0.13046503	-0.9178351	0	0	0.4	4.4085e-18
8.290013050278507e-09	-0.20721577	-0.12082877	-0.9234405	0	0	0.4	4.6805473e-18
8.30002139255011e-09	-0.20525533	-0.10336951	-0.92530245	0	0	0.4	4.9878553e-18
8.310054791281538e-09	-0.19694598	-0.10290678	-0.9253335	0	0	0.4	5.301898e-18
8.320022829030875e-09	-0.19531436	-0.099550456	-0.92254025	0	0	0.4	4.3243708e-18
8.33005586896977e-09	-0.19019908	-0.11269111	-0.92702204	0	0	0.4	3.9945147e-18
8.340008980595556e-09	-0.1916501	-0.10308058	-0.92527795	0	0	0.4	4.8579742e-18
8.350020193761353e-09	-0.18610007	-0.09783847	-0.9265631	0	0	0.4	3.7258035e-18
8.36001252605239e-09	-0.17994411	-0.08112231	-0.9300361	0	0	0.4	4.619885e-18
8.370045763137842e-09	-0.20322374	-0.077788346	-0.9274438	0	0	0.4	4.4183145e-18
8.380046984067659e-09	-0.18587306	-0.056262236	-0.93377763	0	0	0.4	4.62341e-18
8.390025837915618e-09	-0.18209745	-0.050537985	-0.9230052	0	0	0.4	5.0872596e-18
8.400036671196232e-09	-0.17847109	-0.06307579	-0.9284889	0	0	0.4	5.512519e-18
8.410007316456174e-09	-0.19938616	-0.05290537	-0.92657214	0	0	0.4	4.6499966e-18
8.420062293336326e-09	-0.1920101	-0.0648366	-0.9321781	0	0	0.4	3.850427e-18
8.430056212131578e-09	-0.20647877	-0.058732808	-0.93091303	0	0	0.4	4.114194e-18
8.44004597515436e-09	-0.18733282	-0.056868307	-0.93354446	0	0	0.4	5.3090826e-18
8.450033576360833e-09	-0.17211173	-0.051692653	-0.9355676	0	0	0.4	4.3330785e-18
8.460013570282241e-09	-0.14832713	-0.03144533	-0.936191	0	0	0.4	5.3541035e-18
8.470052538622778e-09	-0.15346546	-0.028748315	-0.9385597	0	0	0.4	4.3095957e-18
8.480052685068764e-09	-0.14703616	-0.04751743	-0.93307	0	0	0.4	4.10059e-18
8.490013282175402e-09	-0.14526185	-0.0653692	-0.93602026	0	0	0.4	4.5246507e-18
8.500016708088449e-09	-0.14927012	-0.051393174	-0.93550736	0	0	0.4	5.305379e-18
8.51001302336455e-09	-0.15441595	-0.055670537	-0.94122297	0	0	0.4	4.5477695e-18
8.520054957768758e-09	-0.16135623	-0.035130393	-0.938049	0	0	0.4	4.6699577e-18
8.530046368409067e-09	-0.14684597	-0.021372974	-0.9375821	0	0	0.4	5.388864e-18
8.540034576298285e-09	-0.14383087	-0.021385454	-0.93778956	0	0	0.4	4.3130082e-18
8.550048914994064e-09	-0.13783929	-0.018772662	-0.9407467	0	0	0.4	4.434151e-18
8.560048436437611e-09	-0.12695172	-0.007161871	-0.9428015	0	0	0.4	4.6472057e-18
8.570033112936523e-09	-0.13438486	-0.00599789	-0.94182944	0	0	0.4	4.7979635e-18
8.58000494825723e-09	-0.12376393	-0.0076862657	-0.9448244	0	0	0.4	4.2749778e-18
8.590059471812684e-09	-0.13085055	-0.004394965	-0.94384295	0	0	0.4	3.9107176e-18
8.600047425958002e-09	-0.123527996	-0.0046880846	-0.94704837	0	0	0.4	4.131761e-18
8.61004281831635e-09	-0.120096885	0.0036664985	-0.94567525	0	0	0.4	4.5958986e-18
8.620007636470097e-09	-0.10946267	0.01289363	-0.94979167	0	0	0.4	4.4109696e-18
8.630040830490911e-09	-0.09379961	0.019438189	-0.94848746	0	0	0.4	4.4084152e-18
8.640047778123323e-09	-0.08265572	0.021473356	-0.95094323	0	0	0.4	4.2582278e-18
8.650027301383114e-09	-0.07666581	0.025029957	-0.95498806	0	0	0.4	4.3985234e-18
8.660006152390994e-09	-0.06163891	0.027499292	-0.95679927	0	0	0.4	4.3366408e-18
8.670049674701924e-09	-0.050242472	0.04644788	-0.95719427	0	0	0.4	4.2805745e-18
8.680011094912824e-09	-0.0651238	0.051369525	-0.9557271	0	0	0.4	4.6762737e-18
8.690044304108422e-09	-0.049276087	0.058566034	-0.95652026	0	0	0.4	3.959987e-18
8.700018506840781e-09	-0.041824773	0.08266327	-0.9524804	0	0	0.4	4.8881866e-18
8.710025656079034e-09	-0.033173576	0.06587898	-0.9540412	0	0	0.4	4.8737916e-18
8.720034670569358e-09	-0.017978549	0.06613389	-0.95594436	0	0	0.4	5.6592074e-18
8.730034362015395e-09	-0.0041849567	0.065608434	-0.95776254	0	0	0.4	4.7059434e-18
8.740010627592756e-09	-0.01418731	0.06450906	-0.95798963	0	0	0.4	4.085112e-18
8.750016542230284e-09	-0.022828624	0.063692056	-0.9591375	0	0	0.4	6.3714037e-18
8.76006181149507e-09	-0.018335177	0.059516326	-0.9591657	0	0	0.4	3.8153648e-18
8.770061723862926e-09	-0.012315624	0.04774667	-0.9578327	0	0	0.4	4.7072652e-18
8.780035598251993e-09	-0.018065624	0.054555688	-0.9564119	0	0	0.4	4.1170735e-18
8.790031324738532e-09	-0.034511648	0.0533555	-0.95162886	0	0	0.4	4.412337e-18
8.800036741565675e-09	-0.03811062	0.05688903	-0.9524094	0	0	0.4	4.2123734e-18
8.810005257282255e-09	-0.02082555	0.053167887	-0.9506258	0	0	0.4	4.9101123e-18
8.820005366482538e-09	-0.002980599	0.058657452	-0.950227	0	0	0.4	4.3725772e-18
8.830008311484589e-09	-0.009692438	0.055613063	-0.9513104	0	0	0.4	5.2610776e-18
8.840004791240745e-09	-0.0021399043	0.05712776	-0.9534838	0	0	0.4	5.2508205e-18
8.850011202636974e-09	0.010706255	0.063716866	-0.95251703	0	0	0.4	4.6196023e-18
8.860039453135949e-09	0.020787971	0.07281702	-0.9524562	0	0	0.4	4.333117e-18
8.870050262411878e-09	0.024659581	0.069193475	-0.95226496	0	0	0.4	2.8746842e-18
8.88006213301703e-09	0.0078070275	0.053435303	-0.9525647	0	0	0.4	4.725887e-18
8.890026782883149e-09	0.007991194	0.04304672	-0.9523454	0	0	0.4	4.42483e-18
8.900065425765695e-09	0.01799736	0.05632861	-0.95180285	0	0	0.4	4.0674927e-18
8.910033752049835e-09	0.00158027	0.048622165	-0.9557382	0	0	0.4	4.439681e-18
8.920041047414555e-09	0.0009833163	0.035000965	-0.9522666	0	0	0.4	4.0223076e-18
8.930035286697426e-09	0.0058256933	0.033278488	-0.9504061	0	0	0.4	5.00938e-18
8.940023272653053e-09	-0.0014309249	0.014521022	-0.95202696	0	0	0.4	5.188838e-18
8.950050549806477e-09	0.0064709573	0.025134701	-0.9477478	0	0	0.4	5.037631e-18
8.960006251642761e-09	0.0065790256	0.0204488	-0.9491364	0	0	0.4	5.4945352e-18
8.970023141294045e-09	0.011144598	0.037443284	-0.9492501	0	0	0.4	5.0252306e-18
8.980050434616985e-09	0.008799377	0.033713523	-0.9488471	0	0	0.4	3.5998888e-18
8.990017871597452e-09	0.022295427	0.034876723	-0.9503609	0	0	0.4	4.399306e-18
9.000051372617841e-09	0.02166892	0.029511662	-0.9494783	0	0	0.4	5.2251974e-18
9.010046170100019e-09	0.024471616	0.029319594	-0.95019275	0	0	0.4	4.7710644e-18
9.020054195240057e-09	0.020497618	0.019080568	-0.954268	0	0	0.4	3.7470194e-18
9.030029011623535e-09	-0.008906462	0.004228794	-0.95459765	0	0	0.4	3.5831222e-18
9.040015564088075e-09	-0.004882014	0.0023744635	-0.95339733	0	0	0.4	5.3662263e-18
9.05001692677035e-09	0.0034495567	-0.0012508495	-0.95556873	0	0	0.4	4.6525874e-18
9.060000351963903e-09	0.0028723108	0.004587679	-0.95305765	0	0	0.4	5.1001773e-18
9.07002748693783e-09	0.020182071	0.019433416	-0.9543251	0	0	0.4	4.222542e-18
9.080045837330511e-09	0.014301965	0.011071114	-0.95715326	0	0	0.4	5.0938915e-18
9.090025925969121e-09	0.009883931	0.008205331	-0.95951146	0	0	0.4	3.719062e-18
9.100043889801349e-09	0.030001247	0.014894271	-0.95302594	0	0	0.4	4.527021e-18
9.110006316706157e-09	0.042100154	-0.004193913	-0.95213234	0	0	0.4	4.9076795e-18
9.120016856931912e-09	0.05322501	-0.002016582	-0.9473949	0	0	0.4	5.187523e-18
9.130040800185622e-09	0.062042452	-0.014008985	-0.95099074	0	0	0.4	4.646855e-18
9.140065646076265e-09	0.042261988	-0.012109923	-0.9500522	0	0	0.4	5.0802253e-18
9.150055657269011e-09	0.03697454	-0.018131524	-0.9540074	0	0	0.4	4.474107e-18
9.160040004575603e-09	0.029262211	-0.032837834	-0.9567324	0	0	0.4	4.2013823e-18
9.170008019073835e-09	0.028478757	-0.027927183	-0.95077777	0	0	0.4	5.1274685e-18
9.180025090245383e-09	0.029982692	-0.03170921	-0.9511521	0	0	0.4	4.461491e-18
9.190004339772288e-09	0.025475709	-0.03741887	-0.95044816	0	0	0.4	4.7513933e-18
9.20004176510203e-09	0.016007867	-0.018233681	-0.9459767	0	0	0.4	4.2006436e-18
9.210018224479828e-09	0.02446011	-0.032549843	-0.95110327	0	0	0.4	5.3927775e-18
9.220026705581659e-09	0.015786624	-0.0364137	-0.9572026	0	0	0.4	4.223057e-18
9.23000878280431e-09	0.004621376	-0.049710765	-0.95095134	0	0	0.4	4.165766e-18
9.240048675745591e-09	0.011858828	-0.04989206	-0.95230734	0	0	0.4	3.823188e-18
9.250032048308908e-09	0.01054321	-0.037474915	-0.9483133	0	0	0.4	5.1945404e-18
9.26001925615095e-09	0.008045615	-0.021543209	-0.9535752	0	0	0.4	3.732741e-18
9.270017039326974e-09	0.053731233	-0.024568902	-0.9539592	0	0	0.4	3.4529466e-18
9.28006176715797e-09	0.04993	-0.019681502	-0.9559259	0	0	0.4	4.4830497e-18
9.29001404577156e-09	0.07252733	-0.031624354	-0.9547217	0	0	0.4	3.6548235e-18
9.300001688979338e-09	0.06265211	-0.033089925	-0.9521209	0	0	0.4	5.3081545e-18
9.310000980543626e-09	0.05360422	-0.053169288	-0.95145696	0	0	0.4	5.4256365e-18
9.320039250495511e-09	0.044506673	-0.064899296	-0.94907355	0	0	0.4	5.18165e-18
9.330057843242587e-09	0.037780922	-0.049529497	-0.94805473	0	0	0.4	5.5599363e-18
9.34003167182524e-09	0.048398215	-0.049644522	-0.9447957	0	0	0.4	4.3859614e-18
9.350055789461291e-09	0.04713881	-0.045135725	-0.94430965	0	0	0.4	4.4471347e-18
9.36004218812224e-09	0.046415675	-0.024269015	-0.94782966	0	0	0.4	4.5437957e-18
9.370058363216445e-09	0.07404123	-0.016255038	-0.9496782	0	0	0.4	5.177508e-18
9.380058327742679e-09	0.08769116	0.0003091361	-0.94640195	0	0	0.4	3.880665e-18
9.390043798478923e-09	0.09229393	0.0053241337	-0.94625396	0	0	0.4	4.4537555e-18
9.400063747760142e-09	0.09932846	-0.005087055	-0.94489914	0	0	0.4	4.8292157e-18
9.410013678530786e-09	0.08506365	-0.01565267	-0.94938517	0	0	0.4	4.4074735e-18
9.42002904816089e-09	0.074465096	-0.022619205	-0.94510144	0	0	0.4	4.4923794e-18
9.430021619407303e-09	0.043644387	-0.034031987	-0.9483335	0	0	0.4	4.5308553e-18
9.440019226582438e-09	0.057867553	-0.012301959	-0.94834185	0	0	0.4	4.7630334e-18
9.450028889311369e-09	0.048790537	0.017081896	-0.94479465	0	0	0.4	5.0559963e-18
9.46006367794168e-09	0.06908441	0.016097894	-0.947509	0	0	0.4	4.1866307e-18
9.470007109848823e-09	0.0693859	-0.009975691	-0.94669354	0	0	0.4	4.92632e-18
9.48001724266128e-09	0.08238857	-0.025847184	-0.94421643	0	0	0.4	4.4743986e-18
9.490034999569226e-09	0.10207356	-0.018564938	-0.9456981	0	0	0.4	5.3609555e-18
9.500064483367049e-09	0.07926235	-0.03190721	-0.94770896	0	0	0.4	3.8831498e-18
9.510022807985376e-09	0.061512515	-0.036296085	-0.9476434	0	0	0.4	4.7345548e-18
9.52003287029163e-09	0.04608415	-0.03429573	-0.95313704	0	0	0.4	4.8749323e-18
9.530033520815516e-09	0.051439226	-0.032157622	-0.9518138	0	0	0.4	4.3818317e-18
9.540000479128213e-09	0.048919186	-0.022255959	-0.9494474	0	0	0.4	4.2082346e-18
9.550048723945999e-09	0.05552397	-0.0067292834	-0.9494992	0	0	0.4	4.3694964e-18
9.56006097409045e-09	0.05578135	0.01482619	-0.94871604	0	0	0.4	5.71051e-18
9.570007860048806e-09	0.071529575	0.01553927	-0.94696736	0	0	0.4	4.308453e-18
9.58004473656892e-09	0.058220595	0.011720437	-0.9484821	0	0	0.4	5.1713764e-18
9.590040615052612e-09	0.047443666	-0.004975931	-0.9466826	0	0	0.4	5.2807e-18
9.600015201027552e-09	0.030166943	-0.030496769	-0.9475368	0	0	0.4	3.956235e-18
9.610046690009233e-09	0.011354429	-0.034710187	-0.94775975	0	0	0.4	4.166011e-18
9.620006773418842e-09	-0.0101828445	-0.032410733	-0.9477021	0	0	0.4	4.8944624e-18
9.630004496804054e-09	-0.020579103	-0.029569427	-0.94727725	0	0	0.4	4.958508e-18
9.640006307146378e-09	-0.026642729	-0.0072937715	-0.9403776	0	0	0.4	5.5837822e-18
9.650035018742798e-09	-0.00847194	0.03132942	-0.94344026	0	0	0.4	5.3724057e-18
9.660021474635622e-09	-0.005525004	0.03634563	-0.9443449	0	0	0.4	5.746463e-18
9.670052540498675e-09	0.01484636	0.010254686	-0.9471234	0	0	0.4	4.95874e-18
9.680058235025656e-09	0.013454455	-0.0021962353	-0.9483151	0	0	0.4	4.2947937e-18
9.690049665915118e-09	0.017852433	-0.016977012	-0.9495743	0	0	0.4	4.0462694e-18
9.700062298723833e-09	0.008924366	-0.014024769	-0.94655544	0	0	0.4	4.7389293e-18
9.710038842460408e-09	-0.013664852	-0.0107430015	-0.945782	0	0	0.4	4.100203e-18
9.720060485316616e-09	-0.015640216	-0.00072038587	-0.94805795	0	0	0.4	4.4202427e-18
9.730007864643246e-09	-0.021364773	0.013124327	-0.9501205	0	0	0.4	4.569608e-18
9.740033079365123e-09	0.0062970393	0.038050283	-0.95109576	0	0	0.4	4.9273085e-18
9.750050352320907e-09	0.006957312	0.023240523	-0.9508409	0	0	0.4	4.506394e-18
9.760014141941894e-09	0.032336246	0.0029671956	-0.950834	0	0	0.4	3.586099e-18
9.770041505791423e-09	0.04772562	-0.019029146	-0.9511779	0	0	0.4	3.98413e-18
9.780018907536868e-09	0.051266477	-0.031156102	-0.94888395	0	0	0.4	3.4378046e-18
9.790038179014593e-09	0.03495321	-0.041017823	-0.9535715	0	0	0.4	3.2155366e-18
9.80004517005129e-09	0.023267385	-0.0503141	-0.9558715	0	0	0.4	4.503353e-18
9.810001633482635e-09	0.004124745	-0.03347211	-0.95688075	0	0	0.4	4.6929674e-18
9.820016892267691e-09	-0.008180068	-0.008326788	-0.9554022	0	0	0.4	5.1092825e-18
9.830029887300328e-09	0.008115823	0.013969546	-0.9513517	0	0	0.4	5.0945814e-18
9.840041187409248e-09	0.014066787	0.025317037	-0.952656	0	0	0.4	5.124377e-18
9.850065855960148e-09	0.034039725	0.021043472	-0.9505863	0	0	0.4	4.4889686e-18
9.860030569098873e-09	0.04665839	0.016426485	-0.9520683	0	0	0.4	5.3499093e-18
9.870036097324787e-09	0.032128405	-0.005489287	-0.95309913	0	0	0.4	4.2031483e-18
9.880029290606571e-09	0.025388712	-0.0016156206	-0.95061564	0	0	0.4	4.812773e-18
9.890011287820798e-09	0.01607219	-0.0027881456	-0.9488617	0	0	0.4	5.3156843e-18
9.900030503008448e-09	0.00850228	-0.005376944	-0.95206946	0	0	0.4	4.7385935e-18
9.910026626454617e-09	0.003129071	0.022150535	-0.9548234	0	0	0.4	4.3574167e-18
9.920003042562027e-09	0.00069013605	0.02475711	-0.9537286	0	0	0.4	4.2537167e-18
9.93003637459982e-09	0.021380534	0.03324275	-0.95716685	0	0	0.4	4.1466084e-18
9.940047741722977e-09	0.045422107	0.027357288	-0.9560813	0	0	0.4	3.7402034e-18
9.95003252089541e-09	0.05331752	0.02522183	-0.9580253	0	0	0.4	4.9138623e-18
9.96003613316189e-09	0.04408316	0.007925973	-0.95684546	0	0	0.4	5.763504e-18
9.970006069006396e-09	0.03734714	-0.004345595	-0.9593724	0	0	0.4	3.357606e-18
9.980001324761069e-09	0.03867105	-0.0074305064	-0.9600092	0	0	0.4	4.0557435e-18
9.990027728329589e-09	0.021813165	-0.003778602	-0.95845914	0	0	0.4	4.2149766e-18
1e-08	0.012326057	0.021039637	-0.9564471	0	0	0.4	4.728901e-18
