# t (s)	mx ()	my ()	mz ()	B_extx (T)	B_exty (T)	B_extz (T)	E_total (J)
0	0	0	-1	0	0	0.38	1.0996098e-18
1.0034481923250463e-11	-0.004243991	0.014648969	-0.9744251	0	0	0.38	3.0775176e-18
2.0003685914571327e-11	-0.01287148	0.01005923	-0.9693614	0	0	0.38	4.3684277e-18
3.003827351822466e-11	-0.00489383	0.0066237217	-0.9657812	0	0	0.38	5.211775e-18
4.0054793748233094e-11	-0.007873328	0.010879808	-0.9603232	0	0	0.38	4.785894e-18
5.001485662945655e-11	-0.024871014	0.0010199518	-0.95965874	0	0	0.38	4.159303e-18
6.005785602174477e-11	-0.018325584	-0.0007002727	-0.9601354	0	0	0.38	3.527018e-18
7.000149172753626e-11	0.0022210327	0.009221447	-0.9573256	0	0	0.38	4.838104e-18
8.000291596666569e-11	0.011001862	0.014931443	-0.9595087	0	0	0.38	4.2235164e-18
9.001528228206054e-11	0.023320151	0.023880381	-0.9578501	0	0	0.38	4.257616e-18
1.0005326583862962e-10	0.014213057	0.017516185	-0.9578555	0	0	0.38	4.1699986e-18
1.1003400739394783e-10	0.02800317	0.0025010286	-0.95897835	0	0	0.38	3.705563e-18
1.2005260332288737e-10	0.008767115	0.00046777725	-0.956445	0	0	0.38	4.895764e-18
1.300046912522844e-10	0.019750593	0.00787065	-0.9571438	0	0	0.38	3.2634105e-18
1.4000234961332176e-10	0.03540892	0.0070024263	-0.9586285	0	0	0.38	4.2008826e-18
1.5001517321353933e-10	0.019747509	-0.0082753245	-0.9557107	0	0	0.38	4.6727975e-18
1.6006131939408185e-10	0.027056785	-0.0029688769	-0.9523209	0	0	0.38	4.432035e-18
1.7002834659067881e-10	0.033477046	-0.011338627	-0.9513708	0	0	0.38	4.7162273e-18
1.8004054171711234e-10	0.02836384	-0.013981608	-0.95845187	0	0	0.38	4.6993185e-18
1.9006073918658158e-10	0.022066968	-0.010468198	-0.96004575	0	0	0.38	4.605238e-18
2.0000069892850572e-10	0.027806561	-0.030007819	-0.9534175	0	0	0.38	4.7814787e-18
2.100332745846072e-10	0.02191323	-0.033507288	-0.9551525	0	0	0.38	4.2053213e-18
2.2002493972980946e-10	0.024446286	-0.026294718	-0.95538753	0	0	0.38	4.6804663e-18
2.3002481477226634e-10	0.024590716	-0.005642784	-0.9584463	0	0	0.38	4.3859544e-18
2.400615036721265e-10	0.031668562	-0.0050495802	-0.9596832	0	0	0.38	3.8985055e-18
2.5003017848420537e-10	0.03775847	-0.015274555	-0.956822	0	0	0.38	3.9391855e-18
2.6003737412938207e-10	0.04810951	-0.014211154	-0.95203847	0	0	0.38	4.6167283e-18
2.700515045750719e-10	0.029943915	-0.019079013	-0.9554103	0	0	0.38	4.610092e-18
2.8000232149198217e-10	0.026614804	-0.032525703	-0.95471597	0	0	0.38	4.6763117e-18
2.900369091595558e-10	0.01089443	-0.03471741	-0.95383906	0	0	0.38	4.4022234e-18
3.0005549479684096e-10	0.0151531845	-0.018441621	-0.9501442	0	0	0.38	4.662142e-18
3.100555300568032e-10	0.020776251	-0.01658879	-0.9508876	0	0	0.38	3.7098492e-18
3.2005853589986323e-10	0.0025639734	-0.022434108	-0.95383525	0	0	0.38	5.6897594e-18
3.3003129247688383e-10	0.011415514	-0.008175928	-0.9551931	0	0	0.38	5.271479e-18
3.400637457451882e-10	0.025927205	-0.026741901	-0.9594223	0	0	0.38	5.0763073e-18
3.500523964732064e-10	0.0033030263	-0.02880066	-0.9574968	0	0	0.38	4.9056372e-18
3.600452233703016e-10	-0.0065498394	-0.01449789	-0.9588462	0	0	0.38	4.5742372e-18
3.7005456840841425e-10	-0.0011179767	-0.015098128	-0.96019465	0	0	0.38	4.3002084e-18
3.8002122120687316e-10	-0.003642512	-0.0046216655	-0.9620445	0	0	0.38	4.373421e-18
3.9001509127633127e-10	0.0045195343	0.002214777	-0.95784837	0	0	0.38	4.8198578e-18
4.0003615330015566e-10	0.0011990282	0.004144689	-0.9573857	0	0	0.38	3.752638e-18
4.100289064101737e-10	0.009052622	-0.014299887	-0.9589749	0	0	0.38	5.0887e-18
4.2001461616520917e-10	0.0058396156	0.0072195036	-0.95825493	0	0	0.38	5.3226777e-18
4.300247615627437e-10	0.026872287	0.01599141	-0.95419073	0	0	0.38	3.9436406e-18
4.400194660193296e-10	0.01593199	0.016795833	-0.9568528	0	0	0.38	3.757377e-18
4.500000375457726e-10	0.020502668	0.043028448	-0.955783	0	0	0.38	4.717789e-18
4.6004548158033947e-10	0.02072038	0.03382604	-0.95673436	0	0	0.38	4.9097016e-18
4.70062723119404e-10	0.03028319	0.02406345	-0.95525426	0	0	0.38	4.3515792e-18
4.800503744247657e-10	0.0355306	0.01855254	-0.95617014	0	0	0.38	4.473768e-18
4.900514044647617e-10	0.033878602	0.0019202315	-0.9565088	0	0	0.38	4.509837e-18
5.0002094693647e-10	0.013124359	0.018363573	-0.95507187	0	0	0.38	4.6630243e-18
5.100283532245986e-10	0.009597022	0.024274591	-0.95648336	0	0	0.38	4.4662827e-18
5.200585275836196e-10	0.008720928	0.033814114	-0.9577366	0	0	0.38	3.858912e-18
5.300158894759086e-10	-0.0009047903	0.032926247	-0.95581293	0	0	0.38	4.5484826e-18
5.400569915646432e-10	0.011777069	0.05504137	-0.9578441	0	0	0.38	4.9707843e-18
5.500214529717776e-10	0.011168108	0.05185603	-0.95662475	0	0	0.38	4.668903e-18
5.60055953015598e-10	0.015956588	0.040103164	-0.9579352	0	0	0.38	3.0456863e-18
5.700251717976229e-10	0.0065060225	0.044117097	-0.95557225	0	0	0.38	3.863213e-18
5.800504569285757e-10	-0.0022122525	0.026780274	-0.95620275	0	0	0.38	4.535301e-18
5.900246385526315e-10	-0.0017524975	0.019348739	-0.95641035	0	0	0.38	4.1025524e-18
6.000078061525118e-10	-0.02818999	0.028055647	-0.95534843	0	0	0.38	5.3706757e-18
6.100343130548808e-10	0.00083585357	0.03967085	-0.95404667	0	0	0.38	4.543507e-18
6.200528563325213e-10	0.00068826275	0.05017743	-0.9519285	0	0	0.38	5.0953958e-18
6.300624022000332e-10	0.0017696284	0.056649517	-0.94942063	0	0	0.38	4.835363e-18
6.400421828518019e-10	0.017243119	0.06326617	-0.9498279	0	0	0.38	3.99129e-18
6.500443695126806e-10	0.02385162	0.06910402	-0.9464595	0	0	0.38	4.6008427e-18
6.600165036787574e-10	0.021466272	0.04732729	-0.9475562	0	0	0.38	4.759919e-18
6.700301662063442e-10	0.00141444	0.0373823	-0.9462474	0	0	0.38	3.5797254e-18
6.800655185863647e-10	-0.014614223	0.031135458	-0.94584167	0	0	0.38	4.2968914e-18
6.900143784918794e-10	-0.022527127	0.037492502	-0.94846356	0	0	0.38	3.808722e-18
7.000026823848408e-10	-0.027517397	0.05155732	-0.9487691	0	0	0.38	4.7089353e-18
7.100271448208739e-10	-0.009524994	0.059247077	-0.95022523	0	0	0.38	4.644213e-18
7.200466199981271e-10	0.012213045	0.07123125	-0.9482929	0	0	0.38	5.6010554e-18
7.300528089264486e-10	0.024892287	0.06947571	-0.9518078	0	0	0.38	3.9908172e-18
7.400077258567017e-10	0.026187252	0.058535427	-0.94647676	0	0	0.38	4.500772e-18
7.500572915608803e-10	0.013662547	0.05968979	-0.94364667	0	0	0.38	4.494681e-18
7.600392366885877e-10	0.013602769	0.06428447	-0.94155884	0	0	0.38	4.7452237e-18
7.700224514363341e-10	0.019605476	0.07956391	-0.939915	0	0	0.38	4.3783567e-18
7.800641385161851e-10	0.014498842	0.07695662	-0.94287246	0	0	0.38	5.1307234e-18
7.900476626310428e-10	0.029403316	0.10188933	-0.94130844	0	0	0.38	4.80781e-18
8.000359601279727e-10	0.039499793	0.108000375	-0.9440361	0	0	0.38	4.5476045e-18
8.100287050674494e-10	0.059878703	0.09027358	-0.9471096	0	0	0.38	4.889073e-18
8.200607333972827e-10	0.05134483	0.0816305	-0.9404389	0	0	0.38	3.5496036e-18
8.300596545419546e-10	0.0636166	0.06728197	-0.9390972	0	0	0.38	4.7097786e-18
8.400301406649579e-10	0.079769686	0.058870174	-0.93379295	0	0	0.38	4.414016e-18
8.500036641314507e-10	0.07626107	0.047013395	-0.93304074	0	0	0.38	3.973709e-18
8.600067736721889e-10	0.07488357	0.05510248	-0.9315742	0	0	0.38	4.1464964e-18
8.700526296773999e-10	0.08738889	0.07735137	-0.9288212	0	0	0.38	5.4134103e-18
8.800088930656514e-10	0.09781017	0.07985759	-0.9239441	0	0	0.38	4.4407352e-18
8.900270413744046e-10	0.09044817	0.06838478	-0.92144054	0	0	0.38	4.376645e-18
9.00022922706818e-10	0.107391655	0.06930682	-0.92571884	0	0	0.38	4.316582e-18
9.100385114944018e-10	0.11863079	0.0525763	-0.93342763	0	0	0.38	4.338961e-18
9.20061130177586e-10	0.12775275	0.03739033	-0.9337208	0	0	0.38	4.7750246e-18
9.300323999358854e-10	0.1252483	0.02270707	-0.9387542	0	0	0.38	3.8585937e-18
9.40035248978324e-10	0.112613276	0.012005317	-0.9402438	0	0	0.38	3.548598e-18
9.500122014318647e-10	0.105904356	0.013401774	-0.9414351	0	0	0.38	5.1768615e-18
9.600439831686858e-10	0.105979465	0.013887867	-0.9418484	0	0	0.38	4.909904e-18
9.700286978308826e-10	0.105409764	0.015475252	-0.9444684	0	0	0.38	5.4757214e-18
9.80059762170733e-10	0.121763654	0.012999245	-0.9397289	0	0	0.38	5.1443946e-18
9.900168737162571e-10	0.122675985	0.02725163	-0.9433637	0	0	0.38	4.3408346e-18
1.0000612228977403e-09	0.117830284	0.011397412	-0.9459877	0	0	0.38	3.8315986e-18
1.0100466563779224e-09	0.12332351	0.016339906	-0.9431538	0	0	0.38	6.0357355e-18
1.0200299052229636e-09	0.11426415	0.017717522	-0.94417924	0	0	0.38	4.9913708e-18
1.0300533622511562e-09	0.117076196	0.021633122	-0.9426919	0	0	0.38	4.4937273e-18
1.0400466855471423e-09	0.10268356	0.020602634	-0.9453513	0	0	0.38	5.538057e-18
1.0500538135046862e-09	0.118184455	0.01565597	-0.9442911	0	0	0.38	4.536376e-18
1.0600097453026196e-09	0.11482949	0.0032401672	-0.9470926	0	0	0.38	5.0862372e-18
1.0700011137639818e-09	0.10715333	-0.009098899	-0.9444425	0	0	0.38	5.262829e-18
1.0800411820435075e-09	0.09766614	-0.0051887706	-0.945991	0	0	0.38	3.866334e-18
1.0900514001140932e-09	0.09016138	-0.015191287	-0.95053196	0	0	0.38	4.1631897e-18
1.1000296710107038e-09	0.08016471	-0.027509259	-0.94951695	0	0	0.38	4.4441834e-18
1.1100555256403447e-09	0.074021205	-0.031306732	-0.94277894	0	0	0.38	3.9072095e-18
1.1200309477560166e-09	0.08381929	-0.024704082	-0.9405788	0	0	0.38	4.6423216e-18
1.1300034356082124e-09	0.067265205	-0.021712763	-0.9379304	0	0	0.38	4.7263955e-18
1.1400621739380645e-09	0.060528006	-0.016217895	-0.9475143	0	0	0.38	5.2603525e-18
1.1500261027242476e-09	0.062035896	-0.023368586	-0.94951296	0	0	0.38	4.3207788e-18
1.1600345595961032e-09	0.049140535	-0.046513192	-0.94980884	0	0	0.38	4.3729197e-18
1.1700292041571789e-09	0.02601854	-0.06919821	-0.9463365	0	0	0.38	4.8578543e-18
1.180059943248094e-09	0.013751931	-0.0840725	-0.9465281	0	0	0.38	5.5801203e-18
1.1900607523505883e-09	-0.011460142	-0.08826083	-0.94241655	0	0	0.38	4.5086373e-18
1.2000424497798941e-09	-0.011927299	-0.07452388	-0.9451389	0	0	0.38	5.3175707e-18
1.2100413308791878e-09	-0.010546548	-0.07621728	-0.94243413	0	0	0.38	4.93591e-18
1.2200299161362888e-09	-0.01277124	-0.06395351	-0.9361345	0	0	0.38	5.143819e-18
1.2300520368643937e-09	-0.017619185	-0.077755265	-0.9324664	0	0	0.38	5.225712e-18
1.24001184349153e-09	-0.047419876	-0.083252065	-0.9340939	0	0	0.38	5.1882104e-18
1.250004493223182e-09	-0.044001505	-0.07727966	-0.9363196	0	0	0.38	4.2307302e-18
1.2600167293433165e-09	-0.051062446	-0.048193865	-0.9414684	0	0	0.38	4.99757e-18
1.2700023666818805e-09	-0.056867667	-0.040183406	-0.93918777	0	0	0.38	3.98901e-18
1.2800516449511243e-09	-0.048969362	-0.043272484	-0.94151795	0	0	0.38	4.1750705e-18
1.290054809755823e-09	-0.06188391	-0.037468392	-0.94161236	0	0	0.38	4.6589864e-18
1.300025683992669e-09	-0.049715288	-0.04811834	-0.9422241	0	0	0.38	4.408761e-18
1.3100146793224724e-09	-0.06672518	-0.052190922	-0.94494885	0	0	0.38	3.9714066e-18
1.3200589972875101e-09	-0.08554933	-0.03861717	-0.9436744	0	0	0.38	4.5554023e-18
1.3300306334288679e-09	-0.068745844	-0.029297452	-0.9421683	0	0	0.38	5.742288e-18
1.340059654906479e-09	-0.07013835	-0.01010596	-0.9419274	0	0	0.38	4.4026527e-18
1.35000337776068e-09	-0.05745792	-0.0016538497	-0.9438591	0	0	0.38	4.2084758e-18
1.360019418885033e-09	-0.03703087	-0.010752974	-0.9373381	0	0	0.38	5.362025e-18
1.3700103082881276e-09	-0.030484881	-0.01221438	-0.93444705	0	0	0.38	4.781067e-18
1.3800274564328728e-09	-0.012242595	-0.0011874842	-0.9335941	0	0	0.38	5.2646406e-18
1.3900129256779632e-09	-0.016335601	0.006860314	-0.93462265	0	0	0.38	4.12871e-18
1.4000480667263432e-09	-0.012262598	0.0150203435	-0.93742	0	0	0.38	4.1586394e-18
1.4100493571391116e-09	-0.013535575	0.01054161	-0.9433222	0	0	0.38	5.5901536e-18
1.4200482032560589e-09	-0.018104797	0.027618865	-0.94233394	0	0	0.38	4.524327e-18
1.4300557443532536e-09	-0.023325318	0.042569574	-0.9471732	0	0	0.38	4.4807472e-18
1.4400585654875671e-09	-0.011719685	0.045842223	-0.94786716	0	0	0.38	4.811932e-18
1.4500268576320322e-09	-0.0164691	0.04554856	-0.94636315	0	0	0.38	4.9669578e-18
1.4600041126744094e-09	-0.022936838	0.0391436	-0.9502541	0	0	0.38	4.061348e-18
1.4700267143949754e-09	-0.015962835	0.04326934	-0.94810593	0	0	0.38	4.4319196e-18
1.4800123685339296e-09	-0.023295261	0.026733251	-0.95212966	0	0	0.38	4.701683e-18
1.4900056788024459e-09	-0.013135396	0.009436527	-0.95098644	0	0	0.38	3.978503e-18
1.5000270518037556e-09	-0.010230524	0.012577237	-0.9461338	0	0	0.38	4.2390843e-18
1.5100576766088158e-09	-0.013763014	0.028454872	-0.95012766	0	0	0.38	5.182837e-18
1.520059627290403e-09	-0.022208044	0.018823558	-0.94712204	0	0	0.38	4.509737e-18
1.5300222097424104e-09	-0.012454622	0.038436152	-0.9506718	0	0	0.38	4.373393e-18
1.5400377896143856e-09	-0.00857092	0.06024518	-0.9501005	0	0	0.38	4.8479496e-18
1.5500041935597652e-09	0.0052887723	0.05613106	-0.95115924	0	0	0.38	4.934206e-18
1.5600426264344579e-09	0.016134014	0.0655876	-0.95062464	0	0	0.38	3.9157762e-18
1.5700094007763126e-09	0.015861804	0.057024404	-0.9499097	0	0	0.38	5.11739e-18
1.5800296738690802e-09	0.028224202	0.040440056	-0.95102626	0	0	0.38	5.048248e-18
1.5900236640188006e-09	0.016412076	0.018935906	-0.9460601	0	0	0.38	3.7082122e-18
1.6000195130676143e-09	0.02338478	0.021555413	-0.9415692	0	0	0.38	2.8304113e-18
1.6100123260259962e-09	0.017159175	0.016244505	-0.9397204	0	0	0.38	5.594903e-18
1.6200164802375053e-09	0.023464795	0.036538962	-0.9442663	0	0	0.38	5.2557253e-18
1.6300637749375193e-09	0.047758106	0.03988935	-0.94450504	0	0	0.38	4.1741974e-18
1.6400066568837844e-09	0.04532334	0.025417991	-0.9486138	0	0	0.38	3.7942953e-18
1.6500284980616303e-09	0.056895364	0.026617248	-0.94838923	0	0	0.38	4.5376357e-18
1.6600306931333983e-09	0.050956942	0.015550163	-0.94725823	0	0	0.38	5.2382437e-18
1.6700402498433544e-09	0.04688538	-0.0017442703	-0.9458819	0	0	0.38	4.0697232e-18
1.6800168143732142e-09	0.0561741	-0.0022569667	-0.93741775	0	0	0.38	4.750721e-18
1.6900616308040933e-09	0.04348511	-0.010374858	-0.93835765	0	0	0.38	5.1730697e-18
1.7000136068564558e-09	0.04755554	0.010254052	-0.93676996	0	0	0.38	4.3527017e-18
1.710057573107679e-09	0.047631007	0.019272843	-0.9346756	0	0	0.38	5.3557083e-18
1.720005838269914e-09	0.060980614	0.024481177	-0.9321964	0	0	0.38	4.0547335e-18
1.7300589773054975e-09	0.07463113	0.03633297	-0.93461704	0	0	0.38	5.2215375e-18
1.7400654555603705e-09	0.07542861	0.038667977	-0.93998635	0	0	0.38	3.674118e-18
1.7500400791237364e-09	0.08623982	0.022915501	-0.9451418	0	0	0.38	4.7086905e-18
1.7600313402858274e-09	0.079300866	-0.016547017	-0.9453461	0	0	0.38	5.2731163e-18
1.770053235707258e-09	0.069169454	-0.017028976	-0.9457578	0	0	0.38	4.4056417e-18
1.7800163348642817e-09	0.06147669	-0.024418492	-0.9389698	0	0	0.38	4.7633655e-18
1.7900183649664695e-09	0.050522298	-0.017824426	-0.9396213	0	0	0.38	3.8241743e-18
1.8000069571523234e-09	0.06698068	-0.0118452925	-0.9368301	0	0	0.38	3.60019e-18
1.810005803898747e-09	0.06394324	-0.0019639395	-0.93439764	0	0	0.38	4.6855274e-18
1.8200027931446298e-09	0.06706007	-0.012913429	-0.9386205	0	0	0.38	5.0338043e-18
1.8300376538851702e-09	0.088015616	-0.031070936	-0.93488705	0	0	0.38	5.7702155e-18
1.8400181087009493e-09	0.071963675	-0.041905697	-0.93872136	0	0	0.38	4.5618142e-18
1.8500491218502842e-09	0.07508739	-0.048645113	-0.9456885	0	0	0.38	3.9411206e-18
1.8600524898399113e-09	0.07008537	-0.07162592	-0.9423477	0	0	0.38	5.028346e-18
1.8700039316300193e-09	0.042061567	-0.07727158	-0.94778824	0	0	0.38	4.5257748e-18
1.8800430305653636e-09	0.038827524	-0.07124695	-0.9462108	0	0	0.38	4.058175e-18
1.8900387920941864e-09	0.028144324	-0.06432801	-0.94872326	0	0	0.38	4.1112477e-18
1.9000011090308978e-09	0.028526012	-0.062132	-0.94678473	0	0	0.38	3.0428701e-18
1.9100467449952953e-09	0.019655209	-0.07316333	-0.9421265	0	0	0.38	5.086026e-18
1.9200454378530632e-09	0.02380339	-0.07795956	-0.9405504	0	0	0.38	5.1996606e-18
1.9300046837926536e-09	0.017985133	-0.08495073	-0.9355249	0	0	0.38	5.1464522e-18
1.9400182604715622e-09	0.0112475455	-0.08136451	-0.9356025	0	0	0.38	3.2856997e-18
1.950047729275391e-09	-0.002837106	-0.0913182	-0.9292117	0	0	0.38	3.8351253e-18
1.9600335445204704e-09	-0.02102779	-0.081118256	-0.9313102	0	0	0.38	4.7816776e-18
1.9700128252301138e-09	-0.034252863	-0.076138414	-0.9270869	0	0	0.38	4.9111806e-18
1.9800362150439794e-09	-0.031154698	-0.077475935	-0.9224802	0	0	0.38	4.613102e-18
1.9900120485353027e-09	-0.048204158	-0.07391648	-0.9231812	0	0	0.38	4.6458227e-18
2.0000358387425615e-09	-0.033468872	-0.0784478	-0.93339336	0	0	0.38	5.681776e-18
2.0100427506324717e-09	-0.019614799	-0.080498286	-0.9406474	0	0	0.38	4.3618615e-18
2.0200446195649442e-09	-0.018259523	-0.09592552	-0.93475455	0	0	0.38	3.450577e-18
2.0300276382910445e-09	-0.0015707369	-0.11473106	-0.9374035	0	0	0.38	5.174484e-18
2.0400477557627824e-09	0.0029708617	-0.10486929	-0.9374023	0	0	0.38	5.063926e-18
2.050035104746082e-09	-0.024676314	-0.08956628	-0.93360174	0	0	0.38	4.0596246e-18
2.0600111035808357e-09	-0.03235124	-0.0801133	-0.9311282	0	0	0.38	4.0079457e-18
2.070027515505645e-09	-0.040025804	-0.06755519	-0.9333119	0	0	0.38	4.462197e-18
2.080049866763738e-09	-0.04515932	-0.059088055	-0.93152255	0	0	0.38	3.9453124e-18
2.0900636287336448e-09	-0.036987145	-0.07321911	-0.9286726	0	0	0.38	4.529191e-18
2.100056804480949e-09	-0.021520803	-0.071765825	-0.9250733	0	0	0.38	4.8535377e-18
2.1100147451460253e-09	-0.01377506	-0.06876581	-0.9277384	0	0	0.38	3.4624916e-18
2.1200445803734826e-09	-0.009308242	-0.07101984	-0.9351591	0	0	0.38	3.9833743e-18
2.1300384109316245e-09	-0.00813045	-0.070058696	-0.93683463	0	0	0.38	4.995614e-18
2.1400288848420296e-09	-0.023314776	-0.09276164	-0.9357918	0	0	0.38	4.2399533e-18
2.150043877666771e-09	-0.035762195	-0.09369832	-0.93273425	0	0	0.38	5.120429e-18
2.1600488287953336e-09	-0.041762892	-0.088419884	-0.9326621	0	0	0.38	5.330967e-18
2.1700246720239987e-09	-0.06153537	-0.07889733	-0.930928	0	0	0.38	4.2393424e-18
2.1800453230739814e-09	-0.0764425	-0.041675817	-0.9320146	0	0	0.38	5.254555e-18
2.1900480166465587e-09	-0.07106102	-0.018837642	-0.9294232	0	0	0.38	4.5810123e-18
2.200026573450637e-09	-0.051885337	-0.0047641764	-0.93202144	0	0	0.38	4.1922907e-18
2.2100009525086476e-09	-0.0497245	0.004103355	-0.9299536	0	0	0.38	5.313908e-18
2.22000468632047e-09	-0.0654996	0.01978868	-0.9321486	0	0	0.38	6.037555e-18
2.230036634436199e-09	-0.082272716	0.022182975	-0.9285376	0	0	0.38	4.13842e-18
2.2400519208609215e-09	-0.08251551	0.0228929	-0.92647773	0	0	0.38	4.2467937e-18
2.250016006132535e-09	-0.097348996	0.024409642	-0.92455995	0	0	0.38	5.1444893e-18
2.2600329477570868e-09	-0.1117916	0.012594637	-0.91976285	0	0	0.38	4.607623e-18
2.27005369497027e-09	-0.107154734	0.028159738	-0.92440474	0	0	0.38	3.8372383e-18
2.280056427207843e-09	-0.09592432	0.037653536	-0.92209786	0	0	0.38	4.3022636e-18
2.290055269373729e-09	-0.09481718	0.038058653	-0.9249854	0	0	0.38	4.1890982e-18
2.300004244905915e-09	-0.091303736	0.043364447	-0.92885256	0	0	0.38	4.7350465e-18
2.310011009507703e-09	-0.06506928	0.034836177	-0.92705935	0	0	0.38	4.582506e-18
2.3200383949003282e-09	-0.06680379	0.013845434	-0.93486935	0	0	0.38	4.5779277e-18
2.330015285195266e-09	-0.07654552	-0.0012053739	-0.9373339	0	0	0.38	4.3752474e-18
2.3400029372214177e-09	-0.0731151	0.0011277316	-0.94231987	0	0	0.38	4.6899763e-18
2.3500587429512744e-09	-0.070829816	-0.0020451194	-0.93918777	0	0	0.38	5.6242587e-18
2.360008796618476e-09	-0.06760389	0.0059030727	-0.9448429	0	0	0.38	4.64831e-18
2.370018705436149e-09	-0.07117905	-0.00015959305	-0.93883264	0	0	0.38	5.1338423e-18
2.380033398521393e-09	-0.058318432	-0.0012816387	-0.93870956	0	0	0.38	3.518447e-18
2.390010787522641e-09	-0.07488036	0.006614247	-0.9368542	0	0	0.38	4.5307486e-18
2.400058092922688e-09	-0.06963917	0.010209404	-0.936024	0	0	0.38	3.5987696e-18
2.410003106038943e-09	-0.06148062	-0.0122105125	-0.93146265	0	0	0.38	4.7832327e-18
2.420063896424832e-09	-0.07336461	-0.02886803	-0.93309647	0	0	0.38	4.5241304e-18
2.430011215470809e-09	-0.0745951	-0.036602147	-0.93343914	0	0	0.38	4.3986876e-18
2.4400186089877375e-09	-0.07518298	-0.048838396	-0.9325453	0	0	0.38	4.609303e-18
2.4500109181693698e-09	-0.105446376	-0.051620066	-0.93404955	0	0	0.38	5.1224938e-18
2.460045364442494e-09	-0.1138041	-0.041576166	-0.9332288	0	0	0.38	3.990232e-18
2.4700346746184355e-09	-0.11504388	-0.038823053	-0.9342379	0	0	0.38	4.8056112e-18
2.4800133948550146e-09	-0.09689011	-0.042189933	-0.9377888	0	0	0.38	2.8431581e-18
2.4900500136706586e-09	-0.101986185	-0.0348311	-0.9309027	0	0	0.38	4.7315037e-18
2.5000165962534314e-09	-0.10222273	-0.020250414	-0.9299103	0	0	0.38	5.158607e-18
2.510008849171494e-09	-0.117484614	-0.0072846506	-0.92284954	0	0	0.38	4.9102885e-18
2.5200524799317746e-09	-0.114064634	0.002495189	-0.9212116	0	0	0.38	3.525449e-18
2.530030171770438e-09	-0.11118486	-0.004988446	-0.91137576	0	0	0.38	5.276804e-18
2.540059023178414e-09	-0.121054105	0.015303689	-0.9112846	0	0	0.38	4.919834e-18
2.5500571268209162e-09	-0.1104995	0.026815128	-0.91288507	0	0	0.38	4.3872957e-18
2.5600057411188972e-09	-0.12500134	0.0476159	-0.91406417	0	0	0.38	4.4667083e-18
2.5700249101730006e-09	-0.13337138	0.057663593	-0.9139983	0	0	0.38	4.8636284e-18
2.5800466771807167e-09	-0.15828681	0.06463338	-0.9161575	0	0	0.38	3.540793e-18
2.590017327595081e-09	-0.14848186	0.06722416	-0.92289734	0	0	0.38	4.484249e-18
2.60004212633044e-09	-0.14477114	0.09055552	-0.92545354	0	0	0.38	4.830174e-18
2.6100103315389995e-09	-0.15646882	0.091035776	-0.9231973	0	0	0.38	5.082209e-18
2.6200267764330738e-09	-0.14831385	0.095376685	-0.923071	0	0	0.38	4.9363252e-18
2.630014975230077e-09	-0.1594069	0.10588534	-0.9193527	0	0	0.38	5.0109402e-18
2.640040795484035e-09	-0.13751115	0.10686316	-0.91661215	0	0	0.38	4.2791315e-18
2.6500431567304562e-09	-0.15232337	0.098760955	-0.9114357	0	0	0.38	4.63413e-18
2.660030901988389e-09	-0.14955291	0.12169409	-0.910779	0	0	0.38	4.6951582e-18
2.6700546553230683e-09	-0.1640371	0.13817559	-0.9060186	0	0	0.38	4.472612e-18
2.68002192159479e-09	-0.14611268	0.13940875	-0.9056535	0	0	0.38	5.9754704e-18
2.6900605360129696e-09	-0.14166181	0.1366062	-0.9091978	0	0	0.38	3.7125574e-18
2.7000609701728397e-09	-0.14943753	0.14370935	-0.9112888	0	0	0.38	5.4392684e-18
2.7100604886705917e-09	-0.14571775	0.16775317	-0.9112054	0	0	0.38	5.5345476e-18
2.720047049314297e-09	-0.15313259	0.14992222	-0.90855837	0	0	0.38	4.896164e-18
2.7300513443948212e-09	-0.15219104	0.15627241	-0.90870357	0	0	0.38	3.836816e-18
2.7400662038597617e-09	-0.14147045	0.13539006	-0.9102968	0	0	0.38	3.852482e-18
2.750038216309683e-09	-0.1646866	0.14741802	-0.90712196	0	0	0.38	3.513978e-18
2.7600468737795716e-09	-0.17162108	0.15039447	-0.91005373	0	0	0.38	3.9847954e-18
2.770004740464235e-09	-0.18630986	0.14673774	-0.9127778	0	0	0.38	4.2440003e-18
2.7800221560821275e-09	-0.19140595	0.14693132	-0.9124848	0	0	0.38	3.7798212e-18
2.790058792241051e-09	-0.19340602	0.18651015	-0.9017286	0	0	0.38	4.2858506e-18
2.800008116912441e-09	-0.18026227	0.18392994	-0.9054493	0	0	0.38	5.349229e-18
2.810058670485678e-09	-0.17281243	0.21121503	-0.8956652	0	0	0.38	5.1050825e-18
2.820054232664422e-09	-0.16944481	0.19125848	-0.8898374	0	0	0.38	4.497336e-18
2.8300016811914176e-09	-0.17523408	0.19869803	-0.88455105	0	0	0.38	5.286308e-18
2.840041918126853e-09	-0.1782168	0.17670973	-0.8868437	0	0	0.38	4.5633594e-18
2.850050656631379e-09	-0.16884291	0.15858366	-0.8886322	0	0	0.38	4.0554527e-18
2.8600421081414568e-09	-0.18001145	0.123648204	-0.8822611	0	0	0.38	4.788897e-18
2.8700047689242456e-09	-0.21831627	0.100953184	-0.87099195	0	0	0.38	4.9577053e-18
2.880061943278099e-09	-0.23727274	0.068480976	-0.8643974	0	0	0.38	3.798342e-18
2.890031704535604e-09	-0.22206269	0.043087672	-0.8646609	0	0	0.38	5.3981823e-18
2.9000247104816414e-09	-0.23165283	0.03789654	-0.8584986	0	0	0.38	4.3019596e-18
2.9100389928893264e-09	-0.22848009	-0.0040700235	-0.85838956	0	0	0.38	4.7392316e-18
2.920037445293489e-09	-0.2114986	-0.057057243	-0.8481941	0	0	0.38	4.042983e-18
2.9300324712741465e-09	-0.18583238	-0.12062115	-0.8304757	0	0	0.38	4.8226007e-18
2.9400587206049275e-09	-0.124980174	-0.17443849	-0.81898326	0	0	0.38	4.271191e-18
2.950013571080633e-09	-0.06522293	-0.22527696	-0.8084347	0	0	0.38	5.164925e-18
2.9600536367296405e-09	0.025630621	-0.24256176	-0.80526906	0	0	0.38	4.4946062e-18
2.970027332335056e-09	0.098874174	-0.26726863	-0.80568	0	0	0.38	4.150873e-18
2.98004244763158e-09	0.16316634	-0.260789	-0.8084687	0	0	0.38	3.8422936e-18
2.9900056119922978e-09	0.21535169	-0.20952241	-0.8030318	0	0	0.38	4.367887e-18
3.000040292860388e-09	0.25748217	-0.14844413	-0.80642235	0	0	0.38	4.340529e-18
3.0100182456717933e-09	0.2655052	-0.07232723	-0.792839	0	0	0.38	4.9674586e-18
3.020032089066003e-09	0.28128192	0.014066236	-0.7757634	0	0	0.38	4.9535248e-18
3.030013574439249e-09	0.24578299	0.084889494	-0.7537117	0	0	0.38	4.300677e-18
3.0400271381374523e-09	0.14998448	0.13481656	-0.71447426	0	0	0.38	4.812371e-18
3.0500084444440973e-09	0.024364663	0.14306845	-0.68042344	0	0	0.38	4.135584e-18
3.0600060229357257e-09	-0.119099244	0.115478955	-0.648105	0	0	0.38	4.257934e-18
3.070001071110679e-09	-0.19786692	0.0083921505	-0.6187679	0	0	0.38	4.823943e-18
3.0800389410127882e-09	-0.20864175	-0.110518895	-0.6172659	0	0	0.38	4.6489383e-18
3.090008846935514e-09	-0.18501104	-0.22761272	-0.60717374	0	0	0.38	4.3991624e-18
3.100050881615921e-09	-0.117444135	-0.34101206	-0.59289587	0	0	0.38	4.932647e-18
3.1100133933643864e-09	0.036492605	-0.42349887	-0.56028837	0	0	0.38	4.3871703e-18
3.1200592801260497e-09	0.2395604	-0.39165875	-0.54602563	0	0	0.38	5.068545e-18
3.1300462159217387e-09	0.41523924	-0.27632856	-0.528642	0	0	0.38	5.1642106e-18
3.1400392609216337e-09	0.51825976	-0.079528995	-0.50824994	0	0	0.38	4.6022832e-18
3.1500003984738383e-09	0.50611037	0.119659774	-0.4892433	0	0	0.38	4.457885e-18
3.1600075278674983e-09	0.43275693	0.31290928	-0.47483784	0	0	0.38	4.6420507e-18
3.1700206079653654e-09	0.22760817	0.46026596	-0.45672792	0	0	0.38	3.8545434e-18
3.180005089594829e-09	-0.050922666	0.47901532	-0.44904187	0	0	0.38	4.712715e-18
3.190032002855717e-09	-0.28141543	0.39395902	-0.4493791	0	0	0.38	4.391984e-18
3.200048485162123e-09	-0.38394126	0.24144977	-0.43195346	0	0	0.38	3.7031474e-18
3.2100118024447934e-09	-0.37166455	0.11399651	-0.4226786	0	0	0.38	3.9815305e-18
3.220061265165063e-09	-0.2950842	0.01720076	-0.41441268	0	0	0.38	4.2891867e-18
3.2300546504077796e-09	-0.16184585	-0.051847927	-0.3933952	0	0	0.38	4.3999193e-18
3.240045811301306e-09	0.031761725	-0.053093743	-0.36782748	0	0	0.38	3.3933486e-18
3.2500504027285492e-09	0.19218625	0.064375885	-0.34952044	0	0	0.38	3.9711274e-18
3.260047512335722e-09	0.18911816	0.21968755	-0.33276203	0	0	0.38	3.2092749e-18
3.2700252806142802e-09	0.11629966	0.32311907	-0.32609266	0	0	0.38	4.6036915e-18
3.280017739715364e-09	-0.015133712	0.44240642	-0.32075903	0	0	0.38	4.4347055e-18
3.2900062945761486e-09	-0.3105	0.45015973	-0.30307287	0	0	0.38	4.7623774e-18
3.30000633286174e-09	-0.56530637	0.20880105	-0.29833135	0	0	0.38	3.3909872e-18
3.3100319693077283e-09	-0.5672493	-0.109852634	-0.28761664	0	0	0.38	3.0596178e-18
3.3200324905693284e-09	-0.44247308	-0.33330354	-0.27446133	0	0	0.38	4.4018015e-18
3.3300034274550627e-09	-0.21913102	-0.4620248	-0.2562778	0	0	0.38	3.874827e-18
3.340014328432415e-09	0.09664218	-0.50682026	-0.24343985	0	0	0.38	4.776367e-18
3.3500387574703746e-09	0.414678	-0.37317768	-0.22508712	0	0	0.38	3.9439194e-18
3.360043160543815e-09	0.59677047	-0.13308592	-0.2082845	0	0	0.38	2.9931317e-18
3.370042841076694e-09	0.62289613	0.16956761	-0.19286722	0	0	0.38	4.6809704e-18
3.3800099840457636e-09	0.4785176	0.43663397	-0.17473255	0	0	0.38	3.8112636e-18
3.3900460280464804e-09	0.16458964	0.53621906	-0.17681897	0	0	0.38	3.0308065e-18
3.4000617262395323e-09	-0.13460913	0.40886316	-0.16808198	0	0	0.38	2.8874574e-18
3.410048132374184e-09	-0.24938081	0.21101356	-0.16537082	0	0	0.38	3.5606535e-18
3.4200355597206704e-09	-0.23687862	0.06969098	-0.15754093	0	0	0.38	3.7558814e-18
3.4300640538185735e-09	-0.14258607	-0.049565777	-0.15162453	0	0	0.38	2.2278222e-18
3.4400558362388055e-09	0.049855445	-0.09498327	-0.13641779	0	0	0.38	3.957219e-18
3.4500628573455264e-09	0.17947286	-0.03906561	-0.11708076	0	0	0.38	3.5761247e-18
3.460058955647771e-09	0.21815483	0.011211161	-0.08902156	0	0	0.38	3.7220476e-18
3.470042613792133e-09	0.20383714	0.076347634	-0.07650055	0	0	0.38	3.3042571e-18
3.4800357926674337e-09	0.14940774	0.14300762	-0.0732107	0	0	0.38	2.5508215e-18
3.490049565060388e-09	0.07612926	0.18305811	-0.054111443	0	0	0.38	2.8989593e-18
3.5000394762173035e-09	-0.066293634	0.25060502	-0.038268827	0	0	0.38	2.7795074e-18
3.5100609680543047e-09	-0.33148682	0.09989537	0.0015310936	0	0	0.38	3.1743865e-18
3.5200358573792643e-09	-0.36885756	-0.2609358	0.028224034	0	0	0.38	3.099208e-18
3.5300650791344626e-09	-0.087993994	-0.50075537	0.043444026	0	0	0.38	3.0559263e-18
3.540018833847319e-09	0.23297466	-0.47942182	0.06253758	0	0	0.38	2.1654813e-18
3.5500060304977883e-09	0.4947923	-0.24364644	0.088742636	0	0	0.38	2.016932e-18
3.5600209526617665e-09	0.50214374	0.15038413	0.10168607	0	0	0.38	1.8365374e-18
3.570050674500209e-09	0.18573418	0.43638855	0.1236691	0	0	0.38	2.0149363e-18
3.5800370869576848e-09	-0.24677284	0.3678664	0.14877757	0	0	0.38	2.58522e-18
3.59001186840008e-09	-0.39650255	0.09136574	0.16822211	0	0	0.38	2.3990463e-18
3.600052082704542e-09	-0.30358604	-0.09622995	0.18362784	0	0	0.38	2.6236494e-18
3.6100515907139208e-09	-0.19038473	-0.1299018	0.1984542	0	0	0.38	2.7468052e-18
3.620004326354312e-09	-0.06627078	-0.1373686	0.21160573	0	0	0.38	2.3215215e-18
3.630055181916951e-09	0.08411572	-0.093081884	0.22478347	0	0	0.38	1.5586088e-18
3.6400464756217637e-09	0.18125963	-0.006505877	0.2406376	0	0	0.38	2.1946396e-18
3.650045314508923e-09	0.24945135	0.11578431	0.2352089	0	0	0.38	1.280711e-18
3.6600431736936253e-09	0.15006498	0.30653918	0.24906874	0	0	0.38	2.3970112e-18
3.6700131548083968e-09	-0.07892744	0.36332217	0.2720211	0	0	0.38	1.707468e-18
3.6800129921467606e-09	-0.27737588	0.2786577	0.27736968	0	0	0.38	1.8840627e-18
3.6900291402118825e-09	-0.43845904	0.07314021	0.288716	0	0	0.38	2.1140166e-18
3.7000054886130215e-09	-0.47958848	-0.21623576	0.3066786	0	0	0.38	1.9548538e-18
3.7100546004742324e-09	-0.25948718	-0.4561023	0.3186579	0	0	0.38	2.0127616e-18
3.7200340967430935e-09	0.07212319	-0.44290146	0.3413408	0	0	0.38	2.8329598e-18
3.730019214944184e-09	0.29653212	-0.21638112	0.34518924	0	0	0.38	1.1798544e-18
3.74001041431486e-09	0.28192553	0.02497738	0.35717386	0	0	0.38	1.2138413e-18
3.750022104146562e-09	0.1439959	0.11190529	0.357293	0	0	0.38	6.250212e-19
3.760007844468808e-09	0.065041065	0.18716826	0.36454028	0	0	0.38	1.5102646e-18
3.7700068169995e-09	-0.05042438	0.2634493	0.37201074	0	0	0.38	1.9057464e-18
3.780010784913352e-09	-0.25757393	0.21548995	0.3861818	0	0	0.38	4.2869742e-19
3.7900205862569395e-09	-0.36428457	-0.037758816	0.39406803	0	0	0.38	2.0556239e-18
3.800015243685968e-09	-0.20892552	-0.3053444	0.4046848	0	0	0.38	1.1222073e-18
3.8100644972483115e-09	0.09012134	-0.40098873	0.4190729	0	0	0.38	6.2373327e-19
3.820035253424344e-09	0.3560798	-0.2644784	0.4357422	0	0	0.38	1.6256631e-18
3.830016005330856e-09	0.44315866	0.019976038	0.45031843	0	0	0.38	3.8476784e-19
3.840054605396324e-09	0.27510372	0.31667545	0.46241227	0	0	0.38	1.7149463e-18
3.850035353736482e-09	-0.073441096	0.36178687	0.48137826	0	0	0.38	7.4422184e-19
3.86006191780185e-09	-0.27753562	0.12897374	0.49861088	0	0	0.38	1.4004934e-18
3.8700173102077154e-09	-0.26170352	-0.06474305	0.5032985	0	0	0.38	8.169421e-19
3.8800348654807085e-09	-0.21160479	-0.20219225	0.49743512	0	0	0.38	6.115906e-19
3.890011884255483e-09	-0.06763815	-0.29285282	0.5136971	0	0	0.38	5.192229e-19
3.900022013940227e-09	0.16674884	-0.2746211	0.5366531	0	0	0.38	6.0057547e-19
3.910063036989233e-09	0.3391962	-0.119105786	0.54108816	0	0	0.38	1.3793827e-18
3.920004292911593e-09	0.33696845	0.17652126	0.54531753	0	0	0.38	5.363689e-19
3.930006771785655e-09	0.073512495	0.36689818	0.5554394	0	0	0.38	-7.0380404e-19
3.940048875428439e-09	-0.19626378	0.28861916	0.55464053	0	0	0.38	5.740171e-20
3.950049240844378e-09	-0.32735002	0.04947405	0.56688166	0	0	0.38	9.073735e-19
3.960019111255425e-09	-0.24246627	-0.17253672	0.57823116	0	0	0.38	2.1462628e-18
3.970015721380682e-09	-0.04974894	-0.2981986	0.5776272	0	0	0.38	6.872613e-19
3.980057950702574e-09	0.14598192	-0.26908973	0.59181726	0	0	0.38	1.1868538e-18
3.990032479770576e-09	0.31453112	-0.10716218	0.6071473	0	0	0.38	3.224045e-19
4.000020354678501e-09	0.30404904	0.16261408	0.6010986	0	0	0.38	1.2804143e-18
4.01000709613408e-09	0.056977667	0.3227594	0.60362685	0	0	0.38	8.4064075e-19
4.0200321402934955e-09	-0.17808588	0.24628255	0.6224867	0	0	0.38	7.698032e-20
4.0300521091941535e-09	-0.29283026	0.07568522	0.6364598	0	0	0.38	1.7679195e-18
4.040050502530395e-09	-0.25858128	-0.14201038	0.6298958	0	0	0.38	1.8859262e-19
4.0500417423051705e-09	-0.061075438	-0.27587098	0.6359046	0	0	0.38	1.2236358e-18
4.060051472231459e-09	0.17587906	-0.24806456	0.64802253	0	0	0.38	1.7228037e-19
4.070048058192932e-09	0.33361962	-0.04913191	0.6636551	0	0	0.38	4.976181e-19
4.080019854449392e-09	0.22098634	0.24359086	0.6750578	0	0	0.38	-1.9885488e-19
4.090036179052661e-09	-0.05974249	0.32083884	0.6891613	0	0	0.38	5.4498836e-19
4.100044453654911e-09	-0.25664774	0.16277032	0.7002212	0	0	0.38	1.2437707e-19
4.110001970866598e-09	-0.25298935	-0.07309594	0.70999587	0	0	0.38	5.4320796e-19
4.120048217228424e-09	-0.112475805	-0.22704338	0.7118961	0	0	0.38	7.1803263e-19
4.130007925158907e-09	0.10355043	-0.24771383	0.7201202	0	0	0.38	-3.0108418e-19
4.140027868354205e-09	0.24105617	-0.08425866	0.745119	0	0	0.38	-9.546967e-19
4.150023850289211e-09	0.24528237	0.13256344	0.74376196	0	0	0.38	1.1334816e-19
4.160018181513093e-09	0.03676688	0.30465385	0.750777	0	0	0.38	-3.346457e-19
4.170037443140493e-09	-0.22918656	0.21608841	0.77648205	0	0	0.38	-7.0955346e-20
4.180018284604022e-09	-0.2802839	-0.076628804	0.7917727	0	0	0.38	-5.603018e-19
4.190016472260378e-09	-0.0850761	-0.2675157	0.79820824	0	0	0.38	2.2336906e-19
4.2000389842521764e-09	0.17221968	-0.2089617	0.80992377	0	0	0.38	-5.6975963e-19
4.210010421477328e-09	0.24893045	0.0162751	0.8164817	0	0	0.38	6.172108e-19
4.220025253909222e-09	0.119700424	0.20757343	0.82614934	0	0	0.38	-8.4728467e-19
4.2300172118822834e-09	-0.09339934	0.20468101	0.8316267	0	0	0.38	-1.6414462e-19
4.2400487708722816e-09	-0.2227235	0.036092564	0.8533841	0	0	0.38	-1.075778e-18
4.250022299881005e-09	-0.13310674	-0.16882181	0.8611465	0	0	0.38	-1.0485611e-18
4.260058899846764e-09	0.0748783	-0.19577688	0.8680441	0	0	0.38	-4.82629e-19
4.2700337811489885e-09	0.21449438	-0.021888273	0.88368976	0	0	0.38	-1.4635249e-18
4.2800555795079325e-09	0.07828743	0.1972415	0.8928822	0	0	0.38	-1.3767441e-18
4.2900379046697244e-09	-0.15451166	0.13365218	0.9020002	0	0	0.38	-7.9761025e-19
4.3000120991610504e-09	-0.16878389	-0.11948791	0.9053623	0	0	0.38	-1.3694968e-18
4.31002987908632e-09	0.06790739	-0.18918811	0.9133412	0	0	0.38	9.067832e-19
4.32001133566606e-09	0.17596665	0.039979786	0.9223359	0	0	0.38	-7.48102e-19
4.330041552848601e-09	0.0024165602	0.15650457	0.92994565	0	0	0.38	-1.214626e-18
4.3400227896162745e-09	-0.15193535	0.033128753	0.93389606	0	0	0.38	-1.0142715e-18
4.350063667484243e-09	-0.06573293	-0.14656842	0.93373793	0	0	0.38	-1.3919002e-18
4.360057132666129e-09	0.12846522	-0.07109448	0.94147736	0	0	0.38	-6.7323186e-19
4.3700349338967985e-09	0.08111384	0.10248094	0.94602424	0	0	0.38	-1.3413178e-18
4.3800566461471276e-09	-0.09381481	0.0876801	0.95174855	0	0	0.38	-2.0668605e-18
4.390046074821269e-09	-0.0937646	-0.06807278	0.9534523	0	0	0.38	-3.420439e-19
4.400036562371351e-09	0.05416084	-0.08490132	0.9568993	0	0	0.38	-1.2067048e-18
4.410059844845208e-09	0.08378195	0.029271206	0.95807254	0	0	0.38	-1.1943005e-18
4.420007089738063e-09	-0.018457072	0.097061984	0.9580046	0	0	0.38	-1.8053444e-18
4.430014211490625e-09	-0.100936525	0.0052225897	0.9572952	0	0	0.38	-2.1879068e-18
4.4400391382449856e-09	-0.028127449	-0.07591547	0.96200335	0	0	0.38	-1.5014099e-18
4.450055433007468e-09	0.057080876	-0.018995967	0.96426094	0	0	0.38	-1.4298096e-18
4.460023908607589e-09	0.013605747	0.033586647	0.96636045	0	0	0.38	-1.5893877e-18
4.470043452750639e-09	-0.023366567	0.0065699476	0.9660608	0	0	0.38	-2.2039766e-18
4.480044531857852e-09	-0.024006268	-0.02198716	0.96134424	0	0	0.38	-2.1141385e-19
4.4900592031891194e-09	0.0076587186	-0.012233139	0.9627722	0	0	0.38	-1.0458412e-18
4.500005131649479e-09	0.0018064328	-0.0017922868	0.9603497	0	0	0.38	-4.8466425e-19
4.510031712245183e-09	-0.0071285246	0.006287966	0.9622024	0	0	0.38	-1.7998288e-18
4.520003822936913e-09	0.002009763	-0.011200104	0.96375537	0	0	0.38	-1.9533467e-18
4.530017451115957e-09	0.017233102	0.003979979	0.9604425	0	0	0.38	-1.1204473e-18
4.540002725420287e-09	-0.005236844	0.015989795	0.9611585	0	0	0.38	-1.3549629e-18
4.550044464274193e-09	-0.02266477	-0.0030584254	0.9600693	0	0	0.38	-1.9273182e-18
4.5600310504831685e-09	0.01564748	-0.01509965	0.96331924	0	0	0.38	-1.998251e-18
4.570049323109838e-09	0.0081030615	0.024604663	0.9607185	0	0	0.38	-1.200533e-18
4.580058252946963e-09	-0.017749846	0.013475315	0.96216565	0	0	0.38	-2.1614604e-18
4.590056727266358e-09	-0.019655334	-0.01335256	0.9623019	0	0	0.38	-1.9597975e-18
4.600016291985594e-09	-0.001293984	-0.029961577	0.96353745	0	0	0.38	-1.2993221e-18
4.610015799467174e-09	0.017745318	0.010779046	0.96252215	0	0	0.38	-2.1280239e-18
4.620015054998199e-09	-0.012009338	0.0070839236	0.9660248	0	0	0.38	-1.8787336e-18
4.630043170954657e-09	-0.007967936	-0.013169195	0.96922994	0	0	0.38	-1.8123591e-18
4.640011377226036e-09	0.015069606	-0.008628355	0.9658477	0	0	0.38	-1.3794977e-18
4.6500094088167634e-09	0.010985884	0.007532655	0.96520716	0	0	0.38	-1.1174738e-18
4.660018737744036e-09	0.00060996047	0.015298608	0.96584094	0	0	0.38	-1.301637e-18
4.670051959873264e-09	-0.026045145	0.0053751618	0.966555	0	0	0.38	-1.6029751e-18
4.6800176150672506e-09	-0.022962488	-0.0071982564	0.96815544	0	0	0.38	-1.3133476e-18
4.690046250797269e-09	-0.0025364254	-0.042452477	0.9674078	0	0	0.38	-2.2315487e-19
4.70006033363711e-09	0.009111615	-0.010995964	0.96657664	0	0	0.38	-8.205735e-19
4.710062272905302e-09	0.0063167806	-0.00262364	0.9658352	0	0	0.38	-1.1309561e-18
4.7200059927506765e-09	-0.018624194	0.0023223204	0.963984	0	0	0.38	-7.454666e-19
4.730022207621304e-09	-0.010459599	-0.013928303	0.96632755	0	0	0.38	-1.1403415e-18
4.7400492601406765e-09	0.022994326	-0.017532919	0.9651356	0	0	0.38	-1.2522193e-18
4.7500089371058415e-09	0.010033896	0.03460725	0.9642337	0	0	0.38	-1.45612e-18
4.7600369502005205e-09	-0.040169515	0.013256061	0.96363294	0	0	0.38	-1.3600597e-18
4.7700272312466205e-09	-0.016152833	-0.04474293	0.96696347	0	0	0.38	-1.6881823e-18
4.78002813468641e-09	0.042648494	-0.023289734	0.96546465	0	0	0.38	-1.1039841e-18
4.790021644374966e-09	0.030614492	0.053432316	0.96549016	0	0	0.38	-1.5584333e-18
4.800020519150188e-09	-0.05227154	0.015463758	0.9628518	0	0	0.38	-4.664182e-19
4.810051007811374e-09	-0.018920545	-0.040415354	0.9653323	0	0	0.38	-4.6146964e-19
4.820046252310086e-09	0.034641027	-0.017931536	0.9660604	0	0	0.38	-1.8112927e-18
4.830057550361182e-09	0.025874391	0.020096473	0.9674055	0	0	0.38	-1.3402715e-18
4.840015408664605e-09	-0.011824474	0.023872439	0.96378314	0	0	0.38	-5.362431e-19
4.850034776359295e-09	-0.017780486	0.011269203	0.96354896	0	0	0.38	-7.7969765e-19
4.8600411494367455e-09	-0.017881503	-0.008801222	0.96656364	0	0	0.38	-1.2492938e-18
4.870046882691823e-09	0.014820909	-0.023794793	0.9666846	0	0	0.38	-2.1355405e-18
4.8800135694454585e-09	0.025451444	0.030136818	0.9672002	0	0	0.38	-1.5315708e-18
4.89004582665351e-09	-0.019171769	0.014386484	0.9648743	0	0	0.38	-1.3668881e-18
4.900063397720935e-09	-0.004565505	-0.029995903	0.9656534	0	0	0.38	-7.6238523e-19
4.9100238452977735e-09	0.02529386	-0.022259682	0.9636115	0	0	0.38	-1.1474935e-18
4.9200077725719875e-09	0.029243702	0.019320222	0.9656482	0	0	0.38	-1.109053e-18
4.9300363727076e-09	0.005535107	0.028806983	0.9641773	0	0	0.38	-1.4116252e-18
4.940025989709683e-09	-0.028566277	0.014810535	0.9662289	0	0	0.38	-1.2387174e-18
4.950009721143621e-09	-0.015887845	-0.041361503	0.962284	0	0	0.38	-1.0054639e-18
4.960058546814713e-09	0.030773139	-0.025650669	0.9653044	0	0	0.38	-2.351519e-18
4.970029383577482e-09	0.015640195	0.029233359	0.9669562	0	0	0.38	-1.739182e-18
4.980045096345846e-09	-0.029699774	0.0067113545	0.9648964	0	0	0.38	-1.8850437e-18
4.990006493926798e-09	-0.008221706	-0.031932827	0.9641545	0	0	0.38	-1.9627424e-18
5.0000471345757255e-09	0.0273248	-0.024541195	0.96469617	0	0	0.38	-1.0465049e-18
5.010040171922686e-09	0.03616265	0.022386074	0.96351135	0	0	0.38	-9.941825e-19
5.020032113274961e-09	-0.014079368	0.04332075	0.963019	0	0	0.38	-1.397232e-18
5.0300165979465735e-09	-0.0425708	-0.011760178	0.9643917	0	0	0.38	-2.282447e-18
5.0400596611652094e-09	0.006818212	-0.026571263	0.963155	0	0	0.38	-7.625861e-19
5.050036005933708e-09	0.01504796	0.008324561	0.96552354	0	0	0.38	-1.7921337e-18
5.060018942818804e-09	0.006183946	0.020146953	0.96142584	0	0	0.38	-5.7704197e-19
5.070024541842603e-09	-0.0039196457	0.025649326	0.96221924	0	0	0.38	-1.4006909e-18
5.080009620139268e-09	-0.021351472	2.068428e-05	0.961304	0	0	0.38	-8.953217e-19
5.090004238391554e-09	0.0049840263	-0.022435807	0.9600459	0	0	0.38	-1.3394128e-18
5.1000001162199044e-09	0.0144215925	0.014947936	0.9610588	0	0	0.38	-5.0761117e-19
5.11000961316675e-09	-0.0061321096	-0.0042307987	0.95770836	0	0	0.38	-1.0674005e-18
5.12000995866925e-09	0.009478955	-0.012021452	0.9612996	0	0	0.38	-1.3263245e-18
5.1300423812332056e-09	-0.0015607555	0.019940441	0.9626608	0	0	0.38	-1.2019176e-18
5.140004422806576e-09	-0.029364467	-0.020248882	0.96179485	0	0	0.38	-1.0772095e-18
5.1500581617641545e-09	0.027952975	-0.03448099	0.96321607	0	0	0.38	-1.5515183e-18
5.1600080766008626e-09	0.025569586	0.028944574	0.96345633	0	0	0.38	-1.5818283e-18
5.1700095599578036e-09	-0.026622782	0.006592222	0.96434975	0	0	0.38	-2.543514e-18
5.1800108812066576e-09	-0.0075317193	-0.009667343	0.9613832	0	0	0.38	-1.005868e-18
5.190039302496865e-09	0.023720717	0.0058603627	0.9648861	0	0	0.38	-1.1101859e-18
5.200010799303652e-09	0.0036730631	-0.003974881	0.96320873	0	0	0.38	-7.163813e-19
5.2100504174469335e-09	0.02072891	0.021727636	0.96463627	0	0	0.38	-4.6523796e-19
5.220040192529643e-09	-0.032709226	0.042019643	0.9640908	0	0	0.38	-1.6891477e-18
5.230059675897538e-09	-0.05158477	-0.019542178	0.96336144	0	0	0.38	-2.5103205e-18
5.2400376632725345e-09	0.016641669	-0.07223761	0.96540207	0	0	0.38	-1.2100372e-18
5.250046712332157e-09	0.046312764	0.02007301	0.9639332	0	0	0.38	-7.343316e-19
5.260025434750981e-09	-0.013389575	0.0372799	0.9660629	0	0	0.38	-1.942401e-18
5.270049282563999e-09	-0.02468378	-0.016821792	0.9651422	0	0	0.38	-2.157885e-19
5.280034603015393e-09	0.00015916026	-0.024343245	0.96600974	0	0	0.38	-1.3703035e-18
5.290049533735566e-09	0.028038042	0.002468309	0.96471715	0	0	0.38	-1.9743728e-18
5.3000468338450166e-09	-0.0051490064	0.012589472	0.9626949	0	0	0.38	-6.684987e-19
5.310021252352292e-09	-0.017775862	0.010474281	0.9633674	0	0	0.38	-1.2099893e-18
5.3200114495462155e-09	-0.027516605	-0.03061791	0.96570235	0	0	0.38	-1.8136212e-18
5.3300498003211435e-09	0.038188722	-0.013779617	0.9651886	0	0	0.38	-5.9372253e-19
5.3400451788655425e-09	0.010234909	0.033325404	0.96488285	0	0	0.38	-1.8110898e-18
5.3500073167400145e-09	-0.030081049	0.011063472	0.9626241	0	0	0.38	-8.5212564e-19
5.360013302047734e-09	-0.0052518845	-0.021882253	0.96332556	0	0	0.38	-1.5502798e-18
5.37000768638852e-09	0.014708126	0.00019061037	0.9620917	0	0	0.38	-9.744355e-19
5.380044266332987e-09	0.010674354	0.0010374661	0.96075326	0	0	0.38	-6.527626e-19
5.390034123464475e-09	-0.0031267088	0.0009993849	0.96327853	0	0	0.38	-1.3302976e-18
5.400009715126949e-09	-0.0008949165	0.008078482	0.9607294	0	0	0.38	-2.0658397e-18
5.41004939052384e-09	-0.0035916858	-0.0058998405	0.9636398	0	0	0.38	-1.3526049e-18
5.42004474133617e-09	0.0029571573	-0.0074347015	0.9657637	0	0	0.38	-1.9070537e-18
5.430026243639645e-09	0.0026978324	0.0012953029	0.9639265	0	0	0.38	-1.1938705e-18
5.440044362607757e-09	-0.012873894	-0.015321835	0.9667724	0	0	0.38	-1.4789741e-18
5.450035115547126e-09	0.025484264	-0.012458125	0.9664799	0	0	0.38	-8.910715e-19
5.460043598502818e-09	-0.0046774694	0.01890781	0.9655323	0	0	0.38	-1.7594057e-18
5.470060326474689e-09	-0.02574114	0.0059160846	0.9664294	0	0	0.38	-7.878426e-19
5.4800316410761235e-09	-0.020275231	-0.034584995	0.96642613	0	0	0.38	-1.865102e-18
5.490019296815545e-09	0.025952926	-0.01785765	0.96639353	0	0	0.38	-1.5279934e-18
5.500049152129804e-09	0.013020213	0.036520932	0.9635364	0	0	0.38	-9.515726e-19
5.51005102772658e-09	-0.017729526	0.020410104	0.9634613	0	0	0.38	-1.744754e-18
5.520058521243429e-09	-0.0065753167	-0.004650407	0.9606165	0	0	0.38	-1.2020475e-18
5.530044279021537e-09	0.012273263	-0.0034640457	0.96387476	0	0	0.38	-1.1544453e-18
5.540033864607575e-09	0.012493991	0.01054577	0.96415174	0	0	0.38	-5.2103585e-19
5.550019196666342e-09	-0.004911815	0.031504534	0.9598086	0	0	0.38	-1.0959571e-18
5.560050630198075e-09	-0.010404521	0.010439153	0.9621247	0	0	0.38	-2.3845032e-19
5.570007567385792e-09	-0.0048967213	-0.020310612	0.9629327	0	0	0.38	-6.9792387e-19
5.580015990109715e-09	0.019724423	-0.00379059	0.96054995	0	0	0.38	-1.2150724e-18
5.5900004743817665e-09	0.018956844	0.0063387067	0.962508	0	0	0.38	-1.7470528e-18
5.600010215879813e-09	-0.007345119	0.008648567	0.9639721	0	0	0.38	-1.1428881e-18
5.610063311318624e-09	-0.013550485	0.004990436	0.96370196	0	0	0.38	-1.4751612e-18
5.620031780179267e-09	-0.005828228	-0.012667921	0.96661615	0	0	0.38	-2.0905327e-18
5.630060244644428e-09	0.024644526	-0.012673134	0.9670138	0	0	0.38	-9.445362e-19
5.64001805827913e-09	0.021001967	0.015668903	0.9692475	0	0	0.38	-3.4851924e-19
5.650031907632958e-09	-0.020335369	0.016111922	0.96943325	0	0	0.38	-1.5163209e-18
5.660023841089448e-09	-0.014252857	-0.030913625	0.9689404	0	0	0.38	-1.1209292e-18
5.670019697911619e-09	0.020841736	-0.030222612	0.9682568	0	0	0.38	-1.3812058e-18
5.680038410948701e-09	0.034223	0.02322328	0.96833134	0	0	0.38	-8.285048e-19
5.69002936844754e-09	-0.027172271	0.026048236	0.966156	0	0	0.38	-1.5035805e-18
5.700051338039972e-09	-0.02143625	-0.011930788	0.96702	0	0	0.38	-1.2425184e-18
5.710041501171044e-09	0.018529182	-0.01810599	0.96764326	0	0	0.38	-1.1662101e-18
5.720037251327473e-09	0.009254324	0.018813603	0.96874505	0	0	0.38	-1.4219417e-18
5.730031599893906e-09	-0.03174954	0.020550756	0.965057	0	0	0.38	-3.361007e-19
5.7400450045954556e-09	-0.021574521	-0.021548523	0.9641067	0	0	0.38	-1.8968939e-18
5.750021245050549e-09	0.009756204	-0.018896874	0.96422297	0	0	0.38	3.64128e-20
5.760051663956652e-09	0.013781643	-0.003183608	0.9637305	0	0	0.38	-1.0285478e-18
5.770022981390052e-09	0.00035415642	0.023398343	0.96520007	0	0	0.38	-1.1753062e-18
5.780007958503248e-09	-0.016547933	-0.0027595905	0.9649971	0	0	0.38	-6.4696965e-19
5.790044451877557e-09	0.009404033	-0.025857551	0.96235	0	0	0.38	-1.1923922e-18
5.800045681447428e-09	0.040254377	0.023476945	0.96208584	0	0	0.38	-1.5638991e-18
5.8100195882564135e-09	-0.030839177	0.050078552	0.95759875	0	0	0.38	-5.141715e-19
5.820050660723766e-09	-0.06095788	-0.021023132	0.959813	0	0	0.38	-1.5935629e-18
5.830027494433621e-09	0.0021718054	-0.052163318	0.96199936	0	0	0.38	-8.639761e-19
5.84005622677898e-09	0.050542254	-2.2469336e-05	0.9632971	0	0	0.38	-1.876244e-18
5.850001843178745e-09	0.008253758	0.039118	0.96335125	0	0	0.38	-5.123163e-19
5.860054731393892e-09	-0.024041912	0.013477114	0.96550024	0	0	0.38	-1.3403245e-18
5.870050721719541e-09	0.0022387132	-0.0034857711	0.96680397	0	0	0.38	-2.2174212e-18
5.880013925372213e-09	0.0145160025	-0.009075172	0.96339786	0	0	0.38	-1.006529e-18
5.89005614317138e-09	0.030048516	0.02276756	0.9652252	0	0	0.38	-1.3447244e-18
5.900043234849885e-09	-0.011610912	0.052447136	0.9603784	0	0	0.38	-8.5268016e-19
5.910006984072124e-09	-0.047716826	-0.01668888	0.9606798	0	0	0.38	-3.4472693e-19
5.9200263247801056e-09	0.01090235	-0.043328196	0.96092564	0	0	0.38	-2.0431618e-18
5.930026245540796e-09	0.053581666	-0.0122399945	0.96093327	0	0	0.38	-1.6574537e-18
5.94000360882143e-09	0.009610834	0.036058027	0.9636577	0	0	0.38	-1.3954897e-18
5.950037415897032e-09	-0.031756844	0.017652746	0.964245	0	0	0.38	-1.4456282e-18
5.9600558330337536e-09	-0.0015600303	-0.029629465	0.96184933	0	0	0.38	-1.085855e-18
5.9700245261692635e-09	0.024977915	-0.007618519	0.9625669	0	0	0.38	-1.2162118e-18
5.980029983869362e-09	0.023013216	0.018861495	0.9625023	0	0	0.38	-2.137513e-18
5.990055125434531e-09	-0.003761692	0.018324424	0.9635465	0	0	0.38	-1.4371963e-18
6.000038446358565e-09	-0.011585111	-0.0015922391	0.96328074	0	0	0.38	-9.986012e-19
6.0100156833039075e-09	-0.01048541	0.003003276	0.9632095	0	0	0.38	-1.290242e-18
6.020031140288468e-09	-0.0045693917	-0.018215977	0.96603906	0	0	0.38	-1.1507632e-19
6.030055321604436e-09	0.01857938	-0.0040944275	0.965712	0	0	0.38	-1.9964411e-18
6.040041846321713e-09	0.012253734	0.005980179	0.96499175	0	0	0.38	-7.238001e-19
6.05004205542448e-09	-0.013131365	0.010905167	0.9645613	0	0	0.38	-6.1575707e-19
6.060021228545511e-09	0.0016780137	-0.0029047886	0.9651524	0	0	0.38	-9.836774e-19
6.0700218859350074e-09	0.010103869	0.014503434	0.96584076	0	0	0.38	-1.7340635e-18
6.080013961691667e-09	-0.010384722	0.02177684	0.9650712	0	0	0.38	-1.2788126e-18
6.090038514857455e-09	-0.018406678	-0.0029008565	0.96517575	0	0	0.38	-5.2960414e-19
6.100025147772154e-09	0.0027450963	-0.005835892	0.9655505	0	0	0.38	-1.2237929e-18
6.110015810439872e-09	0.010458654	0.010549781	0.96474695	0	0	0.38	-1.5294968e-18
6.120014077084865e-09	-0.019268174	-0.005276331	0.96411943	0	0	0.38	-1.7659754e-18
6.130032951205283e-09	-0.0037620792	-0.033225283	0.962514	0	0	0.38	2.9204863e-19
6.140036434432269e-09	0.019949565	0.00048469735	0.9650161	0	0	0.38	-6.1709525e-19
6.150005888605524e-09	0.024461033	0.016322812	0.9637885	0	0	0.38	-1.5821031e-18
6.160052268385141e-09	-0.0016142852	0.038192935	0.9654667	0	0	0.38	-3.430067e-19
6.170030619805078e-09	-0.029600205	0.004471063	0.96449167	0	0	0.38	-1.625195e-18
6.180046656720037e-09	-0.0017474884	-0.009279324	0.9678619	0	0	0.38	-2.1752728e-18
6.1900594901019e-09	0.022904485	-0.013133346	0.9653891	0	0	0.38	-1.2651157e-18
6.2000340182701146e-09	0.026245741	0.016707296	0.9656395	0	0	0.38	-1.524252e-18
6.210014013544901e-09	-0.00691633	0.035460748	0.9649771	0	0	0.38	-1.5043512e-18
6.220054356631823e-09	-0.0470196	0.013616594	0.9626954	0	0	0.38	-1.8585948e-18
6.230021490086997e-09	-0.005345959	-0.06439029	0.9585597	0	0	0.38	-1.386823e-18
6.240034189414419e-09	0.05553911	-0.012436195	0.96037704	0	0	0.38	-8.99389e-19
6.250037787463063e-09	0.024029111	0.036725886	0.9616087	0	0	0.38	-6.784786e-19
6.260040907186989e-09	-0.028758788	0.03640458	0.96021163	0	0	0.38	-5.0889713e-19
6.270012570287627e-09	-0.039958615	-0.006526641	0.95997775	0	0	0.38	-1.2090631e-18
6.280021863811849e-09	-0.0028128207	-0.046021853	0.96175915	0	0	0.38	-1.03324e-18
6.290032032342555e-09	0.026109096	0.0022598011	0.96474737	0	0	0.38	-2.103125e-18
6.300004900441665e-09	-9.645969e-05	0.03059748	0.9653145	0	0	0.38	-1.8965516e-18
6.3100036591002625e-09	-0.009500923	0.009326867	0.965429	0	0	0.38	-2.1693817e-18
6.320003915014067e-09	0.012732919	0.0017946718	0.9679517	0	0	0.38	-1.193224e-18
6.3300197356803356e-09	0.0045785033	0.004369675	0.9683893	0	0	0.38	-1.2434186e-18
6.340007796299211e-09	-0.0022140807	0.0014202782	0.9682692	0	0	0.38	-2.3283041e-18
6.35006089808166e-09	0.0071211495	-0.021172263	0.9682035	0	0	0.38	-1.1218818e-18
6.360062113900104e-09	0.007459467	0.0041750125	0.96886814	0	0	0.38	-9.757832e-19
6.37005467354141e-09	0.0012296685	-0.0060458817	0.9690881	0	0	0.38	-9.802563e-19
6.380015438786508e-09	0.015550155	0.0060531124	0.9669808	0	0	0.38	-1.2553469e-18
6.390049302625094e-09	0.0007349733	0.010065989	0.9670418	0	0	0.38	-1.2951875e-18
6.4000117556754606e-09	0.011013044	-0.0010716841	0.9658661	0	0	0.38	-7.208174e-19
6.4100338773119835e-09	0.007923179	0.022656703	0.96308	0	0	0.38	-1.6336325e-18
6.420020240369789e-09	-0.012235057	0.009949096	0.9619774	0	0	0.38	-1.216346e-18
6.4300610294982995e-09	-0.015305162	-0.023627842	0.96430826	0	0	0.38	-1.9518882e-18
6.440014599219806e-09	0.003946779	-0.020214466	0.9659089	0	0	0.38	-1.6194392e-18
6.450011172738468e-09	0.00055803865	-0.0009358798	0.9656772	0	0	0.38	-9.15268e-19
6.460059238884897e-09	0.011712206	0.0014293946	0.96740407	0	0	0.38	-6.601838e-19
6.470001582098565e-09	-0.008861791	0.021084532	0.9693594	0	0	0.38	-7.9960593e-19
6.480014316819252e-09	-0.019437766	-0.0036742836	0.9669071	0	0	0.38	-1.0475444e-18
6.490003248898259e-09	0.0035815095	-0.025981765	0.9648096	0	0	0.38	-9.330124e-19
6.500021853102436e-09	0.026843954	0.01369067	0.9674912	0	0	0.38	-1.3946669e-18
6.5100475250946716e-09	-0.010706111	0.031460863	0.96812445	0	0	0.38	-1.4190395e-18
6.520041991442789e-09	-0.022347312	0.0076840287	0.96578777	0	0	0.38	-9.570558e-19
6.5300587542704615e-09	-0.022971613	-0.02575081	0.96722156	0	0	0.38	-1.1273427e-18
6.540030631087493e-09	0.012448937	-0.036297686	0.9674263	0	0	0.38	-1.3180517e-18
6.550060776530387e-09	0.041561633	-0.007299472	0.96347016	0	0	0.38	-7.666368e-19
6.5600444041698834e-09	0.019907318	0.025361607	0.9663311	0	0	0.38	-9.884062e-19
6.570027425711839e-09	-0.021858169	0.026878823	0.9658525	0	0	0.38	-1.8026673e-18
6.5800563045522485e-09	-0.019838328	-0.026096521	0.9658236	0	0	0.38	-1.4378568e-18
6.590044462291114e-09	0.036277637	-0.016530916	0.9677687	0	0	0.38	-1.6539039e-18
6.600031297120674e-09	0.024173928	0.057505745	0.9637289	0	0	0.38	-1.8089983e-18
6.610015338013326e-09	-0.028755419	0.028312443	0.96531177	0	0	0.38	-1.0595444e-18
6.620020793168837e-09	-0.018520929	-0.016819399	0.96892333	0	0	0.38	-1.815878e-18
6.630042619145175e-09	0.023453683	-0.016346026	0.9688376	0	0	0.38	-1.0974669e-18
6.6400390599031166e-09	0.04024542	-5.5045915e-05	0.9681915	0	0	0.38	-4.1241362e-19
6.650009991821018e-09	0.01445236	0.019890508	0.96821904	0	0	0.38	-1.3416863e-18
6.660015390217619e-09	-0.014843563	0.009958988	0.9644667	0	0	0.38	1.2192558e-19
6.670055631446058e-09	-0.014447806	-0.005246225	0.96398157	0	0	0.38	-1.7050627e-18
6.680009927108526e-09	-0.0074505387	-0.02146924	0.9659583	0	0	0.38	-5.0840046e-19
6.690021604325289e-09	0.015704278	-0.0004293308	0.96525234	0	0	0.38	-4.8270083e-19
6.700008641053428e-09	0.0035418281	0.009077999	0.9673484	0	0	0.38	-2.0133888e-18
6.7100578316218166e-09	-0.011694993	0.019495975	0.9653444	0	0	0.38	-1.4083942e-18
6.7200346175009e-09	-0.014210826	-0.023510844	0.96350145	0	0	0.38	-1.6017518e-18
6.730065569977662e-09	0.016153146	-0.020436062	0.96290535	0	0	0.38	-1.1890838e-18
6.740015069155608e-09	0.012689088	-0.0009858151	0.96323043	0	0	0.38	-9.273583e-19
6.750020076832347e-09	0.012993426	0.030586684	0.96059895	0	0	0.38	-1.1423403e-18
6.760004009592013e-09	-0.025382489	0.0068530133	0.9623162	0	0	0.38	-1.0377394e-18
6.7700173873941845e-09	-0.0010618888	-0.021604864	0.96134496	0	0	0.38	-6.3318996e-19
6.7800490649791135e-09	0.010889215	-0.016436499	0.9636518	0	0	0.38	-1.7809101e-18
6.790051524945833e-09	0.0029649215	0.0037586018	0.9639037	0	0	0.38	-8.851742e-19
6.800004037292114e-09	-0.009166651	-0.014263584	0.96603066	0	0	0.38	-1.5658683e-18
6.81002701974656e-09	-0.00030093733	-0.008119047	0.9675222	0	0	0.38	-1.8385872e-18
6.820026728954868e-09	0.0014164419	0.0033712187	0.96883976	0	0	0.38	-2.0343732e-19
6.830062556748492e-09	0.0074467547	-0.013266465	0.9669059	0	0	0.38	-1.829655e-18
6.840036579082726e-09	0.0053065177	0.0065648113	0.9681356	0	0	0.38	-4.2082263e-19
6.850055030899305e-09	-0.0038167497	0.0020547316	0.96519876	0	0	0.38	-8.3132996e-19
6.860039281512316e-09	0.011292229	-0.016778156	0.9652347	0	0	0.38	-1.723938e-18
6.870023154203876e-09	0.020755209	0.0046982314	0.96326745	0	0	0.38	-7.3295285e-19
6.880046290098846e-09	-0.0043764077	0.03130942	0.9625887	0	0	0.38	-9.336099e-19
6.890062163566958e-09	-0.021314241	0.001803468	0.96606714	0	0	0.38	-1.4565611e-18
6.900045132665164e-09	0.0039477074	-0.012950406	0.96572936	0	0	0.38	-1.019008e-18
6.9100249331294455e-09	0.014322066	0.016918499	0.9643657	0	0	0.38	-1.1085464e-18
6.920035763467327e-09	-0.028868789	0.011782438	0.9642061	0	0	0.38	-1.577275e-18
6.930001098360475e-09	-0.013235719	-0.021520624	0.96130264	0	0	0.38	-1.2148107e-18
6.940036833541246e-09	0.017613022	-0.03493518	0.95922554	0	0	0.38	-1.6442994e-18
6.950060250275528e-09	0.023176821	0.022048768	0.9625869	0	0	0.38	-5.526618e-19
6.960013281434341e-09	-0.005520277	0.024505788	0.9636427	0	0	0.38	-1.3861252e-18
6.9700378999006575e-09	-0.021702422	0.00550592	0.9639422	0	0	0.38	-1.2925005e-18
6.980019251882526e-09	-0.019628936	-0.03228369	0.9635231	0	0	0.38	-1.8642897e-18
6.990058013532237e-09	0.022751585	-0.024478082	0.96281934	0	0	0.38	-1.2747669e-18
7.000043965765515e-09	0.019650444	0.010639651	0.96432775	0	0	0.38	-1.0246207e-18
7.010009303866313e-09	-0.0034943896	-0.009305831	0.964648	0	0	0.38	-1.5490023e-18
7.0200419817677104e-09	0.017473608	-0.0055377823	0.9646567	0	0	0.38	-1.9569133e-18
7.030044850723099e-09	-0.00030565643	0.022501398	0.9656596	0	0	0.38	-7.9063086e-19
7.04006189970245e-09	0.0048953653	0.0069480925	0.96661615	0	0	0.38	-1.1175481e-18
7.050052317863213e-09	0.011664536	0.00038883692	0.9656527	0	0	0.38	-9.160155e-19
7.060016452535044e-09	-0.008057909	0.027469713	0.9659338	0	0	0.38	-1.5103137e-18
7.0700210501472934e-09	-0.04095299	-0.008447841	0.96543276	0	0	0.38	-4.7766123e-19
7.0800094908373444e-09	-0.01411067	-0.02412205	0.9683576	0	0	0.38	-1.5961941e-18
7.090026266730462e-09	0.022368034	-0.033659216	0.9637465	0	0	0.38	-1.4768564e-18
7.100045272875124e-09	0.041708264	0.015933467	0.9642388	0	0	0.38	-1.4041551e-18
7.110048104290633e-09	0.012988856	0.038700234	0.9637601	0	0	0.38	-1.4204373e-18
7.120011880854687e-09	-0.037788164	0.015710173	0.96406955	0	0	0.38	-1.1236704e-19
7.130034718428357e-09	-0.005972347	-0.040876806	0.9670715	0	0	0.38	-1.260613e-18
7.140048789713909e-09	0.028484624	-0.0122926645	0.968277	0	0	0.38	-1.6695141e-18
7.1500200563508075e-09	0.015592625	0.027661795	0.9648786	0	0	0.38	-4.5621306e-19
7.160013408261247e-09	-0.030143596	0.032175805	0.9689196	0	0	0.38	-1.0315507e-18
7.170033783725067e-09	-0.03695663	-0.040963713	0.9655218	0	0	0.38	-1.2969284e-18
7.180047771546986e-09	0.04113892	-0.06405595	0.96259934	0	0	0.38	-1.1794994e-18
7.190011866319267e-09	0.07886746	0.034506503	0.9628229	0	0	0.38	-1.3845998e-18
7.200032866459253e-09	-0.027906505	0.08735334	0.9613141	0	0	0.38	-1.3163354e-18
7.210030728391174e-09	-0.09305813	-0.020935433	0.9584183	0	0	0.38	-1.9169131e-18
7.220035358189204e-09	0.006203728	-0.07020671	0.96197474	0	0	0.38	-1.5540345e-18
7.230057152961818e-09	0.0788447	0.004483682	0.9611047	0	0	0.38	-1.9791103e-18
7.240049475173809e-09	0.015061033	0.070403084	0.96298325	0	0	0.38	-1.077004e-18
7.2500156606687725e-09	-0.07928792	0.023232225	0.96293586	0	0	0.38	-1.1332168e-18
7.260052334815631e-09	-0.028044954	-0.06528159	0.9636496	0	0	0.38	-1.498698e-18
7.270055405079915e-09	0.057022884	-0.017922245	0.9622267	0	0	0.38	-1.7607395e-18
7.280027126546291e-09	0.03128924	0.029434947	0.9633335	0	0	0.38	-5.8147106e-19
7.290062494004414e-09	-0.022595344	0.026191974	0.9662181	0	0	0.38	-1.3309036e-18
7.300021126253696e-09	-0.0355506	-0.020465067	0.96693385	0	0	0.38	-1.1291139e-18
7.310008896741719e-09	0.012899721	-0.014115824	0.9650833	0	0	0.38	-1.3672618e-18
7.320023331446284e-09	0.018492926	-0.0030490202	0.964418	0	0	0.38	-1.2348114e-18
7.330027449043104e-09	0.00030981906	0.031134939	0.9630119	0	0	0.38	-1.2952741e-18
7.340017624165918e-09	-0.0274793	0.017297933	0.96665645	0	0	0.38	-1.7693122e-18
7.350040312597703e-09	-0.007822617	-0.016556658	0.96553767	0	0	0.38	-1.7601874e-18
7.360036725502278e-09	0.009151806	0.0027366397	0.96740127	0	0	0.38	-1.1170791e-18
7.370032562963258e-09	-0.002293832	0.00668864	0.96459013	0	0	0.38	-1.2044584e-18
7.380042822299607e-09	-0.0068104765	0.0068634977	0.9625512	0	0	0.38	-1.266792e-18
7.390042688518729e-09	-0.0024591193	0.013973094	0.9654706	0	0	0.38	-1.8585592e-18
7.400029305197464e-09	-0.038231563	0.000746545	0.96606475	0	0	0.38	-7.653187e-19
7.41006250867482e-09	-0.005961854	-0.044643685	0.96363103	0	0	0.38	-4.662207e-19
7.420063286381867e-09	0.045923833	0.00014134347	0.96651983	0	0	0.38	-1.670682e-18
7.430041058276408e-09	0.014727083	0.04456991	0.96483505	0	0	0.38	-1.3546132e-18
7.440023620284024e-09	-0.011794095	0.045192935	0.96204126	0	0	0.38	-5.039379e-19
7.450000873963809e-09	-0.052246075	0.007112166	0.96119153	0	0	0.38	-1.462882e-18
7.460020525351433e-09	0.009199327	-0.023009775	0.96387213	0	0	0.38	-1.8159536e-18
7.47003539005517e-09	0.044081107	0.008836806	0.9627227	0	0	0.38	-5.1076795e-19
7.480023717945583e-09	0.00044280966	0.04720364	0.9666599	0	0	0.38	-1.6389072e-18
7.490058198013967e-09	-0.06548616	0.013436226	0.9641895	0	0	0.38	-5.5456727e-19
7.500008502648715e-09	-0.021729697	-0.05484815	0.9665136	0	0	0.38	-2.7174608e-18
7.510052479232945e-09	0.03781518	-0.019501945	0.9651109	0	0	0.38	-8.6105237e-19
7.520048649304239e-09	0.023584913	0.03766825	0.9652376	0	0	0.38	-1.5387938e-18
7.530063065228506e-09	-0.022999693	0.02246646	0.96828514	0	0	0.38	-1.274303e-18
7.540000048297155e-09	-0.03260437	-0.011051739	0.9673163	0	0	0.38	-1.3115404e-18
7.550020275642983e-09	0.0114291925	-0.04674999	0.96516794	0	0	0.38	-1.3816139e-18
7.560059569077372e-09	0.03901753	0.010620906	0.9663547	0	0	0.38	-1.845498e-18
7.570031114047214e-09	-0.007512239	0.024617646	0.96670854	0	0	0.38	-3.0537383e-19
7.580045323749451e-09	-0.021598388	-0.0053683026	0.9665345	0	0	0.38	-9.145852e-19
7.590052675160985e-09	0.011864423	-0.010372036	0.96753037	0	0	0.38	-1.4414528e-18
7.600061044970542e-09	0.028277012	0.021526862	0.96258336	0	0	0.38	-1.3240546e-18
7.610043588964965e-09	-0.010620121	0.01883087	0.9609666	0	0	0.38	-6.052906e-19
7.620040239915873e-09	-0.015023388	0.00032532393	0.9606965	0	0	0.38	-1.2048379e-18
7.630028758644973e-09	0.0018642583	-0.012262699	0.96263313	0	0	0.38	-2.059971e-18
7.640025624242688e-09	-0.0072319144	0.015290009	0.9627803	0	0	0.38	-2.7532218e-19
7.650055946226655e-09	0.0013148609	-0.015173363	0.9626967	0	0	0.38	-1.3767808e-18
7.660053741091247e-09	0.033974092	-0.00087948266	0.9635345	0	0	0.38	-1.5284415e-18
7.67005132885124e-09	0.0065630856	0.03679557	0.96470034	0	0	0.38	-8.782062e-19
7.680056311201211e-09	-0.0081365295	-0.013249334	0.9676336	0	0	0.38	-1.7601537e-18
7.690055520298876e-09	-0.0012999567	-0.02337737	0.96652585	0	0	0.38	-9.688847e-19
7.700024390228372e-09	0.016241275	-0.024313541	0.9658048	0	0	0.38	-2.07961e-18
7.710036204701659e-09	0.013956065	0.012513952	0.96606356	0	0	0.38	-1.0131142e-18
7.72001217014608e-09	-0.007377149	0.01950397	0.9646799	0	0	0.38	-9.724815e-19
7.730037927225163e-09	-0.014501991	0.00014164882	0.9639631	0	0	0.38	-1.3967901e-18
7.740060388207544e-09	0.0025938705	-0.017904103	0.96366745	0	0	0.38	-1.8506007e-18
7.750033978330901e-09	0.003967816	0.0054853116	0.96692693	0	0	0.38	-1.3029924e-18
7.760056082462902e-09	0.0020566129	-0.0023199418	0.96488756	0	0	0.38	-2.1660783e-19
7.770002509512627e-09	-0.029580398	-0.0054618106	0.96571493	0	0	0.38	-1.8374525e-18
7.780057788984961e-09	0.007595212	-0.02681446	0.96246773	0	0	0.38	-5.78064e-19
7.790040227525687e-09	0.01919941	0.004052498	0.96111965	0	0	0.38	-1.5582213e-18
7.800008293515924e-09	-0.003568449	0.028153867	0.9623575	0	0	0.38	-1.0244667e-18
7.810023961676361e-09	-0.03763479	-0.012268486	0.9612954	0	0	0.38	-2.0150062e-18
7.820013679424834e-09	0.009587229	-0.053247448	0.95877856	0	0	0.38	-7.221866e-19
7.830035239441991e-09	0.048783448	-0.007835195	0.9607687	0	0	0.38	-1.1014591e-18
7.840027926627736e-09	0.015196243	0.030747822	0.9613377	0	0	0.38	-1.6292192e-18
7.85002480799616e-09	-0.009827551	0.013089504	0.9657189	0	0	0.38	-1.7884619e-18
7.860012493290706e-09	-0.017595453	-0.00097195385	0.9669109	0	0	0.38	-2.0240942e-18
7.87006192428112e-09	-0.012340711	-0.022563888	0.9694139	0	0	0.38	-1.3523775e-18
7.880055113764748e-09	0.026734862	-0.00021791649	0.96995974	0	0	0.38	-1.5393178e-18
7.890024377971625e-09	-0.002647665	0.01578672	0.9703573	0	0	0.38	-1.6376313e-18
7.900019493469557e-09	-0.019426024	-0.0069606537	0.9692147	0	0	0.38	-1.2424615e-18
7.910008543005431e-09	0.006161504	-0.018325448	0.968341	0	0	0.38	-6.8138455e-19
7.920057533350482e-09	0.0012040549	0.007787001	0.9684043	0	0	0.38	-8.982067e-19
7.93000377392248e-09	-0.0012357911	0.002198719	0.9667952	0	0	0.38	-9.569178e-19
7.940024833526653e-09	-0.025945382	0.018956808	0.9657988	0	0	0.38	-1.0400077e-18
7.95003593249912e-09	-0.029127685	-0.032306757	0.9653027	0	0	0.38	-1.3088388e-18
7.960010351962445e-09	0.013201195	-0.04832097	0.96348983	0	0	0.38	-6.098771e-19
7.970004527092573e-09	0.046401665	-0.0025523638	0.9622949	0	0	0.38	4.447511e-19
7.980022091466987e-09	0.007401556	0.051479172	0.961352	0	0	0.38	-8.034695e-19
7.990008924633035e-09	-0.0532909	-0.00579609	0.961801	0	0	0.38	-1.2327389e-18
8.000040067392065e-09	-0.000681856	-0.061957557	0.96353984	0	0	0.38	-1.6245426e-18
8.010033102384943e-09	0.059543885	-0.0032117413	0.9621893	0	0	0.38	-8.383798e-19
8.020045591274897e-09	0.012297099	0.051041722	0.9642336	0	0	0.38	-5.4727707e-19
8.030024499967349e-09	-0.030775448	0.023542183	0.9677136	0	0	0.38	-1.3297396e-18
8.040023884470537e-09	-0.03205584	-0.029334635	0.96463525	0	0	0.38	-6.04644e-19
8.050012851658753e-09	0.022749908	-0.02909992	0.96442324	0	0	0.38	-1.8404835e-18
8.060009925828075e-09	0.031736176	0.010086676	0.96707964	0	0	0.38	-1.1467319e-18
8.070025876756263e-09	0.0045790263	0.036924545	0.9672495	0	0	0.38	-1.2470862e-18
8.080042953778844e-09	-0.03368228	0.0126653435	0.9641677	0	0	0.38	-2.4361081e-18
8.090047396738015e-09	-0.0137961125	-0.042626195	0.96605045	0	0	0.38	-1.0944057e-18
8.100045238717683e-09	0.03445651	-0.021581165	0.9678379	0	0	0.38	-1.0491966e-18
8.110001873994236e-09	0.012220584	0.031972513	0.9681874	0	0	0.38	-1.4394786e-18
8.120035297048954e-09	-0.021368181	0.012948323	0.9677862	0	0	0.38	-8.3973644e-19
8.130028818610844e-09	-0.0075966744	-0.018317815	0.9683662	0	0	0.38	-1.862924e-18
8.14005272143239e-09	0.025951685	0.008783274	0.9655721	0	0	0.38	-5.238683e-19
8.150012698103317e-09	-0.012691382	0.027852554	0.9665649	0	0	0.38	-2.0681807e-18
8.160059459537819e-09	-0.015628038	-0.008552172	0.9665227	0	0	0.38	1.4557416e-19
8.170019399877184e-09	0.0033928754	-0.01226614	0.96730727	0	0	0.38	-1.799192e-18
8.180002450812713e-09	0.035360273	-0.007636557	0.966154	0	0	0.38	-1.7714156e-18
8.19002450048423e-09	0.00046996473	0.031835753	0.9631112	0	0	0.38	-9.134936e-19
8.200048506237764e-09	-0.020702805	0.0031055552	0.96355104	0	0	0.38	-7.7683044e-19
8.210027771973333e-09	-0.002453128	-0.030327322	0.96497107	0	0	0.38	-1.1764719e-18
8.220063157981553e-09	0.029198661	-7.181369e-05	0.9606197	0	0	0.38	-1.1387407e-18
8.230061702615598e-09	-0.010186668	0.015931103	0.9593702	0	0	0.38	-1.2979499e-18
8.240047613805567e-09	-0.024894636	-0.001799641	0.9620825	0	0	0.38	-1.063775e-18
8.250039600820279e-09	0.0008795891	-0.02482456	0.959622	0	0	0.38	-1.4280852e-18
8.26001759089724e-09	0.022077914	-0.010757059	0.96104914	0	0	0.38	-1.752719e-18
8.270042639301077e-09	-0.016735934	0.014525444	0.95918095	0	0	0.38	-1.069328e-18
8.280038437997059e-09	-0.017620817	-0.0053191674	0.9629813	0	0	0.38	-1.5725462e-18
8.29003437836101e-09	0.0013055925	-0.01209345	0.9676039	0	0	0.38	-1.5659598e-18
8.300030629039863e-09	-0.0071018147	0.012667264	0.9668414	0	0	0.38	-9.020382e-19
8.310064861329214e-09	-0.01721349	-0.0015356647	0.9664831	0	0	0.38	-1.3233426e-18
8.320052098903282e-09	0.001292253	-0.01649292	0.9658929	0	0	0.38	-2.072511e-18
8.330063197308264e-09	0.020031326	-0.0040902635	0.96407783	0	0	0.38	-7.8159707e-19
8.340004213352244e-09	0.01775284	-0.002433072	0.9664093	0	0	0.38	-2.171837e-18
8.350014046623206e-09	0.001472216	0.028326025	0.966059	0	0	0.38	-1.035388e-18
8.36003329513286e-09	-0.030685829	0.019526433	0.96399724	0	0	0.38	-1.7996317e-18
8.370025606377453e-09	-0.026653107	-0.028613592	0.9664884	0	0	0.38	-2.0233454e-18
8.380000243109177e-09	0.021826103	-0.015999317	0.9668109	0	0	0.38	-1.29302e-18
8.390032102414801e-09	0.003645679	0.01412631	0.965128	0	0	0.38	-3.1904447e-19
8.40003761887409e-09	-0.013287529	0.004765274	0.96870506	0	0	0.38	-6.4894273e-19
8.410010207763097e-09	0.009481928	-0.004103829	0.9676383	0	0	0.38	-1.0213219e-18
8.420046150122806e-09	0.0077092564	0.012910526	0.96704304	0	0	0.38	-1.4308362e-18
8.430015651416086e-09	-0.00901293	0.010221444	0.9676782	0	0	0.38	-1.1098538e-18
8.440057733383279e-09	-0.011038609	0.00205576	0.9662838	0	0	0.38	-1.1849219e-18
8.450004380871426e-09	0.008774551	0.017847424	0.9662429	0	0	0.38	-1.6386679e-18
8.460053656546923e-09	-0.021197554	0.015379344	0.9650954	0	0	0.38	-1.4263869e-18
8.470034600892619e-09	-0.013379784	-0.01909082	0.96474105	0	0	0.38	-1.0600016e-18
8.48001898366821e-09	0.031231964	0.0003529119	0.9648327	0	0	0.38	-1.2620622e-18
8.490026603567837e-09	0.0027965517	0.010764783	0.9662749	0	0	0.38	-1.6330025e-18
8.500053306917705e-09	-0.003103733	0.01818433	0.96400887	0	0	0.38	-1.4411276e-18
8.510060239457689e-09	-0.024687778	-0.00985223	0.96432805	0	0	0.38	-2.120795e-18
8.52005004783293e-09	0.002619251	-0.017474217	0.9652886	0	0	0.38	-6.1110346e-19
8.530043870616464e-09	0.022277208	0.009337652	0.9636283	0	0	0.38	-8.173687e-19
8.540054009785924e-09	-0.024972735	0.020925209	0.96395814	0	0	0.38	-3.012896e-19
8.550025654202173e-09	-0.013587163	-0.018320285	0.96469283	0	0	0.38	-6.4410497e-19
8.560007072810127e-09	0.016223392	0.0038927465	0.96709365	0	0	0.38	-1.9985647e-18
8.570020909191664e-09	0.0027771865	0.0071759387	0.9665115	0	0	0.38	-2.3477704e-18
8.580061130350811e-09	-0.0056339297	0.0031033924	0.96919113	0	0	0.38	-1.3955493e-18
8.590048801103808e-09	0.0055985358	-0.0014858599	0.96605015	0	0	0.38	-1.1925698e-18
8.60003186951637e-09	-0.011517917	0.009996667	0.96609706	0	0	0.38	-1.8634899e-18
8.610035763475182e-09	-0.0060289046	-0.0015649965	0.9654153	0	0	0.38	-1.4230502e-18
8.620053476609636e-09	-0.008294179	-0.009373168	0.963194	0	0	0.38	-1.8124642e-18
8.630028601370026e-09	0.014928769	-0.011534268	0.9651258	0	0	0.38	-1.0680451e-18
8.64005651594302e-09	0.013428566	0.002061959	0.965917	0	0	0.38	-1.6128622e-18
8.650022498857545e-09	-0.034481324	0.021420984	0.96494484	0	0	0.38	-2.261473e-18
8.660055769184717e-09	-0.001354231	-0.058021065	0.9644595	0	0	0.38	-1.4259523e-18
8.670044995638411e-09	0.038255777	-0.013082878	0.96667075	0	0	0.38	-1.3454096e-18
8.68002719069832e-09	0.008576748	0.026128264	0.96742254	0	0	0.38	-4.7897635e-19
8.690039877565374e-09	-0.034547485	0.010628192	0.9665765	0	0	0.38	-8.1157895e-19
8.70001168724884e-09	-0.030096287	-0.047601335	0.964017	0	0	0.38	-2.1459292e-18
8.710046289293118e-09	0.037330337	-0.037091263	0.96341085	0	0	0.38	-1.3035505e-18
8.720051146070298e-09	0.026721952	0.0399442	0.96584946	0	0	0.38	-7.9895545e-19
8.73002826479041e-09	-0.03715969	0.049340338	0.9659364	0	0	0.38	-1.362702e-18
8.74001878353898e-09	-0.050046835	-0.02907688	0.96649575	0	0	0.38	-1.218188e-18
8.750043878651052e-09	0.011163261	-0.047007438	0.9657414	0	0	0.38	-1.0471592e-18
8.76005587991459e-09	0.0483131	0.017011408	0.96587837	0	0	0.38	-2.1685168e-18
8.770016701464161e-09	0.0042803534	0.038643666	0.9662103	0	0	0.38	-1.4762163e-18
8.78002435199571e-09	-0.037793692	0.01707541	0.9660052	0	0	0.38	-1.3869407e-18
8.790009113285688e-09	-0.019157384	-0.034048885	0.9657846	0	0	0.38	-1.5054031e-18
8.800039202352782e-09	0.015400062	-0.035994656	0.9629551	0	0	0.38	-1.4514586e-18
8.810009222131598e-09	0.024940727	0.010173065	0.96639156	0	0	0.38	-2.0256245e-18
8.82002209157654e-09	-0.008714462	0.01615451	0.96641004	0	0	0.38	-1.2346003e-18
8.830016453699664e-09	-0.009356239	0.0039726035	0.96876866	0	0	0.38	-1.0405934e-18
8.840035163207119e-09	-0.011756164	-0.011649059	0.96586955	0	0	0.38	-1.6611584e-18
8.850035926791399e-09	0.01637117	-0.0047274623	0.96636194	0	0	0.38	-7.0233936e-19
8.860059430014267e-09	-0.0022638142	0.009177245	0.9625968	0	0	0.38	-9.119013e-19
8.87000830118017e-09	-0.006376966	0.015787987	0.9653403	0	0	0.38	-6.280882e-19
8.880036795053115e-09	0.0025288449	-0.006507341	0.9683572	0	0	0.38	-1.1422828e-18
8.890039898591364e-09	0.010637246	0.018700866	0.96427655	0	0	0.38	-1.6127273e-18
8.900047451323078e-09	-0.021238696	0.021175615	0.96261096	0	0	0.38	-7.39567e-19
8.91001150857232e-09	-0.032345317	-0.013278477	0.9634106	0	0	0.38	-6.665051e-19
8.920009063231914e-09	0.027266474	-0.035768144	0.9662807	0	0	0.38	-2.138005e-18
8.930000393228726e-09	0.04523567	0.024619918	0.9645674	0	0	0.38	-2.0833855e-18
8.940003933654911e-09	-0.022192756	0.042183798	0.96166384	0	0	0.38	-3.2087693e-19
8.950029640896463e-09	-0.050704125	-0.01657108	0.96208316	0	0	0.38	-8.4737126e-19
8.960004305194407e-09	0.019284056	-0.050125666	0.9607096	0	0	0.38	-1.0681099e-18
8.970011494121056e-09	0.046451923	0.021650827	0.96245503	0	0	0.38	-1.3457183e-18
8.980022823759086e-09	-0.01892289	0.056124557	0.9625716	0	0	0.38	-1.2768949e-18
8.990022037746773e-09	-0.04408919	-0.0074099274	0.9633641	0	0	0.38	-7.3911343e-19
9.000028157187282e-09	-0.013136256	-0.046658803	0.9638179	0	0	0.38	-9.064372e-19
9.010023069652002e-09	0.0557921	-0.0193681	0.9662292	0	0	0.38	-1.3238926e-18
9.020043477009537e-09	0.02882597	0.074050106	0.96217155	0	0	0.38	-1.0114743e-18
9.0300292911013e-09	-0.061528172	0.016999563	0.965983	0	0	0.38	-1.853382e-18
9.0400294209069e-09	-0.024346516	-0.05975777	0.9624176	0	0	0.38	-1.0755958e-18
9.050022380086307e-09	0.068109035	-0.020446649	0.96268743	0	0	0.38	-9.177948e-19
9.060046161779218e-09	0.009545883	0.052446384	0.9625255	0	0	0.38	-1.2792671e-18
9.070061207295342e-09	-0.03144306	-0.0023487061	0.9640054	0	0	0.38	-9.753166e-19
9.080008515076236e-09	0.0024654032	-0.020277925	0.9660469	0	0	0.38	-9.833775e-19
9.090015322854822e-09	0.009525755	-0.009601585	0.962838	0	0	0.38	-1.141246e-18
9.10002724721142e-09	0.013640911	0.011544654	0.96352696	0	0	0.38	3.6413028e-19
9.11000860331499e-09	-0.007972897	0.022004588	0.9630527	0	0	0.38	-4.686827e-19
9.120004385457021e-09	-0.029912798	-0.015033806	0.96488255	0	0	0.38	-1.0353966e-18
9.130050472206742e-09	0.0063108895	-0.04605205	0.9647203	0	0	0.38	-4.779849e-19
9.1400131378223e-09	0.043287836	-0.011580203	0.96686167	0	0	0.38	-1.9547572e-18
9.150004440949481e-09	0.011723135	0.050684944	0.96393466	0	0	0.38	-1.18401e-18
9.160014802937021e-09	-0.03680861	0.024872504	0.9649197	0	0	0.38	-1.3347122e-18
9.170051411654815e-09	-0.022573264	-0.035609953	0.96350473	0	0	0.38	-1.1327583e-18
9.18002167349697e-09	0.025181657	-0.027583646	0.9659907	0	0	0.38	-1.5288753e-18
9.190022975978163e-09	0.03838371	-0.0013481549	0.96445936	0	0	0.38	-1.8403228e-18
9.20002190008542e-09	0.0037529457	0.06044542	0.9628096	0	0	0.38	-1.938122e-18
9.21004140945021e-09	-0.056887537	0.015585691	0.960315	0	0	0.38	-1.4270904e-18
9.220039866270976e-09	-0.018956704	-0.05311333	0.963108	0	0	0.38	-1.2298757e-18
9.230029192509109e-09	0.030916862	-0.015027039	0.9636348	0	0	0.38	-2.1342517e-18
9.24000018181346e-09	0.0153031675	0.017421052	0.9620949	0	0	0.38	-1.0779924e-18
9.25005371420821e-09	-0.0039649466	0.017434375	0.96250457	0	0	0.38	-1.8165848e-18
9.260062245145307e-09	-0.0077811014	0.017029487	0.9648266	0	0	0.38	-1.2891184e-18
9.270011200427934e-09	-0.024454147	-0.007945871	0.96436256	0	0	0.38	-1.3878211e-18
9.280008485362092e-09	-0.011020934	-0.009062694	0.96428955	0	0	0.38	-1.7852985e-18
9.29004163142002e-09	0.0023410849	-0.001662844	0.9682458	0	0	0.38	-1.2706266e-18
9.300001882095397e-09	0.0031584038	-0.02059635	0.9653363	0	0	0.38	-1.1304944e-18
9.310003496588303e-09	0.012977693	0.023358695	0.96427864	0	0	0.38	-1.3113753e-18
9.320062280257581e-09	-0.013301931	-0.0010122783	0.9659936	0	0	0.38	-1.7001198e-18
9.330060105663197e-09	0.010289802	-0.0055468255	0.9654932	0	0	0.38	2.7323022e-19
9.34002859021711e-09	0.0050041736	0.010717178	0.96577287	0	0	0.38	-1.0763286e-18
9.350003789701253e-09	-0.010171387	0.0073096934	0.9685674	0	0	0.38	-9.042059e-19
9.360056427005993e-09	-0.021949982	-0.009644323	0.96596515	0	0	0.38	-1.0005918e-18
9.37005131924901e-09	0.0114165805	-0.02954229	0.96240085	0	0	0.38	-1.3932261e-18
9.380027143669297e-09	0.030833596	0.0075781685	0.962674	0	0	0.38	-1.7784451e-18
9.390022884190568e-09	0.0036547203	0.024626471	0.9649908	0	0	0.38	-4.00803e-19
9.400004493864907e-09	-0.0003284721	0.0038411913	0.96505815	0	0	0.38	-2.0325422e-18
9.41004155707835e-09	-0.012347734	0.010329916	0.9670261	0	0	0.38	-1.3995468e-18
9.420054779987057e-09	-0.036924113	-0.019222189	0.96436703	0	0	0.38	-1.643457e-18
9.43003504612432e-09	0.019932741	-0.034722295	0.96458924	0	0	0.38	2.375909e-19
9.440005439576801e-09	0.04563168	0.015564014	0.9659884	0	0	0.38	-1.914613e-18
9.450049783571165e-09	-0.018631892	0.041560516	0.965021	0	0	0.38	-8.201887e-19
9.460056445592903e-09	-0.03694742	-0.014347585	0.96590555	0	0	0.38	-1.627372e-18
9.470019565397997e-09	-0.0025052237	-0.027805295	0.9651025	0	0	0.38	-1.5226645e-18
9.480015058299608e-09	0.03626345	-0.00669965	0.9638874	0	0	0.38	-1.3673485e-18
9.490006929166729e-09	0.014083691	0.022078792	0.96213514	0	0	0.38	-9.104564e-19
9.500001468961098e-09	-0.021469945	0.023948941	0.962219	0	0	0.38	-7.5478546e-19
9.510049266407429e-09	-0.027699612	-0.019499773	0.96297866	0	0	0.38	-1.3036547e-18
9.520046707331706e-09	0.0043651927	-0.04052743	0.961959	0	0	0.38	-4.570322e-19
9.530049270329122e-09	0.033668175	0.011332869	0.9642543	0	0	0.38	-1.1049783e-18
9.540013953206433e-09	0.011451323	0.03133709	0.96542525	0	0	0.38	-1.8662463e-19
9.55000847961784e-09	-0.025082644	-0.0003928868	0.9629461	0	0	0.38	-1.1758117e-18
9.56000189748729e-09	-0.008035994	-0.029168617	0.9654601	0	0	0.38	-1.1341725e-18
9.570029191016431e-09	0.031839896	-0.013902595	0.9641729	0	0	0.38	-1.5016434e-18
9.580028174859153e-09	0.040317502	0.041749727	0.9646698	0	0	0.38	-5.8001403e-19
9.590014065443865e-09	-0.035280675	0.042866617	0.9625946	0	0	0.38	-1.3111174e-18
9.600012557507817e-09	-0.041880447	-0.030654827	0.96663165	0	0	0.38	-1.8809647e-18
9.61001677256353e-09	0.00842587	-0.038447358	0.96632075	0	0	0.38	-9.972007e-19
9.620041739733405e-09	0.025171494	-0.004483262	0.96652913	0	0	0.38	-7.939569e-19
9.630014789375544e-09	0.023233203	0.025822764	0.9639998	0	0	0.38	-1.3505587e-18
9.640008169002389e-09	-0.029195452	0.023681974	0.9657294	0	0	0.38	-1.6851068e-18
9.65001702787671e-09	-0.02660207	-0.0067056776	0.96845096	0	0	0.38	-1.4736894e-18
9.660005614960429e-09	0.017882472	-0.028250394	0.9662542	0	0	0.38	-8.4742426e-19
9.670018918870853e-09	0.026475817	0.0055668396	0.9667075	0	0	0.38	-1.219534e-18
9.680011434542215e-09	-0.008289868	0.013397429	0.96836734	0	0	0.38	-5.8207756e-20
9.690008588883153e-09	-0.022007594	0.012055626	0.96681577	0	0	0.38	-1.205386e-18
9.700030975923552e-09	-0.011224112	-0.008141351	0.9647618	0	0	0.38	-1.2731755e-18
9.710025315512102e-09	0.008596713	-0.015782867	0.9644464	0	0	0.38	-1.3425823e-18
9.7200337082125e-09	0.02919303	0.008750457	0.9620367	0	0	0.38	-1.0099991e-18
9.730020055803636e-09	-0.024756413	0.021775687	0.96405077	0	0	0.38	-2.7476913e-19
9.740059326919356e-09	0.0002269402	-0.034715522	0.9642907	0	0	0.38	-1.5749451e-18
9.750012898445879e-09	0.013108136	0.0023383677	0.9651844	0	0	0.38	-3.1197957e-19
9.760061408619985e-09	-0.0077558397	-0.015308213	0.9642495	0	0	0.38	-1.3208919e-18
9.770057516460816e-09	0.018175649	-0.030057346	0.9619369	0	0	0.38	-1.3018335e-18
9.78004987667095e-09	0.019852046	0.024152925	0.96522814	0	0	0.38	-1.6776206e-18
9.790005885313941e-09	-0.024833517	-0.00021557737	0.96230817	0	0	0.38	-1.6695849e-18
9.800043246244079e-09	-0.009125864	-0.025820645	0.9608999	0	0	0.38	-2.8859132e-19
9.810058566346761e-09	0.022588044	-0.024283411	0.96279037	0	0	0.38	-9.892051e-19
9.820056425963941e-09	0.020076634	0.020523226	0.9620813	0	0	0.38	-1.6451309e-18
9.830029620855992e-09	-0.015601947	0.032325327	0.9638525	0	0	0.38	-1.4355693e-18
9.840048358040318e-09	-0.02311144	-0.008052687	0.9629891	0	0	0.38	-9.058995e-19
9.850006690130368e-09	0.013015114	-0.034491975	0.96270525	0	0	0.38	-1.0849324e-18
9.860037009704846e-09	0.03653963	0.022642229	0.96459246	0	0	0.38	-1.4619399e-18
9.870006690417861e-09	-0.0118675055	0.02685099	0.96527684	0	0	0.38	-8.305093e-19
9.880005094001834e-09	-0.03362175	-0.00573159	0.96587867	0	0	0.38	-1.3605942e-18
9.890015517203027e-09	0.007622203	-0.0198517	0.96643263	0	0	0.38	-2.3128321e-18
9.900011528953394e-09	0.023056084	-0.004733904	0.9656967	0	0	0.38	-6.758005e-19
9.910016122234866e-09	0.008356745	0.023947682	0.9644985	0	0	0.38	-1.5631438e-18
9.920042792715741e-09	-0.042006534	0.015050303	0.96474594	0	0	0.38	-8.187042e-19
9.930028808360183e-09	-0.0051899655	-0.0137867	0.96705854	0	0	0.38	-4.078088e-19
9.940034772580142e-09	0.0039756214	0.0005267095	0.9664988	0	0	0.38	-1.4918185e-18
9.950049369217257e-09	-0.008297967	0.015863013	0.96439934	0	0	0.38	-1.6744304e-18
9.960008875773593e-09	-0.02675858	-0.017527735	0.96372604	0	0	0.38	-3.322875e-19
9.970047606470256e-09	0.01162965	-0.017307095	0.9662004	0	0	0.38	-2.1658506e-19
9.980019333343899e-09	0.010568858	0.005358205	0.96564204	0	0	0.38	-1.5568369e-18
9.990033798075359e-09	0.000101369005	0.0015679214	0.96495754	0	0	0.38	-1.7685905e-18
1e-08	-0.0036284912	-0.005115642	0.963635	0	0	0.38	-7.337907e-19
