# t (s)	mx ()	my ()	mz ()	B_extx (T)	B_exty (T)	B_extz (T)	E_total (J)
0	0	0	-1	0	0	0.41	1.3250005e-18
1.0021183790092626e-11	-0.0024701164	0.006434204	-0.9728472	0	0	0.41	4.3903517e-18
2.0019469821578612e-11	0.020064846	-0.014135658	-0.9704039	0	0	0.41	4.324506e-18
3.002683871080427e-11	0.013188209	-0.0015375917	-0.9688698	0	0	0.41	4.1048644e-18
4.006218982481585e-11	0.015572088	-0.0073055676	-0.962971	0	0	0.41	4.6662867e-18
5.005022316277841e-11	-0.0036819985	0.0026409773	-0.96386105	0	0	0.41	4.829908e-18
6.005243568656921e-11	0.00017518892	0.022367965	-0.96183556	0	0	0.41	4.626729e-18
7.002746459871733e-11	0.0077279788	0.036936477	-0.9567366	0	0	0.41	5.3253052e-18
8.001276753649905e-11	0.028433034	0.04154072	-0.9578806	0	0	0.41	4.225608e-18
9.00364932325696e-11	0.030060105	0.03295934	-0.95411026	0	0	0.41	4.7961073e-18
1.0001743189059454e-10	0.039900165	0.03642723	-0.9553292	0	0	0.41	5.4615923e-18
1.1000605009473283e-10	0.038365502	0.033738147	-0.95584166	0	0	0.41	4.458143e-18
1.2003207163993482e-10	0.04021555	0.024482215	-0.95612246	0	0	0.41	5.274369e-18
1.3004577547638384e-10	0.030627359	0.009270893	-0.9576557	0	0	0.41	4.816994e-18
1.40049549473117e-10	0.01978496	-0.0027582587	-0.95541	0	0	0.41	4.633572e-18
1.5000090270707563e-10	0.035864662	0.0031150526	-0.95315117	0	0	0.41	5.3455505e-18
1.6006419860662598e-10	0.01377315	0.014520107	-0.95077634	0	0	0.41	4.2291888e-18
1.7001233127201604e-10	0.021615772	0.030023577	-0.9504032	0	0	0.41	4.8483417e-18
1.800193505054332e-10	0.027953554	0.03284039	-0.94654554	0	0	0.41	5.2686107e-18
1.900181023369895e-10	0.045607533	0.02272315	-0.945348	0	0	0.41	4.9110842e-18
2.000265673536815e-10	0.063421816	0.0053415615	-0.94769174	0	0	0.41	5.019957e-18
2.100502349823361e-10	0.064315684	-0.022814902	-0.9418953	0	0	0.41	5.1694934e-18
2.2002675109760037e-10	0.04691647	-0.027119154	-0.9426627	0	0	0.41	4.3104324e-18
2.3003918977682887e-10	0.026009891	-0.02188565	-0.9418372	0	0	0.41	5.2808133e-18
2.4000961818131784e-10	0.01360819	-0.009216326	-0.94863087	0	0	0.41	4.644399e-18
2.5004039180128445e-10	0.017624259	0.00020591143	-0.94534916	0	0	0.41	4.4542903e-18
2.6006138724080276e-10	0.027871285	0.020300081	-0.94730717	0	0	0.41	5.2809067e-18
2.7006408790670915e-10	0.050133377	0.022179576	-0.9436462	0	0	0.41	4.8770445e-18
2.8001396603423905e-10	0.07523183	0.016166959	-0.9454731	0	0	0.41	5.6080376e-18
2.900002344504762e-10	0.061148535	0.0079725	-0.9469737	0	0	0.41	4.5865225e-18
3.000311414321155e-10	0.06391784	-0.01784664	-0.9490583	0	0	0.41	5.069823e-18
3.100124108179199e-10	0.047698062	-0.0126101645	-0.9519034	0	0	0.41	4.881259e-18
3.200099146726583e-10	0.017705852	-0.009668669	-0.94797885	0	0	0.41	4.236283e-18
3.300277446095545e-10	0.0013669753	-0.0015230376	-0.947207	0	0	0.41	4.238245e-18
3.4002768082365183e-10	0.003867221	0.0076053976	-0.944285	0	0	0.41	4.3215497e-18
3.500469644906647e-10	0.0034739806	0.015044396	-0.9431525	0	0	0.41	5.3145693e-18
3.6004302660722983e-10	0.020245228	0.02606675	-0.95071465	0	0	0.41	5.0565725e-18
3.7000121887763877e-10	0.03580016	0.03526182	-0.9450222	0	0	0.41	4.063299e-18
3.8002658725915285e-10	0.04871782	0.016695017	-0.94234204	0	0	0.41	4.9996223e-18
3.9003108911469707e-10	0.029220792	0.0009192096	-0.9437018	0	0	0.41	5.1496605e-18
4.000341924857969e-10	0.021437591	-0.010137411	-0.944817	0	0	0.41	5.1229355e-18
4.1003525161445017e-10	-0.009849727	0.004011349	-0.9461117	0	0	0.41	5.342214e-18
4.2001753234101576e-10	-0.044650964	0.0021447155	-0.9473794	0	0	0.41	4.967732e-18
4.3002268472355195e-10	-0.049751878	0.006086125	-0.9470017	0	0	0.41	4.8763596e-18
4.400041810303983e-10	-0.045466572	0.020560218	-0.9457401	0	0	0.41	5.20223e-18
4.500621192040888e-10	-0.050003454	0.031653695	-0.9477654	0	0	0.41	5.3573965e-18
4.600006508048149e-10	-0.043413293	0.05739043	-0.9482652	0	0	0.41	4.855948e-18
4.700605407547621e-10	-0.0192219	0.044253334	-0.9463002	0	0	0.41	5.003621e-18
4.800173543212092e-10	-0.025023488	0.027636494	-0.95200795	0	0	0.41	5.198407e-18
4.900063443637597e-10	-0.03698889	0.021488255	-0.9487037	0	0	0.41	4.7321977e-18
5.000106646668697e-10	-0.050200477	0.011066008	-0.9446731	0	0	0.41	5.123825e-18
5.100454286904576e-10	-0.06865085	-0.0028197747	-0.9435499	0	0	0.41	3.876024e-18
5.200040271443946e-10	-0.070590414	0.0026182893	-0.94029576	0	0	0.41	5.891285e-18
5.300146358672922e-10	-0.06324894	0.022314718	-0.93637264	0	0	0.41	4.5435815e-18
5.400319096016083e-10	-0.057013024	0.04286349	-0.93581885	0	0	0.41	5.0470024e-18
5.500485704065524e-10	-0.02316257	0.05627231	-0.93913734	0	0	0.41	4.8108953e-18
5.600370085723468e-10	-0.010978932	0.048025686	-0.940391	0	0	0.41	4.378748e-18
5.700216903407402e-10	-0.002669891	0.026087688	-0.93901056	0	0	0.41	4.582307e-18
5.800591657088497e-10	-0.012745732	0.046720773	-0.9406276	0	0	0.41	5.318715e-18
5.900041938226268e-10	-0.020868536	0.026854774	-0.93819004	0	0	0.41	5.0815086e-18
6.000053165943067e-10	-0.047370195	0.014850513	-0.9380079	0	0	0.41	4.707215e-18
6.100607419705381e-10	-0.05779338	0.015790662	-0.9406158	0	0	0.41	4.9421932e-18
6.200054429219912e-10	-0.05934881	0.013377831	-0.93925816	0	0	0.41	4.5205218e-18
6.300520369622363e-10	-0.0759477	0.008959782	-0.94024706	0	0	0.41	5.3680175e-18
6.400094832947234e-10	-0.054569557	0.020005912	-0.9441722	0	0	0.41	4.897413e-18
6.500073896170835e-10	-0.03998123	0.029253673	-0.9461467	0	0	0.41	4.1954324e-18
6.600552645310535e-10	-0.005766354	0.028157549	-0.9478339	0	0	0.41	5.2187644e-18
6.700629550581168e-10	0.0064999936	0.0025513172	-0.9496711	0	0	0.41	3.993375e-18
6.800234428604899e-10	0.010922849	-0.008262286	-0.95035	0	0	0.41	5.4263656e-18
6.900405322151991e-10	-0.017221717	-0.010068358	-0.9481506	0	0	0.41	4.3041032e-18
7.000421895335535e-10	-0.0391976	-0.015893184	-0.9494175	0	0	0.41	4.2217793e-18
7.100341393616827e-10	-0.05173521	-0.004874423	-0.95145404	0	0	0.41	4.4513095e-18
7.200325726437385e-10	-0.0614385	0.021429459	-0.94885147	0	0	0.41	4.380427e-18
7.300493885198166e-10	-0.05595178	0.042826448	-0.94732964	0	0	0.41	4.6251676e-18
7.400323864981551e-10	-0.038190745	0.030680293	-0.9459696	0	0	0.41	4.6529774e-18
7.500004454821261e-10	-0.024067277	0.04669002	-0.9510334	0	0	0.41	5.181051e-18
7.600472154134577e-10	-0.011891969	0.02085269	-0.9515498	0	0	0.41	5.649874e-18
7.700099073045705e-10	-0.016969617	0.0088025285	-0.9510763	0	0	0.41	5.4552946e-18
7.80044480608987e-10	-0.0145730525	0.009071711	-0.9501211	0	0	0.41	4.3971966e-18
7.900495092194248e-10	-0.02893476	0.011590797	-0.9479764	0	0	0.41	4.438805e-18
8.000120744148289e-10	-0.043255765	0.03666962	-0.95416844	0	0	0.41	5.0153346e-18
8.100066575618166e-10	-0.05767546	0.057968516	-0.95284534	0	0	0.41	4.644636e-18
8.200543745348126e-10	-0.052723743	0.075094044	-0.9481855	0	0	0.41	4.4228173e-18
8.300077537801989e-10	-0.039679166	0.083836295	-0.94906586	0	0	0.41	4.3293202e-18
8.40013040524231e-10	-0.03699928	0.06500192	-0.9461933	0	0	0.41	5.6977565e-18
8.500334136035311e-10	0.0021429462	0.037043117	-0.9463689	0	0	0.41	6.12113e-18
8.600114696176688e-10	0.0062652417	0.014387135	-0.94738364	0	0	0.41	4.3112596e-18
8.70014872290926e-10	-0.012798659	-0.009642358	-0.9464137	0	0	0.41	4.3706623e-18
8.800487039118826e-10	-0.024453038	-0.011344571	-0.9435082	0	0	0.41	4.682694e-18
8.900572973504487e-10	-0.047816984	-0.010037175	-0.9474562	0	0	0.41	4.508463e-18
9.000216772641286e-10	-0.06361138	0.002220013	-0.9499187	0	0	0.41	4.098334e-18
9.10005683384796e-10	-0.05122534	0.01499251	-0.9484695	0	0	0.41	4.374387e-18
9.200398065345266e-10	-0.04932622	0.032571938	-0.94760853	0	0	0.41	4.208131e-18
9.300439589379754e-10	-0.027844742	0.0162358	-0.94433653	0	0	0.41	4.906532e-18
9.400583802111018e-10	-0.017100181	0.013874754	-0.94116044	0	0	0.41	5.0760306e-18
9.500643037384418e-10	-0.027216407	0.00026634938	-0.9430112	0	0	0.41	4.0400233e-18
9.600172853075627e-10	-0.03686113	-0.024852093	-0.9440172	0	0	0.41	5.220004e-18
9.70046914906921e-10	-0.062139615	-0.035669196	-0.948167	0	0	0.41	3.9116478e-18
9.80040988559967e-10	-0.07139774	-0.0416058	-0.94742376	0	0	0.41	4.361366e-18
9.90030340035801e-10	-0.09580701	-0.019153044	-0.9465217	0	0	0.41	5.723378e-18
1.0000221766934843e-09	-0.10398396	0.010921388	-0.9438291	0	0	0.41	4.4572057e-18
1.0100571773149885e-09	-0.09593094	0.0346205	-0.94103146	0	0	0.41	5.946688e-18
1.0200577356269196e-09	-0.06347267	0.0451701	-0.9437373	0	0	0.41	4.2322386e-18
1.0300539707401609e-09	-0.03864937	0.055315662	-0.9461707	0	0	0.41	4.073112e-18
1.0400451357341258e-09	-0.03715077	0.04741477	-0.9424784	0	0	0.41	4.326033e-18
1.0500224561362138e-09	-0.03590247	0.03606627	-0.93948835	0	0	0.41	5.304654e-18
1.0600563527408719e-09	-0.057699654	0.023563946	-0.93879855	0	0	0.41	4.568837e-18
1.070048110231701e-09	-0.059182886	0.009975444	-0.94262123	0	0	0.41	4.9977454e-18
1.080025435129251e-09	-0.07050129	0.009326561	-0.94391185	0	0	0.41	4.3847723e-18
1.0900617951370031e-09	-0.06988175	0.016650327	-0.94595116	0	0	0.41	4.914877e-18
1.100003277941393e-09	-0.083825886	0.021766922	-0.9455019	0	0	0.41	4.3712823e-18
1.1100253540499568e-09	-0.08853922	0.028775977	-0.94687504	0	0	0.41	4.3214306e-18
1.1200088197049253e-09	-0.092825465	0.041111875	-0.9457259	0	0	0.41	5.350294e-18
1.1300258146090088e-09	-0.10044835	0.047718734	-0.94259447	0	0	0.41	4.7113387e-18
1.1400238109962238e-09	-0.08169064	0.04102284	-0.9450558	0	0	0.41	4.5593186e-18
1.1500293266657722e-09	-0.07295045	0.032974493	-0.9455172	0	0	0.41	3.5738136e-18
1.160011801727581e-09	-0.08060311	0.019390728	-0.9401835	0	0	0.41	5.389038e-18
1.1700029196479119e-09	-0.07131421	0.015177065	-0.9412126	0	0	0.41	4.3321153e-18
1.1800297772522902e-09	-0.07936772	0.020014621	-0.9421313	0	0	0.41	4.6218183e-18
1.1900596775087145e-09	-0.08867278	0.027453648	-0.9395838	0	0	0.41	4.8878582e-18
1.2000427562913845e-09	-0.09834966	0.026586773	-0.9332794	0	0	0.41	4.8213413e-18
1.2100594061861979e-09	-0.092461474	0.037513666	-0.9325321	0	0	0.41	4.9529995e-18
1.2200485534852053e-09	-0.08119378	0.03767742	-0.92972887	0	0	0.41	5.3260083e-18
1.2300577797188585e-09	-0.06723333	0.01687406	-0.92827755	0	0	0.41	4.5046924e-18
1.2400048560980025e-09	-0.05995571	0.013448152	-0.92672354	0	0	0.41	5.4138433e-18
1.2500249877230438e-09	-0.050244126	0.0035360188	-0.9271956	0	0	0.41	5.0409834e-18
1.2600525288365044e-09	-0.033892646	-0.008485348	-0.92504174	0	0	0.41	4.125296e-18
1.2700312141053838e-09	-0.031754456	-0.012624933	-0.9272361	0	0	0.41	3.9822203e-18
1.2800108319191366e-09	-0.019100305	-0.016781988	-0.92069083	0	0	0.41	5.3716133e-18
1.29001422321313e-09	-0.035742808	0.0026202614	-0.92542225	0	0	0.41	5.0647264e-18
1.3000180266313582e-09	-0.034860056	0.003314458	-0.9235794	0	0	0.41	5.618178e-18
1.3100221902160538e-09	-0.035332143	0.0008342019	-0.9308039	0	0	0.41	4.5495285e-18
1.320017032689315e-09	-0.041741088	0.0035951321	-0.9300709	0	0	0.41	4.836495e-18
1.33005254281921e-09	-0.028932089	0.029087787	-0.9291714	0	0	0.41	5.3303407e-18
1.3400360882743377e-09	-0.014681405	0.028996952	-0.9368804	0	0	0.41	3.8958482e-18
1.3500634028742918e-09	-0.017713254	0.026355304	-0.9375737	0	0	0.41	5.1637684e-18
1.3600510995645804e-09	-0.019317849	0.009824448	-0.9404326	0	0	0.41	4.0093742e-18
1.3700174420787685e-09	-0.027146334	0.008066426	-0.9414439	0	0	0.41	4.254306e-18
1.3800443844328142e-09	-0.05419222	0.0058737323	-0.93916166	0	0	0.41	5.0220687e-18
1.390055116854518e-09	-0.057551917	0.012035789	-0.9433278	0	0	0.41	4.1179698e-18
1.4000251834288882e-09	-0.05625379	0.013920555	-0.94348496	0	0	0.41	5.0419893e-18
1.4100566095966347e-09	-0.04722439	0.011310523	-0.9478605	0	0	0.41	4.5477236e-18
1.4200003306006064e-09	-0.041275203	-0.0027427592	-0.9474036	0	0	0.41	4.7534802e-18
1.4300247769208772e-09	-0.03412086	0.0026126155	-0.94857234	0	0	0.41	3.961419e-18
1.4400224216384338e-09	-0.037663504	0.0042936374	-0.9458461	0	0	0.41	3.9776498e-18
1.4500171458458868e-09	-0.046906	0.010805192	-0.94368154	0	0	0.41	5.003526e-18
1.4600335391211868e-09	-0.05503192	0.024316208	-0.94515103	0	0	0.41	4.8509982e-18
1.4700246542256758e-09	-0.047189448	0.022904893	-0.9453888	0	0	0.41	4.107142e-18
1.4800431692821975e-09	-0.04172215	0.018982304	-0.94409126	0	0	0.41	4.419374e-18
1.4900230315493896e-09	-0.02829165	-0.0006664927	-0.94320774	0	0	0.41	4.9348776e-18
1.5000165319747744e-09	-0.024050485	-0.022268474	-0.94551	0	0	0.41	4.63425e-18
1.5100610634376762e-09	-0.02860053	-0.026188618	-0.9436318	0	0	0.41	5.1790353e-18
1.5200440554163095e-09	-0.030427383	-0.03318948	-0.94216275	0	0	0.41	4.7317543e-18
1.5300541593327604e-09	-0.033493243	-0.030066947	-0.9454803	0	0	0.41	5.13306e-18
1.5400088939672163e-09	-0.04578427	-0.01959038	-0.9492037	0	0	0.41	5.0354723e-18
1.5500177960944005e-09	-0.029027374	-0.028156295	-0.94546676	0	0	0.41	4.7463483e-18
1.5600601137650238e-09	-0.031563632	-0.016276488	-0.94035244	0	0	0.41	5.7794927e-18
1.5700129174931109e-09	-0.0143034905	-0.039851435	-0.9369044	0	0	0.41	5.085033e-18
1.5800303184198362e-09	-0.0072305026	-0.056636915	-0.9306048	0	0	0.41	3.631588e-18
1.5900465272242285e-09	-0.017294457	-0.051667895	-0.93062603	0	0	0.41	5.437215e-18
1.6000015995304693e-09	-0.0074077896	-0.040869374	-0.93083936	0	0	0.41	5.362954e-18
1.6100032825402518e-09	-0.001278748	-0.0410736	-0.9266819	0	0	0.41	4.630674e-18
1.6200496280581346e-09	0.0037574016	-0.053436223	-0.9250678	0	0	0.41	4.370926e-18
1.6300143797899972e-09	0.008497626	-0.054061532	-0.9251069	0	0	0.41	4.4007266e-18
1.6400181032331714e-09	0.013908001	-0.056525722	-0.9249696	0	0	0.41	5.0212585e-18
1.6500059213221374e-09	0.009758576	-0.040003616	-0.92863774	0	0	0.41	4.5570662e-18
1.660042370689659e-09	0.026270239	-0.035868417	-0.93473077	0	0	0.41	4.6811545e-18
1.6700250818011416e-09	0.024601607	-0.03587822	-0.9371157	0	0	0.41	4.988786e-18
1.6800068948658185e-09	0.019745689	-0.018194806	-0.93955874	0	0	0.41	5.5533176e-18
1.6900507554387107e-09	0.03526609	-0.046115864	-0.9393045	0	0	0.41	4.4999804e-18
1.700052351257293e-09	0.03612773	-0.058854844	-0.9408975	0	0	0.41	5.3871473e-18
1.7100332433139381e-09	0.02616823	-0.04194877	-0.94181937	0	0	0.41	4.7604616e-18
1.720024950975143e-09	0.039761044	-0.04377083	-0.9424711	0	0	0.41	5.2963895e-18
1.7300513182281563e-09	0.017690035	-0.039172072	-0.9410049	0	0	0.41	5.2505533e-18
1.7400124881359832e-09	0.016945578	-0.03253523	-0.9393894	0	0	0.41	3.8868717e-18
1.7500629574858559e-09	0.023938956	-0.025703553	-0.931147	0	0	0.41	5.053894e-18
1.7600519237630024e-09	0.020566579	-0.02846347	-0.93028975	0	0	0.41	4.8892748e-18
1.7700115686274006e-09	0.030548435	-0.013183719	-0.9260007	0	0	0.41	4.0757054e-18
1.7800419246073673e-09	0.045550313	-0.016870806	-0.9245174	0	0	0.41	4.7577683e-18
1.7900503881487846e-09	0.056985963	-0.029975649	-0.92441595	0	0	0.41	4.686641e-18
1.8000519015637152e-09	0.084371924	-0.022419417	-0.9169533	0	0	0.41	4.6994145e-18
1.8100502338944209e-09	0.08401228	-0.019197075	-0.9180931	0	0	0.41	4.7682152e-18
1.8200064978626649e-09	0.09368937	-0.01411074	-0.9176379	0	0	0.41	4.559751e-18
1.8300574439774508e-09	0.094794534	-0.021342304	-0.918827	0	0	0.41	4.8324123e-18
1.840061437849389e-09	0.08928742	0.0039489344	-0.9171833	0	0	0.41	4.5307887e-18
1.850013540533061e-09	0.08636689	0.028809361	-0.919708	0	0	0.41	4.799043e-18
1.860046005474674e-09	0.09609583	0.0605847	-0.9257104	0	0	0.41	5.0031957e-18
1.870012689585813e-09	0.09398114	0.035979006	-0.9317341	0	0	0.41	5.060038e-18
1.8800612213121705e-09	0.09341596	0.022949262	-0.9401558	0	0	0.41	5.6933617e-18
1.8900623353083445e-09	0.09697641	0.034527462	-0.9427839	0	0	0.41	5.048549e-18
1.9000116294858162e-09	0.09804754	0.045161396	-0.9445912	0	0	0.41	4.9835833e-18
1.9100259964396387e-09	0.100988925	0.047692046	-0.94679177	0	0	0.41	4.382755e-18
1.9200616527179904e-09	0.09892157	0.041430973	-0.9451602	0	0	0.41	5.169881e-18
1.930019014216962e-09	0.114084	0.042845134	-0.93965244	0	0	0.41	5.1884193e-18
1.9400223272108987e-09	0.11725645	0.03558468	-0.9396135	0	0	0.41	4.597851e-18
1.9500319584589366e-09	0.12141018	0.06443643	-0.93675727	0	0	0.41	5.4320157e-18
1.960023596200014e-09	0.116151385	0.06515502	-0.93346536	0	0	0.41	5.2822943e-18
1.970024701398351e-09	0.10702339	0.060549356	-0.9311824	0	0	0.41	5.260488e-18
1.9800515600655176e-09	0.09450693	0.06359846	-0.92957044	0	0	0.41	5.660063e-18
1.990046553429019e-09	0.08908244	0.063148685	-0.9308028	0	0	0.41	5.059806e-18
2.000025914571466e-09	0.07323194	0.07462061	-0.92898935	0	0	0.41	4.2583092e-18
2.0100251958087123e-09	0.07008642	0.091238394	-0.92693025	0	0	0.41	3.3304932e-18
2.0200304802415047e-09	0.07016244	0.109778866	-0.92556435	0	0	0.41	4.3908273e-18
2.0300256131373236e-09	0.066295326	0.10182149	-0.9292535	0	0	0.41	4.5453794e-18
2.0400270179977336e-09	0.06774092	0.11540568	-0.92942035	0	0	0.41	4.1328106e-18
2.050015414236094e-09	0.06841655	0.13323204	-0.93402535	0	0	0.41	4.621916e-18
2.0600304351850254e-09	0.06149123	0.12693396	-0.93168515	0	0	0.41	5.263814e-18
2.0700186913492627e-09	0.06370588	0.12847833	-0.93209976	0	0	0.41	4.9000633e-18
2.0800413198950724e-09	0.07006452	0.12812057	-0.9403435	0	0	0.41	4.4369927e-18
2.090044402450806e-09	0.06572978	0.10178069	-0.93835944	0	0	0.41	4.2287078e-18
2.1000245453123734e-09	0.05958852	0.09595651	-0.93912643	0	0	0.41	4.330642e-18
2.110060875403168e-09	0.06287155	0.123091504	-0.93562394	0	0	0.41	3.698396e-18
2.1200549017511867e-09	0.049866263	0.120137334	-0.93015486	0	0	0.41	5.7425753e-18
2.130035700707123e-09	0.044285703	0.12873536	-0.92935646	0	0	0.41	5.1122785e-18
2.1400235896644226e-09	0.01888886	0.12904401	-0.9286168	0	0	0.41	5.3769027e-18
2.1500409050108836e-09	0.010998317	0.124172285	-0.9257783	0	0	0.41	4.3933142e-18
2.1600648447477116e-09	0.024942478	0.14835212	-0.9197664	0	0	0.41	4.299572e-18
2.1700344272938032e-09	0.023778211	0.15013282	-0.9207394	0	0	0.41	3.9393277e-18
2.1800448201128835e-09	-0.00954745	0.14364333	-0.926279	0	0	0.41	4.6028118e-18
2.190061352788662e-09	-0.01191154	0.13294046	-0.93320704	0	0	0.41	4.8359973e-18
2.2000110693568283e-09	-0.014373841	0.12860976	-0.9333045	0	0	0.41	4.7522937e-18
2.2100567755540418e-09	-0.019077409	0.10018362	-0.9352815	0	0	0.41	4.352353e-18
2.2200051436234067e-09	-0.031731013	0.10055477	-0.9389354	0	0	0.41	5.298815e-18
2.2300118611077576e-09	-0.043066513	0.11110029	-0.9402296	0	0	0.41	4.7801978e-18
2.240043097590083e-09	-0.035199054	0.11936231	-0.9399206	0	0	0.41	5.5319225e-18
2.2500511296141272e-09	-0.03783864	0.11226316	-0.9470078	0	0	0.41	3.8657037e-18
2.260034834465788e-09	-0.014157096	0.1174627	-0.9449615	0	0	0.41	4.635676e-18
2.2700163385542386e-09	-0.011465528	0.11420014	-0.9389865	0	0	0.41	5.3377283e-18
2.2800589234016635e-09	-0.009321309	0.1088187	-0.9377177	0	0	0.41	4.510388e-18
2.290015874012995e-09	-0.017612614	0.103363715	-0.93076205	0	0	0.41	4.9199305e-18
2.3000097480654625e-09	0.0054669403	0.09650907	-0.93077254	0	0	0.41	5.877977e-18
2.31001277320676e-09	0.019471776	0.09442231	-0.92710876	0	0	0.41	4.2433265e-18
2.320036401598867e-09	0.008450219	0.101638146	-0.9236127	0	0	0.41	5.1870056e-18
2.3300623188394723e-09	-0.001013892	0.09135089	-0.9203099	0	0	0.41	5.2944266e-18
2.3400552418245377e-09	-0.012581844	0.09998365	-0.9192689	0	0	0.41	3.9311556e-18
2.350037243307044e-09	-0.030109538	0.07944142	-0.9249438	0	0	0.41	3.3479103e-18
2.3600209983514876e-09	-0.04752845	0.087267324	-0.92246443	0	0	0.41	4.3942274e-18
2.3700598297906686e-09	-0.0603558	0.074878365	-0.9275742	0	0	0.41	3.7722257e-18
2.3800348232646193e-09	-0.06306211	0.086430125	-0.9335827	0	0	0.41	5.066997e-18
2.3900594283564257e-09	-0.05734217	0.070718795	-0.936318	0	0	0.41	4.2809905e-18
2.400035418454785e-09	-0.05996204	0.06470667	-0.93778425	0	0	0.41	4.774814e-18
2.4100309153109122e-09	-0.05745427	0.058199417	-0.935641	0	0	0.41	5.001372e-18
2.420009413919557e-09	-0.06398285	0.029295625	-0.93627757	0	0	0.41	4.821128e-18
2.4300441350690195e-09	-0.07057353	0.037704434	-0.9346359	0	0	0.41	4.5725978e-18
2.4400134333265543e-09	-0.080240354	0.03602892	-0.9303957	0	0	0.41	3.812646e-18
2.4500331492097595e-09	-0.08726169	0.033361662	-0.93368584	0	0	0.41	4.363944e-18
2.4600018122268233e-09	-0.078814745	0.038520485	-0.93071187	0	0	0.41	4.640207e-18
2.4700192921987388e-09	-0.06857651	0.046562325	-0.92876315	0	0	0.41	4.653821e-18
2.4800112529708584e-09	-0.06535059	0.035676274	-0.92475945	0	0	0.41	5.517002e-18
2.4900027408039138e-09	-0.07596034	0.02319553	-0.92219913	0	0	0.41	4.9180685e-18
2.5000311324715325e-09	-0.07506353	0.011486664	-0.92620486	0	0	0.41	3.797665e-18
2.510013553766413e-09	-0.08427806	0.0058996654	-0.92693084	0	0	0.41	5.09749e-18
2.520037411235598e-09	-0.13193844	0.007157522	-0.92416066	0	0	0.41	5.4467705e-18
2.5300609181783686e-09	-0.13683198	0.009440864	-0.9260055	0	0	0.41	4.5072455e-18
2.540053117015348e-09	-0.1575714	0.013364945	-0.9236681	0	0	0.41	5.563548e-18
2.550036053117858e-09	-0.15917322	0.016791098	-0.9277281	0	0	0.41	4.5388174e-18
2.56000460567017e-09	-0.13786718	0.012597234	-0.9335915	0	0	0.41	4.5082956e-18
2.570039414507683e-09	-0.15505669	0.027003033	-0.9311549	0	0	0.41	5.178387e-18
2.5800409965207464e-09	-0.15331179	0.020204121	-0.93317276	0	0	0.41	4.6693316e-18
2.59003562298191e-09	-0.14452237	0.016188867	-0.93256044	0	0	0.41	4.067195e-18
2.600043937696094e-09	-0.15619814	0.019538388	-0.9261841	0	0	0.41	5.324909e-18
2.6100546925320045e-09	-0.15336527	0.0170251	-0.93016994	0	0	0.41	4.8247377e-18
2.6200157487503887e-09	-0.14812605	0.023060897	-0.9284993	0	0	0.41	4.718943e-18
2.630005210399236e-09	-0.18251874	0.02656001	-0.92005223	0	0	0.41	3.7515106e-18
2.640058332874381e-09	-0.17237021	0.0075674583	-0.9165681	0	0	0.41	4.819375e-18
2.650040961972946e-09	-0.18295996	0.019863576	-0.91670966	0	0	0.41	4.4851416e-18
2.660025377428654e-09	-0.19921993	0.022740204	-0.91233975	0	0	0.41	3.1593727e-18
2.670025981268905e-09	-0.20058368	0.029482841	-0.90852165	0	0	0.41	5.1786383e-18
2.680008884294141e-09	-0.17253615	0.005796398	-0.9132037	0	0	0.41	4.174047e-18
2.6900434534547097e-09	-0.18921342	-0.034421563	-0.9161097	0	0	0.41	4.704829e-18
2.700049042261645e-09	-0.18947208	-0.057433285	-0.9150705	0	0	0.41	5.428093e-18
2.710055352782271e-09	-0.18018225	-0.060946997	-0.9160619	0	0	0.41	4.2889013e-18
2.720033825567427e-09	-0.19315094	-0.07226401	-0.9198245	0	0	0.41	4.6253074e-18
2.7300338421651338e-09	-0.20231318	-0.08427403	-0.9212361	0	0	0.41	3.9485177e-18
2.740056483609453e-09	-0.2014443	-0.10189076	-0.9201012	0	0	0.41	5.401542e-18
2.7500269080247415e-09	-0.20739914	-0.11252251	-0.9162781	0	0	0.41	4.262924e-18
2.760052386323281e-09	-0.19621257	-0.12081697	-0.9166079	0	0	0.41	4.6992197e-18
2.7700471450452815e-09	-0.17094678	-0.11981368	-0.92359	0	0	0.41	4.6581576e-18
2.7800065242107373e-09	-0.15441692	-0.13657176	-0.92355525	0	0	0.41	5.139678e-18
2.790064886911976e-09	-0.14892542	-0.14931631	-0.9255605	0	0	0.41	3.801404e-18
2.8000072678486386e-09	-0.14920697	-0.1598233	-0.9229225	0	0	0.41	4.883051e-18
2.8100432683574876e-09	-0.15206382	-0.16789658	-0.92269933	0	0	0.41	4.4739035e-18
2.8200583198513745e-09	-0.17639476	-0.16054225	-0.91989225	0	0	0.41	4.8306512e-18
2.8300310432361552e-09	-0.1790073	-0.14770937	-0.91307306	0	0	0.41	5.018499e-18
2.840015495019076e-09	-0.1717685	-0.13005304	-0.91553134	0	0	0.41	4.457251e-18
2.850059507245142e-09	-0.15197141	-0.116932236	-0.91524804	0	0	0.41	4.175497e-18
2.860027533260462e-09	-0.11432141	-0.12457595	-0.91784006	0	0	0.41	5.1654547e-18
2.8700392738499703e-09	-0.11827807	-0.14148164	-0.9197701	0	0	0.41	4.9318204e-18
2.880047059216507e-09	-0.1237083	-0.13759904	-0.9246261	0	0	0.41	4.591139e-18
2.890025478872817e-09	-0.11129594	-0.14553145	-0.9251691	0	0	0.41	5.35416e-18
2.9000339162221293e-09	-0.10988275	-0.15671	-0.9245007	0	0	0.41	5.354232e-18
2.910059565531371e-09	-0.10331565	-0.14407983	-0.9278811	0	0	0.41	3.702539e-18
2.9200621065367023e-09	-0.11571605	-0.13987382	-0.9249621	0	0	0.41	4.8404227e-18
2.9300232304228575e-09	-0.11960781	-0.15401453	-0.9308914	0	0	0.41	4.7693923e-18
2.940036136416634e-09	-0.10963356	-0.15592434	-0.92948425	0	0	0.41	4.9302822e-18
2.9500046547716383e-09	-0.112618856	-0.1420786	-0.9287604	0	0	0.41	4.5015467e-18
2.9600563838640396e-09	-0.121186495	-0.14822832	-0.93070793	0	0	0.41	4.758057e-18
2.970060014811118e-09	-0.11958235	-0.15155242	-0.9296651	0	0	0.41	6.0137925e-18
2.9800118925883187e-09	-0.11845311	-0.1354883	-0.9306494	0	0	0.41	4.134419e-18
2.9900234066667534e-09	-0.11477377	-0.13387313	-0.9324376	0	0	0.41	4.807299e-18
3.0000099703198426e-09	-0.120375395	-0.13024056	-0.933748	0	0	0.41	4.1473306e-18
3.010040767249134e-09	-0.12010503	-0.13772966	-0.93010044	0	0	0.41	4.8231346e-18
3.0200613249107667e-09	-0.11193938	-0.13158469	-0.93034345	0	0	0.41	4.545832e-18
3.0300386143245183e-09	-0.12359798	-0.11933633	-0.93084323	0	0	0.41	4.4391222e-18
3.0400179694743613e-09	-0.11748098	-0.13047567	-0.9245909	0	0	0.41	5.344739e-18
3.050021970064032e-09	-0.12333243	-0.12982288	-0.92551994	0	0	0.41	4.7710806e-18
3.0600120850041853e-09	-0.124960765	-0.11959357	-0.92977136	0	0	0.41	3.846253e-18
3.070007460864971e-09	-0.11827266	-0.12546462	-0.93115205	0	0	0.41	4.9168707e-18
3.0800386932766777e-09	-0.1333495	-0.1417509	-0.92832625	0	0	0.41	6.337829e-18
3.090004256891912e-09	-0.14560404	-0.12360054	-0.9280052	0	0	0.41	4.350351e-18
3.100013619594833e-09	-0.14606732	-0.12491893	-0.9276392	0	0	0.41	4.691936e-18
3.110007766542959e-09	-0.13363016	-0.11342729	-0.92636144	0	0	0.41	4.601774e-18
3.1200113794489507e-09	-0.13621534	-0.103398256	-0.924254	0	0	0.41	4.9942245e-18
3.1300306721916863e-09	-0.12607403	-0.117447406	-0.9253067	0	0	0.41	4.7517274e-18
3.1400569917532888e-09	-0.11609304	-0.1483575	-0.92621404	0	0	0.41	5.4246625e-18
3.150054099634176e-09	-0.097191945	-0.1496353	-0.93011653	0	0	0.41	4.35568e-18
3.1600608746273843e-09	-0.08622727	-0.16714203	-0.9262231	0	0	0.41	4.6990435e-18
3.1700336276898e-09	-0.08499585	-0.19674765	-0.92017895	0	0	0.41	5.898049e-18
3.180065823014618e-09	-0.104516335	-0.20904009	-0.91491765	0	0	0.41	5.101196e-18
3.1900500416718337e-09	-0.10179826	-0.20292774	-0.91617745	0	0	0.41	4.4803808e-18
3.200046991457831e-09	-0.09957989	-0.21083471	-0.91349155	0	0	0.41	5.1539246e-18
3.210024920022034e-09	-0.07872987	-0.2119948	-0.90968573	0	0	0.41	4.3566747e-18
3.2200252896981246e-09	-0.047233168	-0.22253448	-0.90839016	0	0	0.41	5.013553e-18
3.2300166503962536e-09	-0.030229036	-0.22781162	-0.9096019	0	0	0.41	4.5249414e-18
3.2400490222069373e-09	-0.023678616	-0.23151399	-0.91518235	0	0	0.41	4.8967765e-18
3.2500495973095093e-09	-0.019235404	-0.24767655	-0.91189057	0	0	0.41	5.058285e-18
3.2600329432886925e-09	-0.014743351	-0.25745326	-0.9116372	0	0	0.41	4.002089e-18
3.2700226757736412e-09	-0.013520617	-0.25447682	-0.9118696	0	0	0.41	4.032204e-18
3.280021409444052e-09	-0.008988685	-0.24031448	-0.91553605	0	0	0.41	5.089177e-18
3.2900148677000564e-09	0.0059482795	-0.2521356	-0.91144925	0	0	0.41	5.076661e-18
3.3000267987087657e-09	0.023364302	-0.23777495	-0.91707623	0	0	0.41	5.6962846e-18
3.3100012820355263e-09	0.05367513	-0.2317486	-0.91561246	0	0	0.41	4.4625046e-18
3.3200401242570757e-09	0.06749235	-0.22599614	-0.9160039	0	0	0.41	4.967266e-18
3.3300080932589317e-09	0.085438184	-0.21342814	-0.9139478	0	0	0.41	5.3991075e-18
3.340048198951313e-09	0.09363094	-0.2192546	-0.9148429	0	0	0.41	4.7006395e-18
3.3500362834479875e-09	0.1042238	-0.20628221	-0.91230744	0	0	0.41	4.7787014e-18
3.360010866481413e-09	0.10917547	-0.19345887	-0.9197721	0	0	0.41	4.381872e-18
3.370039437875833e-09	0.123579055	-0.19766796	-0.9209043	0	0	0.41	4.1365594e-18
3.3800180883982306e-09	0.12048261	-0.17729682	-0.9264531	0	0	0.41	6.142228e-18
3.3900286176025834e-09	0.109616056	-0.184831	-0.9239507	0	0	0.41	4.5782673e-18
3.4000397754537145e-09	0.08826106	-0.17896959	-0.924374	0	0	0.41	4.546962e-18
3.4100615907010632e-09	0.09384559	-0.16690676	-0.92679226	0	0	0.41	5.5510044e-18
3.4200078303099873e-09	0.08741253	-0.15378213	-0.9317852	0	0	0.41	4.237252e-18
3.4300110019617007e-09	0.09851006	-0.15005408	-0.93799114	0	0	0.41	3.55747e-18
3.440022828095224e-09	0.11778839	-0.14323469	-0.93458366	0	0	0.41	4.3928283e-18
3.450009661344171e-09	0.12274363	-0.15545006	-0.93476486	0	0	0.41	4.0077273e-18
3.4600458838447976e-09	0.12022585	-0.17014745	-0.931461	0	0	0.41	4.5914707e-18
3.470004541984028e-09	0.11813569	-0.15934773	-0.93127644	0	0	0.41	5.1743063e-18
3.4800282195548755e-09	0.12016738	-0.15835664	-0.9312669	0	0	0.41	3.9226224e-18
3.4900271126981407e-09	0.12496037	-0.14347193	-0.9374255	0	0	0.41	4.303352e-18
3.500031922963841e-09	0.14160377	-0.1285114	-0.93360156	0	0	0.41	2.9557184e-18
3.5100297402459975e-09	0.1520349	-0.13245359	-0.93516415	0	0	0.41	4.6141917e-18
3.520060851971772e-09	0.15008134	-0.1295889	-0.9374534	0	0	0.41	4.5250957e-18
3.530003441093994e-09	0.14335588	-0.13100447	-0.9390821	0	0	0.41	5.11036e-18
3.540054202028414e-09	0.13484283	-0.13922903	-0.9361854	0	0	0.41	5.531037e-18
3.55001089543087e-09	0.113237135	-0.12771176	-0.9386158	0	0	0.41	5.4014046e-18
3.5600110342453546e-09	0.1206501	-0.12849434	-0.93752044	0	0	0.41	4.387869e-18
3.5700582507987577e-09	0.12844473	-0.12667096	-0.934926	0	0	0.41	5.4499415e-18
3.5800127767324462e-09	0.14467539	-0.10605646	-0.9380089	0	0	0.41	4.833363e-18
3.590018654723659e-09	0.16307786	-0.13123803	-0.9331737	0	0	0.41	4.355356e-18
3.6000004330600335e-09	0.17626235	-0.12550515	-0.93203497	0	0	0.41	4.6435103e-18
3.6100222749632205e-09	0.18710886	-0.1271838	-0.9278643	0	0	0.41	3.93084e-18
3.62003022311623e-09	0.16633622	-0.12277877	-0.92970103	0	0	0.41	4.2268143e-18
3.6300059619754117e-09	0.16272426	-0.12477078	-0.92710185	0	0	0.41	4.5430447e-18
3.6400016296123834e-09	0.15639578	-0.122561015	-0.92680395	0	0	0.41	5.6180337e-18
3.650012544442439e-09	0.14150953	-0.104110114	-0.9326089	0	0	0.41	5.2772597e-18
3.6600544212862533e-09	0.16268884	-0.08892225	-0.9319665	0	0	0.41	5.072901e-18
3.6700166366644976e-09	0.16764675	-0.07614284	-0.9318028	0	0	0.41	4.9516826e-18
3.6800101663295222e-09	0.17380005	-0.063238464	-0.927893	0	0	0.41	4.402222e-18
3.690013522788862e-09	0.17853591	-0.07658544	-0.9320863	0	0	0.41	4.1436132e-18
3.700035109420798e-09	0.17998676	-0.08336085	-0.9316444	0	0	0.41	5.2507738e-18
3.710014971938987e-09	0.17897293	-0.07231453	-0.9302385	0	0	0.41	6.025232e-18
3.7200459120918223e-09	0.17417528	-0.09225665	-0.93107975	0	0	0.41	4.8653246e-18
3.730035328629114e-09	0.18007931	-0.09368838	-0.9281795	0	0	0.41	3.9696232e-18
3.740000335399138e-09	0.14902402	-0.10967052	-0.9331187	0	0	0.41	5.1052524e-18
3.750032077765927e-09	0.1612648	-0.098217726	-0.9317117	0	0	0.41	3.5829494e-18
3.760000147446042e-09	0.15287352	-0.07241833	-0.9272576	0	0	0.41	4.6115158e-18
3.770014232660163e-09	0.16130558	-0.07388693	-0.93246824	0	0	0.41	4.577384e-18
3.780005090883892e-09	0.15463385	-0.07483306	-0.93413895	0	0	0.41	5.070193e-18
3.7900219933549636e-09	0.16101032	-0.06113961	-0.93205285	0	0	0.41	5.3214994e-18
3.8000510543592714e-09	0.1408916	-0.06348526	-0.9321552	0	0	0.41	3.874004e-18
3.810022643621156e-09	0.14143617	-0.057519086	-0.9355201	0	0	0.41	5.4351085e-18
3.820031241642936e-09	0.1493736	-0.046403296	-0.9339181	0	0	0.41	5.993815e-18
3.830001681975655e-09	0.14045897	-0.052843854	-0.9420118	0	0	0.41	4.6358907e-18
3.8400387115265715e-09	0.12329144	-0.059945203	-0.9390555	0	0	0.41	3.4530082e-18
3.850002082035583e-09	0.12968741	-0.059041712	-0.9390328	0	0	0.41	4.7219167e-18
3.860051917792257e-09	0.1416121	-0.059129447	-0.9402719	0	0	0.41	4.5197906e-18
3.870036349769164e-09	0.14057982	-0.06624531	-0.93806344	0	0	0.41	4.5790324e-18
3.880024778306013e-09	0.13783924	-0.07243659	-0.9390465	0	0	0.41	4.465242e-18
3.890034385202351e-09	0.13404435	-0.05988556	-0.94216406	0	0	0.41	4.9173025e-18
3.900012660903043e-09	0.1325626	-0.061934777	-0.9427758	0	0	0.41	4.7051555e-18
3.910053655668201e-09	0.13111115	-0.05385104	-0.9423523	0	0	0.41	4.9935558e-18
3.920037325730587e-09	0.13370024	-0.0697046	-0.93268424	0	0	0.41	4.695789e-18
3.93002706028463e-09	0.11692706	-0.086815454	-0.936063	0	0	0.41	4.0790563e-18
3.940058803600706e-09	0.11063744	-0.09811801	-0.9319788	0	0	0.41	4.8670513e-18
3.950020768833779e-09	0.09621492	-0.09826354	-0.93317145	0	0	0.41	4.9031313e-18
3.960046081612225e-09	0.095349826	-0.07506984	-0.9328418	0	0	0.41	5.0243835e-18
3.970026612197232e-09	0.098470114	-0.060116313	-0.9318792	0	0	0.41	4.3161246e-18
3.980026306381531e-09	0.10592268	-0.06597301	-0.93626803	0	0	0.41	4.54677e-18
3.990015851295388e-09	0.11715003	-0.07189217	-0.93366534	0	0	0.41	4.6964552e-18
4.000044486105825e-09	0.11889669	-0.07082963	-0.93701065	0	0	0.41	4.4231494e-18
4.010057554509248e-09	0.105662115	-0.083857834	-0.9387123	0	0	0.41	5.838148e-18
4.02005309235811e-09	0.096256875	-0.09605218	-0.942582	0	0	0.41	4.776056e-18
4.0300370772096585e-09	0.07841285	-0.09626575	-0.9451486	0	0	0.41	4.7799277e-18
4.040054901688989e-09	0.06252378	-0.07355779	-0.944828	0	0	0.41	4.441149e-18
4.050009400821824e-09	0.063594565	-0.069054075	-0.94286823	0	0	0.41	4.5394167e-18
4.0600438701028145e-09	0.062461294	-0.057438187	-0.9390103	0	0	0.41	4.494228e-18
4.0700447499892545e-09	0.0722829	-0.062341295	-0.93610233	0	0	0.41	4.677149e-18
4.080053872884983e-09	0.08835986	-0.06809196	-0.9284254	0	0	0.41	4.550323e-18
4.090041981139954e-09	0.0949911	-0.06467605	-0.92754894	0	0	0.41	4.7887777e-18
4.1000446767661275e-09	0.11075739	-0.08681214	-0.9280666	0	0	0.41	4.8535033e-18
4.11002829045348e-09	0.108563825	-0.081867516	-0.92775106	0	0	0.41	5.4264723e-18
4.120035363090835e-09	0.109064355	-0.07087355	-0.92156786	0	0	0.41	4.749565e-18
4.130060865649915e-09	0.11025673	-0.061012466	-0.92910767	0	0	0.41	4.282371e-18
4.14004051927086e-09	0.11125103	-0.076131284	-0.9297138	0	0	0.41	4.9615844e-18
4.150001462134598e-09	0.10359864	-0.07216699	-0.92795444	0	0	0.41	4.2035553e-18
4.160003321508473e-09	0.13161175	-0.04095057	-0.93123925	0	0	0.41	5.2832973e-18
4.170001554277851e-09	0.13965933	-0.038096756	-0.93610775	0	0	0.41	4.8912075e-18
4.180037038974468e-09	0.15528679	-0.042777784	-0.9376029	0	0	0.41	4.966965e-18
4.190057966180406e-09	0.15644598	-0.03833393	-0.93925154	0	0	0.41	3.8916565e-18
4.200034672629275e-09	0.14555699	-0.052890003	-0.9383675	0	0	0.41	5.3326076e-18
4.210005004218851e-09	0.13790104	-0.06263711	-0.9363152	0	0	0.41	4.9970986e-18
4.220062506448646e-09	0.12009326	-0.03485711	-0.93831587	0	0	0.41	3.9562572e-18
4.230011308347262e-09	0.10016449	-0.022620948	-0.94185317	0	0	0.41	5.210589e-18
4.240027006643624e-09	0.08916764	-0.011031536	-0.94769526	0	0	0.41	5.3662883e-18
4.250007265211747e-09	0.10656404	-0.00034192277	-0.94489026	0	0	0.41	4.72389e-18
4.26002442082253e-09	0.12166296	-0.0070250505	-0.9455451	0	0	0.41	4.6479097e-18
4.270006698949961e-09	0.14075898	-0.023223473	-0.94340324	0	0	0.41	4.1025003e-18
4.280006429119758e-09	0.12508938	-0.035983045	-0.9475737	0	0	0.41	4.6357948e-18
4.290052259275554e-09	0.11481299	-0.033775683	-0.9457512	0	0	0.41	4.7326245e-18
4.300037198402895e-09	0.11249939	-0.029560478	-0.9472325	0	0	0.41	5.058673e-18
4.310054023774422e-09	0.102598235	-0.0067287916	-0.95178646	0	0	0.41	4.0926965e-18
4.320048779462019e-09	0.07937128	-0.0039429935	-0.9518708	0	0	0.41	4.74296e-18
4.330011666757618e-09	0.075471245	0.013935225	-0.95247954	0	0	0.41	4.5792545e-18
4.340055325677665e-09	0.069687255	0.0069992696	-0.9520089	0	0	0.41	5.0012357e-18
4.35002606397542e-09	0.089180954	0.024967015	-0.94905114	0	0	0.41	4.233519e-18
4.360003353453657e-09	0.094991654	0.02256136	-0.9465982	0	0	0.41	4.3695617e-18
4.370049110438658e-09	0.099961005	0.026348552	-0.94490254	0	0	0.41	4.601958e-18
4.38004305999451e-09	0.1004752	0.034246877	-0.94596654	0	0	0.41	5.3241885e-18
4.3900053346997006e-09	0.079230905	0.016619038	-0.9483613	0	0	0.41	4.070169e-18
4.400015417464162e-09	0.06477247	-0.00089346484	-0.94872326	0	0	0.41	4.422454e-18
4.41003029473891e-09	0.059759486	0.012073214	-0.94844276	0	0	0.41	4.6596924e-18
4.420038864613988e-09	0.06304344	0.02494105	-0.94817483	0	0	0.41	5.480958e-18
4.430027051136499e-09	0.064016365	0.044430267	-0.9515335	0	0	0.41	5.1297684e-18
4.4400559519331046e-09	0.06318425	0.05964992	-0.9502936	0	0	0.41	4.1096777e-18
4.450012792752224e-09	0.062875815	0.06137396	-0.94790095	0	0	0.41	5.7620367e-18
4.460035223488044e-09	0.05534372	0.04183746	-0.94936836	0	0	0.41	4.9541716e-18
4.470053672162424e-09	0.058797088	0.03405514	-0.9496783	0	0	0.41	4.6320295e-18
4.480031370706672e-09	0.041293375	0.03659763	-0.9500078	0	0	0.41	5.252978e-18
4.490040789109508e-09	0.05076259	0.03202222	-0.95321834	0	0	0.41	4.42412e-18
4.500047434670861e-09	0.04557696	0.039645154	-0.94646	0	0	0.41	4.225145e-18
4.51004677797441e-09	0.050741624	0.043083675	-0.94261116	0	0	0.41	5.3572555e-18
4.52006005551794e-09	0.058330268	0.029778963	-0.9421202	0	0	0.41	4.1896268e-18
4.5300498169563415e-09	0.057948675	0.03207659	-0.94161576	0	0	0.41	4.191039e-18
4.540048944005397e-09	0.058254153	0.03427706	-0.9373351	0	0	0.41	5.2052805e-18
4.550050497592945e-09	0.0555826	0.03494342	-0.9309419	0	0	0.41	4.824114e-18
4.560004041683143e-09	0.04520017	0.03851058	-0.92976385	0	0	0.41	5.4463023e-18
4.570005235621379e-09	0.04267101	0.04164079	-0.93000853	0	0	0.41	5.329392e-18
4.580047120946689e-09	0.03015845	0.039025657	-0.93600976	0	0	0.41	5.2709462e-18
4.5900230142546595e-09	0.02179578	0.053456414	-0.9424046	0	0	0.41	5.0452893e-18
4.600063262403769e-09	0.052517366	0.062198374	-0.94022584	0	0	0.41	5.8592164e-18
4.610034907510929e-09	0.06761306	0.056766387	-0.9416358	0	0	0.41	4.6150474e-18
4.620011745894962e-09	0.07654519	0.048532736	-0.94384825	0	0	0.41	4.855098e-18
4.630040048997193e-09	0.07317539	0.05384607	-0.9440624	0	0	0.41	5.1796735e-18
4.640006695087527e-09	0.061386127	0.04768885	-0.9438919	0	0	0.41	4.174705e-18
4.650050018111092e-09	0.039071858	0.051825557	-0.94772476	0	0	0.41	4.8860707e-18
4.660011379918152e-09	0.045791034	0.061604235	-0.94966763	0	0	0.41	5.0113617e-18
4.670048480059579e-09	0.049315646	0.06559169	-0.9538369	0	0	0.41	5.0083797e-18
4.680062132963428e-09	0.044749834	0.07197364	-0.94895667	0	0	0.41	3.9406343e-18
4.6900145217700295e-09	0.04594382	0.08254653	-0.9463806	0	0	0.41	4.91967e-18
4.700026037667828e-09	0.049713567	0.062069423	-0.94018537	0	0	0.41	4.659708e-18
4.710036965374309e-09	0.04208763	0.065914236	-0.94247615	0	0	0.41	4.590053e-18
4.720032291732175e-09	0.0471014	0.06219257	-0.9422005	0	0	0.41	4.615785e-18
4.730050782245526e-09	0.038954664	0.058058437	-0.93972236	0	0	0.41	4.7181878e-18
4.740034886375234e-09	0.023593074	0.055842347	-0.9327421	0	0	0.41	4.8016176e-18
4.750032984571562e-09	0.02391863	0.06626379	-0.92392975	0	0	0.41	5.4068574e-18
4.760005241256484e-09	0.012136537	0.074177034	-0.92718047	0	0	0.41	4.684952e-18
4.770043937680666e-09	0.024764825	0.06947607	-0.93333155	0	0	0.41	4.7579847e-18
4.780016922524901e-09	0.029772706	0.06701594	-0.93323076	0	0	0.41	4.8314536e-18
4.7900150892703144e-09	0.039690904	0.07102797	-0.93903124	0	0	0.41	5.1362308e-18
4.800005663858228e-09	0.038841806	0.06707832	-0.9384912	0	0	0.41	5.014679e-18
4.81003043805821e-09	0.041627325	0.06267748	-0.9380693	0	0	0.41	4.1882e-18
4.8200286418823244e-09	0.01331444	0.068694465	-0.94202465	0	0	0.41	4.05471e-18
4.830049892406698e-09	0.014745626	0.090232715	-0.9450962	0	0	0.41	4.311024e-18
4.840013096504394e-09	0.019415913	0.099564366	-0.9419299	0	0	0.41	3.944338e-18
4.850061006969152e-09	0.020954126	0.10907681	-0.9369959	0	0	0.41	4.79751e-18
4.860004881723495e-09	-0.00037058938	0.10533053	-0.930185	0	0	0.41	4.9778e-18
4.870032358817212e-09	-0.007355697	0.11464486	-0.9191068	0	0	0.41	5.2638197e-18
4.880047326276042e-09	-0.014867153	0.122508146	-0.91241187	0	0	0.41	5.4647493e-18
4.890053350484049e-09	-0.009269827	0.14258893	-0.9049953	0	0	0.41	5.0841982e-18
4.900012166364866e-09	-0.00331065	0.12409901	-0.90705615	0	0	0.41	5.3543856e-18
4.910050807336901e-09	-0.010977052	0.11769884	-0.9096767	0	0	0.41	5.1671677e-18
4.920034009523531e-09	-0.017612806	0.098754674	-0.9101319	0	0	0.41	5.182479e-18
4.930008401813441e-09	-0.029619541	0.0947012	-0.9151723	0	0	0.41	3.881706e-18
4.940002987525339e-09	-0.029022565	0.091234595	-0.91922116	0	0	0.41	5.2366435e-18
4.950031496859339e-09	-0.021560164	0.10615089	-0.92341727	0	0	0.41	5.0157862e-18
4.960005357302789e-09	-0.0022496802	0.09581184	-0.924999	0	0	0.41	4.19719e-18
4.970051385543735e-09	-0.019099668	0.080444016	-0.92698324	0	0	0.41	4.5900347e-18
4.980054834011144e-09	-0.01963278	0.08502832	-0.92665017	0	0	0.41	5.3074592e-18
4.990045016848791e-09	-0.029730542	0.07834765	-0.92927504	0	0	0.41	4.280503e-18
5.000019084643644e-09	-0.033094455	0.055604473	-0.93257254	0	0	0.41	4.9652207e-18
5.010037882366602e-09	-0.03626259	0.050196875	-0.93771785	0	0	0.41	4.2946762e-18
5.0200490677715374e-09	-0.05070656	0.046772107	-0.93897116	0	0	0.41	4.5558254e-18
5.030018919165696e-09	-0.05053241	0.05331421	-0.93907547	0	0	0.41	5.5965415e-18
5.0400403309731514e-09	-0.033729494	0.037090484	-0.9410616	0	0	0.41	4.812422e-18
5.050020789593253e-09	-0.030534437	0.029455956	-0.9396221	0	0	0.41	3.365478e-18
5.060042276622685e-09	-0.02027805	0.043876	-0.93926305	0	0	0.41	5.661725e-18
5.07003177484438e-09	-0.017465733	0.04040705	-0.9367763	0	0	0.41	4.8320235e-18
5.080057303125043e-09	-0.014092516	0.019027062	-0.9357635	0	0	0.41	4.277991e-18
5.0900406718487386e-09	-0.012378615	0.0031996148	-0.9323252	0	0	0.41	4.6541987e-18
5.100006876638364e-09	-0.02508811	0.007029014	-0.9320806	0	0	0.41	4.9288057e-18
5.1100135392325884e-09	-0.037204083	0.003980646	-0.92999417	0	0	0.41	4.6620673e-18
5.120010548683269e-09	-0.039759047	0.005932432	-0.9305285	0	0	0.41	4.8183573e-18
5.130032164745309e-09	-0.038724773	-0.015647152	-0.93226993	0	0	0.41	4.0170877e-18
5.140003854109107e-09	-0.0383429	-0.0067058923	-0.93688786	0	0	0.41	5.617243e-18
5.150033968886251e-09	-0.03788822	-0.017808799	-0.94110364	0	0	0.41	5.0323803e-18
5.1600532892821265e-09	-0.02425556	-0.015132315	-0.94213235	0	0	0.41	5.785487e-18
5.170055402423518e-09	-0.03339387	-0.020451017	-0.9420014	0	0	0.41	4.3718865e-18
5.1800428726346e-09	-0.020049306	-0.022071874	-0.94609416	0	0	0.41	4.5105307e-18
5.190019286505978e-09	-0.0069465167	-0.019925727	-0.9486956	0	0	0.41	4.241902e-18
5.200062791993348e-09	-3.75292e-05	-0.02645972	-0.9472824	0	0	0.41	5.610146e-18
5.210049114979115e-09	-0.013252073	-0.031684693	-0.9469087	0	0	0.41	4.7479543e-18
5.220053811386541e-09	-0.017606746	-0.019417562	-0.945219	0	0	0.41	4.36547e-18
5.230013193722709e-09	-0.025536936	-0.030102702	-0.9457343	0	0	0.41	5.0327852e-18
5.240049187246104e-09	-0.03635928	-0.013775415	-0.944988	0	0	0.41	4.432348e-18
5.250043058524879e-09	-0.045892846	-0.017179696	-0.94123054	0	0	0.41	4.3992186e-18
5.260020116382028e-09	-0.04476504	-0.012834544	-0.938837	0	0	0.41	4.6020342e-18
5.270064712859205e-09	-0.037556276	-0.027522888	-0.9399961	0	0	0.41	4.9423066e-18
5.280017609137023e-09	-0.038621914	-0.022343278	-0.9420298	0	0	0.41	4.2357988e-18
5.290002452107533e-09	-0.04819766	-0.014591423	-0.947219	0	0	0.41	4.8022223e-18
5.300034777163941e-09	-0.054651693	-0.022941086	-0.94708854	0	0	0.41	4.9630866e-18
5.31003205772081e-09	-0.055352505	-0.019782318	-0.9459697	0	0	0.41	4.775649e-18
5.320021419576497e-09	-0.050133504	-0.017071826	-0.94323444	0	0	0.41	4.317364e-18
5.330038524113068e-09	-0.024159236	-0.028803755	-0.94279873	0	0	0.41	5.0072853e-18
5.340058542008796e-09	-0.021053098	-0.035510786	-0.94129425	0	0	0.41	5.1786536e-18
5.3500613473532185e-09	-0.0059983693	-0.030835772	-0.9422929	0	0	0.41	4.3740566e-18
5.3600092410042265e-09	-0.0061123604	-0.016587773	-0.9452674	0	0	0.41	4.524059e-18
5.370046808295056e-09	0.0003236914	-0.014509857	-0.94366544	0	0	0.41	4.954972e-18
5.3800199606794425e-09	-0.012961312	-0.011237018	-0.9473083	0	0	0.41	4.0479097e-18
5.390044772316503e-09	-0.022665733	-0.026702952	-0.9495418	0	0	0.41	4.4108215e-18
5.4000094606423495e-09	-0.035850305	-0.03602464	-0.9492547	0	0	0.41	5.006059e-18
5.410004423756311e-09	-0.028679281	-0.03533517	-0.9462286	0	0	0.41	4.305486e-18
5.420040606905419e-09	-0.0333074	-0.04903225	-0.94759804	0	0	0.41	4.758542e-18
5.430057800747784e-09	-0.041763645	-0.042323403	-0.94863456	0	0	0.41	5.0988807e-18
5.4400510680892215e-09	-0.04443727	-0.044644408	-0.94759864	0	0	0.41	4.950748e-18
5.450013827252578e-09	-0.047220357	-0.039741304	-0.9478973	0	0	0.41	5.1063667e-18
5.460041992040991e-09	-0.060712844	-0.032530982	-0.95011985	0	0	0.41	4.596538e-18
5.470030466228485e-09	-0.049880803	-0.04191051	-0.94962	0	0	0.41	4.4700906e-18
5.480021673958198e-09	-0.04302128	-0.038459286	-0.94689214	0	0	0.41	5.5898335e-18
5.490015173189314e-09	-0.038096517	-0.029636646	-0.94833094	0	0	0.41	4.205292e-18
5.500046271799599e-09	-0.044514228	-0.034093175	-0.948361	0	0	0.41	4.1711323e-18
5.510030484470428e-09	-0.034870468	-0.021036876	-0.94829315	0	0	0.41	3.8143027e-18
5.520039637106939e-09	-0.033746257	-0.034270607	-0.94617915	0	0	0.41	3.3241248e-18
5.530053571904338e-09	-0.01690809	-0.038147632	-0.9450839	0	0	0.41	5.3060944e-18
5.540011136098868e-09	-0.009352625	-0.03170435	-0.9433164	0	0	0.41	5.88738e-18
5.550043574454589e-09	-0.015046843	-0.02883222	-0.93709946	0	0	0.41	5.086859e-18
5.560049956357046e-09	-0.021948528	-0.037147265	-0.932684	0	0	0.41	5.891994e-18
5.570046660209251e-09	-0.030342726	-0.047259692	-0.9286661	0	0	0.41	5.225799e-18
5.580014244430344e-09	-0.03623281	-0.0490034	-0.9301136	0	0	0.41	5.092853e-18
5.5900464725578066e-09	-0.013103851	-0.03494216	-0.9363916	0	0	0.41	4.810349e-18
5.6000474802115236e-09	-0.010895471	-0.014576323	-0.9355697	0	0	0.41	5.3389186e-18
5.610064227560772e-09	0.002245842	-0.0065597994	-0.9372518	0	0	0.41	4.40039e-18
5.620059185871072e-09	0.008799318	-0.017939685	-0.9395761	0	0	0.41	4.5731127e-18
5.630004833073914e-09	0.015974693	-0.016453857	-0.9374346	0	0	0.41	3.8896303e-18
5.640031314844803e-09	0.026111878	-0.037171274	-0.9364468	0	0	0.41	4.690389e-18
5.650020180674085e-09	0.02052227	-0.03978969	-0.9394928	0	0	0.41	4.5561547e-18
5.660033249376618e-09	0.0113473935	-0.06382495	-0.9395758	0	0	0.41	4.7574846e-18
5.67001761979315e-09	-0.0104026245	-0.06756004	-0.93945915	0	0	0.41	4.8595806e-18
5.680039377639172e-09	-0.023388749	-0.06878573	-0.93767047	0	0	0.41	5.139301e-18
5.69000973980651e-09	-0.02163741	-0.055819977	-0.9378699	0	0	0.41	4.2080696e-18
5.70005894288113e-09	-0.025449475	-0.049590003	-0.93241537	0	0	0.41	5.073258e-18
5.710041412114481e-09	-0.029999282	-0.029957771	-0.9396232	0	0	0.41	4.1526845e-18
5.720042931764775e-09	-0.019965088	-0.038222957	-0.93489254	0	0	0.41	4.330883e-18
5.730003658435223e-09	-0.0038851423	-0.041599657	-0.9326576	0	0	0.41	4.188021e-18
5.740024989561703e-09	0.0042008976	-0.05210168	-0.9358943	0	0	0.41	4.9909162e-18
5.750055732696603e-09	0.00096678146	-0.050038893	-0.9376917	0	0	0.41	4.2534066e-18
5.7600183633196965e-09	0.0062890337	-0.053572036	-0.93958104	0	0	0.41	3.9450655e-18
5.770037854112832e-09	0.00035993103	-0.06407128	-0.93777496	0	0	0.41	3.2383815e-18
5.780015750916571e-09	-0.0026068103	-0.06293416	-0.93184465	0	0	0.41	6.106093e-18
5.790046067623649e-09	-0.0056273127	-0.06840883	-0.92971593	0	0	0.41	5.117847e-18
5.800020812587129e-09	-0.015163741	-0.0812529	-0.93005264	0	0	0.41	5.473925e-18
5.810064392127899e-09	-0.014291669	-0.09385509	-0.93078303	0	0	0.41	5.026695e-18
5.820007073388987e-09	-0.021029562	-0.11306427	-0.930047	0	0	0.41	5.0047045e-18
5.830004810304932e-09	-0.011904829	-0.122459725	-0.9237735	0	0	0.41	3.0673487e-18
5.840013185229545e-09	-0.025017763	-0.13144381	-0.9241871	0	0	0.41	4.9992377e-18
5.850011353099841e-09	-0.012172756	-0.1311815	-0.9261935	0	0	0.41	4.8498067e-18
5.860043156245312e-09	-0.011738185	-0.11864191	-0.9294366	0	0	0.41	4.3537423e-18
5.870009410502404e-09	-0.014106642	-0.15070039	-0.922849	0	0	0.41	4.6192433e-18
5.880021508278252e-09	-0.0060392953	-0.14322089	-0.9234631	0	0	0.41	5.573146e-18
5.890024752948971e-09	-0.0003131951	-0.15183648	-0.9242079	0	0	0.41	5.9627095e-18
5.900025703102305e-09	-0.012108925	-0.17477237	-0.92285156	0	0	0.41	4.676603e-18
5.910049666524736e-09	-0.023199093	-0.17948724	-0.92192763	0	0	0.41	5.6062666e-18
5.920052975199149e-09	-0.009618321	-0.17413148	-0.9231758	0	0	0.41	4.6525965e-18
5.9300176436820315e-09	-0.008924858	-0.16399442	-0.9242078	0	0	0.41	4.451338e-18
5.940048496088125e-09	-0.01761744	-0.172894	-0.9174784	0	0	0.41	4.4566837e-18
5.9500359293650385e-09	-0.01679352	-0.16855441	-0.9253781	0	0	0.41	5.0150517e-18
5.96006313228937e-09	-0.016246052	-0.16615546	-0.92684096	0	0	0.41	5.175206e-18
5.970062722490606e-09	-0.01740588	-0.14536195	-0.9302589	0	0	0.41	3.947034e-18
5.980054709262453e-09	0.007960568	-0.14937952	-0.92916286	0	0	0.41	4.398242e-18
5.9900181754956605e-09	0.020350296	-0.14525452	-0.9312186	0	0	0.41	4.8415733e-18
6.000014884894311e-09	0.03800406	-0.1576459	-0.9245781	0	0	0.41	4.3595053e-18
6.010004151341925e-09	0.060825218	-0.16763097	-0.9254881	0	0	0.41	4.7524272e-18
6.020018597324229e-09	0.0600392	-0.16719507	-0.9279742	0	0	0.41	4.482911e-18
6.0300257563576084e-09	0.05977281	-0.16075169	-0.92545426	0	0	0.41	4.452897e-18
6.040037726912064e-09	0.058313474	-0.17366135	-0.92184716	0	0	0.41	4.986131e-18
6.050057992011266e-09	0.058765706	-0.16795176	-0.91894007	0	0	0.41	4.1429407e-18
6.060001599012517e-09	0.07598165	-0.1612694	-0.919231	0	0	0.41	4.4871517e-18
6.0700086012515245e-09	0.08501016	-0.16863875	-0.92096657	0	0	0.41	5.2984256e-18
6.080008960412318e-09	0.09400577	-0.17911549	-0.9159568	0	0	0.41	4.089389e-18
6.0900005524328445e-09	0.09909246	-0.16133477	-0.9180758	0	0	0.41	4.4681823e-18
6.100037892341336e-09	0.10314196	-0.1563129	-0.918911	0	0	0.41	4.3835767e-18
6.110014448507508e-09	0.11382758	-0.1640631	-0.91768104	0	0	0.41	4.771219e-18
6.120027499271103e-09	0.1177443	-0.17168282	-0.91378707	0	0	0.41	4.2438543e-18
6.130043659996252e-09	0.11709326	-0.16841635	-0.9157032	0	0	0.41	4.7054488e-18
6.1400002717136e-09	0.117829256	-0.15788308	-0.9202618	0	0	0.41	4.7495896e-18
6.150048572827567e-09	0.13057394	-0.15858608	-0.91649675	0	0	0.41	4.4943626e-18
6.160035357462849e-09	0.13736957	-0.16705525	-0.9191926	0	0	0.41	5.7094483e-18
6.170030664520043e-09	0.14066738	-0.1706504	-0.9205717	0	0	0.41	4.642297e-18
6.1800253729226815e-09	0.1431729	-0.18373081	-0.91818	0	0	0.41	4.5257558e-18
6.190018366268815e-09	0.14264125	-0.18757717	-0.9172421	0	0	0.41	5.9367265e-18
6.200057563875604e-09	0.15336159	-0.20308864	-0.91234595	0	0	0.41	5.0886365e-18
6.210022006775909e-09	0.14917621	-0.19044833	-0.91873324	0	0	0.41	4.060379e-18
6.220054270262747e-09	0.12426905	-0.18942924	-0.9151629	0	0	0.41	5.116591e-18
6.2300234511992285e-09	0.12721922	-0.176338	-0.9154936	0	0	0.41	4.9721967e-18
6.240005262813798e-09	0.1343477	-0.16890053	-0.91172254	0	0	0.41	3.7627867e-18
6.2500655140564166e-09	0.13857387	-0.14925599	-0.91773987	0	0	0.41	4.7656936e-18
6.260008021549238e-09	0.1433731	-0.15795688	-0.9133093	0	0	0.41	5.139708e-18
6.270004660296489e-09	0.13774791	-0.14718561	-0.9150025	0	0	0.41	4.649285e-18
6.280014252078888e-09	0.15831614	-0.1523763	-0.915136	0	0	0.41	4.934009e-18
6.290045968550752e-09	0.1687088	-0.14366849	-0.9116757	0	0	0.41	4.5198307e-18
6.300044496887437e-09	0.17963105	-0.13699724	-0.9179348	0	0	0.41	5.7369235e-18
6.31003677469154e-09	0.15908776	-0.14635769	-0.9173668	0	0	0.41	5.283419e-18
6.320016075627082e-09	0.15699701	-0.12582707	-0.916888	0	0	0.41	5.3507845e-18
6.330007228709216e-09	0.1571351	-0.12281127	-0.9202965	0	0	0.41	4.1786067e-18
6.340014798938184e-09	0.1421831	-0.116693504	-0.9223544	0	0	0.41	5.3654607e-18
6.350056944103325e-09	0.14863522	-0.09871363	-0.92315394	0	0	0.41	4.335248e-18
6.3600630816959975e-09	0.1511636	-0.08745377	-0.92615604	0	0	0.41	4.409848e-18
6.370063148615254e-09	0.18241718	-0.07907888	-0.9191664	0	0	0.41	4.465659e-18
6.380048220138575e-09	0.1882304	-0.101519525	-0.92300266	0	0	0.41	4.020444e-18
6.390026948896514e-09	0.17126256	-0.11780126	-0.9260361	0	0	0.41	4.81141e-18
6.400054894256329e-09	0.1508199	-0.10323259	-0.92811394	0	0	0.41	4.092033e-18
6.410016395897503e-09	0.15505931	-0.09438439	-0.9243225	0	0	0.41	4.778805e-18
6.420031143600048e-09	0.13156523	-0.07591231	-0.9333249	0	0	0.41	4.6363176e-18
6.430033207688777e-09	0.12494332	-0.052218203	-0.9309112	0	0	0.41	3.9745197e-18
6.44004676893204e-09	0.13677573	-0.0369949	-0.928856	0	0	0.41	4.1884547e-18
6.4500304178571135e-09	0.15382962	-0.03516925	-0.93091995	0	0	0.41	4.693323e-18
6.460015452646125e-09	0.15098828	-0.030003486	-0.93854475	0	0	0.41	4.7611937e-18
6.470020007847493e-09	0.16705126	-0.03373449	-0.93678856	0	0	0.41	4.6277827e-18
6.480024686335447e-09	0.17744254	-0.038826685	-0.9328242	0	0	0.41	4.9338114e-18
6.490023744172601e-09	0.17325622	-0.06715999	-0.9263568	0	0	0.41	4.4105283e-18
6.500045070378577e-09	0.15113665	-0.067576885	-0.9251311	0	0	0.41	3.4803227e-18
6.51002499424087e-09	0.13509719	-0.046796046	-0.9260646	0	0	0.41	4.346615e-18
6.520021731516463e-09	0.13334252	-0.031491905	-0.92625743	0	0	0.41	5.4055145e-18
6.5300279528435965e-09	0.1274433	-0.0012222299	-0.92542017	0	0	0.41	4.8923337e-18
6.540025802257519e-09	0.14747141	0.012299919	-0.92640424	0	0	0.41	5.500222e-18
6.550038984098924e-09	0.16411759	0.014820869	-0.91979784	0	0	0.41	4.6767977e-18
6.560010314932097e-09	0.16048151	0.0137477135	-0.9177867	0	0	0.41	4.284706e-18
6.5700202434121385e-09	0.15786879	0.020585192	-0.92207676	0	0	0.41	4.0251444e-18
6.580021404931447e-09	0.13982353	0.029120713	-0.926363	0	0	0.41	4.868155e-18
6.590031469020144e-09	0.12114744	0.006742125	-0.93623143	0	0	0.41	4.8716343e-18
6.600063602830457e-09	0.11639174	-0.0034307025	-0.93582785	0	0	0.41	4.4941236e-18
6.610039352682195e-09	0.09997971	-0.021137243	-0.92970586	0	0	0.41	4.6940754e-18
6.620061703017459e-09	0.09098953	-0.031216407	-0.9317132	0	0	0.41	4.909456e-18
6.630020527799805e-09	0.10159747	-0.032609217	-0.92903894	0	0	0.41	4.9254503e-18
6.640023996851078e-09	0.10466032	-0.025216796	-0.9343656	0	0	0.41	4.9874876e-18
6.650051559622452e-09	0.11115714	-0.022334762	-0.93653214	0	0	0.41	5.2403215e-18
6.660008906979367e-09	0.12783243	-0.02844513	-0.9386518	0	0	0.41	5.640681e-18
6.670019837852629e-09	0.12838951	-0.018286744	-0.9393365	0	0	0.41	4.3187824e-18
6.6800513186952686e-09	0.13203098	-0.02929277	-0.9387276	0	0	0.41	5.1765273e-18
6.690012465403296e-09	0.13498002	-0.044337925	-0.9387988	0	0	0.41	5.5004297e-18
6.700037800911163e-09	0.122142546	-0.050277837	-0.9354141	0	0	0.41	4.577018e-18
6.710043519782769e-09	0.10462941	-0.03383079	-0.9352089	0	0	0.41	5.514761e-18
6.720019931809293e-09	0.10283657	-0.02106899	-0.9388214	0	0	0.41	4.767986e-18
6.730033518275449e-09	0.10450177	0.011032441	-0.9387174	0	0	0.41	4.9040263e-18
6.740023075263485e-09	0.11453414	0.04386257	-0.93893284	0	0	0.41	4.984067e-18
6.750062330486946e-09	0.1310872	0.041699115	-0.9395562	0	0	0.41	4.215297e-18
6.760026005990809e-09	0.15182854	0.028019782	-0.9355757	0	0	0.41	4.479766e-18
6.7700062668401564e-09	0.13758272	0.026725493	-0.93510205	0	0	0.41	3.9499537e-18
6.780039222292035e-09	0.125315	0.022948902	-0.93422407	0	0	0.41	4.5491257e-18
6.790025771376621e-09	0.12536998	0.017815428	-0.938896	0	0	0.41	4.978104e-18
6.8000290497154414e-09	0.11114804	0.021333037	-0.94285774	0	0	0.41	4.2576984e-18
6.810004011832582e-09	0.11714676	0.022723325	-0.94239986	0	0	0.41	4.9075575e-18
6.820033201826432e-09	0.10816683	0.029342543	-0.94127756	0	0	0.41	6.136896e-18
6.830002324484715e-09	0.1109341	0.016510846	-0.9410994	0	0	0.41	4.625187e-18
6.84001447991997e-09	0.11914181	0.009665736	-0.9382576	0	0	0.41	4.892819e-18
6.850021931032237e-09	0.12233717	-0.00035996272	-0.9383542	0	0	0.41	5.308445e-18
6.860055127433045e-09	0.12548926	0.002529102	-0.93712765	0	0	0.41	4.97487e-18
6.870060714066087e-09	0.12182531	0.01947377	-0.9350088	0	0	0.41	3.90443e-18
6.880055268517058e-09	0.11923624	0.034300055	-0.93973005	0	0	0.41	5.087847e-18
6.8900257413974895e-09	0.12728582	0.044355083	-0.93507725	0	0	0.41	5.2380406e-18
6.900037679598109e-09	0.12755783	0.03954504	-0.94155705	0	0	0.41	4.459019e-18
6.910014429489663e-09	0.12751827	0.027816275	-0.9406203	0	0	0.41	4.140948e-18
6.920024628148005e-09	0.116645925	0.018528212	-0.94450057	0	0	0.41	4.3568476e-18
6.93001577773085e-09	0.1022807	0.0163888	-0.9450816	0	0	0.41	4.9036416e-18
6.940062268663266e-09	0.08818075	0.024142556	-0.9463795	0	0	0.41	4.738173e-18
6.950039040992002e-09	0.073400214	0.026041843	-0.9471936	0	0	0.41	5.402545e-18
6.960052622601144e-09	0.073656924	0.032859154	-0.94557977	0	0	0.41	4.1844242e-18
6.970021499475859e-09	0.065202355	0.045676824	-0.9497664	0	0	0.41	5.42154e-18
6.980046517506918e-09	0.072396405	0.023033196	-0.95199275	0	0	0.41	4.901418e-18
6.990001064067968e-09	0.09543563	0.016804103	-0.95195025	0	0	0.41	5.03451e-18
7.000028873895696e-09	0.095739394	0.016515974	-0.95245326	0	0	0.41	4.380273e-18
7.010051976675096e-09	0.11225527	0.0042266985	-0.9464963	0	0	0.41	5.03347e-18
7.020014062683934e-09	0.123699285	0.0024415865	-0.9474747	0	0	0.41	4.1991034e-18
7.030012810564632e-09	0.10094221	-0.0035739932	-0.950053	0	0	0.41	4.615773e-18
7.040003488050183e-09	0.09104089	0.015033238	-0.95017564	0	0	0.41	3.8676426e-18
7.050033539049144e-09	0.09583931	0.01765983	-0.950251	0	0	0.41	5.2005002e-18
7.060055395775568e-09	0.114539124	0.030758983	-0.9463884	0	0	0.41	5.249231e-18
7.07000699736421e-09	0.1175013	0.032372147	-0.94799334	0	0	0.41	4.1624676e-18
7.0800347545031215e-09	0.11187297	0.026876781	-0.94868433	0	0	0.41	4.3760638e-18
7.0900639161669405e-09	0.117481984	0.027918743	-0.9452022	0	0	0.41	4.129968e-18
7.10003632707063e-09	0.13897283	0.015443046	-0.9393709	0	0	0.41	4.2208454e-18
7.1100216432770415e-09	0.1344127	0.027425436	-0.93613815	0	0	0.41	4.6045447e-18
7.120043566676383e-09	0.13798553	0.02378803	-0.9367117	0	0	0.41	4.7672884e-18
7.130012660879423e-09	0.12447781	0.03270757	-0.9375236	0	0	0.41	5.0927335e-18
7.140044611758937e-09	0.13611393	0.01959249	-0.9369878	0	0	0.41	4.7744853e-18
7.1500381477807556e-09	0.12843576	0.043046057	-0.9416239	0	0	0.41	4.7632898e-18
7.16004706495322e-09	0.123257436	0.04240783	-0.94093406	0	0	0.41	4.3245354e-18
7.170035659997334e-09	0.124837115	0.03269174	-0.94168043	0	0	0.41	5.080236e-18
7.180039557110108e-09	0.12692234	0.0137506565	-0.9424811	0	0	0.41	4.1778217e-18
7.1900319254457826e-09	0.13573696	0.024295876	-0.9386191	0	0	0.41	4.1675485e-18
7.200005803699966e-09	0.14036025	0.0136433365	-0.93938345	0	0	0.41	5.3288782e-18
7.210018801889069e-09	0.13522826	0.014520854	-0.9434791	0	0	0.41	4.2318167e-18
7.2200142219608295e-09	0.12863137	0.01846994	-0.94182867	0	0	0.41	4.8636036e-18
7.230004830761606e-09	0.13295458	0.017570507	-0.9445182	0	0	0.41	4.9168315e-18
7.240037323942589e-09	0.124119155	0.030467428	-0.93998885	0	0	0.41	4.9084132e-18
7.250022457933287e-09	0.13911016	0.05112382	-0.940146	0	0	0.41	4.209807e-18
7.260015636742981e-09	0.15052062	0.0421631	-0.9405048	0	0	0.41	4.6587643e-18
7.270016834182389e-09	0.16002662	0.05317162	-0.93917984	0	0	0.41	3.6813206e-18
7.280005839169205e-09	0.15711032	0.047314964	-0.9380141	0	0	0.41	4.5456284e-18
7.2900127500405155e-09	0.15824191	0.02898424	-0.93903893	0	0	0.41	4.472762e-18
7.3000626987907944e-09	0.14894004	0.028438112	-0.9388347	0	0	0.41	3.7349537e-18
7.310016551614843e-09	0.1496531	0.013495487	-0.9368192	0	0	0.41	5.2514583e-18
7.320007166984633e-09	0.14807422	0.02465013	-0.9364757	0	0	0.41	5.9158576e-18
7.330054166045268e-09	0.14336796	0.035597764	-0.93728316	0	0	0.41	4.723764e-18
7.340001514851643e-09	0.1470996	0.05560813	-0.93558055	0	0	0.41	4.9287176e-18
7.350052232131506e-09	0.14387003	0.043929555	-0.93883264	0	0	0.41	4.509006e-18
7.360031871556645e-09	0.14376521	0.035336606	-0.9447644	0	0	0.41	4.9714895e-18
7.370027550926241e-09	0.13365474	0.029309923	-0.94764644	0	0	0.41	5.185385e-18
7.380047931805451e-09	0.1378173	0.014180148	-0.94926643	0	0	0.41	5.4802415e-18
7.3900343357602145e-09	0.15676627	-0.01166169	-0.94013315	0	0	0.41	5.032741e-18
7.400012333188039e-09	0.15126276	-0.01743813	-0.9379122	0	0	0.41	5.4415973e-18
7.410033940278195e-09	0.14621499	-0.01448221	-0.9391362	0	0	0.41	4.007507e-18
7.420040864213494e-09	0.13291667	-0.004097633	-0.93699294	0	0	0.41	5.3250277e-18
7.430019859140385e-09	0.12862682	0.008403439	-0.9290114	0	0	0.41	4.101864e-18
7.4400379913352e-09	0.12834007	0.011125322	-0.93208814	0	0	0.41	4.6235033e-18
7.450054031274297e-09	0.15796459	-0.00013313857	-0.9309895	0	0	0.41	4.9387e-18
7.460017881848507e-09	0.16195622	0.0080189835	-0.9326641	0	0	0.41	4.860289e-18
7.470012635671796e-09	0.18438661	-0.0020602131	-0.9337368	0	0	0.41	5.687372e-18
7.480032690619948e-09	0.16559449	-0.016305344	-0.93585867	0	0	0.41	5.0295257e-18
7.490026774200905e-09	0.16507752	-0.026723033	-0.9319977	0	0	0.41	4.0614345e-18
7.500023251272342e-09	0.17093925	-0.035270855	-0.92501575	0	0	0.41	4.4988554e-18
7.510057035410685e-09	0.15309922	-0.03947915	-0.9231905	0	0	0.41	5.003524e-18
7.520022548041015e-09	0.13632424	-0.017015904	-0.9268772	0	0	0.41	3.8433843e-18
7.530030267711766e-09	0.12882644	-0.0044698506	-0.9299175	0	0	0.41	4.4079123e-18
7.540027994366977e-09	0.14323208	0.01410553	-0.9310698	0	0	0.41	4.0506906e-18
7.550041021049898e-09	0.15675694	0.028654566	-0.9308461	0	0	0.41	4.416328e-18
7.56000944757609e-09	0.16522405	0.04086251	-0.9319654	0	0	0.41	4.6027803e-18
7.570049630068484e-09	0.18342775	0.029999295	-0.9242997	0	0	0.41	4.801952e-18
7.580058772200934e-09	0.1718393	0.038534887	-0.92639804	0	0	0.41	5.2808435e-18
7.590027158169494e-09	0.15447195	0.04893458	-0.9294551	0	0	0.41	5.6909096e-18
7.600031629983612e-09	0.1334762	0.06385987	-0.9293402	0	0	0.41	5.5924072e-18
7.610041252657719e-09	0.134639	0.072215565	-0.92515224	0	0	0.41	5.1829425e-18
7.620065205386172e-09	0.12883645	0.09916807	-0.9224837	0	0	0.41	5.028297e-18
7.630002818821746e-09	0.12767427	0.1125551	-0.9302604	0	0	0.41	4.223359e-18
7.640009881381489e-09	0.12604788	0.117933765	-0.9343857	0	0	0.41	5.4145096e-18
7.650006957863252e-09	0.1552337	0.121526524	-0.93345505	0	0	0.41	5.35801e-18
7.660001187396389e-09	0.15761463	0.1198634	-0.931649	0	0	0.41	4.895211e-18
7.670020779969966e-09	0.16911237	0.1226052	-0.9279946	0	0	0.41	4.9756548e-18
7.680022337619541e-09	0.16287836	0.13119945	-0.92924386	0	0	0.41	3.6124226e-18
7.690010394877442e-09	0.14944802	0.15249053	-0.92892486	0	0	0.41	4.8738164e-18
7.700040731216628e-09	0.1294463	0.16169862	-0.92918634	0	0	0.41	4.0951243e-18
7.710064689619745e-09	0.11248229	0.18016428	-0.92354053	0	0	0.41	5.163571e-18
7.720063613764736e-09	0.10420771	0.17921673	-0.9246434	0	0	0.41	4.4226816e-18
7.730051887951339e-09	0.10010801	0.19728175	-0.91996396	0	0	0.41	5.2265345e-18
7.740000120152054e-09	0.08079452	0.20401344	-0.9245947	0	0	0.41	4.6887534e-18
7.750032165740826e-09	0.06772393	0.20170663	-0.928313	0	0	0.41	5.1663765e-18
7.760060017369726e-09	0.05955635	0.21086249	-0.92504936	0	0	0.41	4.64065e-18
7.770019728923517e-09	0.06665289	0.21628529	-0.92510563	0	0	0.41	5.4573853e-18
7.780003081203909e-09	0.06989412	0.21724324	-0.92062634	0	0	0.41	4.5264816e-18
7.790052455479243e-09	0.07816544	0.210315	-0.9200575	0	0	0.41	4.5497076e-18
7.800040389289935e-09	0.06911257	0.2221942	-0.9223216	0	0	0.41	4.635016e-18
7.810061271062297e-09	0.06145765	0.23329991	-0.9209584	0	0	0.41	4.6720265e-18
7.82001692583646e-09	0.05782084	0.2195765	-0.9213652	0	0	0.41	4.562901e-18
7.830014640935216e-09	0.043704253	0.22826017	-0.9241941	0	0	0.41	4.1278178e-18
7.84004609714193e-09	0.034872435	0.20781271	-0.9273867	0	0	0.41	3.854598e-18
7.850010902285807e-09	0.029010285	0.22326194	-0.9205725	0	0	0.41	4.255922e-18
7.860063017536662e-09	0.026677517	0.21068664	-0.9221686	0	0	0.41	4.822012e-18
7.870028194284636e-09	0.0033921795	0.22064152	-0.92656326	0	0	0.41	4.541813e-18
7.880032838242496e-09	0.005673378	0.2176405	-0.92664117	0	0	0.41	4.3574224e-18
7.890001566740236e-09	0.016595565	0.20343828	-0.9267667	0	0	0.41	5.3490362e-18
7.900008667597619e-09	0.012234202	0.20131545	-0.9262083	0	0	0.41	4.3843807e-18
7.910058881973276e-09	0.031692166	0.20373924	-0.9224893	0	0	0.41	5.006977e-18
7.920027391991138e-09	0.020534892	0.18645008	-0.9223149	0	0	0.41	3.888634e-18
7.930009616898758e-09	0.016462661	0.18822618	-0.92133665	0	0	0.41	4.245006e-18
7.940029867097594e-09	0.008369098	0.20582363	-0.9201187	0	0	0.41	5.259891e-18
7.950032173935794e-09	-0.010169365	0.21921408	-0.9173812	0	0	0.41	5.1868675e-18
7.960031172110803e-09	-0.022158194	0.2139917	-0.92112076	0	0	0.41	4.394486e-18
7.970009636610899e-09	-0.038657956	0.20633559	-0.9263279	0	0	0.41	4.119599e-18
7.980027505244694e-09	-0.04808847	0.22452223	-0.9245986	0	0	0.41	4.495539e-18
7.99000336044243e-09	-0.03998979	0.2322839	-0.9251891	0	0	0.41	5.1142435e-18
8.000056631766368e-09	-0.039061684	0.23247029	-0.92457664	0	0	0.41	4.346717e-18
8.010041244135026e-09	-0.045161128	0.23287843	-0.91871554	0	0	0.41	4.4952427e-18
8.02005683625963e-09	-0.037596986	0.2318019	-0.92064613	0	0	0.41	4.387056e-18
8.030059426015906e-09	-0.04118394	0.2248318	-0.92357486	0	0	0.41	4.432013e-18
8.040029123963489e-09	-0.046416514	0.22869861	-0.9204352	0	0	0.41	5.2263252e-18
8.050019052706233e-09	-0.042663448	0.22303163	-0.9187572	0	0	0.41	4.8394706e-18
8.060015677710274e-09	-0.050965577	0.21352044	-0.920654	0	0	0.41	4.2962487e-18
8.070007955323414e-09	-0.06353109	0.21896507	-0.9172873	0	0	0.41	4.722896e-18
8.080032643627859e-09	-0.065225534	0.21708746	-0.9181332	0	0	0.41	4.6983267e-18
8.09005830635214e-09	-0.07521382	0.20822929	-0.91650975	0	0	0.41	4.4247434e-18
8.100062874237976e-09	-0.086171664	0.22163752	-0.91508055	0	0	0.41	5.1090314e-18
8.110063723086833e-09	-0.103631385	0.2201301	-0.91532815	0	0	0.41	5.8256465e-18
8.120045535586348e-09	-0.109270856	0.20573442	-0.9177811	0	0	0.41	4.1399108e-18
8.130021584181542e-09	-0.12484623	0.20499998	-0.9193214	0	0	0.41	5.406273e-18
8.140032602558428e-09	-0.122136675	0.21367954	-0.9195239	0	0	0.41	4.9225357e-18
8.150044705482468e-09	-0.10957079	0.19823132	-0.9237839	0	0	0.41	5.07058e-18
8.160024615826372e-09	-0.12237675	0.19009474	-0.92126787	0	0	0.41	4.8701164e-18
8.17005520267631e-09	-0.12355139	0.19893284	-0.91648287	0	0	0.41	4.9375896e-18
8.180010635051306e-09	-0.11871427	0.1822046	-0.92599636	0	0	0.41	4.3511367e-18
8.190036466171623e-09	-0.14103754	0.184584	-0.91947794	0	0	0.41	5.1085463e-18
8.200026795953483e-09	-0.15616144	0.18882789	-0.9144072	0	0	0.41	5.0056603e-18
8.21001374214072e-09	-0.16127664	0.20339726	-0.90897727	0	0	0.41	4.2011436e-18
8.220060205202008e-09	-0.15293202	0.19597416	-0.9133327	0	0	0.41	4.7992006e-18
8.230019435494429e-09	-0.15868977	0.20295407	-0.9125473	0	0	0.41	5.351159e-18
8.240049056977715e-09	-0.16266	0.21256827	-0.9149307	0	0	0.41	4.151177e-18
8.250036108281146e-09	-0.15989275	0.19171678	-0.9209065	0	0	0.41	4.0052003e-18
8.260028915619566e-09	-0.1532733	0.19285873	-0.91824263	0	0	0.41	5.1123513e-18
8.27005673848097e-09	-0.15737337	0.18410513	-0.91906977	0	0	0.41	4.570397e-18
8.280059679328812e-09	-0.16173904	0.18255855	-0.9182043	0	0	0.41	4.5118054e-18
8.29001711611617e-09	-0.16369241	0.19756235	-0.91430485	0	0	0.41	5.0556667e-18
8.300053341756212e-09	-0.17438278	0.18484606	-0.9168086	0	0	0.41	4.9282585e-18
8.310046649183724e-09	-0.18401769	0.18962477	-0.9160966	0	0	0.41	4.3536215e-18
8.320057065990492e-09	-0.18581867	0.1861023	-0.9166056	0	0	0.41	4.589474e-18
8.33001780215193e-09	-0.18361174	0.17523316	-0.916471	0	0	0.41	4.8545195e-18
8.340015906043442e-09	-0.19397126	0.17632195	-0.9126889	0	0	0.41	4.402486e-18
8.350041450929299e-09	-0.19763163	0.178162	-0.908783	0	0	0.41	4.2070216e-18
8.360049541081994e-09	-0.20245872	0.16846514	-0.9043994	0	0	0.41	4.162135e-18
8.370042735350239e-09	-0.21677917	0.15909864	-0.89987206	0	0	0.41	5.356071e-18
8.38000083628307e-09	-0.23500706	0.15905793	-0.89683044	0	0	0.41	4.865547e-18
8.390045252634216e-09	-0.24942592	0.15700117	-0.8905662	0	0	0.41	4.3105184e-18
8.40002282198659e-09	-0.26765794	0.13546304	-0.8938985	0	0	0.41	5.421051e-18
8.410039416464156e-09	-0.28914014	0.117870934	-0.8906035	0	0	0.41	5.3740394e-18
8.420061456212048e-09	-0.29456392	0.10310627	-0.89383686	0	0	0.41	4.447512e-18
8.430039087062261e-09	-0.3145183	0.10007325	-0.8883082	0	0	0.41	4.2814157e-18
8.440038943398878e-09	-0.31760272	0.09912177	-0.8837148	0	0	0.41	4.8220275e-18
8.450007222579083e-09	-0.31083977	0.09741754	-0.8877367	0	0	0.41	4.120505e-18
8.46001368653543e-09	-0.3171657	0.07914007	-0.8843976	0	0	0.41	5.4174474e-18
8.470038825760611e-09	-0.30357423	0.060223524	-0.89139545	0	0	0.41	5.0328543e-18
8.480049767681208e-09	-0.31487557	0.054276787	-0.8893234	0	0	0.41	4.4527666e-18
8.490045372221396e-09	-0.3228432	0.030513965	-0.88892233	0	0	0.41	4.1912936e-18
8.500017191823537e-09	-0.3091532	0.013661312	-0.89313734	0	0	0.41	4.7709065e-18
8.51002186026237e-09	-0.3022472	0.007863769	-0.8938162	0	0	0.41	4.6758266e-18
8.520066124969928e-09	-0.30190146	-0.013550647	-0.88973355	0	0	0.41	4.0789153e-18
8.530022867607427e-09	-0.30426225	-0.03161474	-0.8872261	0	0	0.41	5.0223317e-18
8.540049149804118e-09	-0.30653128	-0.048480485	-0.8858221	0	0	0.41	4.122697e-18
8.550038775652317e-09	-0.3128954	-0.09950374	-0.8808994	0	0	0.41	3.893479e-18
8.560047500316569e-09	-0.32079917	-0.11623911	-0.88135004	0	0	0.41	3.1058889e-18
8.570020255488233e-09	-0.32470906	-0.14694922	-0.8782519	0	0	0.41	3.7344545e-18
8.580053847631998e-09	-0.32419115	-0.16818587	-0.8711475	0	0	0.41	5.008536e-18
8.59005069364659e-09	-0.32945207	-0.19082277	-0.86119735	0	0	0.41	5.0249713e-18
8.600053683883598e-09	-0.31272236	-0.20361876	-0.86797464	0	0	0.41	4.4359703e-18
8.610039368656042e-09	-0.28068656	-0.22314434	-0.868751	0	0	0.41	4.958381e-18
8.62005247111222e-09	-0.287149	-0.25149393	-0.866021	0	0	0.41	5.165844e-18
8.630017462397796e-09	-0.28670287	-0.26796827	-0.8594006	0	0	0.41	4.1179603e-18
8.640063764444631e-09	-0.2584303	-0.28053698	-0.8619344	0	0	0.41	5.024725e-18
8.650010335058075e-09	-0.23436384	-0.29980338	-0.8560374	0	0	0.41	5.284309e-18
8.66005115837081e-09	-0.21422745	-0.32496366	-0.8583374	0	0	0.41	4.754467e-18
8.670027185454e-09	-0.18061306	-0.34137145	-0.8541536	0	0	0.41	4.707457e-18
8.680035694362369e-09	-0.13502173	-0.36693418	-0.84515494	0	0	0.41	5.1123277e-18
8.690023546561344e-09	-0.11469795	-0.3951564	-0.8456709	0	0	0.41	5.19286e-18
8.700045329353435e-09	-0.090481706	-0.4070854	-0.84294283	0	0	0.41	5.7004705e-18
8.710016807237071e-09	-0.040174954	-0.394299	-0.8511249	0	0	0.41	4.057349e-18
8.720003104015802e-09	-0.0057035377	-0.38415632	-0.8503499	0	0	0.41	4.5474333e-18
8.730022652523585e-09	0.035177216	-0.38422263	-0.8415	0	0	0.41	5.6665694e-18
8.74003423821594e-09	0.09253052	-0.35849634	-0.84060186	0	0	0.41	4.4960496e-18
8.75001146606365e-09	0.14539237	-0.35161868	-0.84082144	0	0	0.41	4.102714e-18
8.760018767686434e-09	0.19132958	-0.33698058	-0.83699924	0	0	0.41	4.100688e-18
8.770050302334776e-09	0.22126582	-0.318765	-0.8324585	0	0	0.41	4.2943814e-18
8.780001592812191e-09	0.25762504	-0.28177518	-0.8305048	0	0	0.41	4.798373e-18
8.790040394827387e-09	0.29446304	-0.2508995	-0.826564	0	0	0.41	5.336986e-18
8.800021397184642e-09	0.34091604	-0.21037257	-0.8099906	0	0	0.41	5.256925e-18
8.810031515259718e-09	0.36893016	-0.14519702	-0.8036917	0	0	0.41	4.414968e-18
8.820059697274438e-09	0.40826195	-0.09008855	-0.78707176	0	0	0.41	4.3516748e-18
8.830025788212217e-09	0.4408077	0.0053621726	-0.7682225	0	0	0.41	4.7782543e-18
8.840053029241896e-09	0.43815005	0.0951311	-0.7549543	0	0	0.41	5.000883e-18
8.850035341936953e-09	0.3753428	0.20259726	-0.75204754	0	0	0.41	4.564042e-18
8.860017349263464e-09	0.28545627	0.272936	-0.75897974	0	0	0.41	4.8353265e-18
8.87000353483553e-09	0.16898203	0.28989282	-0.7492408	0	0	0.41	5.3950883e-18
8.88002511516682e-09	0.05684131	0.27011535	-0.7296418	0	0	0.41	5.483052e-18
8.890002427620864e-09	-0.056613334	0.21117978	-0.7098859	0	0	0.41	4.8258135e-18
8.900030854028124e-09	-0.11924649	0.118845746	-0.6979586	0	0	0.41	4.3639386e-18
8.910030445198305e-09	-0.10344173	-0.017931389	-0.68311703	0	0	0.41	4.2190715e-18
8.9200614325648e-09	-0.023635171	-0.14651267	-0.67241514	0	0	0.41	4.665481e-18
8.930024504230864e-09	0.12436992	-0.23142882	-0.66767365	0	0	0.41	4.7813397e-18
8.940028057694427e-09	0.27967933	-0.19487081	-0.66982484	0	0	0.41	5.1711366e-18
8.950027123075558e-09	0.3706426	-0.09674295	-0.66483027	0	0	0.41	4.1623224e-18
8.96002450296183e-09	0.41448253	0.050169475	-0.6517763	0	0	0.41	4.3888756e-18
8.970011250531169e-09	0.37705332	0.23156196	-0.6539971	0	0	0.41	4.169067e-18
8.980005784876687e-09	0.24854407	0.3721686	-0.6509764	0	0	0.41	4.6994616e-18
8.990040584054096e-09	0.09150521	0.4125785	-0.6514339	0	0	0.41	5.4943946e-18
9.000038871411007e-09	-0.055222478	0.3806748	-0.64033544	0	0	0.41	4.396626e-18
9.01005555685413e-09	-0.16695829	0.25488082	-0.6196425	0	0	0.41	4.474128e-18
9.020026737380854e-09	-0.17245802	0.0775793	-0.60247177	0	0	0.41	3.933036e-18
9.030031157244758e-09	-0.070083536	-0.08824898	-0.5754514	0	0	0.41	5.1283486e-18
9.040019644536365e-09	0.08424899	-0.1579579	-0.555423	0	0	0.41	4.2725496e-18
9.050052249124953e-09	0.21041289	-0.18946591	-0.55047464	0	0	0.41	4.951789e-18
9.060037998495448e-09	0.3556529	-0.16321987	-0.54425603	0	0	0.41	3.877189e-18
9.070048379826043e-09	0.4827188	-0.02325509	-0.5314025	0	0	0.41	3.723214e-18
9.080059989362064e-09	0.4520329	0.19662942	-0.5103825	0	0	0.41	4.374194e-18
9.09002616046536e-09	0.28063333	0.35786897	-0.5019291	0	0	0.41	5.17036e-18
9.100029787612479e-09	0.013428904	0.41342002	-0.48776513	0	0	0.41	3.7784452e-18
9.11000259001978e-09	-0.25836855	0.3513234	-0.48152596	0	0	0.41	3.8949826e-18
9.120060771271547e-09	-0.4425391	0.15732233	-0.46409175	0	0	0.41	3.5549166e-18
9.13001822615549e-09	-0.4937242	-0.11528533	-0.44577157	0	0	0.41	3.6419133e-18
9.140032465288034e-09	-0.39810342	-0.3971886	-0.4281351	0	0	0.41	4.1416396e-18
9.150062394131897e-09	-0.1547265	-0.5598848	-0.41761893	0	0	0.41	4.1410858e-18
9.160018195588981e-09	0.15313667	-0.5450813	-0.4204726	0	0	0.41	5.2255084e-18
9.17002722425946e-09	0.33911076	-0.36894098	-0.40063342	0	0	0.41	3.7208706e-18
9.180037482346884e-09	0.34614006	-0.10044822	-0.37577593	0	0	0.41	3.652961e-18
9.190038297655623e-09	0.18037604	0.14317086	-0.3618915	0	0	0.41	4.380626e-18
9.200001221612057e-09	-0.045020323	0.21271874	-0.34599292	0	0	0.41	4.0700144e-18
9.210014872545418e-09	-0.18615294	0.17800242	-0.3443051	0	0	0.41	3.3327508e-18
9.220036728367417e-09	-0.3405392	0.106918044	-0.34012637	0	0	0.41	3.4145792e-18
9.230022072806094e-09	-0.3516866	-0.07499149	-0.3385562	0	0	0.41	4.4856516e-18
9.240044065629176e-09	-0.159069	-0.23138148	-0.32835114	0	0	0.41	4.578865e-18
9.250046736869847e-09	0.07039107	-0.23915885	-0.3170192	0	0	0.41	4.572472e-18
9.26002271200452e-09	0.23058705	-0.16774262	-0.29950756	0	0	0.41	4.2319995e-18
9.270065203181542e-09	0.37937853	-0.018301548	-0.27901238	0	0	0.41	3.986308e-18
9.280024984533163e-09	0.39352793	0.27247918	-0.2588956	0	0	0.41	3.287282e-18
9.290016677869452e-09	0.10150237	0.51193064	-0.21420154	0	0	0.41	4.1883376e-18
9.300046908519294e-09	-0.2218474	0.45845047	-0.19020025	0	0	0.41	3.734988e-18
9.310029949654403e-09	-0.33316123	0.2288673	-0.17742196	0	0	0.41	3.294989e-18
9.320062141919225e-09	-0.27973577	0.05611929	-0.14897235	0	0	0.41	3.1473482e-18
9.330008775012569e-09	-0.21864393	-0.0884474	-0.12552266	0	0	0.41	2.6327358e-18
9.340020730335552e-09	-0.024327187	-0.26630086	-0.12780906	0	0	0.41	3.6391964e-18
9.350013476752916e-09	0.30332005	-0.20905246	-0.13262287	0	0	0.41	3.4915083e-18
9.36005273764305e-09	0.47568107	0.0327335	-0.13284588	0	0	0.41	2.5388872e-18
9.370060249114628e-09	0.39939243	0.31695917	-0.12604252	0	0	0.41	3.1435688e-18
9.380031828695222e-09	0.14035544	0.45719397	-0.11746227	0	0	0.41	3.8016836e-18
9.390032789225278e-09	-0.11334365	0.40483913	-0.09798899	0	0	0.41	2.2670307e-18
9.400033815291834e-09	-0.27247912	0.20500621	-0.08911686	0	0	0.41	3.382571e-18
9.410031965182964e-09	-0.27868527	-0.04650461	-0.06711086	0	0	0.41	3.125178e-18
9.42004676251458e-09	-0.15748417	-0.2688345	-0.045997318	0	0	0.41	2.3278897e-18
9.430033079065478e-09	0.056811366	-0.40025857	-0.024567703	0	0	0.41	2.8452294e-18
9.440031250746939e-09	0.29714364	-0.34754732	-0.0047755875	0	0	0.41	2.7489245e-18
9.450016941171968e-09	0.43817484	-0.12491535	0.0061637238	0	0	0.41	2.224985e-18
9.460064669612742e-09	0.37110147	0.12109176	0.022160647	0	0	0.41	2.5053061e-18
9.470057894162165e-09	0.16868745	0.30646792	0.0429916	0	0	0.41	2.3287144e-18
9.480017213322722e-09	-0.127829	0.30547747	0.04367776	0	0	0.41	2.2680376e-18
9.490023849507724e-09	-0.33927742	0.09155501	0.038639013	0	0	0.41	2.901914e-18
9.50001623527771e-09	-0.38773668	-0.13191748	0.041721363	0	0	0.41	3.2327767e-18
9.51006558773667e-09	-0.2797031	-0.3790901	0.052507486	0	0	0.41	2.263425e-18
9.520006103746495e-09	0.048413265	-0.48089013	0.07141119	0	0	0.41	1.5080363e-18
9.530058920287912e-09	0.33133602	-0.2583678	0.079800494	0	0	0.41	1.9160067e-18
9.540012414542256e-09	0.32705986	0.048025332	0.0975795	0	0	0.41	2.4157921e-18
9.550048647377832e-09	0.16040976	0.24549727	0.120752454	0	0	0.41	1.942222e-18
9.560035757610948e-09	-0.04090198	0.322636	0.14157645	0	0	0.41	1.9873843e-18
9.570020089826099e-09	-0.26209018	0.327266	0.15246563	0	0	0.41	1.8901888e-18
9.580024329564947e-09	-0.487861	0.11384451	0.16279535	0	0	0.41	2.4345735e-18
9.590020087858114e-09	-0.41626912	-0.25629047	0.1856511	0	0	0.41	1.3258316e-18
9.600065825590205e-09	-0.055166766	-0.40691012	0.20549831	0	0	0.41	1.7427165e-18
9.610035677096028e-09	0.2236236	-0.2795262	0.21438499	0	0	0.41	1.786318e-18
9.620042899707912e-09	0.29930663	-0.068186134	0.21857156	0	0	0.41	2.404745e-18
9.63006067058832e-09	0.30748102	0.106497385	0.23158386	0	0	0.41	1.4922953e-18
9.64003974061079e-09	0.19162998	0.3268746	0.24218649	0	0	0.41	1.1558263e-18
9.650058406276234e-09	-0.1228226	0.40115875	0.25711286	0	0	0.41	1.7576128e-18
9.66006071416718e-09	-0.39378288	0.18933907	0.2723356	0	0	0.41	1.5739852e-18
9.670051761253404e-09	-0.3679565	-0.14010225	0.28420585	0	0	0.41	2.0109249e-18
9.680005401904024e-09	-0.12992838	-0.31849557	0.30903494	0	0	0.41	1.147411e-18
9.690033864345781e-09	0.116394505	-0.30978316	0.3213481	0	0	0.41	1.9523441e-18
9.700012591302637e-09	0.3138493	-0.17760627	0.3233352	0	0	0.41	1.9909609e-18
9.710043280880821e-09	0.3622608	0.09983232	0.33843356	0	0	0.41	1.7771154e-18
9.720045863253602e-09	0.20143011	0.32669076	0.34788048	0	0	0.41	1.9213615e-18
9.730028865957085e-09	-0.10618306	0.3853692	0.3602561	0	0	0.41	8.1202056e-19
9.740044295928375e-09	-0.3234961	0.20791042	0.36544973	0	0	0.41	9.395611e-19
9.750032818400529e-09	-0.32813454	-0.08524127	0.39192578	0	0	0.41	1.9099534e-18
9.760044438576088e-09	-0.15940243	-0.28659558	0.40618476	0	0	0.41	1.5171302e-18
9.77000666630779e-09	0.060357604	-0.3356002	0.4222891	0	0	0.41	2.056953e-18
9.780025453783123e-09	0.26033697	-0.21436977	0.4306414	0	0	0.41	1.279187e-18
9.790036029287245e-09	0.34064153	0.04321053	0.4408316	0	0	0.41	1.3214835e-18
9.800041871033785e-09	0.17629625	0.32103416	0.4644142	0	0	0.41	1.7557215e-18
9.810036408199428e-09	-0.106712654	0.3431192	0.49052098	0	0	0.41	1.4624491e-18
9.820001976446608e-09	-0.2966172	0.1618476	0.49945846	0	0	0.41	8.15037e-19
9.83003427415006e-09	-0.26600546	-0.10615478	0.49905887	0	0	0.41	1.3465869e-18
9.840030779804593e-09	-0.093837425	-0.25836575	0.52114534	0	0	0.41	6.6068115e-19
9.85000830378755e-09	0.12495475	-0.28795296	0.5293644	0	0	0.41	6.4134885e-19
9.86003724014463e-09	0.31429645	-0.11723713	0.5298817	0	0	0.41	9.124713e-20
9.870057145646804e-09	0.27860612	0.18103732	0.54124385	0	0	0.41	8.181377e-19
9.880008795172567e-09	0.04855863	0.3483908	0.547558	0	0	0.41	6.980496e-19
9.890026763670267e-09	-0.22794984	0.27731073	0.562838	0	0	0.41	3.056021e-19
9.900008277754713e-09	-0.3197804	0.0248924	0.5683125	0	0	0.41	-3.542019e-19
9.910046616273462e-09	-0.21342881	-0.19588836	0.56692666	0	0	0.41	7.1470995e-19
9.920016371472065e-09	0.0044152513	-0.29475528	0.5804055	0	0	0.41	-2.525566e-19
9.930037684250283e-09	0.19314381	-0.21262969	0.5877433	0	0	0.41	-2.2512346e-19
9.940033663081747e-09	0.3190765	-0.014730021	0.5898904	0	0	0.41	-2.2904145e-19
9.950016722814316e-09	0.24539614	0.24352378	0.6072563	0	0	0.41	1.0776719e-18
9.960047821119688e-09	-0.04653203	0.34226626	0.62389034	0	0	0.41	5.4725406e-19
9.970040317470293e-09	-0.29615974	0.1666825	0.6286496	0	0	0.41	1.2335838e-18
9.980008940949418e-09	-0.28991264	-0.16294892	0.62652236	0	0	0.41	8.740747e-19
9.99004077243547e-09	-0.084646106	-0.28902176	0.6459858	0	0	0.41	-3.7978866e-19
1e-08	0.12553358	-0.24947314	0.65911984	0	0	0.41	4.1986556e-19
