# t (s)	mx ()	my ()	mz ()	B_extx (T)	B_exty (T)	B_extz (T)	E_total (J)
0	0	0	-1	0	0	0.39	1.17474e-18
1.001665431295427e-11	-0.002335183	0.0064995605	-0.97287303	0	0	0.39	4.244243e-18
2.0009928106097563e-11	0.019708905	-0.0143514685	-0.9704994	0	0	0.39	4.1746263e-18
3.001303975313437e-11	0.01237082	-0.0019756705	-0.9690114	0	0	0.39	3.9554503e-18
4.0042008573416445e-11	0.014521708	-0.007979103	-0.96315897	0	0	0.39	4.513626e-18
5.002566971466436e-11	-0.00502644	0.0026011842	-0.9639477	0	0	0.39	4.6813356e-18
6.002438765511836e-11	0.00029668666	0.022739036	-0.9619321	0	0	0.39	4.5013825e-18
7.006148096617519e-11	0.009127549	0.03573456	-0.957102	0	0	0.39	4.2914577e-18
8.0040857837593e-11	0.03158092	0.038797814	-0.95842785	0	0	0.39	4.8073425e-18
9.00563047398927e-11	0.035557717	0.027365226	-0.95496815	0	0	0.39	5.358442e-18
1.0003488942916903e-10	0.043082375	0.029137433	-0.95603	0	0	0.39	4.300725e-18
1.1001653264737979e-10	0.041418936	0.025779916	-0.95643204	0	0	0.39	5.067267e-18
1.2003772215683277e-10	0.04271777	0.015474489	-0.95691985	0	0	0.39	3.673457e-18
1.3004536847151024e-10	0.033609886	0.0013114337	-0.9590431	0	0	0.39	4.4674197e-18
1.4004170823344055e-10	0.025179893	-0.009648264	-0.95607454	0	0	0.39	3.709395e-18
1.5004744750997367e-10	0.04238178	-0.005745411	-0.9549544	0	0	0.39	4.850774e-18
1.6004064077156616e-10	0.021719286	0.0040984764	-0.95102215	0	0	0.39	4.3410207e-18
1.700499670558173e-10	0.03093999	0.016164651	-0.95214707	0	0	0.39	4.997847e-18
1.8005428566728647e-10	0.03306589	0.012085132	-0.94912785	0	0	0.39	4.778779e-18
1.9004855329791467e-10	0.048078157	-0.002458617	-0.94777846	0	0	0.39	5.660161e-18
2.0005824863621845e-10	0.060769767	-0.017469533	-0.94948024	0	0	0.39	3.7946737e-18
2.100080860558221e-10	0.059548058	-0.044992585	-0.94215107	0	0	0.39	4.7258723e-18
2.2003113675600978e-10	0.038679585	-0.045969393	-0.9435425	0	0	0.39	3.4273867e-18
2.3004459103944665e-10	0.018459959	-0.036274437	-0.9449956	0	0	0.39	4.6158486e-18
2.4000469083591404e-10	0.011868571	-0.022184012	-0.94898033	0	0	0.39	4.7930906e-18
2.5003577585722856e-10	0.02397636	-0.017679859	-0.94496554	0	0	0.39	4.2133503e-18
2.6005240873224064e-10	0.03574535	-0.0035579146	-0.9464478	0	0	0.39	4.118061e-18
2.7003997409943396e-10	0.05422887	-0.012120503	-0.9425592	0	0	0.39	4.6734174e-18
2.8004754882154853e-10	0.071128614	-0.02284702	-0.9470511	0	0	0.39	3.4543947e-18
2.900220721486408e-10	0.048588198	-0.033696108	-0.94879663	0	0	0.39	4.6472976e-18
3.0005351776374247e-10	0.042762753	-0.05630616	-0.9494653	0	0	0.39	3.97623e-18
3.1003598621936e-10	0.022879897	-0.04141651	-0.9506813	0	0	0.39	5.4839548e-18
3.2001622265308375e-10	-0.0024499074	-0.03086761	-0.9495358	0	0	0.39	4.018667e-18
3.300314716307165e-10	-0.003993743	-0.019330561	-0.9509453	0	0	0.39	4.5889706e-18
3.4001412832651156e-10	0.0053316043	-0.011941914	-0.94847834	0	0	0.39	4.064672e-18
3.5001518963584136e-10	0.010588734	-0.013078343	-0.94545376	0	0	0.39	4.654151e-18
3.6002021249514143e-10	0.026123792	-0.013241481	-0.94958556	0	0	0.39	5.441003e-18
3.700494238185756e-10	0.03271347	-0.012602281	-0.94785327	0	0	0.39	3.654236e-18
3.80010693898192e-10	0.027610421	-0.03297307	-0.94843996	0	0	0.39	4.456926e-18
3.900098090956876e-10	-0.0029522986	-0.043453574	-0.94984215	0	0	0.39	3.787783e-18
4.0000426403753854e-10	-0.017609391	-0.04384725	-0.9490646	0	0	0.39	3.907323e-18
4.100067638709094e-10	-0.047878712	-0.018629355	-0.94728804	0	0	0.39	5.5075596e-18
4.200517958997524e-10	-0.07216575	-0.010076513	-0.9501561	0	0	0.39	4.0216152e-18
4.300612517514472e-10	-0.061849125	-0.006955675	-0.9502125	0	0	0.39	4.606297e-18
4.400470588976686e-10	-0.04800595	0.0027326017	-0.9504886	0	0	0.39	4.3344186e-18
4.5004461217513123e-10	-0.047183223	0.005060627	-0.94896215	0	0	0.39	5.217456e-18
4.6002933378042124e-10	-0.04698622	0.017010482	-0.9500561	0	0	0.39	5.324112e-18
4.700235084982689e-10	-0.038978	0.0019448778	-0.94901955	0	0	0.39	4.3874065e-18
4.800421981016549e-10	-0.059014387	-0.0036203803	-0.9541755	0	0	0.39	3.9298784e-18
4.900242833179777e-10	-0.07508701	0.0001197058	-0.9507829	0	0	0.39	5.5373766e-18
5.000264288349094e-10	-0.089148045	0.0055331737	-0.9479036	0	0	0.39	4.232048e-18
5.100630703669027e-10	-0.09554238	0.0051855585	-0.94447345	0	0	0.39	4.814734e-18
5.200006369093205e-10	-0.086106926	0.010619083	-0.9437464	0	0	0.39	5.616053e-18
5.300022820009943e-10	-0.06758745	0.022084793	-0.9407987	0	0	0.39	5.4005518e-18
5.400621603216198e-10	-0.051850047	0.036708485	-0.9409008	0	0	0.39	4.2328925e-18
5.50007793096344e-10	-0.020412873	0.032610536	-0.94479537	0	0	0.39	4.503981e-18
5.600492396978927e-10	-0.022813942	0.0152455	-0.94308007	0	0	0.39	4.9038327e-18
5.700146730708564e-10	-0.029142128	0.0017774557	-0.94251674	0	0	0.39	4.4700993e-18
5.800378906458368e-10	-0.045837924	0.030111913	-0.9424503	0	0	0.39	5.344921e-18
5.900259479793914e-10	-0.055971615	0.01765431	-0.94302666	0	0	0.39	4.850277e-18
6.000251569582194e-10	-0.07686136	0.027299995	-0.94029987	0	0	0.39	4.600827e-18
6.100017607365861e-10	-0.0752004	0.036968935	-0.94311273	0	0	0.39	4.799526e-18
6.200014206580097e-10	-0.058530986	0.039219886	-0.9453686	0	0	0.39	4.0216496e-18
6.300489695571912e-10	-0.07096905	0.026364299	-0.94529927	0	0	0.39	3.9704297e-18
6.400127653807205e-10	-0.045098234	0.02653408	-0.94751436	0	0	0.39	4.5911134e-18
6.500192886996148e-10	-0.03882331	0.023031991	-0.9492386	0	0	0.39	4.605247e-18
6.60057897301571e-10	-0.018843157	0.017113319	-0.94985557	0	0	0.39	4.770438e-18
6.700515244265198e-10	-0.019073714	0.0013363935	-0.94789547	0	0	0.39	5.197587e-18
6.800050370779764e-10	-0.025483916	0.0021509777	-0.949528	0	0	0.39	5.3566814e-18
6.900242224187115e-10	-0.05089349	0.019189812	-0.9479227	0	0	0.39	3.790005e-18
7.000143459861728e-10	-0.061592422	0.026441824	-0.9493023	0	0	0.39	4.5595345e-18
7.100628788797408e-10	-0.05618445	0.03938543	-0.94803727	0	0	0.39	4.850503e-18
7.200665124421267e-10	-0.0505489	0.059160966	-0.94495034	0	0	0.39	4.6280656e-18
7.300096221750451e-10	-0.04245061	0.069241896	-0.9432054	0	0	0.39	4.899556e-18
7.400525088976443e-10	-0.025517121	0.049562424	-0.944562	0	0	0.39	4.676261e-18
7.500046377561112e-10	-0.021327991	0.05422882	-0.951642	0	0	0.39	3.69532e-18
7.600579842056025e-10	-0.026814893	0.032583985	-0.9488655	0	0	0.39	4.7828493e-18
7.700223870408855e-10	-0.039168827	0.032610167	-0.9515462	0	0	0.39	4.3785093e-18
7.800532882751442e-10	-0.03758655	0.045360547	-0.954515	0	0	0.39	4.1560486e-18
7.900475738968871e-10	-0.035747387	0.060686216	-0.95466995	0	0	0.39	4.9788497e-18
8.00016384954706e-10	-0.033419125	0.09291483	-0.9567975	0	0	0.39	3.906194e-18
8.100588168224976e-10	-0.031648602	0.1126463	-0.9510847	0	0	0.39	3.4640998e-18
8.200560103061082e-10	-0.019862488	0.112403214	-0.9482542	0	0	0.39	4.8108907e-18
8.300654313728793e-10	-0.0032251165	0.10568262	-0.9496222	0	0	0.39	5.0486477e-18
8.400501377783641e-10	-0.0047452017	0.07874692	-0.9489292	0	0	0.39	5.086208e-18
8.500235033111009e-10	0.01484741	0.051511914	-0.94655085	0	0	0.39	4.710746e-18
8.600164684170841e-10	0.014196471	0.038679767	-0.9457446	0	0	0.39	4.1078186e-18
8.700057638041549e-10	-0.007408405	0.030894637	-0.9434108	0	0	0.39	4.412837e-18
8.800434554398976e-10	-0.010232431	0.036829483	-0.9444497	0	0	0.39	4.513678e-18
8.900343858371488e-10	-0.013336393	0.043937102	-0.9499605	0	0	0.39	3.9832725e-18
9.000585323342985e-10	-0.017212152	0.04974384	-0.94990563	0	0	0.39	4.6144225e-18
9.100463073815193e-10	0.0050912774	0.053289443	-0.9474577	0	0	0.39	4.2632574e-18
9.200111806934927e-10	0.003134657	0.057874955	-0.9464609	0	0	0.39	4.7257643e-18
9.300173963577601e-10	0.019454109	0.029198406	-0.9469304	0	0	0.39	3.8955107e-18
9.400267368941195e-10	0.01952926	0.022029769	-0.9478206	0	0	0.39	4.4656557e-18
9.500244909385668e-10	-0.005850375	0.015660513	-0.9493121	0	0	0.39	5.5754174e-18
9.600507260388063e-10	-0.019231634	0.004095822	-0.9489487	0	0	0.39	4.5293768e-18
9.700569570856088e-10	-0.043242037	0.009045577	-0.951931	0	0	0.39	4.0809253e-18
9.800512172281231e-10	-0.03534166	0.014302232	-0.952844	0	0	0.39	4.511463e-18
9.900256443998491e-10	-0.04359907	0.03708134	-0.9527334	0	0	0.39	4.412383e-18
1.0000074929359931e-09	-0.03323451	0.056510177	-0.9501587	0	0	0.39	4.9087776e-18
1.0100022197574986e-09	-0.02507559	0.07314874	-0.94660974	0	0	0.39	4.90206e-18
1.0200639718700939e-09	-9.282587e-05	0.07111237	-0.94672346	0	0	0.39	4.2762607e-18
1.0300496034062425e-09	0.017130349	0.07571998	-0.94747007	0	0	0.39	4.482798e-18
1.0400199441222199e-09	0.011143328	0.061361182	-0.9453546	0	0	0.39	4.134886e-18
1.050063132746002e-09	-0.0029977271	0.061011482	-0.9429928	0	0	0.39	4.0238916e-18
1.0600188560592563e-09	-0.020997064	0.06338994	-0.9426226	0	0	0.39	4.1194207e-18
1.0700209148633407e-09	-0.007593162	0.06387221	-0.9460273	0	0	0.39	3.9280603e-18
1.0800469993078824e-09	-0.0069003785	0.060561832	-0.95000553	0	0	0.39	4.6574007e-18
1.0900638733240753e-09	0.011695898	0.058967523	-0.951887	0	0	0.39	4.77633e-18
1.1000020501581662e-09	0.010236737	0.058031797	-0.95060796	0	0	0.39	4.048959e-18
1.1100227408024002e-09	0.002676271	0.051773947	-0.95079327	0	0	0.39	5.4460984e-18
1.1200041862593816e-09	-0.008074648	0.06136272	-0.9470786	0	0	0.39	4.7815605e-18
1.1300126736032046e-09	-0.019069256	0.07239873	-0.94598687	0	0	0.39	4.5754577e-18
1.1400097657197472e-09	-0.0029650957	0.07359546	-0.9467249	0	0	0.39	4.2191948e-18
1.150031414704227e-09	0.0037152802	0.07016691	-0.94740146	0	0	0.39	4.472558e-18
1.1600099145296917e-09	-0.0053909426	0.06897408	-0.9432047	0	0	0.39	4.5320895e-18
1.1700494637824759e-09	0.018431518	0.06711564	-0.94361657	0	0	0.39	4.867956e-18
1.1800092304680414e-09	0.02248394	0.071214125	-0.9429524	0	0	0.39	4.6702042e-18
1.1900171911110346e-09	0.02097694	0.07014378	-0.94545996	0	0	0.39	5.6019603e-18
1.2000234975083565e-09	0.012775132	0.060207974	-0.944219	0	0	0.39	4.1933656e-18
1.2100243557044014e-09	0.017236784	0.064427115	-0.9462775	0	0	0.39	5.2020715e-18
1.2200138633995535e-09	0.026335556	0.06544826	-0.942212	0	0	0.39	4.117524e-18
1.2300578181482658e-09	0.02942067	0.049125712	-0.94445544	0	0	0.39	4.6880246e-18
1.2400505356295162e-09	0.035942506	0.047844365	-0.94329894	0	0	0.39	5.060467e-18
1.25005174636075e-09	0.047159266	0.04998047	-0.9457585	0	0	0.39	3.8997054e-18
1.2600576234146717e-09	0.0700436	0.0442507	-0.94545996	0	0	0.39	4.0297626e-18
1.2700394812640104e-09	0.072461285	0.037007697	-0.9485631	0	0	0.39	3.9659985e-18
1.280051611088435e-09	0.08287413	0.029767292	-0.9391989	0	0	0.39	4.692536e-18
1.290056486723523e-09	0.071189344	0.042760693	-0.938792	0	0	0.39	5.0583004e-18
1.3000478883000855e-09	0.07185728	0.03269133	-0.9368429	0	0	0.39	5.711946e-18
1.3100198765054329e-09	0.06932253	0.028423257	-0.93934757	0	0	0.39	4.6676e-18
1.3200036776034277e-09	0.06090293	0.030146278	-0.93545425	0	0	0.39	5.334032e-18
1.3300177072262831e-09	0.07965904	0.04639818	-0.9321934	0	0	0.39	4.4005806e-18
1.3400646773505397e-09	0.08335395	0.052920956	-0.93558824	0	0	0.39	3.6604955e-18
1.3500266584135118e-09	0.08224001	0.048501067	-0.9349884	0	0	0.39	5.2569268e-18
1.3600537982313543e-09	0.082632385	0.03160587	-0.94047546	0	0	0.39	4.892866e-18
1.3700263976464813e-09	0.0889242	0.030547837	-0.9386977	0	0	0.39	5.950008e-18
1.3800480040168079e-09	0.06349801	0.036889747	-0.94325054	0	0	0.39	3.9196826e-18
1.390029086823267e-09	0.05859357	0.035088573	-0.94640076	0	0	0.39	4.633162e-18
1.400041278760209e-09	0.057312872	0.026064672	-0.9465356	0	0	0.39	3.9646262e-18
1.4100540244093903e-09	0.064944796	0.019887144	-0.95066947	0	0	0.39	4.7977625e-18
1.4200121915261776e-09	0.07358153	0.0013127069	-0.9515777	0	0	0.39	3.842102e-18
1.4300253260762842e-09	0.07569451	0.0044986145	-0.9546514	0	0	0.39	4.4669275e-18
1.4400225374097212e-09	0.07519448	0.00218431	-0.95410436	0	0	0.39	4.958535e-18
1.4500093428269472e-09	0.07077441	0.009842689	-0.95405024	0	0	0.39	4.8157177e-18
1.4600621336596904e-09	0.068938866	0.00894534	-0.9564117	0	0	0.39	4.884774e-18
1.4700323297989653e-09	0.072442465	-0.0009840227	-0.9553143	0	0	0.39	4.7435177e-18
1.480022267759057e-09	0.08112743	-0.011688195	-0.95536166	0	0	0.39	4.2992522e-18
1.4900323036903432e-09	0.09601147	-0.035039026	-0.95164627	0	0	0.39	5.186476e-18
1.5000564855603169e-09	0.096435875	-0.051268324	-0.95206934	0	0	0.39	4.517761e-18
1.510026212398301e-09	0.08328394	-0.056967713	-0.9519843	0	0	0.39	4.0114244e-18
1.5200563788761833e-09	0.07485753	-0.05808981	-0.9496502	0	0	0.39	4.9519577e-18
1.5300655279744659e-09	0.06859305	-0.060207188	-0.9506839	0	0	0.39	4.3851628e-18
1.540016927155978e-09	0.055379935	-0.0610462	-0.9518202	0	0	0.39	4.7856807e-18
1.5500526319124506e-09	0.06307838	-0.068453334	-0.95106316	0	0	0.39	5.138117e-18
1.5600250202976888e-09	0.063439324	-0.07075683	-0.9489349	0	0	0.39	4.422883e-18
1.570042205614347e-09	0.08123021	-0.096775986	-0.9490872	0	0	0.39	4.47206e-18
1.580024193949937e-09	0.072168946	-0.11782621	-0.94670135	0	0	0.39	4.237075e-18
1.5900246653221844e-09	0.058164272	-0.11252987	-0.95040894	0	0	0.39	4.6272397e-18
1.6000540773322183e-09	0.062244184	-0.099613465	-0.94871086	0	0	0.39	5.3283e-18
1.610050051296484e-09	0.062158357	-0.09448487	-0.94838065	0	0	0.39	4.7473823e-18
1.6200296356462836e-09	0.06413025	-0.112127416	-0.94133985	0	0	0.39	4.9107442e-18
1.630041869504223e-09	0.058579244	-0.10649589	-0.94249046	0	0	0.39	3.4729765e-18
1.640037326561852e-09	0.04802328	-0.10602116	-0.94451636	0	0	0.39	4.399321e-18
1.6500585146865698e-09	0.041725554	-0.09915258	-0.94404066	0	0	0.39	4.9925735e-18
1.6600616037235904e-09	0.04943111	-0.096751325	-0.9450622	0	0	0.39	5.239629e-18
1.670003809278327e-09	0.032896135	-0.09928592	-0.94482917	0	0	0.39	4.393473e-18
1.6800045325344106e-09	0.033128895	-0.08382167	-0.9461092	0	0	0.39	5.453787e-18
1.6900310730107565e-09	0.040402904	-0.11811304	-0.94515616	0	0	0.39	4.160021e-18
1.7000203932237612e-09	0.029486647	-0.11813678	-0.9437457	0	0	0.39	4.4158462e-18
1.7100037079430316e-09	0.027244985	-0.09781749	-0.9456881	0	0	0.39	3.8809073e-18
1.7200487147209556e-09	0.033095494	-0.093442485	-0.9491087	0	0	0.39	5.4213777e-18
1.730013576821429e-09	0.011358577	-0.093514815	-0.9483973	0	0	0.39	4.7202284e-18
1.740046393931639e-09	0.01766583	-0.083025604	-0.9495724	0	0	0.39	3.7772388e-18
1.7500040541279394e-09	0.01317462	-0.07657651	-0.94476885	0	0	0.39	4.755235e-18
1.7600053609552698e-09	0.017396536	-0.076790355	-0.944689	0	0	0.39	4.683381e-18
1.770021070168248e-09	0.00965159	-0.06738271	-0.946924	0	0	0.39	4.5547526e-18
1.7800589058799313e-09	0.016728323	-0.06988007	-0.94563866	0	0	0.39	4.547878e-18
1.7900186637904764e-09	0.008162971	-0.08031519	-0.9469178	0	0	0.39	4.4733047e-18
1.8000237904574502e-09	0.017500605	-0.07773271	-0.9456068	0	0	0.39	3.3474297e-18
1.8100116891483507e-09	0.021966878	-0.07131394	-0.9486571	0	0	0.39	4.6281975e-18
1.8200656346992599e-09	0.025029328	-0.075396016	-0.94884247	0	0	0.39	4.0035418e-18
1.8300184758774287e-09	0.030665893	-0.08576914	-0.95064354	0	0	0.39	4.6753654e-18
1.840043332786902e-09	0.02594729	-0.067811035	-0.9490213	0	0	0.39	5.5691825e-18
1.850031936043822e-09	0.023356885	-0.05329985	-0.9464669	0	0	0.39	4.806482e-18
1.8600333945466514e-09	0.031489257	-0.04205455	-0.94827306	0	0	0.39	4.8220804e-18
1.8700185471716892e-09	0.029624883	-0.06687115	-0.9524969	0	0	0.39	5.2809564e-18
1.8800289424807238e-09	0.028433386	-0.078322835	-0.9514238	0	0	0.39	3.727476e-18
1.8900214592465257e-09	0.02983194	-0.06588194	-0.951951	0	0	0.39	4.4087097e-18
1.900023203820836e-09	0.02554332	-0.054535743	-0.95210075	0	0	0.39	4.390428e-18
1.910024646667513e-09	0.033464678	-0.052219648	-0.9547522	0	0	0.39	4.61299e-18
1.9200185670409415e-09	0.030447286	-0.066369876	-0.9551993	0	0	0.39	4.9938416e-18
1.930016149505106e-09	0.03205739	-0.064060435	-0.9529333	0	0	0.39	4.5751864e-18
1.940006600287224e-09	0.033542976	-0.06386623	-0.952984	0	0	0.39	4.667096e-18
1.9500405122213845e-09	0.027627507	-0.051612224	-0.9534924	0	0	0.39	4.7067925e-18
1.9600002439127244e-09	0.013651464	-0.053785708	-0.9528559	0	0	0.39	5.423543e-18
1.970056712249076e-09	0.007436433	-0.05075716	-0.95533985	0	0	0.39	5.169466e-18
1.980025673526947e-09	-0.011539285	-0.048325375	-0.95426047	0	0	0.39	4.3868113e-18
1.9900214264871617e-09	-0.012506849	-0.044280592	-0.95722294	0	0	0.39	4.42194e-18
2.0000496707486364e-09	-0.019541053	-0.031110965	-0.95518875	0	0	0.39	4.0066714e-18
2.01001365587124e-09	-0.013206116	-0.010639478	-0.9550681	0	0	0.39	3.6967392e-18
2.0200194620149465e-09	-0.008723614	-0.004212337	-0.956894	0	0	0.39	4.15928e-18
2.0300047821773267e-09	-0.007166966	-0.01557521	-0.952932	0	0	0.39	5.328084e-18
2.040061358084119e-09	-0.0068994313	-0.012017206	-0.9533493	0	0	0.39	3.9364272e-18
2.0500345088602343e-09	0.000780233	-0.0007376201	-0.95270497	0	0	0.39	5.0988497e-18
2.060040454574881e-09	-0.014613198	-0.011053051	-0.9511632	0	0	0.39	4.7717886e-18
2.070005971159743e-09	-0.012534339	-0.014939898	-0.95215017	0	0	0.39	5.59556e-18
2.080054906750697e-09	-0.001980802	-0.012347117	-0.9530971	0	0	0.39	3.6573505e-18
2.0900213294606924e-09	-0.0022195366	-0.035602644	-0.9516466	0	0	0.39	4.346831e-18
2.100045936089453e-09	-0.011594312	-0.030481346	-0.9543992	0	0	0.39	4.576399e-18
2.1100220404266226e-09	-0.0068737017	-0.01157294	-0.95676035	0	0	0.39	5.058892e-18
2.120004426335314e-09	-0.012420592	-0.011814968	-0.95752406	0	0	0.39	4.6548782e-18
2.1300326842664345e-09	-0.023701536	-0.013692151	-0.957586	0	0	0.39	4.6996295e-18
2.1400481031985756e-09	-0.028435212	-0.014776503	-0.9588707	0	0	0.39	5.1019814e-18
2.150049037595101e-09	-0.038905527	-0.011444766	-0.95538783	0	0	0.39	4.2005993e-18
2.1600170394892757e-09	-0.023748532	0.014017605	-0.95391095	0	0	0.39	4.692075e-18
2.1700642534075606e-09	-0.01690038	0.0119119575	-0.95255977	0	0	0.39	5.0232495e-18
2.1800283102085704e-09	-0.052681457	0.003143132	-0.9560654	0	0	0.39	4.062957e-18
2.1900190933635254e-09	-0.04845813	0.0110627	-0.95595217	0	0	0.39	3.9013428e-18
2.20003508787533e-09	-0.038961038	5.565606e-05	-0.9550793	0	0	0.39	4.2293463e-18
2.21004721739371e-09	-0.051915064	-0.022497172	-0.9515165	0	0	0.39	4.4490604e-18
2.220010358113379e-09	-0.061987985	-0.023501763	-0.9504885	0	0	0.39	4.4593663e-18
2.2300405179073424e-09	-0.070801616	-0.016927546	-0.950274	0	0	0.39	4.818226e-18
2.240004379124315e-09	-0.07010178	-0.0069452743	-0.95292956	0	0	0.39	5.1274995e-18
2.2500035246721864e-09	-0.06590428	-0.004110523	-0.9527401	0	0	0.39	4.6193058e-18
2.2600253132449337e-09	-0.046534803	-0.006099224	-0.94881004	0	0	0.39	4.0039835e-18
2.2700165129942668e-09	-0.04730016	-0.009774211	-0.9437561	0	0	0.39	3.866115e-18
2.280053510895408e-09	-0.025550624	-0.013477379	-0.9442738	0	0	0.39	4.681669e-18
2.2900069476073436e-09	-0.030842373	-0.025405971	-0.9440575	0	0	0.39	4.365872e-18
2.3000608430372224e-09	-0.0046599545	-0.022748787	-0.9414572	0	0	0.39	5.3459686e-18
2.3100192056696676e-09	-0.00075535587	-0.020314854	-0.9419987	0	0	0.39	4.131148e-18
2.3200208225877112e-09	-0.007325541	-0.017016422	-0.9436826	0	0	0.39	4.2534438e-18
2.3300402993875766e-09	-0.025102915	-0.013361926	-0.9412113	0	0	0.39	4.476074e-18
2.3400220812697323e-09	-0.02770376	0.0059246784	-0.942249	0	0	0.39	4.1569734e-18
2.350039847359631e-09	-0.02820868	-0.012219324	-0.94208455	0	0	0.39	5.410578e-18
2.3600071281291274e-09	-0.040134363	-0.012818771	-0.9413885	0	0	0.39	4.5735974e-18
2.3700300220646275e-09	-0.040699743	-0.025424354	-0.94318	0	0	0.39	3.6060724e-18
2.3800355426481012e-09	-0.03861312	-0.027770998	-0.94663954	0	0	0.39	3.8089703e-18
2.3900565488980644e-09	-0.04350292	-0.036235925	-0.9468902	0	0	0.39	3.852838e-18
2.400044268935019e-09	-0.048913807	-0.044485483	-0.945499	0	0	0.39	4.300476e-18
2.410009697352591e-09	-0.059133176	-0.04892786	-0.94538367	0	0	0.39	4.0064088e-18
2.4200062710182324e-09	-0.058033094	-0.05398812	-0.9484473	0	0	0.39	4.388014e-18
2.4300596377114905e-09	-0.06921477	-0.037777133	-0.9505534	0	0	0.39	5.5539582e-18
2.4400224899462607e-09	-0.07515608	-0.033789676	-0.9471695	0	0	0.39	4.2225238e-18
2.4500021906366595e-09	-0.0684348	-0.043261323	-0.9449463	0	0	0.39	4.5682493e-18
2.4600279314377763e-09	-0.061843045	-0.03534007	-0.94581085	0	0	0.39	3.9719534e-18
2.4700479035747304e-09	-0.05824774	-0.023363264	-0.94458085	0	0	0.39	5.0409234e-18
2.4800481145349048e-09	-0.055440873	-0.04032149	-0.9414894	0	0	0.39	3.99042e-18
2.490006596591751e-09	-0.06602373	-0.06289742	-0.94348127	0	0	0.39	4.1257064e-18
2.500065220496353e-09	-0.077225134	-0.062173937	-0.94084233	0	0	0.39	4.9102206e-18
2.5100169508456005e-09	-0.08620081	-0.047892924	-0.9375977	0	0	0.39	5.350651e-18
2.5200201293225987e-09	-0.13021982	-0.047827166	-0.9301687	0	0	0.39	4.9368877e-18
2.5300050880318634e-09	-0.116637774	-0.029102871	-0.9334475	0	0	0.39	4.3783534e-18
2.5400201672956755e-09	-0.129715	-0.029970897	-0.92672664	0	0	0.39	4.0844115e-18
2.5500514080997413e-09	-0.120434515	-0.014862408	-0.925906	0	0	0.39	4.5966547e-18
2.560060589197615e-09	-0.11090105	-0.028306276	-0.93260604	0	0	0.39	4.7120646e-18
2.570007130495845e-09	-0.12895843	-0.012265375	-0.9344146	0	0	0.39	5.010442e-18
2.5800133160633726e-09	-0.12303238	-0.0024624402	-0.9353982	0	0	0.39	3.8736525e-18
2.5900050385776225e-09	-0.1296791	-0.0037619933	-0.93740404	0	0	0.39	4.486899e-18
2.6000323118211133e-09	-0.13608712	0.004540513	-0.94054544	0	0	0.39	4.0661403e-18
2.610033728645947e-09	-0.12950203	0.015186467	-0.9440515	0	0	0.39	3.8823693e-18
2.6200506207920008e-09	-0.12849675	0.035519376	-0.9431519	0	0	0.39	4.422258e-18
2.630022810563395e-09	-0.14226879	0.037870727	-0.93988955	0	0	0.39	3.931915e-18
2.6400647607337574e-09	-0.13047434	0.043343738	-0.9412323	0	0	0.39	4.255965e-18
2.6500381978891487e-09	-0.13181812	0.045152426	-0.93984246	0	0	0.39	3.8962953e-18
2.660024774883552e-09	-0.1403793	0.06175091	-0.9335137	0	0	0.39	4.829777e-18
2.6700558488516443e-09	-0.13394542	0.06583666	-0.9359626	0	0	0.39	5.6734387e-18
2.6800460880575663e-09	-0.116029784	0.040995885	-0.9407867	0	0	0.39	4.2981897e-18
2.690056913356584e-09	-0.14133495	0.032154594	-0.94097763	0	0	0.39	3.3247085e-18
2.700065791897999e-09	-0.124621026	0.043168303	-0.93955076	0	0	0.39	3.7609375e-18
2.71001938625035e-09	-0.1272707	0.052900545	-0.93472546	0	0	0.39	5.903478e-18
2.7200393571213284e-09	-0.14072743	0.046042122	-0.9353997	0	0	0.39	5.3748447e-18
2.7300278496946683e-09	-0.1386567	0.04759169	-0.93336	0	0	0.39	4.8000245e-18
2.7400524486009835e-09	-0.13512498	0.037646245	-0.9371501	0	0	0.39	4.6294747e-18
2.750027211157478e-09	-0.13373268	0.026725033	-0.9339764	0	0	0.39	4.647876e-18
2.7600547056809863e-09	-0.124660514	0.017979022	-0.9411241	0	0	0.39	3.996464e-18
2.7700076980394568e-09	-0.10372337	0.016029766	-0.9404083	0	0	0.39	4.573654e-18
2.78005224061404e-09	-0.10334696	0.022328379	-0.9430387	0	0	0.39	4.550357e-18
2.790018165823343e-09	-0.10795332	0.01852372	-0.9465465	0	0	0.39	3.3180551e-18
2.8000341395423914e-09	-0.10698093	0.026300007	-0.9477597	0	0	0.39	4.2404756e-18
2.8100007997642095e-09	-0.11418201	0.041751947	-0.94479764	0	0	0.39	4.9379854e-18
2.820049191551306e-09	-0.11204709	0.05263008	-0.9433844	0	0	0.39	4.7527383e-18
2.830060914234967e-09	-0.10837778	0.06876333	-0.9364929	0	0	0.39	4.0102204e-18
2.840003947959029e-09	-0.10222484	0.08050649	-0.93561774	0	0	0.39	4.44284e-18
2.850014788765032e-09	-0.08524385	0.09243049	-0.929201	0	0	0.39	4.747031e-18
2.8600391181101746e-09	-0.0693114	0.08263215	-0.9313822	0	0	0.39	5.457817e-18
2.8700094605584964e-09	-0.090621546	0.0877277	-0.9286111	0	0	0.39	5.004305e-18
2.880037083806286e-09	-0.09023372	0.08818699	-0.9295253	0	0	0.39	4.279818e-18
2.8900473317908186e-09	-0.08247994	0.09317589	-0.9349897	0	0	0.39	3.8354016e-18
2.9000180360256056e-09	-0.07322606	0.09806481	-0.93979603	0	0	0.39	4.700697e-18
2.910018439628248e-09	-0.06673217	0.11241859	-0.93814796	0	0	0.39	4.5645617e-18
2.9200388549108566e-09	-0.06568857	0.11234744	-0.94032884	0	0	0.39	4.871214e-18
2.930061031271843e-09	-0.063864015	0.11430733	-0.9448086	0	0	0.39	4.0609816e-18
2.9400126578534534e-09	-0.051269945	0.11295751	-0.94463676	0	0	0.39	4.7159506e-18
2.9500508143607517e-09	-0.045372076	0.11821765	-0.9446294	0	0	0.39	4.903999e-18
2.960039324603496e-09	-0.059151277	0.12149902	-0.9421583	0	0	0.39	3.3871011e-18
2.9700051255674627e-09	-0.05184257	0.119518384	-0.94146055	0	0	0.39	4.1503237e-18
2.980015304076354e-09	-0.045984164	0.14415985	-0.94043255	0	0	0.39	4.6885945e-18
2.9900442196036886e-09	-0.04947269	0.15211785	-0.93530476	0	0	0.39	4.6090384e-18
3.0000207236747338e-09	-0.048683226	0.14505415	-0.9368772	0	0	0.39	4.548433e-18
3.0100400524085375e-09	-0.04445323	0.1432631	-0.93809307	0	0	0.39	4.955498e-18
3.020029562154549e-09	-0.030162914	0.15557827	-0.9395789	0	0	0.39	3.847863e-18
3.030025994554663e-09	-0.024969326	0.14500213	-0.9376614	0	0	0.39	4.5434777e-18
3.0400541100221767e-09	-0.038193043	0.15323493	-0.93221414	0	0	0.39	4.216188e-18
3.0500424617237565e-09	-0.041086197	0.15866622	-0.93452114	0	0	0.39	4.0847105e-18
3.0600480678296583e-09	-0.04114491	0.16981338	-0.9299241	0	0	0.39	5.3097935e-18
3.070034255233982e-09	-0.040620297	0.1627965	-0.9324487	0	0	0.39	4.0798057e-18
3.0800590481925602e-09	-0.055142745	0.1683801	-0.932007	0	0	0.39	4.568573e-18
3.0900549845665394e-09	-0.053658087	0.19659863	-0.92804945	0	0	0.39	4.373027e-18
3.100001654062472e-09	-0.049782477	0.1893756	-0.9303586	0	0	0.39	3.887671e-18
3.1100006943957914e-09	-0.037932754	0.2099948	-0.9250034	0	0	0.39	4.674623e-18
3.1200121780965102e-09	-0.02125631	0.20943595	-0.9239867	0	0	0.39	4.4216257e-18
3.130037154140605e-09	-0.009657082	0.18657853	-0.92921853	0	0	0.39	4.7175475e-18
3.140034473046157e-09	-0.004630277	0.16658135	-0.93136996	0	0	0.39	4.3089306e-18
3.150022372711416e-09	0.00022088601	0.15537152	-0.9296794	0	0	0.39	4.427524e-18
3.1600560385901547e-09	0.008704306	0.14024027	-0.9278898	0	0	0.39	4.608016e-18
3.1700546279596035e-09	-0.0040425197	0.12221825	-0.9286576	0	0	0.39	4.215583e-18
3.180059183103514e-09	-0.024427168	0.119750656	-0.92761296	0	0	0.39	4.8756395e-18
3.1900154840857985e-09	-0.02180393	0.13454011	-0.925193	0	0	0.39	4.507073e-18
3.2000461205026504e-09	-0.010746808	0.13348654	-0.9243507	0	0	0.39	5.766246e-18
3.2100439037506013e-09	-0.002847984	0.12198286	-0.9252376	0	0	0.39	3.7083127e-18
3.2200300267109686e-09	0.014119359	0.10832645	-0.9265416	0	0	0.39	5.2705715e-18
3.2300348087061323e-09	0.005696744	0.111701675	-0.9338949	0	0	0.39	4.7696446e-18
3.240028852270441e-09	0.0076607894	0.10309384	-0.9393065	0	0	0.39	4.52702e-18
3.2500625619635246e-09	0.0025618516	0.07924825	-0.9407551	0	0	0.39	4.690448e-18
3.26003335212375e-09	-0.012981479	0.09241106	-0.9339628	0	0	0.39	5.2640943e-18
3.270059027774596e-09	-0.0072723674	0.11159966	-0.9402494	0	0	0.39	4.4502015e-18
3.280028088014645e-09	-0.008737078	0.122108266	-0.9348777	0	0	0.39	3.8203403e-18
3.2900386889492574e-09	0.020864531	0.12661566	-0.93157953	0	0	0.39	5.3616627e-18
3.3000069309680088e-09	0.044147424	0.1263776	-0.92951053	0	0	0.39	4.896255e-18
3.310066432835544e-09	0.059306823	0.12094786	-0.9253788	0	0	0.39	4.1009596e-18
3.320011792297737e-09	0.06471998	0.11381326	-0.92014605	0	0	0.39	4.2110975e-18
3.330047265433787e-09	0.07049091	0.1015024	-0.9257328	0	0	0.39	3.9206082e-18
3.34006320848023e-09	0.062453456	0.107681446	-0.9215888	0	0	0.39	4.982871e-18
3.350054984712195e-09	0.05792722	0.10349392	-0.92353857	0	0	0.39	5.0349045e-18
3.360042723494102e-09	0.051467303	0.131776	-0.9212017	0	0	0.39	3.7425415e-18
3.3700041153154776e-09	0.07124355	0.13716882	-0.92762864	0	0	0.39	4.157409e-18
3.3800392913271387e-09	0.083403885	0.1456095	-0.92869645	0	0	0.39	4.534528e-18
3.390053852365628e-09	0.08084136	0.12934479	-0.93139654	0	0	0.39	4.135815e-18
3.400039693284626e-09	0.06678125	0.1308025	-0.9324641	0	0	0.39	5.18921e-18
3.410051928499975e-09	0.073321775	0.12997863	-0.93611366	0	0	0.39	4.9997303e-18
3.4200080893312894e-09	0.08007712	0.12875208	-0.9355903	0	0	0.39	4.6375525e-18
3.430001814305067e-09	0.0843311	0.12769744	-0.934262	0	0	0.39	4.308277e-18
3.440047089406281e-09	0.09216089	0.12625936	-0.9326932	0	0	0.39	4.7777584e-18
3.450057276299353e-09	0.10081108	0.117594376	-0.9292864	0	0	0.39	4.2053742e-18
3.4600103821830127e-09	0.090560235	0.10942243	-0.92755216	0	0	0.39	4.8031454e-18
3.470031566454089e-09	0.100185975	0.12031896	-0.9241388	0	0	0.39	5.0072485e-18
3.4800454178372123e-09	0.10810233	0.12316158	-0.91922015	0	0	0.39	4.3575817e-18
3.4900443722709076e-09	0.12172416	0.14219329	-0.9181388	0	0	0.39	4.278783e-18
3.500011301053487e-09	0.1261756	0.1306607	-0.9169982	0	0	0.39	5.32083e-18
3.5100215318289384e-09	0.13115385	0.13476992	-0.9153288	0	0	0.39	3.8517376e-18
3.5200030927281605e-09	0.13216978	0.13196103	-0.91617507	0	0	0.39	4.7466705e-18
3.5300097052700117e-09	0.12139226	0.12012762	-0.91712195	0	0	0.39	4.6227518e-18
3.540037851639968e-09	0.107785314	0.121275015	-0.91550034	0	0	0.39	5.183458e-18
3.5500616128282145e-09	0.08339659	0.12982172	-0.9206492	0	0	0.39	4.78253e-18
3.5600074342589664e-09	0.09506844	0.12890464	-0.92096937	0	0	0.39	5.2498143e-18
3.570004952699376e-09	0.10515604	0.14090914	-0.922663	0	0	0.39	4.680797e-18
3.5800661923074875e-09	0.11893036	0.14879239	-0.92511004	0	0	0.39	4.4903454e-18
3.590008874265649e-09	0.15369324	0.12483563	-0.92022216	0	0	0.39	4.3051566e-18
3.600023483576055e-09	0.17766328	0.12530501	-0.9101292	0	0	0.39	4.4296076e-18
3.6100454112725566e-09	0.17572157	0.12684935	-0.9011178	0	0	0.39	3.750469e-18
3.62006111561234e-09	0.14844796	0.11479482	-0.90330774	0	0	0.39	4.1762385e-18
3.630051019547453e-09	0.13851891	0.116351895	-0.89972883	0	0	0.39	4.1530398e-18
3.6400452406612725e-09	0.12756313	0.1252559	-0.9015587	0	0	0.39	5.0559483e-18
3.6500084106611068e-09	0.1094854	0.14261468	-0.9078871	0	0	0.39	4.8339165e-18
3.660027983797827e-09	0.118151434	0.16480687	-0.90436304	0	0	0.39	3.6582414e-18
3.6700370645091195e-09	0.11289534	0.17837872	-0.90362406	0	0	0.39	4.712734e-18
3.680012639640986e-09	0.10130232	0.18151885	-0.9063934	0	0	0.39	4.610328e-18
3.690029261872346e-09	0.093496285	0.18130314	-0.9088106	0	0	0.39	4.402034e-18
3.7000352517588773e-09	0.08463664	0.19352485	-0.90884984	0	0	0.39	4.9426304e-18
3.7100382479785323e-09	0.08031117	0.19472662	-0.906189	0	0	0.39	4.471422e-18
3.7200112891865837e-09	0.07584242	0.17600186	-0.90795046	0	0	0.39	4.6680325e-18
3.73005023535788e-09	0.053081173	0.16830783	-0.9094896	0	0	0.39	4.2602742e-18
3.740000731882208e-09	0.026733173	0.16162568	-0.9140371	0	0	0.39	4.051833e-18
3.7500643384919245e-09	0.0321505	0.17853151	-0.9120846	0	0	0.39	3.9826588e-18
3.76004043607769e-09	0.018687833	0.1850192	-0.9082138	0	0	0.39	5.096506e-18
3.77003526395238e-09	0.00019024863	0.18630902	-0.916662	0	0	0.39	5.2131826e-18
3.7800140763471394e-09	0.0014476811	0.19036643	-0.9191967	0	0	0.39	4.0473852e-18
3.79003087348044e-09	-0.0056859213	0.20216376	-0.91860634	0	0	0.39	4.7497133e-18
3.800004637955203e-09	-0.022595093	0.20357569	-0.916656	0	0	0.39	4.5052297e-18
3.810065759575999e-09	-0.019474536	0.19870691	-0.9187642	0	0	0.39	4.2732353e-18
3.8200549670645505e-09	-0.016375612	0.19283152	-0.916105	0	0	0.39	5.0834885e-18
3.830047316872859e-09	-0.020470856	0.18883553	-0.9158493	0	0	0.39	4.3971147e-18
3.840001608818986e-09	-0.034947578	0.18640049	-0.9148438	0	0	0.39	4.4527964e-18
3.850053927236365e-09	-0.030204562	0.17694345	-0.91659397	0	0	0.39	5.592703e-18
3.860060172078769e-09	-0.036089048	0.17638952	-0.91880405	0	0	0.39	4.891292e-18
3.870019473639695e-09	-0.042794876	0.16431214	-0.9225321	0	0	0.39	4.1998938e-18
3.880028106077931e-09	-0.055309527	0.16590929	-0.922237	0	0	0.39	3.9654005e-18
3.890005655859323e-09	-0.05355892	0.18536459	-0.9209411	0	0	0.39	4.7452175e-18
3.900004600647339e-09	-0.06418335	0.18682252	-0.9192436	0	0	0.39	4.379214e-18
3.91006167508926e-09	-0.050402954	0.17928718	-0.9159527	0	0	0.39	3.4419362e-18
3.920040710468669e-09	-0.061057273	0.16532968	-0.9115561	0	0	0.39	5.310959e-18
3.93004637701308e-09	-0.081246704	0.14477879	-0.9140496	0	0	0.39	4.931765e-18
3.940001873942507e-09	-0.090381876	0.14464706	-0.9166563	0	0	0.39	5.2569148e-18
3.950051997851743e-09	-0.10357373	0.15969245	-0.9174762	0	0	0.39	4.7586075e-18
3.960011032556388e-09	-0.10561246	0.16338108	-0.91651285	0	0	0.39	4.879861e-18
3.9700361957392275e-09	-0.09895948	0.17208889	-0.91512084	0	0	0.39	4.203633e-18
3.980057618025019e-09	-0.096480325	0.16587259	-0.91826636	0	0	0.39	4.8864677e-18
3.990000311333036e-09	-0.08913701	0.15290163	-0.9236383	0	0	0.39	4.225543e-18
4.0000563313666375e-09	-0.09809246	0.15325274	-0.9196651	0	0	0.39	4.3415935e-18
4.010013658040156e-09	-0.095667064	0.13076554	-0.9226296	0	0	0.39	4.6931097e-18
4.020044246921335e-09	-0.11180848	0.12809186	-0.9224497	0	0	0.39	4.4857004e-18
4.0300533494735475e-09	-0.14064325	0.12509558	-0.9238591	0	0	0.39	4.8064657e-18
4.040054037283671e-09	-0.14332429	0.14299719	-0.917182	0	0	0.39	4.2418645e-18
4.05005926647513e-09	-0.14993617	0.14523013	-0.9116189	0	0	0.39	4.907919e-18
4.060034284586786e-09	-0.15646093	0.16306838	-0.9022441	0	0	0.39	4.006542e-18
4.0700335475449074e-09	-0.1471242	0.14810133	-0.90195125	0	0	0.39	4.3110023e-18
4.0800174304805465e-09	-0.14579587	0.14971896	-0.9001998	0	0	0.39	4.7840036e-18
4.090043495257318e-09	-0.13116749	0.1414865	-0.9069499	0	0	0.39	4.4394254e-18
4.100015305145997e-09	-0.12631842	0.11935816	-0.90978986	0	0	0.39	5.3495532e-18
4.110063098899987e-09	-0.13673444	0.10941991	-0.9085818	0	0	0.39	4.775099e-18
4.120034727036943e-09	-0.13188893	0.11743854	-0.90472406	0	0	0.39	5.0248228e-18
4.130015381977863e-09	-0.14136413	0.095475264	-0.9116656	0	0	0.39	4.735172e-18
4.140030507177731e-09	-0.14822854	0.09215032	-0.91467285	0	0	0.39	4.5300046e-18
4.150019582561191e-09	-0.15033193	0.10140301	-0.913711	0	0	0.39	5.3073136e-18
4.160060355964883e-09	-0.13582101	0.11748693	-0.9244663	0	0	0.39	4.966307e-18
4.17005605630496e-09	-0.1234408	0.1262864	-0.923582	0	0	0.39	4.388943e-18
4.180040577503486e-09	-0.112933435	0.12941937	-0.92480993	0	0	0.39	4.125407e-18
4.190006758983214e-09	-0.10954937	0.12214564	-0.9220363	0	0	0.39	3.6550754e-18
4.200003731002844e-09	-0.11054539	0.12388461	-0.91890913	0	0	0.39	4.6656932e-18
4.210032981250075e-09	-0.12272382	0.120113075	-0.9162813	0	0	0.39	4.7991493e-18
4.220062043088625e-09	-0.15792035	0.139128	-0.9108592	0	0	0.39	3.9214387e-18
4.230007413698349e-09	-0.16965024	0.13476722	-0.91315854	0	0	0.39	4.619915e-18
4.2400348576602274e-09	-0.17021239	0.13783774	-0.9194734	0	0	0.39	4.6849975e-18
4.250004904466049e-09	-0.16595533	0.15068786	-0.9172258	0	0	0.39	4.791998e-18
4.2600188927299055e-09	-0.14400876	0.14011201	-0.92184687	0	0	0.39	3.2924779e-18
4.270055733160836e-09	-0.14002913	0.14346176	-0.924215	0	0	0.39	5.1315436e-18
4.280025545882505e-09	-0.15017088	0.13878277	-0.9265136	0	0	0.39	3.7740806e-18
4.290018867723674e-09	-0.15084977	0.14286216	-0.9204514	0	0	0.39	4.5810065e-18
4.3000449070142855e-09	-0.14860189	0.16472462	-0.91870415	0	0	0.39	4.548956e-18
4.310053616627947e-09	-0.15716651	0.17383267	-0.9179223	0	0	0.39	4.7366798e-18
4.320050462343795e-09	-0.1778319	0.1761378	-0.9160301	0	0	0.39	4.4161746e-18
4.330053213905583e-09	-0.17915982	0.18191092	-0.9122706	0	0	0.39	5.670273e-18
4.3400577055643295e-09	-0.1792722	0.18668991	-0.9124422	0	0	0.39	4.5257814e-18
4.350000639823695e-09	-0.18014114	0.19496661	-0.9085719	0	0	0.39	4.4406856e-18
4.360004739391393e-09	-0.17098328	0.19903614	-0.9044866	0	0	0.39	4.2348736e-18
4.37005614170201e-09	-0.17129561	0.20834674	-0.89944285	0	0	0.39	4.598041e-18
4.380052743432963e-09	-0.17002243	0.22672936	-0.89529353	0	0	0.39	5.2066003e-18
4.390022973407271e-09	-0.18867809	0.19274914	-0.89812434	0	0	0.39	4.8043986e-18
4.400064778938722e-09	-0.18344931	0.17367667	-0.8984534	0	0	0.39	4.347731e-18
4.410011536405105e-09	-0.18896249	0.17631036	-0.89715487	0	0	0.39	5.2971422e-18
4.4200101714192075e-09	-0.19655658	0.1749894	-0.8930739	0	0	0.39	4.04006e-18
4.430026736407729e-09	-0.19270064	0.17024374	-0.89755803	0	0	0.39	4.8974308e-18
4.440013069960647e-09	-0.21154073	0.17667906	-0.89296055	0	0	0.39	4.1154618e-18
4.450020751414405e-09	-0.22621162	0.16076472	-0.8890904	0	0	0.39	4.8851157e-18
4.460062150509008e-09	-0.23889822	0.13947704	-0.8899497	0	0	0.39	4.8537416e-18
4.470042393385113e-09	-0.25058952	0.13161719	-0.8909884	0	0	0.39	5.609804e-18
4.480052403792505e-09	-0.25443047	0.12735923	-0.8903084	0	0	0.39	3.8746927e-18
4.490057507478076e-09	-0.25497782	0.111116655	-0.88878495	0	0	0.39	4.9213214e-18
4.500009692000158e-09	-0.25995153	0.09187793	-0.8874774	0	0	0.39	4.6830624e-18
4.510053113841982e-09	-0.25882307	0.09026958	-0.891572	0	0	0.39	4.2538396e-18
4.5200073345580475e-09	-0.25413805	0.05431863	-0.89591354	0	0	0.39	4.518179e-18
4.530017096015014e-09	-0.24897826	0.039029546	-0.8951443	0	0	0.39	4.3809297e-18
4.540028311699065e-09	-0.24320461	0.025318779	-0.8997278	0	0	0.39	6.003288e-18
4.5500390205082255e-09	-0.2408315	0.014591649	-0.89890486	0	0	0.39	5.160215e-18
4.560035039055927e-09	-0.25824836	0.010714066	-0.90242416	0	0	0.39	3.48757e-18
4.5700125947611074e-09	-0.27042848	0.008653551	-0.90207523	0	0	0.39	4.0672942e-18
4.580058389364785e-09	-0.28964308	0.010508249	-0.898057	0	0	0.39	5.295797e-18
4.590024979018065e-09	-0.2908659	0.028046185	-0.9026207	0	0	0.39	4.1065845e-18
4.60006607034575e-09	-0.26966056	0.0385508	-0.90197736	0	0	0.39	4.5956724e-18
4.6100442273933206e-09	-0.25862774	0.03911439	-0.89933366	0	0	0.39	4.905241e-18
4.62006094897854e-09	-0.23783758	0.02831073	-0.90766406	0	0	0.39	5.1415065e-18
4.630039375008481e-09	-0.23388167	0.020806177	-0.9100222	0	0	0.39	4.562418e-18
4.640026540012331e-09	-0.24387482	0.0069124065	-0.90527827	0	0	0.39	3.7822035e-18
4.650030324311715e-09	-0.26222092	0.0061461045	-0.90229625	0	0	0.39	3.9224876e-18
4.660014803681165e-09	-0.26066753	0.008547149	-0.90401495	0	0	0.39	5.27284e-18
4.670055435073992e-09	-0.26216784	-0.0003098455	-0.9016666	0	0	0.39	4.4503157e-18
4.680010849069802e-09	-0.27925274	-0.0008405911	-0.901837	0	0	0.39	5.5503745e-18
4.690046469493155e-09	-0.28811562	0.011511525	-0.89459926	0	0	0.39	4.2323933e-18
4.700004317618376e-09	-0.27149388	-0.0012284687	-0.89922106	0	0	0.39	5.304697e-18
4.710038354399746e-09	-0.27966103	0.008323947	-0.8991322	0	0	0.39	4.6516886e-18
4.720010599058085e-09	-0.27545866	0.0080795875	-0.89933366	0	0	0.39	4.2878508e-18
4.73005590830893e-09	-0.2767574	-0.0110296635	-0.9006173	0	0	0.39	4.7842543e-18
4.740012296243834e-09	-0.26990235	-0.019552898	-0.8994386	0	0	0.39	4.394594e-18
4.750026473481818e-09	-0.26612008	-0.024799878	-0.8925401	0	0	0.39	4.5055337e-18
4.760025279949924e-09	-0.27403522	-0.03516729	-0.8919959	0	0	0.39	4.8114507e-18
4.770005185290626e-09	-0.2703307	-0.052936647	-0.8922609	0	0	0.39	4.090384e-18
4.7800576251479026e-09	-0.2716697	-0.06040037	-0.88715523	0	0	0.39	5.7019607e-18
4.790045753791067e-09	-0.255243	-0.05843575	-0.8930356	0	0	0.39	4.998753e-18
4.8000395884728736e-09	-0.2453215	-0.051955257	-0.8924094	0	0	0.39	4.187984e-18
4.8100309679387074e-09	-0.23927794	-0.061072785	-0.8974226	0	0	0.39	4.037008e-18
4.820019061312199e-09	-0.24255167	-0.06429182	-0.891934	0	0	0.39	4.8989706e-18
4.830058358110044e-09	-0.23654392	-0.05396431	-0.8858845	0	0	0.39	4.3583977e-18
4.840063512526959e-09	-0.21988615	-0.0597107	-0.8906582	0	0	0.39	4.0207674e-18
4.850048458535859e-09	-0.22031662	-0.064471334	-0.8914816	0	0	0.39	2.9476627e-18
4.8600433927169294e-09	-0.24075243	-0.082706526	-0.8926168	0	0	0.39	4.4085215e-18
4.870054856764649e-09	-0.2575224	-0.07631183	-0.8914086	0	0	0.39	4.8027583e-18
4.880012525987804e-09	-0.25780138	-0.096622445	-0.89197105	0	0	0.39	4.1516294e-18
4.890039786200228e-09	-0.2514909	-0.07545141	-0.898492	0	0	0.39	5.694245e-18
4.9000181482247124e-09	-0.24930017	-0.095235325	-0.90189695	0	0	0.39	4.646775e-18
4.910033411770497e-09	-0.24615227	-0.08644637	-0.90318185	0	0	0.39	4.1192813e-18
4.9200191064992224e-09	-0.24677195	-0.10145039	-0.9027799	0	0	0.39	5.1686418e-18
4.930022362877445e-09	-0.23730367	-0.10907737	-0.9070322	0	0	0.39	5.076399e-18
4.940034406112875e-09	-0.21979083	-0.100540884	-0.9097735	0	0	0.39	4.8754315e-18
4.950051776287631e-09	-0.20081145	-0.09548048	-0.9137699	0	0	0.39	4.7288795e-18
4.960044987751742e-09	-0.17855658	-0.106399566	-0.9178648	0	0	0.39	4.8572223e-18
4.970055921124068e-09	-0.19266085	-0.12472444	-0.9129634	0	0	0.39	4.974329e-18
4.980034866341822e-09	-0.19642437	-0.1366333	-0.90945154	0	0	0.39	5.2486157e-18
4.990064643639721e-09	-0.2129062	-0.13959353	-0.90375745	0	0	0.39	4.221042e-18
5.000042030671712e-09	-0.22238186	-0.15179388	-0.8983757	0	0	0.39	5.1432693e-18
5.010017500652052e-09	-0.21836743	-0.1531261	-0.9007598	0	0	0.39	5.0538188e-18
5.02005954014209e-09	-0.22534667	-0.15452828	-0.8888541	0	0	0.39	4.5183277e-18
5.0300327063304255e-09	-0.20525703	-0.15964697	-0.88761216	0	0	0.39	4.582341e-18
5.040023252095306e-09	-0.1808109	-0.18798783	-0.8797679	0	0	0.39	4.6900905e-18
5.0500657132642266e-09	-0.15905604	-0.21357195	-0.88095504	0	0	0.39	4.3090986e-18
5.060013536740174e-09	-0.1447883	-0.23467933	-0.8831572	0	0	0.39	4.888943e-18
5.070016083890579e-09	-0.13674146	-0.2556717	-0.8798688	0	0	0.39	4.5976857e-18
5.080055778270442e-09	-0.119644284	-0.2838014	-0.8780796	0	0	0.39	4.3514804e-18
5.090000560315056e-09	-0.12259559	-0.30289665	-0.8753696	0	0	0.39	4.5229256e-18
5.100035760085243e-09	-0.1268034	-0.30647087	-0.8748208	0	0	0.39	4.793864e-18
5.110055845372902e-09	-0.12549798	-0.30462635	-0.8736118	0	0	0.39	4.8412805e-18
5.120057192327119e-09	-0.11675237	-0.30045694	-0.87630427	0	0	0.39	5.335618e-18
5.130045870983753e-09	-0.09400792	-0.31416357	-0.8723156	0	0	0.39	5.406965e-18
5.140051855974682e-09	-0.08163982	-0.30373615	-0.87604225	0	0	0.39	5.1522636e-18
5.150028979989429e-09	-0.07132153	-0.30701578	-0.8713477	0	0	0.39	4.382023e-18
5.160059522433778e-09	-0.047695946	-0.31104037	-0.8719023	0	0	0.39	4.870514e-18
5.170005910222567e-09	-0.042671323	-0.31292096	-0.86876523	0	0	0.39	4.532996e-18
5.180031956010403e-09	-0.00779077	-0.31993824	-0.8698799	0	0	0.39	5.4952875e-18
5.190033595218246e-09	0.0102266045	-0.32035837	-0.8701674	0	0	0.39	4.114307e-18
5.20000027479384e-09	0.029008513	-0.3078524	-0.87580377	0	0	0.39	4.837075e-18
5.210018596390805e-09	0.030451164	-0.30403495	-0.8765265	0	0	0.39	3.5931957e-18
5.220062298832092e-09	0.036078792	-0.2973778	-0.8752207	0	0	0.39	4.311806e-18
5.230054383214354e-09	0.054525387	-0.3075572	-0.8754996	0	0	0.39	5.6029356e-18
5.240030324234839e-09	0.070901416	-0.29701042	-0.8800435	0	0	0.39	4.193241e-18
5.2500268247313025e-09	0.074177556	-0.30937186	-0.8760702	0	0	0.39	5.5298265e-18
5.2600034604204176e-09	0.07702595	-0.31502366	-0.87910527	0	0	0.39	5.0834815e-18
5.2700485692350784e-09	0.0983787	-0.32550183	-0.87992597	0	0	0.39	3.4364627e-18
5.2800073632870425e-09	0.09774265	-0.3181106	-0.8852363	0	0	0.39	4.599173e-18
5.290031397322185e-09	0.088605404	-0.30556008	-0.885221	0	0	0.39	3.8822833e-18
5.300015556811016e-09	0.08557158	-0.3003077	-0.88335633	0	0	0.39	4.477812e-18
5.310007519507825e-09	0.09843311	-0.28736535	-0.8807338	0	0	0.39	4.5858637e-18
5.320065141509703e-09	0.11825922	-0.2839933	-0.8819641	0	0	0.39	5.8488274e-18
5.330023526563024e-09	0.1593876	-0.28144106	-0.8732115	0	0	0.39	5.0187463e-18
5.340042916026665e-09	0.18065505	-0.27200896	-0.8751439	0	0	0.39	5.4672027e-18
5.350004749424671e-09	0.20286976	-0.26804426	-0.8777268	0	0	0.39	4.652747e-18
5.360008105385293e-09	0.21201985	-0.2546683	-0.8822002	0	0	0.39	4.921386e-18
5.370064590769965e-09	0.21970277	-0.24200504	-0.8827676	0	0	0.39	5.3582965e-18
5.380028591269225e-09	0.21880141	-0.23973466	-0.8913583	0	0	0.39	4.581189e-18
5.39003801128009e-09	0.20287713	-0.2645385	-0.88935035	0	0	0.39	4.6272082e-18
5.4000074743296676e-09	0.18709786	-0.26116967	-0.8841147	0	0	0.39	3.9363524e-18
5.410017897280539e-09	0.20012473	-0.2524324	-0.88126945	0	0	0.39	5.1379972e-18
5.42001829105801e-09	0.19850005	-0.2666089	-0.8834484	0	0	0.39	4.3974166e-18
5.430014287299461e-09	0.19565295	-0.25465193	-0.8904143	0	0	0.39	4.1863557e-18
5.44004019164458e-09	0.19507362	-0.25402468	-0.8871776	0	0	0.39	5.2391316e-18
5.450019894042218e-09	0.20059004	-0.24100186	-0.886375	0	0	0.39	3.931555e-18
5.460004878097795e-09	0.19894123	-0.22678071	-0.892055	0	0	0.39	4.8357884e-18
5.4700153307408765e-09	0.21943724	-0.21681114	-0.8915255	0	0	0.39	4.636381e-18
5.4800573650938585e-09	0.23715313	-0.2105343	-0.89215887	0	0	0.39	4.1507596e-18
5.4900526054414175e-09	0.24165806	-0.2141561	-0.8896758	0	0	0.39	4.3153223e-18
5.500050150606429e-09	0.24067754	-0.21521229	-0.8934281	0	0	0.39	3.4110257e-18
5.510007284609586e-09	0.24642412	-0.20080309	-0.89115417	0	0	0.39	5.8857768e-18
5.520041078580492e-09	0.25367036	-0.21381783	-0.8845896	0	0	0.39	3.720233e-18
5.530026965639687e-09	0.26462623	-0.21854773	-0.8791657	0	0	0.39	5.4175115e-18
5.540023666267403e-09	0.27487317	-0.202203	-0.88459337	0	0	0.39	5.231432e-18
5.550014611587442e-09	0.26972944	-0.18884164	-0.8868956	0	0	0.39	5.245244e-18
5.560041134363677e-09	0.26084727	-0.19850476	-0.88787204	0	0	0.39	5.4520124e-18
5.570017458799142e-09	0.24824148	-0.20466547	-0.88883835	0	0	0.39	4.7245757e-18
5.580064937028952e-09	0.2522808	-0.20697476	-0.88539267	0	0	0.39	5.057764e-18
5.590014765531895e-09	0.27982375	-0.19555536	-0.8794622	0	0	0.39	3.592298e-18
5.600040840420391e-09	0.28346306	-0.17948899	-0.8807238	0	0	0.39	4.7277156e-18
5.61002743556099e-09	0.29185766	-0.17261957	-0.880036	0	0	0.39	5.2523334e-18
5.620062967038157e-09	0.2911809	-0.17692243	-0.8775381	0	0	0.39	4.5247127e-18
5.630007896440761e-09	0.29713237	-0.15240513	-0.87046576	0	0	0.39	3.960083e-18
5.640028076165315e-09	0.32234362	-0.14916937	-0.8669005	0	0	0.39	5.591341e-18
5.6500373985304885e-09	0.3376148	-0.1344701	-0.8674066	0	0	0.39	4.4680285e-18
5.660005716258953e-09	0.3420825	-0.14086981	-0.87144965	0	0	0.39	5.0848116e-18
5.670013628927657e-09	0.33208162	-0.14234704	-0.88049626	0	0	0.39	3.836263e-18
5.680018561695356e-09	0.33055973	-0.14996597	-0.8807062	0	0	0.39	3.7424732e-18
5.690053989278029e-09	0.32907686	-0.14728723	-0.87450135	0	0	0.39	3.365707e-18
5.700045064442573e-09	0.31908342	-0.13652398	-0.87241155	0	0	0.39	4.693846e-18
5.710000985715032e-09	0.30869827	-0.113537125	-0.8721892	0	0	0.39	4.8958045e-18
5.720044503300167e-09	0.30794355	-0.101020955	-0.86543614	0	0	0.39	3.7935094e-18
5.7300147032455825e-09	0.31681955	-0.07410109	-0.8617721	0	0	0.39	4.1723743e-18
5.740041848487727e-09	0.3389669	-0.04259323	-0.85970646	0	0	0.39	5.4871026e-18
5.75004118838149e-09	0.3407806	0.00018887449	-0.86518633	0	0	0.39	3.1453485e-18
5.760057952416602e-09	0.35484442	0.031617112	-0.86373895	0	0	0.39	4.324546e-18
5.77005332052832e-09	0.3610243	0.036295976	-0.8575243	0	0	0.39	4.6283564e-18
5.78001352662707e-09	0.3599166	0.0531351	-0.8482932	0	0	0.39	4.6808852e-18
5.790056238511594e-09	0.36137444	0.07068003	-0.84283566	0	0	0.39	3.813083e-18
5.800046921374164e-09	0.33174178	0.093290664	-0.841992	0	0	0.39	5.0376933e-18
5.810054777144246e-09	0.30859202	0.11574631	-0.8359187	0	0	0.39	5.1928666e-18
5.820036862303666e-09	0.25303155	0.12806837	-0.8335297	0	0	0.39	5.297609e-18
5.830050366662339e-09	0.17947365	0.16671719	-0.8171634	0	0	0.39	4.667307e-18
5.840044341369879e-09	0.08180695	0.17564133	-0.8095079	0	0	0.39	5.2031087e-18
5.850039526603793e-09	-0.011019693	0.16150574	-0.80884516	0	0	0.39	4.7984338e-18
5.8600629275440815e-09	-0.10566326	0.13768157	-0.80132157	0	0	0.39	4.205821e-18
5.870036191772854e-09	-0.18798971	0.06560185	-0.8099518	0	0	0.39	4.2691697e-18
5.880009174151906e-09	-0.23111013	0.008100499	-0.8046669	0	0	0.39	3.6341655e-18
5.890038840134903e-09	-0.25880313	-0.085424885	-0.80469877	0	0	0.39	4.199775e-18
5.9000575750205534e-09	-0.25030768	-0.19519827	-0.79569596	0	0	0.39	4.2387874e-18
5.910000739053948e-09	-0.20338553	-0.25540942	-0.7765055	0	0	0.39	5.5000703e-18
5.920048074373592e-09	-0.099287	-0.29516825	-0.7644622	0	0	0.39	4.606627e-18
5.930040264895511e-09	0.01721478	-0.2956429	-0.75371796	0	0	0.39	4.790701e-18
5.94003240632313e-09	0.122869484	-0.26965532	-0.7542473	0	0	0.39	4.2445355e-18
5.95005221537655e-09	0.2039472	-0.20423709	-0.7559586	0	0	0.39	4.6268885e-18
5.9600474309456385e-09	0.28883258	-0.10846903	-0.7508969	0	0	0.39	4.6673546e-18
5.97004532038927e-09	0.2987057	0.0019322053	-0.745446	0	0	0.39	6.0231524e-18
5.98003066564148e-09	0.24577786	0.10620833	-0.7349574	0	0	0.39	5.3031016e-18
5.990031058510808e-09	0.13877548	0.17400308	-0.7125818	0	0	0.39	4.6792855e-18
6.000060036210256e-09	-0.011514249	0.17915702	-0.6976563	0	0	0.39	3.2230168e-18
6.01003264767254e-09	-0.16684447	0.1155792	-0.68436307	0	0	0.39	5.3370103e-18
6.0200515673528135e-09	-0.264046	0.015259522	-0.6825898	0	0	0.39	4.381964e-18
6.030014661530809e-09	-0.2899533	-0.07318922	-0.6778121	0	0	0.39	4.8322266e-18
6.040041373454149e-09	-0.2784069	-0.23549435	-0.671053	0	0	0.39	4.475789e-18
6.050026601788627e-09	-0.15291803	-0.35521522	-0.6588829	0	0	0.39	5.0453075e-18
6.0600252820255175e-09	-0.002109554	-0.4160844	-0.64917684	0	0	0.39	4.455633e-18
6.070062296788226e-09	0.1495368	-0.40990344	-0.6488832	0	0	0.39	4.5593815e-18
6.0800091670249306e-09	0.26784796	-0.31080097	-0.64955175	0	0	0.39	4.5297734e-18
6.090026327666224e-09	0.28650016	-0.14855951	-0.6592084	0	0	0.39	4.6671602e-18
6.100044041213393e-09	0.23620561	-0.014113516	-0.6510236	0	0	0.39	4.7269497e-18
6.110017369365901e-09	0.14903165	0.095105365	-0.63278663	0	0	0.39	4.0176175e-18
6.120023629106816e-09	-0.014298053	0.14441092	-0.6165692	0	0	0.39	4.4353098e-18
6.130049742767823e-09	-0.19465649	0.0998127	-0.61387444	0	0	0.39	4.599215e-18
6.140057188866707e-09	-0.3280296	0.049607527	-0.61170334	0	0	0.39	3.8472807e-18
6.150050673774862e-09	-0.4370647	-0.10216558	-0.60284066	0	0	0.39	3.8520304e-18
6.160024907965101e-09	-0.42325422	-0.28252047	-0.602294	0	0	0.39	4.216907e-18
6.170000595201293e-09	-0.27002704	-0.4067712	-0.5908087	0	0	0.39	3.6844726e-18
6.180011199630346e-09	-0.099356286	-0.41764992	-0.5804651	0	0	0.39	3.8866008e-18
6.190044137029946e-09	0.07668994	-0.35761824	-0.5720534	0	0	0.39	3.994753e-18
6.20005815281577e-09	0.2237558	-0.24053004	-0.56976867	0	0	0.39	3.689471e-18
6.210034830452199e-09	0.24732317	-0.050414987	-0.56921566	0	0	0.39	3.5561342e-18
6.220059867341778e-09	0.15194273	0.09122003	-0.55191565	0	0	0.39	3.9370133e-18
6.230061934622496e-09	0.020110507	0.1826534	-0.53953516	0	0	0.39	3.4085007e-18
6.240011098482307e-09	-0.12880008	0.2399205	-0.51645565	0	0	0.39	4.22235e-18
6.250026912185253e-09	-0.31511462	0.19982843	-0.49955145	0	0	0.39	4.264059e-18
6.260014806406812e-09	-0.45477492	0.037512545	-0.49602008	0	0	0.39	3.92222e-18
6.270021856401213e-09	-0.47123066	-0.18117486	-0.48137236	0	0	0.39	4.054627e-18
6.280036257170002e-09	-0.27780282	-0.35356957	-0.47030005	0	0	0.39	4.139545e-18
6.290036354917771e-09	-0.011316111	-0.323501	-0.46259123	0	0	0.39	2.486141e-18
6.300059770867656e-09	0.1461194	-0.20499544	-0.46744928	0	0	0.39	3.537831e-18
6.310013953759253e-09	0.26127225	-0.076808736	-0.47428906	0	0	0.39	2.7454604e-18
6.320018754016137e-09	0.2735431	0.10900885	-0.46693084	0	0	0.39	4.366835e-18
6.3300398509035084e-09	0.15010667	0.2746707	-0.45941383	0	0	0.39	4.1963915e-18
6.340037004756056e-09	-0.043130826	0.33104306	-0.45305192	0	0	0.39	4.9419157e-18
6.350036078846137e-09	-0.2586373	0.28716114	-0.43633863	0	0	0.39	4.5640782e-18
6.36002945476816e-09	-0.41097283	0.1492193	-0.42491803	0	0	0.39	3.545301e-18
6.3700056787732066e-09	-0.43988395	-0.049906816	-0.424501	0	0	0.39	4.4873523e-18
6.380053768896917e-09	-0.33314633	-0.2592434	-0.4082876	0	0	0.39	3.7621063e-18
6.390015961995291e-09	-0.13719936	-0.36942753	-0.38823178	0	0	0.39	4.446109e-18
6.4000103327856016e-09	0.10190443	-0.31968474	-0.37505484	0	0	0.39	3.908622e-18
6.410057271422576e-09	0.27879652	-0.16531731	-0.3585887	0	0	0.39	2.2750312e-18
6.420040554886905e-09	0.31771997	0.026134929	-0.36601368	0	0	0.39	4.0300107e-18
6.430018842830822e-09	0.29603386	0.19310962	-0.36043575	0	0	0.39	2.7072761e-18
6.4400570988167745e-09	0.16400178	0.35009548	-0.3499196	0	0	0.39	3.7213086e-18
6.45003886544895e-09	-0.13316987	0.37111074	-0.33239484	0	0	0.39	3.1452755e-18
6.4600092273267834e-09	-0.3460591	0.19915456	-0.31763172	0	0	0.39	3.138377e-18
6.470013603813961e-09	-0.40505132	-0.060406104	-0.3081809	0	0	0.39	2.6875948e-18
6.480048839667159e-09	-0.2761868	-0.28302795	-0.3135038	0	0	0.39	3.1623797e-18
6.490028905715205e-09	-0.065952815	-0.34371355	-0.305183	0	0	0.39	3.558467e-18
6.500039116137097e-09	0.14133006	-0.28084573	-0.30171683	0	0	0.39	3.2915254e-18
6.510006463861891e-09	0.26877493	-0.08412984	-0.30772918	0	0	0.39	2.6104464e-18
6.520063911863106e-09	0.25786054	0.10392819	-0.30121255	0	0	0.39	3.230774e-18
6.530013069089806e-09	0.21430409	0.2514912	-0.2951487	0	0	0.39	3.9107433e-18
6.540001587165216e-09	0.028248336	0.3845552	-0.28481346	0	0	0.39	2.989328e-18
6.550026140282836e-09	-0.26625937	0.34856626	-0.2696807	0	0	0.39	2.9348755e-18
6.560008504012039e-09	-0.4452044	0.124513544	-0.265078	0	0	0.39	2.5446588e-18
6.570051089742459e-09	-0.4403332	-0.10438303	-0.25379917	0	0	0.39	2.9484332e-18
6.58001484510613e-09	-0.32779276	-0.23123598	-0.24444167	0	0	0.39	3.2152227e-18
6.5900376505203464e-09	-0.13885367	-0.33457857	-0.22779667	0	0	0.39	3.3257243e-18
6.60001267545088e-09	0.12673509	-0.29446572	-0.21188302	0	0	0.39	2.2819103e-18
6.610009385078624e-09	0.32750902	-0.09872139	-0.20097321	0	0	0.39	3.929314e-18
6.620014776235933e-09	0.3214894	0.088703476	-0.19858854	0	0	0.39	2.4598306e-18
6.630021073392897e-09	0.21921772	0.21982616	-0.18303154	0	0	0.39	2.7632113e-18
6.640061183625367e-09	0.044416063	0.30635723	-0.16791749	0	0	0.39	2.5964531e-18
6.650066573236381e-09	-0.21693684	0.26286227	-0.15207607	0	0	0.39	3.0626013e-18
6.6600526308036576e-09	-0.3899663	0.044761315	-0.14109379	0	0	0.39	2.9498948e-18
6.67004764693848e-09	-0.35875684	-0.2422371	-0.12983407	0	0	0.39	2.3392864e-18
6.680042646773112e-09	-0.1573959	-0.39149633	-0.11378968	0	0	0.39	2.615061e-18
6.690017879569638e-09	0.12925202	-0.3880728	-0.09243152	0	0	0.39	2.192549e-18
6.70004468447688e-09	0.35025927	-0.20184404	-0.084419794	0	0	0.39	3.2168405e-18
6.710061086729187e-09	0.3631972	0.07372397	-0.079647705	0	0	0.39	1.7035747e-18
6.7200592616741876e-09	0.21291047	0.29080173	-0.068841696	0	0	0.39	2.6448116e-18
6.730057882009456e-09	-0.027383815	0.35798946	-0.04947837	0	0	0.39	3.014262e-18
6.740032402119639e-09	-0.23608707	0.24696091	-0.025661789	0	0	0.39	3.1114068e-18
6.750029161866308e-09	-0.3597239	0.06829635	-0.020619322	0	0	0.39	2.7017305e-18
6.7600504071439745e-09	-0.35309657	-0.14751896	-0.0221617	0	0	0.39	1.7695726e-18
6.7700475225090145e-09	-0.20727807	-0.31185535	-0.0054272804	0	0	0.39	2.5621233e-18
6.780048174435165e-09	0.0734307	-0.36997443	0.014437145	0	0	0.39	2.008155e-18
6.79006086366855e-09	0.33478057	-0.21582565	0.033899337	0	0	0.39	2.4393414e-18
6.800006489947217e-09	0.41944012	0.036310244	0.051647957	0	0	0.39	2.6419597e-18
6.810029492905717e-09	0.31488374	0.21503961	0.05841307	0	0	0.39	3.0388382e-18
6.820059500470246e-09	0.14756545	0.29786798	0.076850794	0	0	0.39	2.2669058e-18
6.830034147695777e-09	-0.09585363	0.29976133	0.09493415	0	0	0.39	2.4270521e-18
6.840010509940886e-09	-0.30514717	0.12004076	0.11193024	0	0	0.39	2.0299614e-18
6.850005962258673e-09	-0.34654182	-0.12351095	0.11577978	0	0	0.39	2.0267286e-18
6.860018460291812e-09	-0.24239813	-0.29747817	0.1155951	0	0	0.39	2.249093e-18
6.870003075564589e-09	-0.06248019	-0.38621783	0.122697875	0	0	0.39	1.803963e-18
6.880024716159962e-09	0.20027527	-0.30483186	0.13650732	0	0	0.39	2.4147356e-18
6.890038203501524e-09	0.38661927	-0.02922214	0.14721297	0	0	0.39	2.5030173e-18
6.9000197863336746e-09	0.3183055	0.24708807	0.14765881	0	0	0.39	1.4550736e-18
6.910045956528189e-09	0.112773485	0.39746574	0.16123128	0	0	0.39	1.4088757e-18
6.92006335726004e-09	-0.14601894	0.34558722	0.1780019	0	0	0.39	2.016604e-18
6.930052737220878e-09	-0.3148102	0.13867986	0.1908738	0	0	0.39	2.932172e-18
6.940055248659347e-09	-0.3419735	-0.08112386	0.2028813	0	0	0.39	2.0128628e-18
6.950037167689539e-09	-0.2406471	-0.25363633	0.21564622	0	0	0.39	1.9183487e-18
6.96003228265504e-09	-0.036325023	-0.30961564	0.23092347	0	0	0.39	1.5060172e-18
6.970000160525176e-09	0.2503348	-0.22569205	0.24953692	0	0	0.39	2.4597386e-18
6.980001379436425e-09	0.37391055	0.03949956	0.2625161	0	0	0.39	1.5457747e-18
6.990032047606339e-09	0.30142555	0.270866	0.2811694	0	0	0.39	6.8445784e-19
7.000053239972663e-09	0.11774655	0.3796568	0.2977467	0	0	0.39	4.9361776e-19
7.010062744725955e-09	-0.16135421	0.3266091	0.3151735	0	0	0.39	1.5383721e-18
7.020040106486733e-09	-0.32178256	0.0651744	0.32898548	0	0	0.39	8.4330293e-19
7.03006395584472e-09	-0.27945596	-0.20347434	0.3442563	0	0	0.39	1.0863117e-18
7.040061637928104e-09	-0.119940646	-0.32784024	0.3534913	0	0	0.39	1.1786958e-18
7.0500459168609345e-09	0.074912705	-0.34139645	0.3579683	0	0	0.39	1.783787e-18
7.060024361991815e-09	0.30507654	-0.20226431	0.3756579	0	0	0.39	1.7286567e-18
7.07003170181018e-09	0.37276903	0.10261801	0.3827863	0	0	0.39	1.8789474e-18
7.080040225555862e-09	0.1823385	0.3297994	0.38683763	0	0	0.39	1.5878923e-18
7.090055704880455e-09	-0.09391234	0.31605124	0.39632714	0	0	0.39	9.713561e-19
7.100047372431124e-09	-0.29765686	0.13287763	0.40310696	0	0	0.39	8.621295e-19
7.110041285775276e-09	-0.2909706	-0.10747643	0.41466668	0	0	0.39	1.137673e-18
7.120045935405009e-09	-0.17363854	-0.24436799	0.41558114	0	0	0.39	1.022714e-18
7.130058771530591e-09	0.0072146496	-0.3229873	0.42370832	0	0	0.39	1.5278962e-18
7.140023215062218e-09	0.26288852	-0.23129228	0.44174945	0	0	0.39	1.2542036e-18
7.1500558939102615e-09	0.35918647	0.049277678	0.44239345	0	0	0.39	1.4735904e-18
7.160060647037388e-09	0.18966292	0.30238333	0.43968162	0	0	0.39	1.9387883e-18
7.170000912491422e-09	-0.09334753	0.29631025	0.45223477	0	0	0.39	1.1036999e-18
7.180028781614166e-09	-0.263544	0.12683976	0.4618679	0	0	0.39	1.0180142e-18
7.190040576146086e-09	-0.24346198	-0.05577705	0.47040245	0	0	0.39	7.6152325e-19
7.200002754137861e-09	-0.17829914	-0.16302626	0.4742945	0	0	0.39	9.174555e-19
7.21005975003432e-09	-0.040247444	-0.25210187	0.48761985	0	0	0.39	1.7960982e-18
7.220023037096301e-09	0.16285431	-0.22246796	0.5024537	0	0	0.39	1.8360171e-18
7.23002338297553e-09	0.32129595	-0.015433363	0.51525754	0	0	0.39	4.2907697e-20
7.240047346752776e-09	0.23246111	0.23045333	0.5249879	0	0	0.39	4.361085e-19
7.250010700886379e-09	0.0016238443	0.3029107	0.54136246	0	0	0.39	-1.31684835e-20
7.2600346256561395e-09	-0.21303204	0.18720478	0.54843515	0	0	0.39	-9.0969265e-20
7.270020360957134e-09	-0.29146773	-0.030334078	0.56447923	0	0	0.39	4.992002e-19
7.280059939415517e-09	-0.18347894	-0.20430034	0.5684969	0	0	0.39	2.197245e-19
7.2900155102233e-09	-0.00076589914	-0.2811827	0.57444596	0	0	0.39	1.0978956e-18
7.300044118234841e-09	0.21922754	-0.19719653	0.5918714	0	0	0.39	6.3179595e-19
7.310034414685053e-09	0.28169623	0.0143904425	0.6055664	0	0	0.39	-2.3199954e-20
7.320043424220054e-09	0.19280075	0.22314434	0.61477023	0	0	0.39	3.510275e-19
7.3300109873562196e-09	-0.04837685	0.30704516	0.62431943	0	0	0.39	2.4951471e-19
7.340020042601365e-09	-0.26520392	0.16023393	0.6284926	0	0	0.39	3.265417e-19
7.350062680606877e-09	-0.28583494	-0.07736286	0.6424921	0	0	0.39	2.1422855e-19
7.360030568205532e-09	-0.15082076	-0.23617806	0.649387	0	0	0.39	5.0561586e-19
7.370004066841625e-09	0.08834363	-0.2534363	0.65598893	0	0	0.39	4.733538e-19
7.380065773529036e-09	0.24416006	-0.087441385	0.66644746	0	0	0.39	-7.350498e-19
7.390039114827647e-09	0.22371125	0.0896855	0.68360966	0	0	0.39	1.0539553e-18
7.400059577523541e-09	0.108914256	0.2464438	0.6767595	0	0	0.39	9.296043e-19
7.410058589126504e-09	-0.11315982	0.25420544	0.6786275	0	0	0.39	-1.7233729e-19
7.4200232865839225e-09	-0.29808506	0.054416064	0.6875227	0	0	0.39	3.2785833e-19
7.430058374279666e-09	-0.2422635	-0.19309905	0.7030928	0	0	0.39	1.251e-19
7.440060064293902e-09	-0.009414172	-0.29556537	0.716394	0	0	0.39	-5.040269e-19
7.450020573659869e-09	0.22197476	-0.17169717	0.719135	0	0	0.39	-7.4387e-19
7.460040766317882e-09	0.25800228	0.06404368	0.73474205	0	0	0.39	-6.918693e-21
7.470018621177558e-09	0.106326185	0.2300281	0.7422858	0	0	0.39	1.0072028e-18
7.480008768253153e-09	-0.10434519	0.22875595	0.75699025	0	0	0.39	3.8003968e-19
7.490049287301387e-09	-0.2310396	0.059389457	0.75800025	0	0	0.39	-7.795163e-19
7.500065848606162e-09	-0.18032053	-0.12464865	0.7693479	0	0	0.39	-1.0958e-18
7.510002458859466e-09	-0.010926207	-0.22808686	0.77714163	0	0	0.39	2.8648173e-19
7.520062980896264e-09	0.19102037	-0.13351065	0.7835469	0	0	0.39	-7.715974e-19
7.530034703473822e-09	0.22743557	0.0694688	0.7977859	0	0	0.39	-2.695367e-19
7.54004843926814e-09	0.06540111	0.22210224	0.8006008	0	0	0.39	7.871557e-19
7.55005466701001e-09	-0.14761853	0.17534606	0.8076256	0	0	0.39	-4.3971407e-19
7.560044382966734e-09	-0.23068474	-0.035992526	0.8122061	0	0	0.39	2.2764608e-19
7.570022495916457e-09	-0.10557013	-0.22409117	0.8191352	0	0	0.39	-8.239441e-19
7.580012527454197e-09	0.1283959	-0.20609452	0.8166683	0	0	0.39	-1.8742875e-18
7.590058869925492e-09	0.24676518	-0.012525192	0.814272	0	0	0.39	-6.547304e-19
7.600052987948922e-09	0.14119384	0.18243617	0.8258359	0	0	0.39	-6.2843734e-19
7.610047626096945e-09	-0.07348199	0.20986544	0.8367541	0	0	0.39	-1.089832e-18
7.620062123575102e-09	-0.20502579	0.040047158	0.8377108	0	0	0.39	1.5077205e-19
7.63002406333572e-09	-0.13785872	-0.14640929	0.8568971	0	0	0.39	-1.2566259e-18
7.640005223237481e-09	0.05638925	-0.20161358	0.8690139	0	0	0.39	-5.8566915e-19
7.650046967269559e-09	0.21187253	-0.025732106	0.8809108	0	0	0.39	-8.2889174e-19
7.660043951924252e-09	0.08767922	0.18361023	0.8902582	0	0	0.39	-3.3887677e-19
7.670022832613388e-09	-0.14137132	0.1282129	0.9009228	0	0	0.39	-1.4820957e-18
7.680026815131718e-09	-0.15779282	-0.107829005	0.9061934	0	0	0.39	-4.7588197e-19
7.690005932251387e-09	0.08175778	-0.17177914	0.91302425	0	0	0.39	-1.4038788e-18
7.70005259278303e-09	0.19864395	0.0444082	0.9163346	0	0	0.39	-1.1705759e-18
7.710064923740016e-09	-0.009419963	0.19824207	0.9218254	0	0	0.39	-9.824646e-19
7.720032364827937e-09	-0.15903078	0.016195983	0.9280263	0	0	0.39	-8.741815e-19
7.730028366821474e-09	-0.041385416	-0.12798993	0.93425673	0	0	0.39	-8.0926254e-19
7.740040411360945e-09	0.1158309	-0.04936394	0.9371948	0	0	0.39	-1.5346264e-18
7.750043088982969e-09	0.07664572	0.09561268	0.9428129	0	0	0.39	-2.1304347e-18
7.760030146222e-09	-0.08472974	0.07800324	0.9483045	0	0	0.39	-1.0541927e-18
7.770060514115702e-09	-0.07644998	-0.07309479	0.95018196	0	0	0.39	-1.528649e-18
7.780044392587158e-09	0.032666612	-0.09346479	0.95224947	0	0	0.39	-1.3085122e-18
7.790035859472324e-09	0.10572454	0.021756677	0.9530446	0	0	0.39	-7.5685553e-19
7.800032918004993e-09	-0.003973147	0.09969329	0.95584077	0	0	0.39	-1.7175998e-18
7.810003414045806e-09	-0.09640393	0.01249066	0.96071446	0	0	0.39	-1.3836216e-18
7.820039339320582e-09	-0.022084082	-0.08050627	0.9597506	0	0	0.39	-1.6835422e-18
7.830052654494353e-09	0.061822657	-0.022123234	0.95922166	0	0	0.39	-1.2505375e-18
7.84001059537018e-09	0.04364005	0.058093432	0.96057075	0	0	0.39	-1.9912198e-18
7.850037719198612e-09	-0.047623646	0.05968392	0.95942664	0	0	0.39	-1.2120022e-18
7.860057969896602e-09	-0.050659914	-0.03377179	0.95900947	0	0	0.39	-1.2639001e-18
7.870054274901523e-09	0.035309497	-0.043219298	0.9560078	0	0	0.39	-1.7058635e-18
7.880054100435953e-09	0.033891648	0.01874126	0.96031255	0	0	0.39	-1.0956843e-18
7.890018854488825e-09	-0.011711539	0.042977095	0.95791566	0	0	0.39	-1.1159688e-18
7.900037435033167e-09	-0.04452716	-0.01881953	0.9563158	0	0	0.39	-1.9426678e-18
7.910051616771578e-09	0.0010579408	-0.035957754	0.9565571	0	0	0.39	-9.312823e-19
7.920044130813685e-09	0.034014005	-0.015607963	0.9566559	0	0	0.39	-1.14797e-18
7.930012274587934e-09	0.036673896	0.027068814	0.9578325	0	0	0.39	-8.0963875e-19
7.940018437501627e-09	-0.016394934	0.04715641	0.95965517	0	0	0.39	-1.838208e-18
7.950054022107685e-09	-0.03773457	-0.009153525	0.9607872	0	0	0.39	-1.3767258e-18
7.960004632481435e-09	-0.004833294	-0.034332383	0.9616411	0	0	0.39	-2.4623794e-18
7.970059949185508e-09	0.042903457	-0.0021590001	0.95981777	0	0	0.39	-2.1364404e-18
7.98002893590418e-09	0.008793612	0.032435343	0.96013916	0	0	0.39	-1.434874e-18
7.990052463817132e-09	-0.021541346	0.012526139	0.9637587	0	0	0.39	-1.1738709e-18
8.000021051326349e-09	-0.0160361	-0.02395534	0.965395	0	0	0.39	-9.0798e-19
8.010025969823841e-09	0.014250118	-0.018607115	0.9641044	0	0	0.39	-1.5979846e-18
8.020064249335896e-09	0.017981615	0.005405837	0.966472	0	0	0.39	-1.5809873e-18
8.030020055048136e-09	-0.007272368	0.018098418	0.9626686	0	0	0.39	-1.0283156e-18
8.040038737457734e-09	-0.02444559	-0.0013293163	0.9631346	0	0	0.39	-1.8562624e-18
8.050023993881488e-09	-0.003265395	-0.016306262	0.96311057	0	0	0.39	-1.3429183e-19
8.060020376073937e-09	0.011326916	-0.0031739713	0.96284676	0	0	0.39	-9.862334e-19
8.070058147216607e-09	0.009046733	0.02879631	0.96372795	0	0	0.39	-7.553416e-19
8.080064289134486e-09	-0.008782913	0.013859829	0.9594294	0	0	0.39	-1.6307862e-18
8.090043437141398e-09	-0.0063139405	-0.006485832	0.9649779	0	0	0.39	-1.2162485e-18
8.100034515053899e-09	-0.0061835935	0.016775396	0.96300983	0	0	0.39	-1.034895e-18
8.110035250492432e-09	-0.013666203	0.002078181	0.9633463	0	0	0.39	-6.3296574e-19
8.120027180893062e-09	-0.0034714679	-0.016104551	0.96433496	0	0	0.39	-1.7506424e-18
8.130021139169044e-09	-0.00247867	-0.008989391	0.96286595	0	0	0.39	-6.3344075e-19
8.140058223444495e-09	0.024946917	0.014095169	0.96271616	0	0	0.39	-1.2996078e-18
8.15003221807266e-09	-0.009422005	0.019004012	0.9624107	0	0	0.39	-1.6773155e-18
8.160003174456568e-09	-0.033516556	-0.015045864	0.9623586	0	0	0.39	-1.7706529e-18
8.170030156991609e-09	0.02785046	-0.030599777	0.962675	0	0	0.39	-5.9635447e-19
8.180059148169434e-09	0.034619797	0.023036284	0.9627744	0	0	0.39	-5.7933305e-19
8.190038068169539e-09	-0.0010757006	0.011506171	0.96136475	0	0	0.39	-1.1775154e-18
8.200023537923094e-09	-0.033602607	0.0052480693	0.9630554	0	0	0.39	-5.605281e-19
8.210058926139714e-09	0.0051721507	-0.033335615	0.9627789	0	0	0.39	-2.2722204e-19
8.220023393128683e-09	0.033872943	0.008491282	0.96506834	0	0	0.39	-1.969783e-18
8.230025563401303e-09	-0.011733318	0.045160107	0.9656571	0	0	0.39	-1.7976914e-18
8.240052660571534e-09	-0.05629251	-0.014905755	0.96559364	0	0	0.39	-1.2396245e-18
8.250047702952656e-09	0.0013147437	-0.052223187	0.96485925	0	0	0.39	-5.3527597e-19
8.260059421179513e-09	0.04661805	-0.0031279265	0.9647519	0	0	0.39	-2.2514247e-18
8.270014889802903e-09	0.023642156	0.041780755	0.96537006	0	0	0.39	-1.837917e-18
8.280026208885072e-09	-0.04209617	0.026537616	0.96338326	0	0	0.39	-7.363364e-19
8.290012353894656e-09	-0.025145084	-0.028749833	0.9643028	0	0	0.39	-1.3087335e-18
8.300026912485205e-09	0.021462142	-0.034066763	0.9668304	0	0	0.39	-9.989519e-19
8.310064068487063e-09	0.036632124	0.016657831	0.96771806	0	0	0.39	-1.5409388e-18
8.32002188726252e-09	-0.0126126055	0.030469185	0.9663077	0	0	0.39	-1.2198194e-18
8.330031092474692e-09	-0.0147193875	-0.016598681	0.9652994	0	0	0.39	-6.8920394e-19
8.34000649388788e-09	0.02715093	-0.00479875	0.96272963	0	0	0.39	-8.851872e-19
8.350007711144036e-09	0.0043876516	0.030081134	0.9662928	0	0	0.39	-6.7064227e-19
8.360021186872128e-09	-0.014739142	6.716181e-05	0.96619433	0	0	0.39	-2.64839e-18
8.370056528186245e-09	0.024056999	-0.00662804	0.96656835	0	0	0.39	-5.763285e-19
8.380015146901345e-09	-0.00068362243	0.024043666	0.9673355	0	0	0.39	-2.3868183e-18
8.39001979977452e-09	-0.028845292	0.0075065093	0.96781254	0	0	0.39	-1.503141e-18
8.400046237837801e-09	-0.009234879	-0.022297274	0.9665064	0	0	0.39	-6.4927893e-19
8.410019246889482e-09	0.0170087	-0.0018586309	0.96454024	0	0	0.39	-1.5559332e-18
8.420055823435812e-09	0.008160203	-0.0036440995	0.96264035	0	0	0.39	-1.2661565e-18
8.430051581355726e-09	0.025230128	-0.0039143544	0.96520567	0	0	0.39	-1.0953128e-18
8.440024865839682e-09	0.0016778719	0.02180668	0.9651847	0	0	0.39	-1.1332699e-18
8.45002533623866e-09	-0.026753291	0.0014427542	0.9644065	0	0	0.39	-1.2339922e-18
8.460013822660284e-09	-0.005264979	-0.017159142	0.9673148	0	0	0.39	-1.9147792e-18
8.47003816779665e-09	0.018049799	0.0072304164	0.9647259	0	0	0.39	-3.8441795e-19
8.480048540977496e-09	-0.013721957	-0.0041614375	0.96715623	0	0	0.39	-1.544418e-18
8.490061315854816e-09	0.0075478153	-0.01912321	0.9655836	0	0	0.39	-7.634471e-19
8.500027850202826e-09	0.020590149	0.01661828	0.9674439	0	0	0.39	-1.4465295e-18
8.510053922021236e-09	-0.00023697985	0.020190265	0.96546006	0	0	0.39	-9.767063e-19
8.520041687562318e-09	-0.022789756	0.008232027	0.9658088	0	0	0.39	-1.0323848e-18
8.530052201356139e-09	-0.007982555	-0.0222661	0.96392137	0	0	0.39	-1.537167e-18
8.540050726575138e-09	0.0136782145	-0.0034098723	0.9658148	0	0	0.39	-1.311471e-18
8.55005350129452e-09	0.0013468495	0.024239963	0.9651754	0	0	0.39	-1.4497584e-18
8.560001582179564e-09	-0.007706707	0.014613529	0.96245074	0	0	0.39	-1.0802484e-18
8.570010116445012e-09	-0.021221776	-0.018881133	0.9622083	0	0	0.39	-8.96316e-19
8.580020587811262e-09	0.022670386	-0.018064607	0.9634596	0	0	0.39	-1.9645643e-18
8.59000983389046e-09	0.02611931	0.01885948	0.9626753	0	0	0.39	-1.1101282e-18
8.600047336794049e-09	0.0018998317	0.028672159	0.96593946	0	0	0.39	-2.39295e-18
8.610030153007076e-09	-0.03886833	0.0028739967	0.96468365	0	0	0.39	-1.8099878e-18
8.620046690641929e-09	0.0058575487	-0.029552568	0.9616845	0	0	0.39	-1.1336215e-18
8.630060685610285e-09	0.049215693	0.00041107944	0.9580061	0	0	0.39	-9.034026e-19
8.640061890876036e-09	-0.0021151016	0.055699144	0.96310997	0	0	0.39	-6.3884503e-19
8.650007257187646e-09	-0.057705138	0.0057325633	0.96617675	0	0	0.39	-1.1079879e-18
8.660051543921533e-09	-0.01808661	-0.049196627	0.9657812	0	0	0.39	-1.949433e-18
8.67004272691584e-09	0.04037454	-0.006289097	0.96508163	0	0	0.39	-6.7563285e-19
8.680021186041478e-09	0.020121269	0.021054385	0.9647865	0	0	0.39	-1.4360955e-18
8.690016479929633e-09	0.0040641036	0.009611858	0.96450454	0	0	0.39	-2.5770421e-18
8.700021522514053e-09	-0.01683345	0.013424873	0.9625883	0	0	0.39	-1.899877e-18
8.710001542068108e-09	-0.016870528	-0.031311058	0.9621971	0	0	0.39	-2.1190818e-19
8.720054303337605e-09	0.02378363	-0.030023035	0.9626972	0	0	0.39	-7.97306e-19
8.73002842619355e-09	0.019262824	0.032028515	0.96449596	0	0	0.39	-1.1839468e-18
8.740064160250264e-09	-0.016706342	0.02733095	0.9670523	0	0	0.39	-1.4808232e-18
8.750014540489373e-09	-0.022328995	-0.01832123	0.9626516	0	0	0.39	-1.038373e-18
8.760053079968087e-09	0.0087572895	-0.011609477	0.96283996	0	0	0.39	-9.19274e-19
8.770053148472272e-09	0.0021468054	-0.007226336	0.9641288	0	0	0.39	-1.1767959e-18
8.780059918877083e-09	0.014934838	0.011896272	0.9628765	0	0	0.39	-1.4715231e-18
8.790052595282481e-09	-0.02647361	0.0066152546	0.96094364	0	0	0.39	-7.7813744e-19
8.800033816551555e-09	-0.030367462	-0.030347826	0.9604676	0	0	0.39	-2.476188e-19
8.810001071406422e-09	0.032395806	-0.022948248	0.96364844	0	0	0.39	-2.2827745e-18
8.82000203781544e-09	0.02669372	0.031203471	0.9645073	0	0	0.39	-5.9835707e-19
8.830050440244226e-09	-0.059382886	0.02160235	0.9666578	0	0	0.39	-2.2350753e-18
8.840007690573196e-09	-0.039907314	-0.064285636	0.96596235	0	0	0.39	-9.966225e-19
8.850024622649814e-09	0.05713376	-0.037522867	0.9648	0	0	0.39	-1.8497127e-18
8.860061150362365e-09	0.037609432	0.036874436	0.96500474	0	0	0.39	-9.760411e-19
8.870028907953383e-09	-0.028881785	0.028278807	0.964955	0	0	0.39	-9.987113e-19
8.880016293968918e-09	-0.016476039	-0.018762657	0.9672877	0	0	0.39	-1.388077e-18
8.890013983399676e-09	0.003615808	-0.023861194	0.9671524	0	0	0.39	-1.6601887e-18
8.900049862400879e-09	0.033669308	0.008236155	0.9676009	0	0	0.39	-2.0832866e-18
8.910004970621562e-09	-0.014067047	0.028210884	0.9684538	0	0	0.39	-1.9308758e-19
8.920012425924787e-09	-0.029154284	-0.017568603	0.9660879	0	0	0.39	-1.1266821e-18
8.930026332465884e-09	0.019407062	-0.027985957	0.9670649	0	0	0.39	-9.906149e-19
8.940050108434607e-09	0.0125949485	0.020341547	0.96887267	0	0	0.39	-1.2771023e-18
8.950051390359343e-09	-0.020389622	0.010507304	0.9680714	0	0	0.39	-1.3249206e-18
8.960050012523132e-09	0.00533756	-0.013578157	0.96702766	0	0	0.39	-1.5350932e-18
8.970034152091445e-09	0.022688208	0.0063437745	0.96814877	0	0	0.39	-7.86848e-19
8.980034246165517e-09	-0.015351089	0.00317932	0.96718246	0	0	0.39	-1.2394178e-18
8.990001932091184e-09	0.0053271125	-0.0111207655	0.96948683	0	0	0.39	-2.120963e-18
9.000028439275525e-09	0.009673363	-0.008308468	0.97084093	0	0	0.39	-2.4700618e-18
9.01000328966687e-09	0.022951871	-0.004167764	0.9667214	0	0	0.39	-5.071319e-19
9.020046018835742e-09	-0.0009398889	0.018697264	0.96856856	0	0	0.39	-7.0129856e-19
9.030059510355492e-09	-0.01446683	0.0002193401	0.96940005	0	0	0.39	-1.4830677e-18
9.040039281366383e-09	-5.7512905e-05	-0.018305192	0.9676819	0	0	0.39	-8.769546e-19
9.050052913956476e-09	0.022723665	0.006132616	0.967177	0	0	0.39	-1.1727884e-18
9.060010519629552e-09	-0.009902563	0.020536048	0.9662985	0	0	0.39	-1.5314711e-18
9.070006635320337e-09	-0.03567093	-0.005653127	0.96816146	0	0	0.39	-1.6547947e-18
9.080010199814221e-09	0.0018971671	-0.030612245	0.96712714	0	0	0.39	-1.1760362e-18
9.090028627941152e-09	0.028773805	-0.0028553673	0.9697326	0	0	0.39	-9.070292e-19
9.100001568374894e-09	0.0032512755	0.027950028	0.96916425	0	0	0.39	-1.0984338e-18
9.110007117585655e-09	-0.042814214	0.0030020159	0.9677369	0	0	0.39	-2.024059e-18
9.12003037298898e-09	0.0076592555	-0.03358107	0.96646845	0	0	0.39	-7.3459434e-19
9.130001465987986e-09	0.034262426	0.015560138	0.96583146	0	0	0.39	-9.942199e-19
9.140014551172864e-09	-0.011630246	0.04301264	0.9683635	0	0	0.39	-1.3701551e-18
9.150049085910725e-09	-0.04642217	-0.0057199537	0.9695461	0	0	0.39	-2.547472e-18
9.160036871239565e-09	-0.001839555	-0.035404764	0.9680386	0	0	0.39	-1.2691969e-18
9.170018636483874e-09	0.026221896	-0.015576353	0.96840674	0	0	0.39	-1.9085691e-18
9.180061773771478e-09	0.010746012	0.011149909	0.96710503	0	0	0.39	-1.1069094e-18
9.190011067453394e-09	-0.013742162	-0.0018355125	0.96965915	0	0	0.39	-1.3461547e-18
9.200001874901468e-09	0.0014902359	-0.01672248	0.9677289	0	0	0.39	-1.0870677e-18
9.210049411360082e-09	0.0077532595	0.005278589	0.9683224	0	0	0.39	-1.0405998e-18
9.220059668484166e-09	-0.017832054	0.0026141189	0.9677372	0	0	0.39	-7.530377e-19
9.230029755748076e-09	0.012865912	-0.0111229	0.9666961	0	0	0.39	-1.2465517e-18
9.240027823408784e-09	-0.00197036	-0.016866192	0.9675624	0	0	0.39	-2.2651907e-18
9.250020443126661e-09	0.016592834	0.0015203706	0.967983	0	0	0.39	-1.5825741e-18
9.26003454688489e-09	0.0060226647	0.012803844	0.964793	0	0	0.39	-2.4502767e-18
9.270010728526594e-09	0.0008683146	-0.0062119663	0.9670061	0	0	0.39	-1.8353314e-18
9.280014176994966e-09	0.003207888	0.011226637	0.967453	0	0	0.39	-2.1732456e-18
9.290022831520356e-09	-0.01396732	0.012016743	0.9652252	0	0	0.39	-1.5979935e-18
9.30003908611381e-09	0.0042806733	0.012219471	0.9650784	0	0	0.39	-1.0315155e-18
9.310047801905183e-09	-0.003335033	0.0203929	0.9664031	0	0	0.39	-8.134185e-19
9.320000819655201e-09	-0.0042348476	-0.016989218	0.9674557	0	0	0.39	-8.441952e-19
9.330001853176304e-09	0.04357273	0.008219606	0.968478	0	0	0.39	-1.3117539e-18
9.340001094064766e-09	0.0037169517	0.030786986	0.96915454	0	0	0.39	-1.8874915e-18
9.350025130189911e-09	-0.038393132	-0.00058038085	0.9696578	0	0	0.39	-1.5639655e-18
9.360029977941327e-09	0.02185402	-0.012912079	0.9675262	0	0	0.39	-1.1234771e-18
9.37001080910223e-09	0.0029193943	0.014594374	0.9668686	0	0	0.39	-1.1359628e-18
9.380002229039685e-09	-0.0261749	0.0027776065	0.96405154	0	0	0.39	-1.2108153e-18
9.390020949305826e-09	-0.01453993	-0.055609062	0.96468884	0	0	0.39	-2.0470081e-18
9.400040368099999e-09	0.045030624	-0.013203709	0.9660694	0	0	0.39	-2.39374e-19
9.410038294192914e-09	0.01117883	0.03241188	0.9664212	0	0	0.39	-1.0629973e-18
9.420062337558277e-09	-0.024745358	0.021389402	0.96565014	0	0	0.39	-1.7269882e-18
9.430039115868535e-09	-0.036011554	-0.008212912	0.963996	0	0	0.39	-1.1481994e-18
9.440060953892999e-09	-0.0024401266	-0.034269534	0.96472347	0	0	0.39	-6.4409566e-19
9.450047979661535e-09	0.033444945	-0.016907096	0.96618456	0	0	0.39	-9.781955e-19
9.460008378622268e-09	0.016722064	0.018176649	0.9670267	0	0	0.39	-2.403964e-18
9.470024835630776e-09	-0.01577824	0.027131611	0.9665341	0	0	0.39	-1.5018221e-18
9.480040958858395e-09	-0.019192455	-0.0111676315	0.9648303	0	0	0.39	-7.202484e-19
9.49002955739399e-09	-0.00056546926	-0.027176585	0.96394324	0	0	0.39	-1.886334e-18
9.500056154719475e-09	0.021177735	-0.021708911	0.9657193	0	0	0.39	-1.4681017e-19
9.510017245527559e-09	0.012598048	0.020068567	0.96484196	0	0	0.39	-1.8955346e-18
9.520048455952941e-09	-0.011832241	0.020943856	0.96336114	0	0	0.39	-1.8605242e-18
9.530052739928511e-09	-0.030441286	0.0023987964	0.96387374	0	0	0.39	-1.8603683e-18
9.540028923328362e-09	0.0022233767	-0.026560737	0.96514773	0	0	0.39	-9.816622e-19
9.55002100857371e-09	0.018251194	0.009943894	0.9645693	0	0	0.39	-1.1714164e-18
9.560009223656464e-09	0.0052458686	0.0014749783	0.9628332	0	0	0.39	-2.2304981e-18
9.570043918665468e-09	-0.0052951756	0.002693289	0.9630094	0	0	0.39	-2.4263319e-18
9.580012321748374e-09	-0.0009777698	0.004765971	0.9639761	0	0	0.39	-1.7347392e-18
9.590024699117089e-09	-0.0046961787	-0.006180916	0.96155286	0	0	0.39	-9.794833e-19
9.600031683002577e-09	0.0020371822	-0.019904109	0.962914	0	0	0.39	-1.9589213e-18
9.610020287305419e-09	0.01938046	-0.0033154874	0.96628016	0	0	0.39	-1.5213087e-18
9.620045099516236e-09	0.010207455	0.017450457	0.96478665	0	0	0.39	-1.3496868e-18
9.630012687038493e-09	-0.004904456	0.014206924	0.96646166	0	0	0.39	-1.8458293e-18
9.640052737489075e-09	-0.0072170454	-0.009366558	0.96749187	0	0	0.39	-1.2120004e-18
9.65005277560452e-09	0.0023336997	0.0007569731	0.9657178	0	0	0.39	-4.9832953e-19
9.660021591453754e-09	-0.014212794	0.01898557	0.96409786	0	0	0.39	-1.8646204e-18
9.67004843491093e-09	-0.034889724	-0.011873237	0.9649275	0	0	0.39	-2.276135e-18
9.680002040719809e-09	0.008752533	-0.025459008	0.9653078	0	0	0.39	-1.5938555e-18
9.690038808747533e-09	0.024931611	-0.006833835	0.96609527	0	0	0.39	-1.9773298e-18
9.700044914341353e-09	0.0131524075	0.025465397	0.96556747	0	0	0.39	-1.3853258e-18
9.71000556053541e-09	-0.025780274	0.0227292	0.9658535	0	0	0.39	-8.908286e-19
9.72002813787298e-09	-0.020667298	-0.0066812458	0.967392	0	0	0.39	-1.2694963e-18
9.730052365679056e-09	0.004204911	-0.017595712	0.9663092	0	0	0.39	-4.6291674e-19
9.740001081299606e-09	0.015508475	0.0028376167	0.9671392	0	0	0.39	-1.6384104e-18
9.750034881442068e-09	-0.008788306	-0.009202497	0.9653226	0	0	0.39	-1.2050163e-18
9.760013750516036e-09	0.019173281	-0.005753806	0.9668069	0	0	0.39	-1.9973388e-18
9.770045528904513e-09	-0.002128345	0.0056703785	0.96635294	0	0	0.39	-7.95414e-19
9.780039212461257e-09	0.02414869	-0.0011463142	0.96372765	0	0	0.39	-5.447574e-19
9.790007688514524e-09	0.016891375	0.029295966	0.96458215	0	0	0.39	-1.1511845e-18
9.800007269628203e-09	-0.0067798304	0.016532307	0.9656518	0	0	0.39	-1.7840383e-18
9.810064553604401e-09	-0.013367387	0.0128443455	0.9635439	0	0	0.39	-1.5756969e-18
9.820039837402344e-09	-0.018527301	0.0013998247	0.96405745	0	0	0.39	-1.705352e-18
9.830061577479309e-09	-0.016498834	-0.015309307	0.96652424	0	0	0.39	-1.3665049e-18
9.840027080773311e-09	0.027940346	-0.026721621	0.96570486	0	0	0.39	-1.3884672e-18
9.850061328108703e-09	0.0034771715	0.020900872	0.9651366	0	0	0.39	-3.4228046e-19
9.860007812796315e-09	-0.007851793	-0.0011392911	0.9621622	0	0	0.39	-2.2153365e-18
9.870056308098659e-09	-0.0052567055	-0.012338598	0.9654949	0	0	0.39	-1.3565943e-18
9.880041922635028e-09	0.011395048	-0.020708516	0.9629679	0	0	0.39	3.0583488e-19
9.89004992365005e-09	0.028765079	-0.003304637	0.96263677	0	0	0.39	-1.2897205e-18
9.900056805411752e-09	-1.7152484e-05	0.025079843	0.96351105	0	0	0.39	-1.2793529e-18
9.910055768204073e-09	-0.040655117	0.0053988607	0.9640667	0	0	0.39	-1.6285283e-18
9.920032238191974e-09	-0.014378376	-0.047752008	0.96311384	0	0	0.39	-8.830071e-19
9.930027581034424e-09	0.042537656	-0.020036947	0.96398526	0	0	0.39	-1.4479543e-18
9.940014549030866e-09	0.011223227	0.041286573	0.96523154	0	0	0.39	-4.2761906e-19
9.950002099902345e-09	-0.026769906	-0.0034121687	0.9684079	0	0	0.39	-1.6767233e-18
9.960016971325925e-09	0.002493441	-0.021718482	0.9696091	0	0	0.39	-1.3893466e-18
9.970039673213652e-09	0.009519538	-0.010229342	0.967409	0	0	0.39	-9.533525e-19
9.9800450665753e-09	0.011677817	0.005293253	0.96594495	0	0	0.39	-1.4489061e-18
9.9900233454642e-09	-0.0008012203	0.010495667	0.96331805	0	0	0.39	-1.5384026e-18
1e-08	-0.028946375	-0.008097128	0.9655285	0	0	0.39	-1.3007359e-18
