# t (s)	mx ()	my ()	mz ()	B_extx (T)	B_exty (T)	B_extz (T)	E_total (J)
0	0	0	-1	0	0	0.39	1.17474e-18
1.0011006740431258e-11	-0.0033485082	-0.0060562254	-0.9761695	0	0	0.39	4.1191907e-18
2.0030392546673687e-11	-0.011499377	-0.0031876257	-0.96764964	0	0	0.39	4.1090946e-18
3.0001902243054104e-11	-0.0017686342	0.0034901109	-0.9668372	0	0	0.39	4.9080857e-18
4.001792128620939e-11	-0.010282052	-0.0023078085	-0.9638779	0	0	0.39	5.1736115e-18
5.000455511149904e-11	-0.016249454	0.0027040131	-0.9635473	0	0	0.39	3.959041e-18
6.005137279178083e-11	-0.015181189	-0.016382422	-0.9610677	0	0	0.39	4.160536e-18
7.000508068726052e-11	-0.007446087	-0.018312769	-0.9558442	0	0	0.39	4.524385e-18
8.00499036651662e-11	0.017630529	-0.021821804	-0.95744514	0	0	0.39	5.177936e-18
9.003401349383976e-11	0.025168236	-0.025960114	-0.95620906	0	0	0.39	3.8945516e-18
1.000370374109199e-10	0.023700355	-0.009398464	-0.9571321	0	0	0.39	4.2563815e-18
1.1001044907202186e-10	0.010874389	-0.006479214	-0.9571377	0	0	0.39	4.3587253e-18
1.200400121220544e-10	0.01757278	-0.019991364	-0.9535807	0	0	0.39	3.533918e-18
1.3000211350982702e-10	0.020144142	-0.030457594	-0.95680994	0	0	0.39	5.24886e-18
1.4000521986629287e-10	0.027994823	-0.03534775	-0.9559899	0	0	0.39	4.75088e-18
1.5005949140791954e-10	0.021220587	-0.030954262	-0.95787805	0	0	0.39	4.7476375e-18
1.6001928820561516e-10	0.015687644	-0.04656199	-0.9535398	0	0	0.39	4.09615e-18
1.7005864862141196e-10	0.015773825	-0.04880049	-0.9496084	0	0	0.39	4.119786e-18
1.800391763558881e-10	0.015307984	-0.057675358	-0.9506585	0	0	0.39	4.3835485e-18
1.9000051676967295e-10	0.019849993	-0.064232744	-0.9475257	0	0	0.39	4.942214e-18
2.000066879291715e-10	0.029163001	-0.076410845	-0.9474435	0	0	0.39	4.3750662e-18
2.100038873659755e-10	0.019225093	-0.09685436	-0.94911385	0	0	0.39	4.171612e-18
2.2003282078426102e-10	-0.0023520405	-0.09860459	-0.94875664	0	0	0.39	5.089573e-18
2.3005453839082404e-10	-0.019633783	-0.09774765	-0.9500221	0	0	0.39	4.71038e-18
2.400238898971686e-10	-0.042711418	-0.066548176	-0.95426196	0	0	0.39	4.0164197e-18
2.5005003525376834e-10	-0.046245433	-0.040324215	-0.95150834	0	0	0.39	4.8122423e-18
2.600272719689851e-10	-0.022461966	-0.039549146	-0.9490615	0	0	0.39	4.5463464e-18
2.7004509351197573e-10	-0.025713	-0.04379567	-0.9501299	0	0	0.39	4.0246725e-18
2.8004496997114754e-10	-0.013913147	-0.055046916	-0.9506618	0	0	0.39	3.8581155e-18
2.9004203375432497e-10	-0.0010343397	-0.04911803	-0.9472208	0	0	0.39	4.3377475e-18
3.00031367094719e-10	-0.025267532	-0.059427816	-0.94661	0	0	0.39	4.8677288e-18
3.100437200396696e-10	-0.047565605	-0.058957394	-0.9525844	0	0	0.39	4.186073e-18
3.2004945483890497e-10	-0.0438718	-0.04283453	-0.9520799	0	0	0.39	5.3123706e-18
3.3003765771358795e-10	-0.051710475	-0.01942915	-0.9467564	0	0	0.39	3.5234643e-18
3.400315538593656e-10	-0.05025609	-0.008579613	-0.9451223	0	0	0.39	5.2421587e-18
3.500326868508574e-10	-0.061658494	-0.0024947422	-0.9449392	0	0	0.39	3.922527e-18
3.600635469065379e-10	-0.033781372	-0.002380219	-0.94897896	0	0	0.39	4.592999e-18
3.700328113199766e-10	-0.024204647	-0.0033235876	-0.95038337	0	0	0.39	3.836835e-18
3.8002094839279974e-10	-0.029102378	-0.014048292	-0.94242173	0	0	0.39	5.180636e-18
3.9000578599461073e-10	-0.033707503	-0.015668537	-0.94564	0	0	0.39	4.438352e-18
4.00051146457721e-10	-0.04282415	-0.0032947464	-0.94645894	0	0	0.39	4.4653e-18
4.1003507677431745e-10	-0.06706528	0.017320229	-0.9459583	0	0	0.39	4.4499517e-18
4.2005244073528465e-10	-0.07029675	0.04326014	-0.9409542	0	0	0.39	4.306712e-18
4.3002800894886074e-10	-0.06473292	0.07141401	-0.93972355	0	0	0.39	5.6015517e-18
4.400380754324919e-10	-0.055152383	0.06439766	-0.93698734	0	0	0.39	4.735141e-18
4.500069171205931e-10	-0.05155598	0.055125825	-0.9387386	0	0	0.39	4.1223766e-18
4.6005521660450064e-10	-0.0448384	0.037285853	-0.9423538	0	0	0.39	4.4980014e-18
4.700238580656298e-10	-0.043676537	0.017728413	-0.9463171	0	0	0.39	5.15741e-18
4.800038720603548e-10	-0.04614344	0.013611492	-0.9457994	0	0	0.39	4.6780443e-18
4.900199393503228e-10	-0.05139831	-0.0023557085	-0.9410347	0	0	0.39	4.5110927e-18
5.000561909924277e-10	-0.054920662	-0.0012743215	-0.9392534	0	0	0.39	3.9623717e-18
5.100570051713005e-10	-0.06336524	0.023473633	-0.94149023	0	0	0.39	4.8293116e-18
5.200355625941445e-10	-0.060544092	0.036972474	-0.941165	0	0	0.39	4.9036115e-18
5.300477098694679e-10	-0.028184228	0.07546208	-0.93824834	0	0	0.39	4.9001327e-18
5.400141562058282e-10	-0.02294095	0.06860769	-0.93621343	0	0	0.39	4.2203805e-18
5.500235927481528e-10	-0.013523654	0.052046835	-0.93777955	0	0	0.39	3.7297313e-18
5.60043649072965e-10	-0.0030299406	0.036695156	-0.94218594	0	0	0.39	5.3142227e-18
5.700048530065645e-10	-0.022035832	0.02636995	-0.9445563	0	0	0.39	4.4485637e-18
5.800015360765333e-10	-0.063693024	0.028005097	-0.94688666	0	0	0.39	3.5588234e-18
5.900280176143821e-10	-0.065882176	0.03539284	-0.9413582	0	0	0.39	6.028538e-18
6.000293647925028e-10	-0.06624434	0.053285114	-0.93613946	0	0	0.39	5.1373657e-18
6.100062206129459e-10	-0.04058665	0.07149609	-0.9412582	0	0	0.39	5.24525e-18
6.200473987400604e-10	-0.016991438	0.08343397	-0.9471396	0	0	0.39	5.113509e-18
6.30025353419283e-10	-0.0003892847	0.07930201	-0.9473323	0	0	0.39	4.639752e-18
6.400053819322246e-10	-0.015761646	0.054706704	-0.94364923	0	0	0.39	4.6276057e-18
6.500271336848626e-10	-0.0063406434	0.04341907	-0.9419706	0	0	0.39	5.009122e-18
6.600286478048778e-10	-0.011079195	0.043503795	-0.9447103	0	0	0.39	5.806343e-18
6.700241033353115e-10	-0.03344547	0.03423332	-0.9459723	0	0	0.39	5.0729006e-18
6.800384089141519e-10	-0.038780764	0.04892668	-0.94497216	0	0	0.39	4.6928595e-18
6.900606990354157e-10	-0.04380889	0.060618132	-0.9469779	0	0	0.39	4.7436562e-18
7.000049727762656e-10	-0.03913336	0.061610866	-0.9430355	0	0	0.39	3.3178636e-18
7.100562981260877e-10	-0.023932604	0.091974355	-0.9400474	0	0	0.39	4.3778257e-18
7.200009972020865e-10	0.0039354875	0.08218252	-0.9417756	0	0	0.39	3.522352e-18
7.300381429880139e-10	0.025272721	0.0747194	-0.94428086	0	0	0.39	5.048597e-18
7.400002129625311e-10	0.021761717	0.06481078	-0.9432552	0	0	0.39	4.858889e-18
7.500203106231511e-10	0.032369044	0.044957593	-0.9417756	0	0	0.39	5.2197107e-18
7.60047667993263e-10	0.036042597	0.037115425	-0.9448613	0	0	0.39	4.9242045e-18
7.700456476022454e-10	0.028882546	0.039024655	-0.9423267	0	0	0.39	4.2381753e-18
7.800317305498768e-10	0.025378203	0.053549808	-0.9408456	0	0	0.39	4.234831e-18
7.900166858624808e-10	0.024342217	0.051872663	-0.9388888	0	0	0.39	4.7445157e-18
8.000374146912633e-10	0.039628923	0.067099825	-0.93784875	0	0	0.39	3.9110535e-18
8.100072449963444e-10	0.064084336	0.07309296	-0.93676865	0	0	0.39	4.474729e-18
8.2002505317018e-10	0.081517845	0.044121873	-0.93650436	0	0	0.39	5.593741e-18
8.300242550316095e-10	0.06173066	0.010992811	-0.9428113	0	0	0.39	4.4032813e-18
8.400085692354812e-10	0.056063693	0.00752644	-0.9479509	0	0	0.39	4.7814394e-18
8.50009634883716e-10	0.04850101	0.015067135	-0.9419973	0	0	0.39	4.2879405e-18
8.600467939516856e-10	0.03795312	0.025286376	-0.9394549	0	0	0.39	5.368952e-18
8.700104718146645e-10	0.03477421	0.042514417	-0.9394388	0	0	0.39	4.403091e-18
8.800294548679941e-10	0.030382747	0.065720744	-0.93930566	0	0	0.39	5.040802e-18
8.900123457873884e-10	0.045601968	0.08010209	-0.93418485	0	0	0.39	5.067189e-18
9.000526874715327e-10	0.060218744	0.08720575	-0.93317163	0	0	0.39	4.6958593e-18
9.100544169899406e-10	0.06855206	0.06423486	-0.9314412	0	0	0.39	5.0575915e-18
9.200280959918131e-10	0.0612211	0.034450587	-0.9368603	0	0	0.39	4.9284223e-18
9.300644220045564e-10	0.051847517	0.03152989	-0.9385972	0	0	0.39	5.8204924e-18
9.400513508009911e-10	0.04746926	0.007970733	-0.94006556	0	0	0.39	6.2240767e-18
9.500211928391508e-10	0.02737352	0.00748978	-0.9401505	0	0	0.39	3.717922e-18
9.60004858709419e-10	0.021536494	0.02262823	-0.94092596	0	0	0.39	5.105753e-18
9.700418245083708e-10	0.00977837	0.023957126	-0.94328016	0	0	0.39	4.675969e-18
9.80028900445193e-10	0.022742463	0.041308027	-0.94481087	0	0	0.39	4.8190145e-18
9.900048123276821e-10	0.03347885	0.04163531	-0.9480084	0	0	0.39	5.098762e-18
1.0000022311027623e-09	0.046012662	0.020843083	-0.95026565	0	0	0.39	5.1860097e-18
1.0100615074173498e-09	0.0396974	0.013300562	-0.9458328	0	0	0.39	4.7175417e-18
1.02004097238884e-09	0.047915224	-0.0040359683	-0.9456369	0	0	0.39	4.2214356e-18
1.0300631889364079e-09	0.0258898	-0.02226033	-0.94446385	0	0	0.39	3.765025e-18
1.0400392991091772e-09	0.009480749	-0.010337132	-0.9466314	0	0	0.39	4.524864e-18
1.0500221988943858e-09	0.015035136	0.015470963	-0.94772303	0	0	0.39	4.7713813e-18
1.0600451994289267e-09	0.010857352	0.046854954	-0.9435312	0	0	0.39	4.8867043e-18
1.0700304719470224e-09	0.015892062	0.054498445	-0.94762886	0	0	0.39	4.5901187e-18
1.0800473895233638e-09	0.02976943	0.059441645	-0.95057166	0	0	0.39	4.6954304e-18
1.0900296623787478e-09	0.04840923	0.039155286	-0.9531872	0	0	0.39	3.936384e-18
1.1000023798690802e-09	0.04854783	0.021231348	-0.9551648	0	0	0.39	4.3154476e-18
1.1100083979288153e-09	0.046678618	0.011279132	-0.9546929	0	0	0.39	4.674909e-18
1.120031870451393e-09	0.030175107	-0.008802464	-0.95553195	0	0	0.39	4.647427e-18
1.1300464723284076e-09	0.031129051	-0.014978756	-0.957957	0	0	0.39	4.0263595e-18
1.140048685649253e-09	0.030131405	-0.008684672	-0.959046	0	0	0.39	3.8861913e-18
1.1500116754478053e-09	0.025391452	-0.014069383	-0.9581146	0	0	0.39	5.2168598e-18
1.160037816518232e-09	0.0250189	-0.001800192	-0.95695955	0	0	0.39	5.8685147e-18
1.1700310850234006e-09	0.033794913	0.0020099627	-0.9586636	0	0	0.39	4.3020245e-18
1.180055042297213e-09	0.03910304	0.021369653	-0.95927465	0	0	0.39	3.7999813e-18
1.1900216693306068e-09	0.069349416	0.016334726	-0.9567799	0	0	0.39	4.5448595e-18
1.2000258308785424e-09	0.07021403	-2.0861038e-05	-0.95693433	0	0	0.39	4.1811672e-18
1.210030510658658e-09	0.07867386	-0.03108364	-0.95295	0	0	0.39	4.7991667e-18
1.220010405294523e-09	0.07119203	-0.044430826	-0.9545261	0	0	0.39	5.705499e-18
1.2300277551539453e-09	0.053172864	-0.04208901	-0.9533299	0	0	0.39	5.365023e-18
1.2400284693348067e-09	0.048628625	-0.04887246	-0.950556	0	0	0.39	3.7204524e-18
1.2500207023074373e-09	0.027999362	-0.040674396	-0.95280224	0	0	0.39	4.0575806e-18
1.2600591840511912e-09	0.0479278	-0.034848806	-0.951648	0	0	0.39	4.3194913e-18
1.270019106441773e-09	0.055989195	-0.04197945	-0.9515901	0	0	0.39	4.630504e-18
1.2800311921135742e-09	0.071686804	-0.05609673	-0.9471183	0	0	0.39	4.8547085e-18
1.2900207022149749e-09	0.064277716	-0.056126468	-0.9484289	0	0	0.39	4.511011e-18
1.3000619252146424e-09	0.065972984	-0.05108268	-0.95278114	0	0	0.39	4.718399e-18
1.310056358885935e-09	0.061386727	-0.051224653	-0.9544083	0	0	0.39	4.8759766e-18
1.3200020798704018e-09	0.056447566	-0.046025883	-0.9507935	0	0	0.39	3.728321e-18
1.330027270356636e-09	0.045062598	-0.054216783	-0.9511812	0	0	0.39	4.164818e-18
1.34005997060651e-09	0.055402502	-0.047639456	-0.9497365	0	0	0.39	4.999347e-18
1.3500237155429787e-09	0.06804305	-0.04497764	-0.95264286	0	0	0.39	5.482537e-18
1.360030253174803e-09	0.05976632	-0.052335814	-0.94476086	0	0	0.39	4.486461e-18
1.3700456793166645e-09	0.05694883	-0.044612087	-0.9420581	0	0	0.39	4.3691684e-18
1.3800479049486988e-09	0.052281592	-0.050665136	-0.940052	0	0	0.39	5.444114e-18
1.3900497040171942e-09	0.03480443	-0.04786729	-0.9392001	0	0	0.39	3.5647258e-18
1.4000148200037636e-09	0.011439253	-0.03793656	-0.94161063	0	0	0.39	4.6323785e-18
1.4100630826914737e-09	-0.0006002511	-0.04178931	-0.9423692	0	0	0.39	4.9755567e-18
1.4200418995153232e-09	-0.0021532227	-0.038117144	-0.9424629	0	0	0.39	5.272163e-18
1.4300445437595662e-09	-0.0036073036	-0.019592773	-0.9393227	0	0	0.39	4.1158146e-18
1.4400202621370692e-09	0.008837174	-0.008091581	-0.9424855	0	0	0.39	5.303633e-18
1.4500531955462858e-09	0.020324713	-0.018274909	-0.9455345	0	0	0.39	4.011622e-18
1.4600587090321886e-09	0.013540461	-0.013160792	-0.9502678	0	0	0.39	3.652505e-18
1.4700243748859746e-09	0.025804222	-0.012117491	-0.95314467	0	0	0.39	5.243551e-18
1.4800508788625318e-09	0.010569653	0.0024654642	-0.95043576	0	0	0.39	4.951131e-18
1.4900138269514602e-09	0.014769466	0.0038839255	-0.95217484	0	0	0.39	4.623764e-18
1.5000280300167264e-09	0.017978135	0.006770376	-0.94629943	0	0	0.39	4.1481164e-18
1.5100615184588368e-09	0.013764732	0.0060233176	-0.9402027	0	0	0.39	4.1530472e-18
1.5200642741882934e-09	0.011823889	0.008874452	-0.93543893	0	0	0.39	4.5404643e-18
1.5300087224362951e-09	0.027309097	0.015835147	-0.9282013	0	0	0.39	5.7251453e-18
1.5400424197097014e-09	0.027015137	0.0276282	-0.92417496	0	0	0.39	4.5958147e-18
1.5500137363059861e-09	0.025916133	0.041010052	-0.9218971	0	0	0.39	4.798067e-18
1.5600438437012034e-09	0.024536284	0.033684593	-0.9260372	0	0	0.39	4.4636676e-18
1.570040819605122e-09	0.0094503015	0.02420591	-0.9313616	0	0	0.39	4.4533853e-18
1.580007357369143e-09	0.0010730011	0.01546653	-0.9278509	0	0	0.39	4.6776563e-18
1.5900094037750128e-09	-0.017563602	0.014345564	-0.93353885	0	0	0.39	4.5451635e-18
1.600062880359269e-09	-0.023726128	0.010630128	-0.9342728	0	0	0.39	4.6076653e-18
1.6100242846703143e-09	-0.011910426	0.019759117	-0.93693507	0	0	0.39	5.0770654e-18
1.6200095669171012e-09	0.0021475314	0.026548818	-0.9415668	0	0	0.39	4.8726323e-18
1.6300171465237834e-09	0.0019377277	0.031112943	-0.9400813	0	0	0.39	4.7210064e-18
1.6400516436881386e-09	0.005851262	0.032373127	-0.9415434	0	0	0.39	4.598547e-18
1.6500271315320555e-09	0.01668847	0.014534478	-0.9349019	0	0	0.39	4.682382e-18
1.6600452915554345e-09	0.0110142855	0.020468945	-0.9303025	0	0	0.39	4.422081e-18
1.6700182106010074e-09	0.0148539	-0.0043684826	-0.932506	0	0	0.39	3.980419e-18
1.6800053031160409e-09	0.022664685	0.0007527767	-0.93221	0	0	0.39	4.2853845e-18
1.690043944655454e-09	0.018297698	0.008393525	-0.9338682	0	0	0.39	4.632824e-18
1.7000149908411853e-09	0.005394992	0.019724825	-0.93188447	0	0	0.39	4.4109874e-18
1.7100325913801164e-09	0.0047212257	0.02002154	-0.93679863	0	0	0.39	5.7242218e-18
1.7200046959904553e-09	0.030549604	0.0377674	-0.93936235	0	0	0.39	4.9267034e-18
1.7300005146116428e-09	0.012839188	0.0273084	-0.9439306	0	0	0.39	4.6521382e-18
1.7400315338114868e-09	0.01004425	0.0026683337	-0.9477864	0	0	0.39	3.968907e-18
1.7500371075196086e-09	0.008624285	-0.020856837	-0.9497027	0	0	0.39	4.065791e-18
1.7600567656313321e-09	0.0036758226	-0.02788324	-0.9489372	0	0	0.39	4.7791344e-18
1.770059358153363e-09	-0.01812341	-0.007664501	-0.9497298	0	0	0.39	4.937115e-18
1.7800108114745957e-09	-0.033484768	-0.013856981	-0.9449155	0	0	0.39	4.6823952e-18
1.7900263605590897e-09	-0.047279432	0.0020163388	-0.944448	0	0	0.39	4.286457e-18
1.8000232136283622e-09	-0.04643736	0.010851761	-0.94229007	0	0	0.39	4.953202e-18
1.810045865009511e-09	-0.028598184	0.030607007	-0.94060665	0	0	0.39	4.509918e-18
1.8200526625372862e-09	-0.028920548	0.025292862	-0.9440085	0	0	0.39	4.727124e-18
1.83000629637855e-09	-0.028740775	0.014048248	-0.94533044	0	0	0.39	4.5704934e-18
1.8400178300676494e-09	-0.050817844	-0.022452025	-0.94099396	0	0	0.39	3.931801e-18
1.85001413801401e-09	-0.049775477	-0.024052605	-0.94276595	0	0	0.39	4.868432e-18
1.8600528412194014e-09	-0.05737605	-0.04236511	-0.94219476	0	0	0.39	4.8459127e-18
1.870024094072299e-09	-0.06378229	-0.047166288	-0.9458699	0	0	0.39	4.2815394e-18
1.8800049313076e-09	-0.048205577	-0.04201997	-0.94667166	0	0	0.39	4.6728595e-18
1.8900333729611133e-09	-0.04829884	-0.047180504	-0.94588935	0	0	0.39	3.956441e-18
1.900024364758184e-09	-0.05079339	-0.0365835	-0.9489883	0	0	0.39	3.4062487e-18
1.9100102612936356e-09	-0.055710364	-0.037798498	-0.9477838	0	0	0.39	4.6111874e-18
1.920018522072133e-09	-0.036070146	-0.046987087	-0.9507932	0	0	0.39	5.0773847e-18
1.930052624892667e-09	-0.03225664	-0.02676287	-0.95053697	0	0	0.39	4.81458e-18
1.9400317363780704e-09	-0.05894201	-0.020836722	-0.94931024	0	0	0.39	4.667563e-18
1.9500155794757946e-09	-0.067872286	-0.0091812825	-0.9460017	0	0	0.39	4.9859734e-18
1.9600004433534503e-09	-0.0761368	0.010957395	-0.94247013	0	0	0.39	5.171423e-18
1.9700655747350783e-09	-0.07922861	0.024450617	-0.9442784	0	0	0.39	4.5685777e-18
1.9800133219670487e-09	-0.073707074	0.039433718	-0.9467863	0	0	0.39	4.6484622e-18
1.9900084417347288e-09	-0.062570795	0.039971337	-0.94946164	0	0	0.39	4.3229894e-18
2.0000004855197454e-09	-0.081087515	0.04855743	-0.9495573	0	0	0.39	5.3228167e-18
2.010030386441164e-09	-0.079357654	0.04448964	-0.9462098	0	0	0.39	4.3135608e-18
2.02004366678645e-09	-0.092267305	0.025954183	-0.9478915	0	0	0.39	5.12671e-18
2.0300578278043975e-09	-0.09517789	0.03902278	-0.94841206	0	0	0.39	4.557269e-18
2.0400341773419755e-09	-0.07731989	0.03484318	-0.9529709	0	0	0.39	3.580566e-18
2.0500234380131026e-09	-0.09815515	0.0399839	-0.94815046	0	0	0.39	5.0105117e-18
2.0600617141525525e-09	-0.11035261	0.0556698	-0.94566774	0	0	0.39	5.1192227e-18
2.0700472914586685e-09	-0.10320594	0.06413495	-0.9460487	0	0	0.39	4.787006e-18
2.0800295767504744e-09	-0.109467246	0.053787448	-0.9469719	0	0	0.39	4.1277475e-18
2.0900594718791075e-09	-0.112094454	0.057702728	-0.94400364	0	0	0.39	4.742461e-18
2.100034003274489e-09	-0.11798016	0.062707976	-0.9474424	0	0	0.39	4.038462e-18
2.1100025724810096e-09	-0.11906841	0.065693036	-0.9457695	0	0	0.39	4.8857233e-18
2.1200157008165904e-09	-0.13648525	0.07384837	-0.9384593	0	0	0.39	4.8519693e-18
2.130045072612843e-09	-0.11100084	0.1053222	-0.94000906	0	0	0.39	5.0572735e-18
2.1400634362104682e-09	-0.09663416	0.10485664	-0.9425308	0	0	0.39	3.7307426e-18
2.1500374267855555e-09	-0.097307645	0.115398765	-0.9424556	0	0	0.39	3.4523605e-18
2.1600420485460578e-09	-0.07596234	0.12375288	-0.9408347	0	0	0.39	4.4855502e-18
2.1700497298767346e-09	-0.059050847	0.10950233	-0.94245976	0	0	0.39	3.941221e-18
2.180038194680868e-09	-0.071024634	0.110393636	-0.9416758	0	0	0.39	4.439076e-18
2.190024102034516e-09	-0.078653075	0.09260595	-0.9429993	0	0	0.39	4.9316864e-18
2.2000073279806495e-09	-0.07716936	0.07600869	-0.94573855	0	0	0.39	4.8123916e-18
2.2100553770100715e-09	-0.08529404	0.07993882	-0.9425915	0	0	0.39	3.5571637e-18
2.220001517051497e-09	-0.08003115	0.09077886	-0.9397575	0	0	0.39	3.806945e-18
2.2300225191282833e-09	-0.06969199	0.101558745	-0.94023633	0	0	0.39	5.2053856e-18
2.2400508991497934e-09	-0.063826725	0.119582474	-0.9421032	0	0	0.39	3.918504e-18
2.2500091688307715e-09	-0.04945712	0.12482914	-0.9453424	0	0	0.39	4.3052555e-18
2.2600022860936132e-09	-0.032607596	0.12500642	-0.94538164	0	0	0.39	4.6686707e-18
2.2700241787715665e-09	-0.04678232	0.12336294	-0.9433732	0	0	0.39	4.2518155e-18
2.2800646812308086e-09	-0.035775226	0.11919847	-0.9423863	0	0	0.39	5.0727848e-18
2.290025299829006e-09	-0.039581206	0.11583245	-0.9439394	0	0	0.39	4.978684e-18
2.3000026747902737e-09	-0.039096106	0.1307348	-0.9441363	0	0	0.39	4.563526e-18
2.3100049241463728e-09	-0.04879819	0.12874393	-0.9402538	0	0	0.39	4.518888e-18
2.3200222917412178e-09	-0.02958428	0.14491215	-0.93848544	0	0	0.39	5.299097e-18
2.330025101772516e-09	-0.020009428	0.16056126	-0.93869305	0	0	0.39	4.3734693e-18
2.340055856340632e-09	-0.010637523	0.14986278	-0.94235307	0	0	0.39	5.207024e-18
2.3500264867850313e-09	-0.0055627446	0.15084992	-0.93834144	0	0	0.39	4.906627e-18
2.360027117860501e-09	0.022093797	0.13791852	-0.937764	0	0	0.39	4.6034988e-18
2.370023186033358e-09	0.022718303	0.15003721	-0.9374745	0	0	0.39	5.498434e-18
2.380027925188052e-09	0.0074865078	0.16184242	-0.9387763	0	0	0.39	4.4090273e-18
2.390052189747229e-09	-0.0077272425	0.16365549	-0.9379863	0	0	0.39	4.3920284e-18
2.400061783048979e-09	-0.015239086	0.16044767	-0.93763936	0	0	0.39	4.6589695e-18
2.4100495510954335e-09	0.0022364603	0.15768497	-0.94433707	0	0	0.39	5.4815216e-18
2.420018855509118e-09	0.014721445	0.14914958	-0.9481353	0	0	0.39	4.583377e-18
2.430009714112067e-09	0.046721894	0.15325898	-0.948207	0	0	0.39	4.268618e-18
2.440013621280928e-09	0.06810278	0.15081559	-0.9464484	0	0	0.39	5.208693e-18
2.4500049820865373e-09	0.066188134	0.15101156	-0.94619006	0	0	0.39	5.1998315e-18
2.46004432992496e-09	0.089175135	0.15358007	-0.9446148	0	0	0.39	4.990229e-18
2.470006373351231e-09	0.08169841	0.13792805	-0.9472827	0	0	0.39	4.2982584e-18
2.4800418415037254e-09	0.07664966	0.12654534	-0.9458295	0	0	0.39	3.8692974e-18
2.4900341411009056e-09	0.084289126	0.1230008	-0.94375354	0	0	0.39	4.2263846e-18
2.5000191495579323e-09	0.08254104	0.12237771	-0.9479998	0	0	0.39	3.6362694e-18
2.5100178830964423e-09	0.08259446	0.13021742	-0.9489002	0	0	0.39	3.4356707e-18
2.5200032501068463e-09	0.07442225	0.13393638	-0.94643956	0	0	0.39	4.8709126e-18
2.530036737438609e-09	0.06605833	0.12660143	-0.94851667	0	0	0.39	5.2900504e-18
2.5400112001815994e-09	0.071077675	0.102374576	-0.95495397	0	0	0.39	4.523871e-18
2.550063535147049e-09	0.08090738	0.10869853	-0.95130086	0	0	0.39	4.4645283e-18
2.5600541635683356e-09	0.09004407	0.10985648	-0.9445141	0	0	0.39	4.783463e-18
2.570060797849721e-09	0.08436031	0.10431233	-0.9498799	0	0	0.39	4.8051377e-18
2.5800374225285743e-09	0.081971794	0.103267856	-0.94793653	0	0	0.39	4.913019e-18
2.590002678967724e-09	0.08623642	0.076602906	-0.948494	0	0	0.39	5.0616505e-18
2.6000154189156156e-09	0.088827215	0.059685756	-0.9486556	0	0	0.39	5.133703e-18
2.610019330240702e-09	0.07108551	0.052693542	-0.9503214	0	0	0.39	5.190518e-18
2.6200209228242913e-09	0.06783227	0.08595816	-0.94694257	0	0	0.39	6.0012015e-18
2.6300301590084885e-09	0.080543004	0.08564024	-0.9479362	0	0	0.39	4.850708e-18
2.640032197993802e-09	0.07958159	0.068095885	-0.9515465	0	0	0.39	4.5063733e-18
2.6500430164878208e-09	0.07882463	0.0541359	-0.9480114	0	0	0.39	5.2285727e-18
2.660046290317867e-09	0.055522036	0.042144	-0.9531552	0	0	0.39	4.097627e-18
2.6700198792026113e-09	0.047899045	0.050164517	-0.95275295	0	0	0.39	4.1524607e-18
2.680029700433255e-09	0.060623217	0.049314354	-0.9501535	0	0	0.39	4.674642e-18
2.6900551398138244e-09	0.053168695	0.06188166	-0.951936	0	0	0.39	4.2827334e-18
2.700011577725146e-09	0.04987729	0.06537129	-0.9476971	0	0	0.39	5.160923e-18
2.7100475210392386e-09	0.07264602	0.07288121	-0.9454054	0	0	0.39	5.340885e-18
2.720045111533561e-09	0.07706005	0.07595565	-0.94601566	0	0	0.39	4.9041727e-18
2.7300494739457504e-09	0.09918408	0.061804526	-0.94166964	0	0	0.39	4.468451e-18
2.7400594359120094e-09	0.08598984	0.04745034	-0.9499877	0	0	0.39	3.840056e-18
2.7500313224654035e-09	0.10584434	0.035844598	-0.94324315	0	0	0.39	5.6193047e-18
2.760060800827805e-09	0.10965373	0.03543202	-0.9437697	0	0	0.39	3.6977682e-18
2.770038116134692e-09	0.10575161	0.03330476	-0.9417538	0	0	0.39	4.9497876e-18
2.7800535583533757e-09	0.100437604	0.014942989	-0.9433826	0	0	0.39	4.2333267e-18
2.7900051875652413e-09	0.08929103	0.026692487	-0.9465664	0	0	0.39	3.904474e-18
2.800059828976321e-09	0.08055079	0.0385986	-0.9485519	0	0	0.39	5.0489024e-18
2.8100491377845242e-09	0.09823186	0.033409007	-0.94716114	0	0	0.39	5.046038e-18
2.8200612303276605e-09	0.08417698	0.034134634	-0.9491006	0	0	0.39	4.337249e-18
2.8300238213587543e-09	0.10710366	0.041414924	-0.94922864	0	0	0.39	4.9301098e-18
2.8400553785068454e-09	0.1157019	0.017243024	-0.9448266	0	0	0.39	4.6628204e-18
2.850059731334783e-09	0.118418254	-0.0020234245	-0.9467563	0	0	0.39	4.114622e-18
2.8600229314272106e-09	0.11028769	-0.01803208	-0.94459754	0	0	0.39	4.200348e-18
2.8700130873478795e-09	0.1050569	-0.03478354	-0.93765515	0	0	0.39	4.522137e-18
2.880017483516864e-09	0.10521028	-0.032602724	-0.935929	0	0	0.39	4.4045916e-18
2.89005855808809e-09	0.100414865	-0.028295085	-0.9404435	0	0	0.39	4.1332114e-18
2.900012008152894e-09	0.09369315	-0.043581374	-0.94195193	0	0	0.39	4.09334e-18
2.91001638786642e-09	0.09504593	-0.05286105	-0.94114196	0	0	0.39	3.9378665e-18
2.920037034948333e-09	0.10732211	-0.058500554	-0.9379313	0	0	0.39	4.6931585e-18
2.9300457563271725e-09	0.10075692	-0.051344164	-0.9441011	0	0	0.39	5.2503044e-18
2.9400248686040015e-09	0.11099501	-0.051043082	-0.9462255	0	0	0.39	5.3083588e-18
2.9500625835693513e-09	0.100762255	-0.05792466	-0.9493061	0	0	0.39	5.10961e-18
2.9600402078294503e-09	0.09272003	-0.06266844	-0.9475824	0	0	0.39	4.3698546e-18
2.97000386189481e-09	0.09026412	-0.06322841	-0.94731635	0	0	0.39	4.8610447e-18
2.9800226648147785e-09	0.09702919	-0.045245804	-0.94929266	0	0	0.39	3.83094e-18
2.990026984335127e-09	0.08299074	-0.04564201	-0.95098853	0	0	0.39	4.4748056e-18
3.000021278032751e-09	0.10018652	-0.031941645	-0.94857275	0	0	0.39	4.5547e-18
3.0100423805687974e-09	0.108048916	-0.038681846	-0.94519585	0	0	0.39	3.7783973e-18
3.020057565085718e-09	0.11670519	-0.032685637	-0.9454499	0	0	0.39	3.673832e-18
3.0300010602052325e-09	0.101680815	-0.041012418	-0.9486277	0	0	0.39	4.666066e-18
3.0400347773387007e-09	0.09665348	-0.03905764	-0.95296943	0	0	0.39	4.086687e-18
3.0500607195916007e-09	0.08978563	-0.06604249	-0.9493106	0	0	0.39	4.386773e-18
3.0600323956412964e-09	0.07445998	-0.06469081	-0.950252	0	0	0.39	4.7267855e-18
3.070004828142835e-09	0.08476577	-0.06492805	-0.9475524	0	0	0.39	4.754855e-18
3.080011902289848e-09	0.059102688	-0.057374418	-0.9512789	0	0	0.39	4.647525e-18
3.0900188843438385e-09	0.044610396	-0.062059514	-0.95300126	0	0	0.39	3.8647318e-18
3.1000116131890404e-09	0.059223782	-0.061312858	-0.9513995	0	0	0.39	4.8057932e-18
3.110057574206125e-09	0.03518804	-0.057683043	-0.9524695	0	0	0.39	4.4129627e-18
3.120018680041426e-09	0.028713988	-0.045421697	-0.9555037	0	0	0.39	3.3861062e-18
3.1300399985732376e-09	0.035234336	-0.054769028	-0.9542961	0	0	0.39	3.807822e-18
3.140052738635079e-09	0.03137132	-0.056797165	-0.9557766	0	0	0.39	4.5461722e-18
3.150059726739899e-09	0.032960895	-0.047351416	-0.95533097	0	0	0.39	4.03652e-18
3.1600060990698264e-09	0.024044875	-0.05334217	-0.95922595	0	0	0.39	4.1473806e-18
3.170006212256307e-09	0.0029740403	-0.056419294	-0.9554072	0	0	0.39	4.4171238e-18
3.1800510455528577e-09	-0.006174003	-0.023256892	-0.95377165	0	0	0.39	4.6461697e-18
3.1900642895651424e-09	0.0047828127	0.0053716553	-0.9529033	0	0	0.39	5.1292618e-18
3.2000409934868737e-09	0.0122206975	0.010906198	-0.9564777	0	0	0.39	4.2362355e-18
3.2100538052554416e-09	0.02568327	-0.0032427108	-0.95345056	0	0	0.39	4.1239805e-18
3.220009954161697e-09	0.032919187	-0.02027144	-0.9538677	0	0	0.39	4.509045e-18
3.2300374774130515e-09	0.035344075	-0.02839278	-0.9496063	0	0	0.39	3.5183945e-18
3.2400139488532364e-09	0.017492505	-0.047859468	-0.9478955	0	0	0.39	5.1886997e-18
3.25004539494208e-09	-0.017079549	-0.049352553	-0.94864213	0	0	0.39	4.9311975e-18
3.26006268998458e-09	-0.02506164	-0.04065449	-0.94360226	0	0	0.39	3.7205244e-18
3.270017910365287e-09	-0.017918931	-0.020163044	-0.94567615	0	0	0.39	4.466443e-18
3.2800547462212354e-09	-0.0013016809	-0.016404586	-0.9481544	0	0	0.39	4.959936e-18
3.29000512854109e-09	0.01706782	-0.013346097	-0.9468368	0	0	0.39	4.2032443e-18
3.3000638297068126e-09	0.032695647	-0.015532449	-0.9465015	0	0	0.39	4.3334222e-18
3.3100409472202564e-09	0.037294738	-0.03274892	-0.943528	0	0	0.39	4.1636446e-18
3.3200531589268675e-09	0.04115598	-0.03794324	-0.94581234	0	0	0.39	5.4245673e-18
3.3300269911474624e-09	0.0029742143	-0.047993045	-0.9491755	0	0	0.39	4.428793e-18
3.340059704280308e-09	0.0040610107	-0.038993467	-0.9439118	0	0	0.39	4.5952604e-18
3.350043274493449e-09	-0.005191878	-0.039113887	-0.94665504	0	0	0.39	4.506266e-18
3.3600443661619495e-09	0.0017912188	-0.027163565	-0.94594646	0	0	0.39	4.9818603e-18
3.370012040603478e-09	0.008483469	-0.02003243	-0.94351506	0	0	0.39	2.9440866e-18
3.380012683259431e-09	0.03409503	-0.027370585	-0.94904685	0	0	0.39	4.6908093e-18
3.3900016641005903e-09	0.035057258	-0.06077432	-0.9494747	0	0	0.39	4.4746323e-18
3.400063379203415e-09	0.02737798	-0.069008864	-0.94937515	0	0	0.39	4.968777e-18
3.410016081206118e-09	0.007963873	-0.07105086	-0.94722736	0	0	0.39	4.3826812e-18
3.4200283715286974e-09	-0.0039699012	-0.081534885	-0.94464725	0	0	0.39	4.682735e-18
3.430053694131602e-09	-1.8791612e-06	-0.07434135	-0.9339421	0	0	0.39	4.0960677e-18
3.4400083543154673e-09	0.019710755	-0.07892896	-0.9258722	0	0	0.39	4.0998086e-18
3.450002882086922e-09	0.020421471	-0.06591879	-0.9221459	0	0	0.39	4.9630378e-18
3.4600571476798925e-09	0.021876397	-0.07193051	-0.91279954	0	0	0.39	4.1187006e-18
3.4700388314433442e-09	0.03218741	-0.07035824	-0.9106866	0	0	0.39	5.0149487e-18
3.4800178884258824e-09	0.021828825	-0.10309338	-0.8999418	0	0	0.39	4.332198e-18
3.4900293781053522e-09	0.017750885	-0.09782752	-0.8998025	0	0	0.39	5.996954e-18
3.500047606522977e-09	0.016940065	-0.111321606	-0.9027736	0	0	0.39	4.5951587e-18
3.510019860964359e-09	0.022782875	-0.111145966	-0.90376	0	0	0.39	4.8122907e-18
3.5200497993215585e-09	0.026305232	-0.11291568	-0.91528577	0	0	0.39	5.2175153e-18
3.530049175682583e-09	0.014439606	-0.10502217	-0.91707534	0	0	0.39	3.993637e-18
3.5400193526610675e-09	0.003668334	-0.10824027	-0.9255956	0	0	0.39	4.272766e-18
3.5500521397496536e-09	-0.020158242	-0.10049485	-0.9305795	0	0	0.39	4.3972363e-18
3.5600007309487086e-09	-0.040752344	-0.09052682	-0.9281451	0	0	0.39	4.6352757e-18
3.5700265906565372e-09	-0.061453614	-0.09070317	-0.93502206	0	0	0.39	4.2971967e-18
3.580006674323222e-09	-0.079965636	-0.08338634	-0.9359052	0	0	0.39	4.4530673e-18
3.590056719912307e-09	-0.09259047	-0.059852507	-0.93485653	0	0	0.39	4.4071377e-18
3.600014072683308e-09	-0.098270096	-0.074163765	-0.9331854	0	0	0.39	5.1818498e-18
3.610029544321098e-09	-0.09209085	-0.08693199	-0.93089145	0	0	0.39	4.4653133e-18
3.620042091658018e-09	-0.09419201	-0.10957826	-0.9299892	0	0	0.39	4.225411e-18
3.6300586073119794e-09	-0.09884457	-0.10643685	-0.9252966	0	0	0.39	4.4035663e-18
3.6400090655884315e-09	-0.10010773	-0.11191277	-0.925947	0	0	0.39	3.371367e-18
3.6500561724134882e-09	-0.08428076	-0.096889496	-0.92465043	0	0	0.39	5.5905974e-18
3.6600235002265e-09	-0.07691912	-0.0838383	-0.9234916	0	0	0.39	4.3637822e-18
3.670055153554911e-09	-0.06671606	-0.104737364	-0.9263214	0	0	0.39	4.3372355e-18
3.6800495146161062e-09	-0.08613877	-0.09111988	-0.9331648	0	0	0.39	4.524779e-18
3.6900147181908597e-09	-0.09899759	-0.07822066	-0.93332404	0	0	0.39	4.4871666e-18
3.7000626578520403e-09	-0.096879914	-0.073533334	-0.94047064	0	0	0.39	5.039653e-18
3.7100106589815146e-09	-0.0984523	-0.0886661	-0.9413332	0	0	0.39	4.483359e-18
3.7200549783049932e-09	-0.10680818	-0.09397557	-0.93986624	0	0	0.39	4.8210138e-18
3.7300002751258926e-09	-0.10507952	-0.08748046	-0.9426312	0	0	0.39	4.678966e-18
3.740057911317626e-09	-0.10104081	-0.07219851	-0.94516337	0	0	0.39	4.080245e-18
3.750013398006536e-09	-0.105454974	-0.05119907	-0.94537324	0	0	0.39	4.6213005e-18
3.7600559627163045e-09	-0.09717171	-0.033037912	-0.9408048	0	0	0.39	3.781951e-18
3.770042914628484e-09	-0.09234914	-0.056572262	-0.9368841	0	0	0.39	5.7252363e-18
3.780040465439268e-09	-0.094782814	-0.055851698	-0.9308681	0	0	0.39	3.95858e-18
3.790030269611159e-09	-0.090328604	-0.053569578	-0.92852926	0	0	0.39	5.269908e-18
3.8000092841641075e-09	-0.11149748	-0.06163083	-0.9257294	0	0	0.39	5.0079884e-18
3.810046272802484e-09	-0.10872719	-0.059336875	-0.92716867	0	0	0.39	3.956957e-18
3.820028399349025e-09	-0.104381375	-0.051545262	-0.9252615	0	0	0.39	5.0602096e-18
3.830000451200212e-09	-0.10965382	-0.03960117	-0.927621	0	0	0.39	4.2571016e-18
3.8400148088628214e-09	-0.107732445	-0.046047386	-0.93487597	0	0	0.39	5.3270882e-18
3.850005607267505e-09	-0.117639996	-0.04854557	-0.9368907	0	0	0.39	4.201116e-18
3.8600365445945116e-09	-0.12517764	-0.060629137	-0.9374261	0	0	0.39	4.8115086e-18
3.870016738403711e-09	-0.12887847	-0.04326067	-0.938896	0	0	0.39	3.7856967e-18
3.8800535734860965e-09	-0.12158438	-0.012338751	-0.94141394	0	0	0.39	5.1825504e-18
3.8900514705471626e-09	-0.11905569	-0.008296323	-0.9344508	0	0	0.39	5.739166e-18
3.9000370512367165e-09	-0.114067286	0.0026711337	-0.9281959	0	0	0.39	4.5150123e-18
3.910064605812648e-09	-0.11644418	-0.014760232	-0.91979825	0	0	0.39	5.234711e-18
3.920011701400324e-09	-0.12289113	-0.012809556	-0.9164066	0	0	0.39	3.857615e-18
3.930042418433399e-09	-0.15097156	-0.022657517	-0.91384214	0	0	0.39	4.947679e-18
3.940061971570786e-09	-0.15596826	-0.019078486	-0.9179399	0	0	0.39	4.5161046e-18
3.950030342320936e-09	-0.15524836	-0.026002036	-0.9160583	0	0	0.39	3.792865e-18
3.960056049063229e-09	-0.1779292	-0.026589885	-0.91764754	0	0	0.39	4.330471e-18
3.9700042279854076e-09	-0.1869948	-0.03116112	-0.91912144	0	0	0.39	4.3034423e-18
3.980008725640111e-09	-0.20629086	-0.024371034	-0.9183704	0	0	0.39	4.6144953e-18
3.990028326681108e-09	-0.21611327	-0.0129301045	-0.9187087	0	0	0.39	4.7876134e-18
4.000049659502897e-09	-0.21525991	-0.018675508	-0.9187101	0	0	0.39	4.745895e-18
4.010058924690467e-09	-0.19474481	-0.018976456	-0.92109025	0	0	0.39	5.0136935e-18
4.02003084284877e-09	-0.19126381	-0.019721158	-0.91825616	0	0	0.39	4.6484924e-18
4.0300360399065365e-09	-0.1982499	-0.046940386	-0.91918045	0	0	0.39	5.6956344e-18
4.040064338664153e-09	-0.2071659	-0.056436848	-0.9161778	0	0	0.39	4.6491525e-18
4.05003268765067e-09	-0.21531233	-0.069091894	-0.9179071	0	0	0.39	5.0656222e-18
4.0600137730657815e-09	-0.20458335	-0.068964	-0.9199196	0	0	0.39	4.320958e-18
4.070063754123262e-09	-0.19293842	-0.062311605	-0.9239634	0	0	0.39	5.15017e-18
4.0800042634102865e-09	-0.1872768	-0.05277846	-0.92510295	0	0	0.39	3.998342e-18
4.090023226655508e-09	-0.18267216	-0.05193152	-0.9253056	0	0	0.39	4.212702e-18
4.1000454219022395e-09	-0.1896022	-0.060006544	-0.92384404	0	0	0.39	3.8205334e-18
4.110000364355334e-09	-0.18243523	-0.07820507	-0.9198035	0	0	0.39	4.2002317e-18
4.120007386362699e-09	-0.19243246	-0.07457721	-0.92017025	0	0	0.39	3.7317186e-18
4.1300484386872e-09	-0.20726356	-0.055987768	-0.9173575	0	0	0.39	4.861701e-18
4.1400463065487724e-09	-0.2027604	-0.05868255	-0.9207786	0	0	0.39	3.633264e-18
4.150038731423376e-09	-0.20925905	-0.05508347	-0.92158425	0	0	0.39	4.271132e-18
4.160044377579865e-09	-0.2189042	-0.052484673	-0.9170238	0	0	0.39	3.0818529e-18
4.170032520767364e-09	-0.20285802	-0.037954498	-0.92059594	0	0	0.39	4.4970265e-18
4.180062155614781e-09	-0.18974535	-0.03415335	-0.9246733	0	0	0.39	4.9444705e-18
4.190050621308438e-09	-0.17146194	-0.025558317	-0.93014187	0	0	0.39	3.5662225e-18
4.200024089627323e-09	-0.16851535	-0.031560823	-0.9318344	0	0	0.39	5.213086e-18
4.210011014634618e-09	-0.18313895	-0.026953714	-0.92871994	0	0	0.39	4.480567e-18
4.220048936785702e-09	-0.1849658	-0.021415204	-0.9238494	0	0	0.39	4.5970563e-18
4.230029608589013e-09	-0.18288068	-0.017508244	-0.9182051	0	0	0.39	3.900058e-18
4.240025137395759e-09	-0.17912486	-0.027302798	-0.91934323	0	0	0.39	4.5725986e-18
4.250057261407834e-09	-0.19970495	-0.03223453	-0.9127505	0	0	0.39	4.4083565e-18
4.260011799378816e-09	-0.1937468	-0.028755425	-0.91593015	0	0	0.39	4.267368e-18
4.270060153000169e-09	-0.19615948	-0.03380317	-0.90896004	0	0	0.39	5.0764897e-18
4.2800568894948e-09	-0.15917876	-0.025343182	-0.92193335	0	0	0.39	5.4256836e-18
4.290061409877161e-09	-0.15466765	-0.03249879	-0.91974443	0	0	0.39	4.2760556e-18
4.300004267472638e-09	-0.16202246	-0.039255913	-0.91632074	0	0	0.39	4.608574e-18
4.310014021960245e-09	-0.16296785	-0.05224211	-0.91769004	0	0	0.39	4.499592e-18
4.3200500794839515e-09	-0.16369538	-0.06600624	-0.91950613	0	0	0.39	4.4939085e-18
4.330061769326805e-09	-0.1684	-0.055150036	-0.9150741	0	0	0.39	4.5742736e-18
4.3400128702292415e-09	-0.17902115	-0.054261304	-0.9176382	0	0	0.39	4.290724e-18
4.350016835226762e-09	-0.1617289	-0.051515352	-0.92074984	0	0	0.39	4.6787457e-18
4.360048272258511e-09	-0.16087565	-0.045596145	-0.9135347	0	0	0.39	5.4283012e-18
4.370029174005345e-09	-0.14187391	-0.050168578	-0.91646963	0	0	0.39	4.1644292e-18
4.380049924599249e-09	-0.14290603	-0.048782837	-0.9196308	0	0	0.39	4.5100046e-18
4.3900604635963936e-09	-0.16987516	-0.06303157	-0.91432726	0	0	0.39	4.74068e-18
4.400039024007385e-09	-0.15305874	-0.07977501	-0.91672957	0	0	0.39	4.3333225e-18
4.410051956576504e-09	-0.15173627	-0.092033535	-0.9147949	0	0	0.39	4.522783e-18
4.420036702533144e-09	-0.17045598	-0.09086141	-0.91566026	0	0	0.39	4.4330876e-18
4.4300098901360305e-09	-0.1709877	-0.089090675	-0.9121546	0	0	0.39	4.1876908e-18
4.440056239843554e-09	-0.17152032	-0.07613325	-0.9076956	0	0	0.39	3.975768e-18
4.45000896056041e-09	-0.185912	-0.07112154	-0.9032206	0	0	0.39	4.327588e-18
4.4600148986166915e-09	-0.18346353	-0.076029554	-0.9059288	0	0	0.39	4.2360093e-18
4.470023424369476e-09	-0.17254065	-0.07658956	-0.9076876	0	0	0.39	4.6087207e-18
4.480043194859719e-09	-0.16347188	-0.09746037	-0.911246	0	0	0.39	3.7814272e-18
4.490043235151822e-09	-0.16492513	-0.12515843	-0.9079955	0	0	0.39	4.876256e-18
4.500002465356805e-09	-0.16257308	-0.13584419	-0.9120208	0	0	0.39	4.08464e-18
4.510033746877541e-09	-0.14447334	-0.13787134	-0.91677004	0	0	0.39	5.10927e-18
4.52000466052474e-09	-0.15417455	-0.14326568	-0.9193228	0	0	0.39	4.952694e-18
4.530018440569717e-09	-0.16545752	-0.13174435	-0.9227592	0	0	0.39	4.6208087e-18
4.540032461338571e-09	-0.15792075	-0.120277286	-0.92717797	0	0	0.39	4.3232247e-18
4.550052244089236e-09	-0.16269013	-0.121762395	-0.9248746	0	0	0.39	4.555973e-18
4.560031526938787e-09	-0.16462764	-0.11897475	-0.9148077	0	0	0.39	4.4599345e-18
4.5700065136773505e-09	-0.17372702	-0.117820024	-0.91716	0	0	0.39	4.6559958e-18
4.58003741626335e-09	-0.16192153	-0.13469802	-0.9073907	0	0	0.39	4.8788556e-18
4.59001431761019e-09	-0.15225759	-0.15477607	-0.9092242	0	0	0.39	5.1397926e-18
4.600010327999401e-09	-0.15718192	-0.16832654	-0.9116142	0	0	0.39	4.180048e-18
4.610001248262551e-09	-0.1617785	-0.18756497	-0.9098704	0	0	0.39	4.589881e-18
4.620062671152264e-09	-0.16078576	-0.1560373	-0.9149594	0	0	0.39	4.691588e-18
4.6300424938744515e-09	-0.15993331	-0.14007376	-0.9149875	0	0	0.39	5.06737e-18
4.640063898191303e-09	-0.15766202	-0.14092706	-0.91701627	0	0	0.39	4.345359e-18
4.650038975265293e-09	-0.15650895	-0.12303654	-0.91922295	0	0	0.39	4.944309e-18
4.6600369082417375e-09	-0.12998527	-0.112814754	-0.92436165	0	0	0.39	4.936541e-18
4.670033937995643e-09	-0.11000446	-0.12556008	-0.9206785	0	0	0.39	4.4918914e-18
4.68004472019225e-09	-0.08322983	-0.13657467	-0.920511	0	0	0.39	5.0083085e-18
4.690032479251616e-09	-0.07715254	-0.17072195	-0.9203837	0	0	0.39	4.679382e-18
4.700041582791202e-09	-0.07256158	-0.19722365	-0.91729856	0	0	0.39	5.6223462e-18
4.710015059567404e-09	-0.07086518	-0.20965919	-0.91262347	0	0	0.39	5.6643815e-18
4.720029416117725e-09	-0.09331528	-0.21795872	-0.91049194	0	0	0.39	3.56026e-18
4.7300111248057174e-09	-0.11233381	-0.1890042	-0.9108529	0	0	0.39	4.270307e-18
4.740014418319399e-09	-0.09796483	-0.18169063	-0.9039705	0	0	0.39	4.940459e-18
4.750063393280029e-09	-0.08068328	-0.16972415	-0.9031482	0	0	0.39	5.0275082e-18
4.760035168375868e-09	-0.06068382	-0.17316	-0.89446694	0	0	0.39	3.7091862e-18
4.770027885328356e-09	-0.050994676	-0.18353212	-0.89017665	0	0	0.39	4.253104e-18
4.780022482970966e-09	-0.007810616	-0.19003965	-0.8808482	0	0	0.39	4.16259e-18
4.790006089664414e-09	0.0019102519	-0.18757674	-0.89104414	0	0	0.39	4.922222e-18
4.800009790287709e-09	0.020982798	-0.1946837	-0.88415545	0	0	0.39	5.25465e-18
4.810008589224785e-09	0.03823336	-0.19992569	-0.8890442	0	0	0.39	4.5098623e-18
4.820013825156971e-09	0.04125193	-0.20284869	-0.8951371	0	0	0.39	4.3311206e-18
4.83004275903056e-09	0.043521903	-0.1848019	-0.90485173	0	0	0.39	4.6942653e-18
4.8400328547751346e-09	0.027473317	-0.1954997	-0.90903026	0	0	0.39	4.651777e-18
4.850051282611473e-09	0.02707611	-0.17389837	-0.9189851	0	0	0.39	4.4872e-18
4.8600114309950205e-09	0.034471408	-0.15989442	-0.92183506	0	0	0.39	3.631879e-18
4.870036107440213e-09	0.04239682	-0.15308163	-0.9284582	0	0	0.39	4.451523e-18
4.880061120869766e-09	0.046898603	-0.1547663	-0.9243731	0	0	0.39	4.5479135e-18
4.890042709220333e-09	0.060930986	-0.16107595	-0.9198332	0	0	0.39	5.5733817e-18
4.900028288124669e-09	0.049667977	-0.16697821	-0.9185054	0	0	0.39	5.1833747e-18
4.910009447875455e-09	0.05667859	-0.17202996	-0.9149576	0	0	0.39	4.5776754e-18
4.920044863675416e-09	0.05895998	-0.1633671	-0.91270137	0	0	0.39	3.35933e-18
4.930035715902923e-09	0.0629628	-0.14119937	-0.91073924	0	0	0.39	4.8567202e-18
4.940010435857132e-09	0.06885311	-0.13541909	-0.9127268	0	0	0.39	5.120499e-18
4.950024707835741e-09	0.080657914	-0.14240536	-0.90866166	0	0	0.39	4.305048e-18
4.960014317077172e-09	0.08871043	-0.14444417	-0.9069691	0	0	0.39	4.226332e-18
4.970029192465765e-09	0.08645472	-0.14320108	-0.91456056	0	0	0.39	4.43277e-18
4.9800483241843626e-09	0.07764985	-0.15065213	-0.9171184	0	0	0.39	4.378529e-18
4.990046934532114e-09	0.083575375	-0.15299588	-0.9183093	0	0	0.39	4.7192854e-18
5.000038046449146e-09	0.057685994	-0.14757054	-0.91989994	0	0	0.39	5.2781725e-18
5.0100204774336e-09	0.07432082	-0.13038735	-0.9249257	0	0	0.39	5.0086857e-18
5.020015764761349e-09	0.073374905	-0.121055864	-0.93030053	0	0	0.39	5.0456073e-18
5.0300104851915085e-09	0.09599287	-0.12151706	-0.93188256	0	0	0.39	5.3772724e-18
5.040011899619742e-09	0.106606826	-0.14996932	-0.9324691	0	0	0.39	4.501317e-18
5.050027547430791e-09	0.110101245	-0.15746945	-0.92782384	0	0	0.39	4.3245565e-18
5.060035612887417e-09	0.120005414	-0.1556259	-0.9207849	0	0	0.39	4.8494233e-18
5.070030582745915e-09	0.1304561	-0.1622659	-0.91811866	0	0	0.39	4.913008e-18
5.080042481569705e-09	0.114699416	-0.15605453	-0.918824	0	0	0.39	4.3471646e-18
5.0900607806767275e-09	0.11719067	-0.14647004	-0.92032385	0	0	0.39	4.5514186e-18
5.100062630600567e-09	0.11927037	-0.14482701	-0.92639685	0	0	0.39	4.2916976e-18
5.110001384279479e-09	0.11223947	-0.15632789	-0.9219464	0	0	0.39	4.1302377e-18
5.1200028322132e-09	0.1121378	-0.13172907	-0.9310387	0	0	0.39	4.067481e-18
5.1300240445435425e-09	0.12074945	-0.12803741	-0.93165493	0	0	0.39	4.9149116e-18
5.140002205863828e-09	0.11343884	-0.14340526	-0.9310844	0	0	0.39	4.765873e-18
5.150055684671262e-09	0.10009424	-0.1509248	-0.9344276	0	0	0.39	3.6655897e-18
5.16003057160321e-09	0.11528754	-0.15833648	-0.9332794	0	0	0.39	5.160003e-18
5.1700452762279845e-09	0.10811149	-0.17392033	-0.9338857	0	0	0.39	4.5907234e-18
5.180044048082926e-09	0.093825676	-0.17990233	-0.93350506	0	0	0.39	4.225973e-18
5.1900491303268885e-09	0.08979212	-0.18815492	-0.9276788	0	0	0.39	4.1435355e-18
5.200027971033239e-09	0.08489099	-0.19755453	-0.9261514	0	0	0.39	4.8086615e-18
5.210037302059214e-09	0.06225044	-0.20329544	-0.9279935	0	0	0.39	4.742295e-18
5.220005972117018e-09	0.068312764	-0.20507911	-0.9229592	0	0	0.39	5.3321535e-18
5.230006357585392e-09	0.063229226	-0.20971692	-0.9287461	0	0	0.39	3.5879613e-18
5.240033650632447e-09	0.074536204	-0.20873563	-0.9267992	0	0	0.39	4.6912217e-18
5.250041953555852e-09	0.065658286	-0.18932578	-0.9323485	0	0	0.39	3.3313886e-18
5.2600637169052474e-09	0.05098854	-0.19834253	-0.9288031	0	0	0.39	4.32567e-18
5.270020855412546e-09	0.04371964	-0.19200249	-0.929	0	0	0.39	4.8999413e-18
5.28000351812841e-09	0.027700925	-0.19773836	-0.92840976	0	0	0.39	4.8732366e-18
5.290048387372813e-09	0.012990759	-0.18920234	-0.9251283	0	0	0.39	4.994858e-18
5.300053245000467e-09	0.026743427	-0.1972483	-0.92692137	0	0	0.39	4.24399e-18
5.310046644403481e-09	0.01608974	-0.17552868	-0.92889833	0	0	0.39	5.003478e-18
5.3200477573434036e-09	0.024123657	-0.17980996	-0.9276989	0	0	0.39	4.967355e-18
5.330012421848342e-09	0.03685709	-0.18584341	-0.9300542	0	0	0.39	4.156389e-18
5.3400595622143815e-09	0.008770614	-0.18809766	-0.9276586	0	0	0.39	4.6025285e-18
5.350001184107441e-09	0.0040637385	-0.21093427	-0.92374265	0	0	0.39	4.154213e-18
5.360048852019378e-09	-0.019835802	-0.20173891	-0.9215966	0	0	0.39	4.2679802e-18
5.370048345165267e-09	-0.0385934	-0.19225097	-0.92209435	0	0	0.39	4.143966e-18
5.380055859693401e-09	-0.01877119	-0.17418423	-0.92615837	0	0	0.39	4.145262e-18
5.39000101855867e-09	-0.013751647	-0.1850498	-0.9263196	0	0	0.39	4.9856115e-18
5.400036105200359e-09	-0.010661638	-0.18849415	-0.9222501	0	0	0.39	5.0467555e-18
5.410002580654971e-09	-0.020436509	-0.19359694	-0.9172574	0	0	0.39	5.1322417e-18
5.420020732166081e-09	-0.020709623	-0.20213057	-0.9154122	0	0	0.39	4.109698e-18
5.430062851590542e-09	-0.01826599	-0.22063935	-0.91320366	0	0	0.39	3.8473614e-18
5.440050469390069e-09	-0.014278854	-0.23243082	-0.91738075	0	0	0.39	4.498878e-18
5.450051058055031e-09	-0.021110775	-0.21941537	-0.91850454	0	0	0.39	4.55386e-18
5.460023418178056e-09	-0.02533103	-0.22819354	-0.91456264	0	0	0.39	5.370003e-18
5.4700482688437046e-09	-0.024300585	-0.21951514	-0.91833216	0	0	0.39	3.6560014e-18
5.480064573711199e-09	-0.037481725	-0.18968366	-0.9214693	0	0	0.39	4.725902e-18
5.490000620585222e-09	-0.029298702	-0.17539868	-0.9205425	0	0	0.39	3.9443475e-18
5.500057423734798e-09	-0.0121501675	-0.16918789	-0.9235714	0	0	0.39	4.9004727e-18
5.510037606764595e-09	-0.006458312	-0.17179058	-0.92056155	0	0	0.39	4.1919255e-18
5.520028139152745e-09	0.0034926895	-0.18210495	-0.9163277	0	0	0.39	5.2220144e-18
5.5300381109822945e-09	0.0036672852	-0.20006517	-0.9155959	0	0	0.39	4.278882e-18
5.540042272004216e-09	0.0001624711	-0.20619953	-0.91576505	0	0	0.39	3.8919505e-18
5.550022983140592e-09	0.002901701	-0.19337945	-0.9204179	0	0	0.39	4.0693527e-18
5.5600303573255235e-09	-0.005797931	-0.20738474	-0.92468786	0	0	0.39	4.371428e-18
5.570062067594051e-09	-0.036210127	-0.19329016	-0.92968297	0	0	0.39	5.4842972e-18
5.5800182733583374e-09	-0.027477155	-0.16098833	-0.9333717	0	0	0.39	3.9761195e-18
5.59003191909996e-09	-0.033232514	-0.15265492	-0.9388791	0	0	0.39	4.7434002e-18
5.600039590131523e-09	-0.028120313	-0.16300213	-0.93930894	0	0	0.39	4.7118027e-18
5.610031249515485e-09	-0.03940015	-0.18473238	-0.93362635	0	0	0.39	4.1871585e-18
5.620028127814286e-09	-0.032764208	-0.18332493	-0.9319721	0	0	0.39	5.5428968e-18
5.6300020043673395e-09	-0.04095366	-0.19315034	-0.9298841	0	0	0.39	4.589101e-18
5.640059421339502e-09	-0.065931655	-0.21083939	-0.92669946	0	0	0.39	3.2063204e-18
5.650005755117079e-09	-0.07892131	-0.1987859	-0.9289954	0	0	0.39	5.4236314e-18
5.660021557201129e-09	-0.102116786	-0.19831051	-0.9240216	0	0	0.39	5.1683874e-18
5.670019845776363e-09	-0.109050095	-0.18884104	-0.9274433	0	0	0.39	6.081357e-18
5.680000463636424e-09	-0.123348996	-0.17941718	-0.92770505	0	0	0.39	4.3330587e-18
5.690021380155697e-09	-0.11972337	-0.17464373	-0.9291646	0	0	0.39	4.768147e-18
5.700019920126745e-09	-0.13471937	-0.1896761	-0.9194013	0	0	0.39	3.7080985e-18
5.7100083317644085e-09	-0.11422248	-0.18149503	-0.92084295	0	0	0.39	3.3321023e-18
5.720014393032982e-09	-0.09109597	-0.20315132	-0.91659546	0	0	0.39	4.674713e-18
5.730046132902455e-09	-0.09674273	-0.2145041	-0.91482437	0	0	0.39	4.4829144e-18
5.740004648199521e-09	-0.08983548	-0.21743682	-0.91574067	0	0	0.39	6.1824414e-18
5.7500161060148715e-09	-0.094267756	-0.2324422	-0.91295487	0	0	0.39	4.3117633e-18
5.760051905143418e-09	-0.10076774	-0.2231596	-0.91046053	0	0	0.39	5.016884e-18
5.7700617657924e-09	-0.0950438	-0.22253808	-0.91185653	0	0	0.39	4.9411258e-18
5.780041703552016e-09	-0.099504076	-0.21694925	-0.9107664	0	0	0.39	3.9742695e-18
5.790041404205638e-09	-0.10436562	-0.2048943	-0.91330034	0	0	0.39	4.823684e-18
5.800007105073685e-09	-0.11785242	-0.20198277	-0.91358095	0	0	0.39	5.578632e-18
5.810022243707221e-09	-0.09955938	-0.20542683	-0.91320366	0	0	0.39	4.3380197e-18
5.820055680360358e-09	-0.090583704	-0.20618002	-0.9173828	0	0	0.39	4.96144e-18
5.830033439395963e-09	-0.108926125	-0.2045818	-0.91843283	0	0	0.39	3.8791106e-18
5.840031453000869e-09	-0.10103079	-0.20420504	-0.9219141	0	0	0.39	4.4288557e-18
5.850046500289218e-09	-0.11301074	-0.1970682	-0.9221859	0	0	0.39	4.312151e-18
5.8600419213065515e-09	-0.118699834	-0.20589413	-0.91768754	0	0	0.39	4.6571555e-18
5.8700391485480315e-09	-0.12875567	-0.20063473	-0.91400087	0	0	0.39	4.51516e-18
5.880013088584184e-09	-0.12324746	-0.17192942	-0.91299933	0	0	0.39	3.89377e-18
5.890035127616882e-09	-0.1337067	-0.16926172	-0.90962243	0	0	0.39	4.923432e-18
5.900058000268176e-09	-0.11056515	-0.17798059	-0.91531205	0	0	0.39	5.310351e-18
5.910004757927992e-09	-0.093817346	-0.19368804	-0.91662675	0	0	0.39	4.3879806e-18
5.920029629192285e-09	-0.11305513	-0.19945295	-0.9155423	0	0	0.39	4.7730782e-18
5.930022624423496e-09	-0.105848886	-0.19806753	-0.91463137	0	0	0.39	3.4896575e-18
5.940002970733141e-09	-0.10691289	-0.1875336	-0.9174743	0	0	0.39	4.4341116e-18
5.950058146082689e-09	-0.12662943	-0.19011658	-0.9178357	0	0	0.39	4.33074e-18
5.960013973000902e-09	-0.1416608	-0.19665691	-0.91291964	0	0	0.39	4.7492467e-18
5.970000875638614e-09	-0.1485567	-0.20176065	-0.91257894	0	0	0.39	4.2062692e-18
5.980045574443193e-09	-0.14665173	-0.18702175	-0.9165263	0	0	0.39	4.1715144e-18
5.990062083776483e-09	-0.15221696	-0.17796728	-0.91454035	0	0	0.39	4.1247473e-18
6.000061989793215e-09	-0.13669394	-0.17065847	-0.91587543	0	0	0.39	5.224088e-18
6.010060213634214e-09	-0.1367345	-0.18209115	-0.909749	0	0	0.39	4.110026e-18
6.020010108141306e-09	-0.13467929	-0.17577685	-0.9064116	0	0	0.39	4.9317265e-18
6.030025545143055e-09	-0.13840681	-0.1905508	-0.9089369	0	0	0.39	3.683359e-18
6.0400600977993265e-09	-0.15593858	-0.208308	-0.9092591	0	0	0.39	5.1367895e-18
6.0500465539761955e-09	-0.17548224	-0.21352115	-0.9023466	0	0	0.39	5.1694483e-18
6.0600030354265784e-09	-0.189635	-0.20944107	-0.8977476	0	0	0.39	4.5510567e-18
6.070021270602151e-09	-0.17502971	-0.19413052	-0.89989287	0	0	0.39	4.5344263e-18
6.0800254745108574e-09	-0.16823032	-0.21775506	-0.8937228	0	0	0.39	5.2588946e-18
6.090023699469687e-09	-0.15953195	-0.21897757	-0.89489025	0	0	0.39	4.950711e-18
6.100032493173624e-09	-0.15246983	-0.21195942	-0.8920948	0	0	0.39	5.38069e-18
6.110043607757177e-09	-0.14143154	-0.2256015	-0.8928373	0	0	0.39	5.1476715e-18
6.120017347659749e-09	-0.13613221	-0.21445261	-0.89010423	0	0	0.39	5.248682e-18
6.130062503973191e-09	-0.13565674	-0.20800643	-0.8888542	0	0	0.39	4.5034695e-18
6.140019793424983e-09	-0.14146286	-0.20590985	-0.88690037	0	0	0.39	4.144337e-18
6.15004292823798e-09	-0.15139312	-0.211997	-0.88814104	0	0	0.39	4.255812e-18
6.160043975401299e-09	-0.17015354	-0.20883603	-0.88576466	0	0	0.39	4.4281447e-18
6.170064228504739e-09	-0.16476691	-0.20931199	-0.88970375	0	0	0.39	4.41964e-18
6.1800137079869665e-09	-0.17458487	-0.21868326	-0.88518244	0	0	0.39	5.4633985e-18
6.190040364297914e-09	-0.17618193	-0.22896448	-0.88559246	0	0	0.39	4.09438e-18
6.200055352853866e-09	-0.17382038	-0.21809025	-0.8873357	0	0	0.39	4.2302103e-18
6.2100137028482724e-09	-0.15511039	-0.22265328	-0.8895984	0	0	0.39	4.766029e-18
6.220058461891114e-09	-0.14860155	-0.21468672	-0.8961957	0	0	0.39	4.3954417e-18
6.230036135802814e-09	-0.14008912	-0.22517447	-0.8937934	0	0	0.39	4.562716e-18
6.2400066513565626e-09	-0.1400284	-0.24483389	-0.9002551	0	0	0.39	6.143901e-18
6.25002904982417e-09	-0.15103106	-0.2511255	-0.9010763	0	0	0.39	5.773363e-18
6.260014167129206e-09	-0.15761638	-0.24144559	-0.8993246	0	0	0.39	4.936838e-18
6.270047587817193e-09	-0.14644496	-0.23058766	-0.9036503	0	0	0.39	4.2797163e-18
6.280048986985332e-09	-0.14203271	-0.229094	-0.903064	0	0	0.39	4.021568e-18
6.290049821739726e-09	-0.15495971	-0.21587238	-0.9009956	0	0	0.39	4.481506e-18
6.300031462426934e-09	-0.12111808	-0.20065977	-0.90764785	0	0	0.39	4.875352e-18
6.310049673844134e-09	-0.111112274	-0.21420884	-0.90698916	0	0	0.39	4.8833493e-18
6.3200287157875995e-09	-0.12007789	-0.21325088	-0.9104745	0	0	0.39	3.4725365e-18
6.330011224930246e-09	-0.11429959	-0.23386678	-0.90726835	0	0	0.39	4.6015603e-18
6.340037962689967e-09	-0.12372725	-0.25493377	-0.9046772	0	0	0.39	4.579762e-18
6.35004066826236e-09	-0.13889836	-0.26401675	-0.90284586	0	0	0.39	4.6417484e-18
6.3600444953543226e-09	-0.1320928	-0.26863578	-0.89987785	0	0	0.39	4.8499866e-18
6.3700375205281285e-09	-0.1220666	-0.2527918	-0.9056422	0	0	0.39	3.75169e-18
6.380029392035986e-09	-0.124106325	-0.25344083	-0.9073129	0	0	0.39	4.4599924e-18
6.390045557544942e-09	-0.10468483	-0.2536491	-0.90007704	0	0	0.39	4.750222e-18
6.400022708141726e-09	-0.08375146	-0.24649777	-0.89448524	0	0	0.39	4.5662256e-18
6.410019769582416e-09	-0.07803709	-0.25314233	-0.8949035	0	0	0.39	3.844664e-18
6.420012054267358e-09	-0.07009783	-0.24807344	-0.89827234	0	0	0.39	4.559705e-18
6.430024170418521e-09	-0.07647197	-0.25906152	-0.9021956	0	0	0.39	3.6761155e-18
6.440018003822798e-09	-0.083159424	-0.25411034	-0.90492505	0	0	0.39	4.4658828e-18
6.450066132326239e-09	-0.09214562	-0.2624326	-0.90103644	0	0	0.39	5.3539327e-18
6.460030372037761e-09	-0.09697587	-0.25756988	-0.8999847	0	0	0.39	5.266323e-18
6.4700495345414455e-09	-0.09517061	-0.23950608	-0.9011138	0	0	0.39	5.203527e-18
6.48005792250937e-09	-0.06605242	-0.24621952	-0.8994031	0	0	0.39	4.436891e-18
6.490017420980975e-09	-0.050690405	-0.23655444	-0.9074618	0	0	0.39	4.923182e-18
6.500041741834367e-09	-0.02480792	-0.2353637	-0.9077804	0	0	0.39	4.372537e-18
6.5100323783327165e-09	-0.0021036763	-0.241128	-0.9010631	0	0	0.39	4.626838e-18
6.520001787465808e-09	0.011115079	-0.22535633	-0.9096265	0	0	0.39	4.161425e-18
6.530032057319195e-09	0.0073156734	-0.21792169	-0.9101281	0	0	0.39	4.1113275e-18
6.540023174505633e-09	0.009746087	-0.21477711	-0.9150864	0	0	0.39	4.623146e-18
6.550007381902541e-09	0.004324582	-0.22641799	-0.91721886	0	0	0.39	5.3917857e-18
6.560026202264616e-09	-0.032171737	-0.23482281	-0.9205771	0	0	0.39	4.210074e-18
6.570002340025139e-09	-0.05442278	-0.21637635	-0.9222872	0	0	0.39	4.9083706e-18
6.58004554953617e-09	-0.056710508	-0.20959863	-0.9259024	0	0	0.39	4.8707062e-18
6.590019443902282e-09	-0.061180424	-0.20883784	-0.9269495	0	0	0.39	4.5945305e-18
6.6000035068708275e-09	-0.047928184	-0.21002063	-0.92101324	0	0	0.39	5.1022428e-18
6.610057157975398e-09	-0.045688517	-0.1946622	-0.9245562	0	0	0.39	4.3507992e-18
6.620048418010822e-09	-0.060808823	-0.19410108	-0.92674744	0	0	0.39	5.029323e-18
6.630055381912186e-09	-0.058551524	-0.19292817	-0.9198454	0	0	0.39	4.6759995e-18
6.640066787692367e-09	-0.054717496	-0.20085715	-0.92473453	0	0	0.39	3.960879e-18
6.6500394547827485e-09	-0.0654292	-0.19911525	-0.9225819	0	0	0.39	4.341162e-18
6.6600296726362864e-09	-0.074608974	-0.20441143	-0.914803	0	0	0.39	5.2183868e-18
6.670020191952283e-09	-0.08019242	-0.20891778	-0.9107075	0	0	0.39	4.589311e-18
6.6800441177883264e-09	-0.09098936	-0.21172997	-0.9021408	0	0	0.39	5.046798e-18
6.690016461628048e-09	-0.08906511	-0.2188694	-0.8950559	0	0	0.39	3.8475847e-18
6.700039887161812e-09	-0.07531954	-0.22401503	-0.90080297	0	0	0.39	4.2647315e-18
6.710036806998689e-09	-0.057200544	-0.2315647	-0.9020619	0	0	0.39	4.369156e-18
6.720031361514536e-09	-0.04458294	-0.24020974	-0.9013431	0	0	0.39	3.904869e-18
6.73001196952013e-09	-0.037212197	-0.2507804	-0.89826715	0	0	0.39	4.9131546e-18
6.7400605627347695e-09	-0.03833721	-0.26485258	-0.9044227	0	0	0.39	5.3584483e-18
6.750016399609396e-09	-0.041867867	-0.2624995	-0.909617	0	0	0.39	4.5747852e-18
6.7600507549030455e-09	-0.071574636	-0.25458968	-0.91099644	0	0	0.39	5.656909e-18
6.770004765090669e-09	-0.06957095	-0.24461636	-0.91129524	0	0	0.39	4.4281303e-18
6.780045167368906e-09	-0.066020966	-0.24442495	-0.899473	0	0	0.39	5.1488176e-18
6.790002598018987e-09	-0.055910848	-0.23372486	-0.90458506	0	0	0.39	5.3445082e-18
6.800048387625069e-09	-0.041648813	-0.24233498	-0.9025289	0	0	0.39	5.298906e-18
6.810047765257214e-09	-0.022006204	-0.2481344	-0.8984227	0	0	0.39	4.1926663e-18
6.820030031063719e-09	-0.0010558619	-0.23778825	-0.89950675	0	0	0.39	3.9928753e-18
6.83000792784286e-09	-0.009629055	-0.26074332	-0.89234525	0	0	0.39	4.619359e-18
6.8400218411674075e-09	-0.013163731	-0.2615937	-0.88977176	0	0	0.39	4.7312704e-18
6.850000422656412e-09	-0.0058738585	-0.2659484	-0.893662	0	0	0.39	5.2925315e-18
6.8600128429340675e-09	0.0027040425	-0.26049387	-0.898017	0	0	0.39	3.960504e-18
6.870047590492218e-09	-0.00020109843	-0.2566741	-0.8988936	0	0	0.39	5.1692936e-18
6.880028000299594e-09	0.0044682506	-0.25521192	-0.89508885	0	0	0.39	5.062038e-18
6.89004083076125e-09	0.020133719	-0.2499546	-0.8949536	0	0	0.39	4.441859e-18
6.900002194590348e-09	0.031342745	-0.25146353	-0.89542395	0	0	0.39	4.681198e-18
6.910016544552306e-09	0.056728486	-0.22855285	-0.8932501	0	0	0.39	4.982689e-18
6.920029785939135e-09	0.09050413	-0.22875762	-0.8923507	0	0	0.39	5.0782227e-18
6.9300583490618674e-09	0.12435219	-0.23539463	-0.8934565	0	0	0.39	4.3795396e-18
6.940036863032625e-09	0.13675664	-0.2440022	-0.8937384	0	0	0.39	4.5942025e-18
6.950029651548417e-09	0.14955007	-0.23896378	-0.8999597	0	0	0.39	5.769147e-18
6.960003684727097e-09	0.142716	-0.24790578	-0.89970255	0	0	0.39	5.064151e-18
6.970035022903089e-09	0.1293654	-0.23191112	-0.90507424	0	0	0.39	4.509054e-18
6.980020584023542e-09	0.13018373	-0.20558435	-0.9077987	0	0	0.39	5.1757998e-18
6.990053587375584e-09	0.16524705	-0.19743338	-0.9044454	0	0	0.39	5.1026e-18
7.000061808257581e-09	0.1730214	-0.1734146	-0.9007079	0	0	0.39	5.115528e-18
7.010038530989565e-09	0.18667157	-0.16838709	-0.89731646	0	0	0.39	4.9069686e-18
7.020027053161586e-09	0.19827567	-0.17115295	-0.90473646	0	0	0.39	4.0962224e-18
7.030047043046839e-09	0.18961196	-0.18094766	-0.9073792	0	0	0.39	4.711322e-18
7.040066653961961e-09	0.1702236	-0.19516468	-0.910557	0	0	0.39	5.246708e-18
7.0500564945563005e-09	0.15695287	-0.1992685	-0.9103569	0	0	0.39	5.818026e-18
7.0600050128702594e-09	0.14404821	-0.19738518	-0.9087586	0	0	0.39	4.2123664e-18
7.0700356367099046e-09	0.1309621	-0.18704894	-0.9081983	0	0	0.39	4.2806307e-18
7.0800162881628665e-09	0.1263241	-0.17829053	-0.9109479	0	0	0.39	3.973196e-18
7.090031355914591e-09	0.12763096	-0.17124955	-0.91506	0	0	0.39	4.1430933e-18
7.100056374137154e-09	0.14115699	-0.15151711	-0.9153871	0	0	0.39	4.8509345e-18
7.110021625638452e-09	0.16255297	-0.15650089	-0.9139314	0	0	0.39	5.0105787e-18
7.1200053299389315e-09	0.18782936	-0.1646083	-0.9103063	0	0	0.39	4.51979e-18
7.130032831159955e-09	0.18229893	-0.15340792	-0.91669655	0	0	0.39	4.2332883e-18
7.14001560194669e-09	0.19208492	-0.15084235	-0.9161133	0	0	0.39	4.4488346e-18
7.150020583140476e-09	0.16859204	-0.1408985	-0.92413044	0	0	0.39	3.747262e-18
7.1600125994100514e-09	0.15147205	-0.14709972	-0.9315577	0	0	0.39	4.4464647e-18
7.17001848798912e-09	0.14758919	-0.15151499	-0.93219286	0	0	0.39	5.036411e-18
7.180041672733533e-09	0.13241453	-0.15086082	-0.9322991	0	0	0.39	5.1945557e-18
7.19004828405188e-09	0.1237255	-0.14399882	-0.9325159	0	0	0.39	4.472968e-18
7.200060368764057e-09	0.11024418	-0.15332694	-0.9344417	0	0	0.39	4.6647296e-18
7.21004677048175e-09	0.11562904	-0.15481088	-0.9361463	0	0	0.39	3.9952253e-18
7.220017945385813e-09	0.11151562	-0.14062236	-0.9372297	0	0	0.39	3.7692404e-18
7.230055068651799e-09	0.12980647	-0.16313648	-0.93069434	0	0	0.39	4.3095064e-18
7.240021912709771e-09	0.1320361	-0.15452865	-0.9308086	0	0	0.39	3.7116434e-18
7.250059844031146e-09	0.11407478	-0.15522961	-0.92784667	0	0	0.39	4.5755152e-18
7.2600029481800085e-09	0.10735015	-0.15859807	-0.9252025	0	0	0.39	4.0274833e-18
7.270043894335977e-09	0.11004381	-0.1503642	-0.9253395	0	0	0.39	3.6358418e-18
7.280020742108125e-09	0.116619684	-0.14003797	-0.92351335	0	0	0.39	4.810413e-18
7.2900371178568836e-09	0.1415644	-0.14936256	-0.9167529	0	0	0.39	4.1715616e-18
7.300061955873727e-09	0.1473233	-0.16583996	-0.9193066	0	0	0.39	4.2390405e-18
7.310047907174823e-09	0.13310342	-0.17475834	-0.9206943	0	0	0.39	4.642775e-18
7.32001960700172e-09	0.14234634	-0.1937764	-0.9136793	0	0	0.39	4.7317936e-18
7.330026571727296e-09	0.12753883	-0.18747748	-0.9204504	0	0	0.39	5.0848174e-18
7.340004908442805e-09	0.10480511	-0.17784826	-0.92640424	0	0	0.39	3.9544424e-18
7.35001829321617e-09	0.10104882	-0.15860744	-0.9294235	0	0	0.39	4.2404885e-18
7.360026765966297e-09	0.09303423	-0.14844097	-0.928229	0	0	0.39	3.577655e-18
7.370060266041715e-09	0.10124461	-0.14118491	-0.9335679	0	0	0.39	3.912843e-18
7.38000667782218e-09	0.09584654	-0.15180129	-0.93091714	0	0	0.39	5.157513e-18
7.3900377401332564e-09	0.08146607	-0.15297268	-0.9330386	0	0	0.39	4.8986848e-18
7.4000515051567415e-09	0.074691445	-0.16849548	-0.9320098	0	0	0.39	4.7027182e-18
7.410003085434778e-09	0.04812243	-0.1684425	-0.9351167	0	0	0.39	4.894359e-18
7.4200584806945335e-09	0.04705631	-0.17016165	-0.9308792	0	0	0.39	5.2145888e-18
7.430059238935556e-09	0.047451198	-0.1896884	-0.93040293	0	0	0.39	4.653564e-18
7.44005378898308e-09	0.061506674	-0.1920613	-0.9252824	0	0	0.39	4.4946323e-18
7.450003488375642e-09	0.06988343	-0.20037517	-0.9253376	0	0	0.39	4.4072795e-18
7.460051244023315e-09	0.10160386	-0.19656053	-0.9247214	0	0	0.39	5.17825e-18
7.470055743029462e-09	0.10166529	-0.19479825	-0.92652094	0	0	0.39	4.485239e-18
7.480019560198889e-09	0.08383263	-0.20196143	-0.9311092	0	0	0.39	4.537266e-18
7.490056138902363e-09	0.08947387	-0.21321955	-0.9281446	0	0	0.39	4.3694406e-18
7.500000384975973e-09	0.05893424	-0.22167552	-0.9281527	0	0	0.39	5.263621e-18
7.510025754324224e-09	0.049077574	-0.2115881	-0.92697453	0	0	0.39	5.1993488e-18
7.520062037351798e-09	0.041206695	-0.19252768	-0.92800885	0	0	0.39	4.7796907e-18
7.530012590539311e-09	0.043596126	-0.18914382	-0.9310492	0	0	0.39	3.5091967e-18
7.540053060903554e-09	0.04004744	-0.18925923	-0.93133396	0	0	0.39	4.9428694e-18
7.550009161394296e-09	0.043042906	-0.18396339	-0.936776	0	0	0.39	5.322411e-18
7.560036108416043e-09	0.029410895	-0.19334635	-0.9351712	0	0	0.39	5.081258e-18
7.570002639678618e-09	0.0040623895	-0.19374883	-0.9381047	0	0	0.39	4.3364352e-18
7.580062327570199e-09	-0.0046408214	-0.19511206	-0.9337371	0	0	0.39	4.8627434e-18
7.59005471378854e-09	-0.0050221775	-0.20386371	-0.9301683	0	0	0.39	4.0035418e-18
7.600002383701069e-09	-0.008169169	-0.19616787	-0.93275744	0	0	0.39	4.3766445e-18
7.610022418729348e-09	-0.024954112	-0.19941315	-0.92681944	0	0	0.39	4.255567e-18
7.620005171167486e-09	-0.027024467	-0.20821153	-0.92707455	0	0	0.39	4.598141e-18
7.63003296913615e-09	-0.042645052	-0.20223387	-0.924353	0	0	0.39	4.564599e-18
7.64001041298895e-09	-0.047568414	-0.19710216	-0.92343163	0	0	0.39	6.0138864e-18
7.650001828650788e-09	-0.04402369	-0.18745846	-0.92650044	0	0	0.39	5.003651e-18
7.660043383117308e-09	-0.051863458	-0.17365633	-0.9296641	0	0	0.39	4.7175392e-18
7.670009689315659e-09	-0.041482188	-0.17088448	-0.92825407	0	0	0.39	5.2677777e-18
7.680019890953359e-09	-0.03412716	-0.1825751	-0.9293506	0	0	0.39	4.5758353e-18
7.69001882510822e-09	-0.025493044	-0.18527323	-0.9309641	0	0	0.39	4.233781e-18
7.700028626312227e-09	-0.033508487	-0.20097941	-0.9250546	0	0	0.39	4.058827e-18
7.71004239663357e-09	-0.03673442	-0.20190409	-0.9288886	0	0	0.39	4.1109156e-18
7.720010551369272e-09	-0.053860955	-0.19431876	-0.93534076	0	0	0.39	3.7508703e-18
7.730056350124315e-09	-0.07372521	-0.18904892	-0.9349507	0	0	0.39	4.6230124e-18
7.740020938458955e-09	-0.095316865	-0.19522625	-0.9262535	0	0	0.39	5.123008e-18
7.750064302451145e-09	-0.0927025	-0.16539651	-0.9265752	0	0	0.39	5.4905114e-18
7.760000853782213e-09	-0.10224843	-0.16306838	-0.9240136	0	0	0.39	5.2678232e-18
7.770058983202276e-09	-0.099239066	-0.15811503	-0.930893	0	0	0.39	4.4763404e-18
7.780060457129315e-09	-0.11062222	-0.1589827	-0.92946786	0	0	0.39	4.045513e-18
7.790035310622468e-09	-0.11529721	-0.16858599	-0.92491835	0	0	0.39	4.0185845e-18
7.8000134500725e-09	-0.11445152	-0.176913	-0.92774624	0	0	0.39	4.5625033e-18
7.810061025998482e-09	-0.13327658	-0.18896285	-0.9221934	0	0	0.39	4.8973753e-18
7.82005756041654e-09	-0.12487787	-0.19676596	-0.92627376	0	0	0.39	4.6086715e-18
7.830065635665003e-09	-0.1259289	-0.1823608	-0.92606026	0	0	0.39	4.977076e-18
7.84000985372471e-09	-0.12047343	-0.19250897	-0.9227214	0	0	0.39	3.0253544e-18
7.85006076398574e-09	-0.12642884	-0.20469478	-0.9161594	0	0	0.39	5.0928733e-18
7.860043239161517e-09	-0.13027032	-0.20398818	-0.9211782	0	0	0.39	4.1025846e-18
7.870050234017298e-09	-0.15512468	-0.18850295	-0.91534275	0	0	0.39	4.2894046e-18
7.8800234804605e-09	-0.15693739	-0.19365677	-0.91115355	0	0	0.39	3.5009518e-18
7.890039463434849e-09	-0.14735173	-0.17225686	-0.9150863	0	0	0.39	4.3436094e-18
7.900021557362156e-09	-0.13243909	-0.16468759	-0.912165	0	0	0.39	4.3085414e-18
7.91006146258474e-09	-0.101344444	-0.17084733	-0.91216785	0	0	0.39	4.212557e-18
7.92003160751766e-09	-0.10868784	-0.16325825	-0.9139244	0	0	0.39	4.0884316e-18
7.930038723950318e-09	-0.113542095	-0.16853611	-0.9100397	0	0	0.39	3.8732716e-18
7.940028834240223e-09	-0.14326411	-0.18720275	-0.9067179	0	0	0.39	5.087067e-18
7.950015620711251e-09	-0.16625212	-0.1674828	-0.9083733	0	0	0.39	4.308847e-18
7.960061906147264e-09	-0.16042435	-0.16809432	-0.9121666	0	0	0.39	4.570599e-18
7.970015685955022e-09	-0.18105547	-0.1778204	-0.9086296	0	0	0.39	4.6388537e-18
7.9800463776526e-09	-0.176865	-0.1893594	-0.9076611	0	0	0.39	4.7583925e-18
7.990033936134942e-09	-0.17262745	-0.1847163	-0.9062367	0	0	0.39	4.364887e-18
8.00000978309115e-09	-0.16238262	-0.17969528	-0.90672225	0	0	0.39	5.0145202e-18
8.01005680924719e-09	-0.15693536	-0.17734317	-0.9078377	0	0	0.39	4.499472e-18
8.020015309162433e-09	-0.14839387	-0.2002674	-0.9042514	0	0	0.39	3.6850483e-18
8.030021390653656e-09	-0.16333999	-0.20379762	-0.90368104	0	0	0.39	3.8548713e-18
8.040039699510603e-09	-0.1542521	-0.19249503	-0.9053981	0	0	0.39	4.5276583e-18
8.050017118109096e-09	-0.14657147	-0.19890252	-0.91067487	0	0	0.39	4.8799723e-18
8.060051842234448e-09	-0.1629811	-0.21304971	-0.9050517	0	0	0.39	4.6112664e-18
8.070034117185999e-09	-0.17172693	-0.20173492	-0.9028853	0	0	0.39	5.501417e-18
8.080050229821482e-09	-0.1660209	-0.20604697	-0.9036957	0	0	0.39	4.699538e-18
8.090027715939187e-09	-0.16367918	-0.19992194	-0.9074218	0	0	0.39	5.2560533e-18
8.100013569971914e-09	-0.15177393	-0.17060354	-0.914808	0	0	0.39	4.631564e-18
8.110050689283216e-09	-0.14341371	-0.19011898	-0.91602236	0	0	0.39	5.212182e-18
8.120037925099623e-09	-0.14685951	-0.19252695	-0.91804624	0	0	0.39	4.2094804e-18
8.130018300705315e-09	-0.16272575	-0.18685447	-0.9167823	0	0	0.39	4.4913893e-18
8.140035902350336e-09	-0.16321751	-0.16917634	-0.9154487	0	0	0.39	5.070677e-18
8.150000741744803e-09	-0.1786357	-0.17478749	-0.9143181	0	0	0.39	4.475833e-18
8.160037800287591e-09	-0.19033705	-0.16640285	-0.9107206	0	0	0.39	3.754904e-18
8.170051169410677e-09	-0.1955053	-0.15507492	-0.9094575	0	0	0.39	3.8358044e-18
8.18001458965309e-09	-0.19059378	-0.15241846	-0.91262954	0	0	0.39	3.80817e-18
8.190005850288903e-09	-0.20182359	-0.15701094	-0.9106868	0	0	0.39	5.0318795e-18
8.200000469500859e-09	-0.20071737	-0.17008874	-0.9146826	0	0	0.39	4.4308695e-18
8.210035434802446e-09	-0.21112764	-0.16638628	-0.91806155	0	0	0.39	4.2135187e-18
8.220013773054965e-09	-0.23081239	-0.14972307	-0.9175452	0	0	0.39	4.2869545e-18
8.230034457191416e-09	-0.24338652	-0.14142385	-0.9158698	0	0	0.39	4.3533883e-18
8.240064897351497e-09	-0.24350624	-0.14474013	-0.9129976	0	0	0.39	3.480484e-18
8.250036540330998e-09	-0.23704307	-0.14818422	-0.9115548	0	0	0.39	4.9042947e-18
8.260026846203996e-09	-0.24274752	-0.13549834	-0.91360235	0	0	0.39	5.3601755e-18
8.270011416637654e-09	-0.25829056	-0.11469675	-0.9117994	0	0	0.39	5.1723517e-18
8.28004455429929e-09	-0.25368103	-0.11282236	-0.9130332	0	0	0.39	4.084203e-18
8.29000284707095e-09	-0.24711387	-0.10332636	-0.9130512	0	0	0.39	3.9863546e-18
8.300047159136796e-09	-0.25169784	-0.10422301	-0.9133292	0	0	0.39	4.193869e-18
8.310039195205478e-09	-0.2549396	-0.08944877	-0.9122845	0	0	0.39	4.920386e-18
8.320036588732147e-09	-0.24398297	-0.08727015	-0.91765636	0	0	0.39	4.224093e-18
8.330015660447263e-09	-0.24415836	-0.08763863	-0.91507244	0	0	0.39	3.6447906e-18
8.340000212149522e-09	-0.23813716	-0.09078833	-0.9139577	0	0	0.39	4.9743734e-18
8.350019206075499e-09	-0.2414302	-0.0945514	-0.90834904	0	0	0.39	4.1945365e-18
8.360024757894237e-09	-0.23726296	-0.11263372	-0.9072924	0	0	0.39	5.839022e-18
8.370063460623917e-09	-0.24794532	-0.10999918	-0.9095039	0	0	0.39	4.3775655e-18
8.380024458083265e-09	-0.25427082	-0.099888556	-0.90797824	0	0	0.39	4.2374937e-18
8.390055062695467e-09	-0.26355684	-0.09429112	-0.90382165	0	0	0.39	5.5858605e-18
8.400007181223238e-09	-0.27685276	-0.08877404	-0.904334	0	0	0.39	4.4431725e-18
8.410026105389693e-09	-0.28307906	-0.06659259	-0.89792794	0	0	0.39	5.2440364e-18
8.420011478701665e-09	-0.2733974	-0.06272495	-0.8993642	0	0	0.39	4.9281047e-18
8.430043516757375e-09	-0.25613508	-0.0628612	-0.90570635	0	0	0.39	4.8443857e-18
8.440041908775829e-09	-0.2413685	-0.07385278	-0.9106689	0	0	0.39	3.3193257e-18
8.450058863001406e-09	-0.24162675	-0.088658646	-0.9064751	0	0	0.39	3.314872e-18
8.46003633261589e-09	-0.2388308	-0.10770211	-0.9007039	0	0	0.39	4.8289274e-18
8.47006280571831e-09	-0.24185534	-0.12643754	-0.89709246	0	0	0.39	4.957815e-18
8.480047394992979e-09	-0.2565333	-0.13083784	-0.8958455	0	0	0.39	4.355868e-18
8.490009196763429e-09	-0.26446745	-0.12606242	-0.89773667	0	0	0.39	4.469824e-18
8.500057775683822e-09	-0.27223456	-0.12060949	-0.89604896	0	0	0.39	4.8162773e-18
8.510050261778948e-09	-0.26817966	-0.12663023	-0.8952378	0	0	0.39	5.130696e-18
8.520007571599037e-09	-0.24885103	-0.12313998	-0.89924365	0	0	0.39	5.3044557e-18
8.53001030010072e-09	-0.243127	-0.10648718	-0.89915353	0	0	0.39	4.8314333e-18
8.540028217918007e-09	-0.21439038	-0.124843895	-0.90367913	0	0	0.39	4.473436e-18
8.5500414917093e-09	-0.20277376	-0.14609265	-0.90068555	0	0	0.39	4.322963e-18
8.560057837630094e-09	-0.19687776	-0.15871006	-0.90466976	0	0	0.39	4.5575257e-18
8.570009441642522e-09	-0.22283567	-0.17895752	-0.90142703	0	0	0.39	5.1105787e-18
8.580020347205103e-09	-0.23030297	-0.19047055	-0.90222406	0	0	0.39	3.619938e-18
8.590010215378592e-09	-0.25187075	-0.18714954	-0.90002924	0	0	0.39	4.5709835e-18
8.600045108116541e-09	-0.26041237	-0.16599762	-0.89977914	0	0	0.39	4.345144e-18
8.610025208248075e-09	-0.25526133	-0.14774324	-0.90476596	0	0	0.39	4.4006827e-18
8.620027686776113e-09	-0.24842376	-0.14517055	-0.90666234	0	0	0.39	5.3570483e-18
8.63004125547054e-09	-0.2229155	-0.13525473	-0.90701354	0	0	0.39	4.8294522e-18
8.640054511251085e-09	-0.2029337	-0.14681365	-0.9049601	0	0	0.39	4.3509047e-18
8.650046449692673e-09	-0.1962537	-0.15880767	-0.90448827	0	0	0.39	3.8968657e-18
8.660040469077247e-09	-0.21104683	-0.16559125	-0.9012342	0	0	0.39	4.8680084e-18
8.670002879384424e-09	-0.20389976	-0.19195609	-0.89920396	0	0	0.39	4.5787102e-18
8.680045975324486e-09	-0.20752217	-0.19164588	-0.8966068	0	0	0.39	5.089501e-18
8.690025207430018e-09	-0.2120263	-0.21818535	-0.889596	0	0	0.39	4.2068594e-18
8.700016680163599e-09	-0.20195886	-0.22704646	-0.8954767	0	0	0.39	3.9494077e-18
8.710041471807488e-09	-0.18832676	-0.22875193	-0.89246035	0	0	0.39	3.893833e-18
8.720007915661036e-09	-0.19357625	-0.23286356	-0.89049953	0	0	0.39	4.737822e-18
8.73001773194193e-09	-0.18866934	-0.22879472	-0.8879285	0	0	0.39	4.544952e-18
8.74004638084363e-09	-0.17926021	-0.2244665	-0.8855335	0	0	0.39	4.176936e-18
8.750007750450599e-09	-0.14760606	-0.235209	-0.8872911	0	0	0.39	5.09483e-18
8.760056838893697e-09	-0.121796586	-0.26320675	-0.8805079	0	0	0.39	4.3861248e-18
8.770016712718035e-09	-0.119996116	-0.27117148	-0.882403	0	0	0.39	4.787982e-18
8.780034314261824e-09	-0.13100432	-0.26504952	-0.8857664	0	0	0.39	4.0760086e-18
8.790019327499002e-09	-0.11501669	-0.26519015	-0.88643295	0	0	0.39	2.6510018e-18
8.800011664406693e-09	-0.10054268	-0.27326974	-0.88399595	0	0	0.39	4.2904886e-18
8.810001647290051e-09	-0.11475503	-0.27630067	-0.8890615	0	0	0.39	4.4468444e-18
8.820024414415331e-09	-0.11950727	-0.26830408	-0.89273053	0	0	0.39	5.3820064e-18
8.830032290097803e-09	-0.10400023	-0.25847623	-0.88907945	0	0	0.39	5.2812566e-18
8.84001025018681e-09	-0.089779824	-0.2575151	-0.88357353	0	0	0.39	4.694398e-18
8.85002301209992e-09	-0.06395996	-0.2686665	-0.8857567	0	0	0.39	4.8323792e-18
8.860058300555788e-09	-0.057008155	-0.26958564	-0.8876867	0	0	0.39	5.3046902e-18
8.870050603619882e-09	-0.0364771	-0.27245376	-0.8877368	0	0	0.39	3.796079e-18
8.88005117919229e-09	-0.036119554	-0.29603043	-0.88544226	0	0	0.39	4.618538e-18
8.890003094829813e-09	-0.01143652	-0.28085354	-0.89763796	0	0	0.39	4.3480964e-18
8.900049418532945e-09	-0.0040744366	-0.2948844	-0.89654076	0	0	0.39	4.654728e-18
8.910056194355202e-09	0.004920136	-0.297011	-0.8980742	0	0	0.39	4.3627123e-18
8.920008526497913e-09	-0.0014213177	-0.29823852	-0.89868903	0	0	0.39	5.2214866e-18
8.930053903593468e-09	0.0030248342	-0.30123684	-0.8961254	0	0	0.39	5.0805264e-18
8.940021074832685e-09	0.006620204	-0.28457215	-0.8985726	0	0	0.39	3.7843405e-18
8.950038503770057e-09	0.007338997	-0.26698732	-0.9010784	0	0	0.39	4.0199625e-18
8.96006446642898e-09	0.022504074	-0.2521418	-0.90654135	0	0	0.39	4.04233e-18
8.97005729722897e-09	0.04588858	-0.24914701	-0.9082598	0	0	0.39	5.3359924e-18
8.980053322413573e-09	0.0627266	-0.26748183	-0.9029824	0	0	0.39	4.8364316e-18
8.990029308857858e-09	0.053052727	-0.28609943	-0.90388286	0	0	0.39	4.4346232e-18
9.00003503129637e-09	0.058788817	-0.28563973	-0.9055677	0	0	0.39	4.5531847e-18
9.010041831970656e-09	0.05607136	-0.29144067	-0.9067135	0	0	0.39	4.807263e-18
9.020011695980386e-09	0.045411687	-0.29854748	-0.9069774	0	0	0.39	3.547695e-18
9.030026121609528e-09	0.03233888	-0.28755343	-0.91274035	0	0	0.39	3.8367226e-18
9.04005717892255e-09	0.022778675	-0.27282232	-0.9153731	0	0	0.39	4.4013284e-18
9.050024230827014e-09	0.019589515	-0.25107622	-0.920063	0	0	0.39	4.116658e-18
9.060045669020615e-09	0.0062975357	-0.25215706	-0.9198341	0	0	0.39	4.0579384e-18
9.070048094979078e-09	0.00039483982	-0.24383338	-0.9189196	0	0	0.39	4.9901325e-18
9.080000047414897e-09	-0.00083927775	-0.25520363	-0.92100936	0	0	0.39	4.664821e-18
9.090014447099257e-09	-0.027490571	-0.25453144	-0.9254468	0	0	0.39	4.8213405e-18
9.100055072101779e-09	-0.046082545	-0.26799533	-0.92064255	0	0	0.39	4.3270533e-18
9.110051919503083e-09	-0.053682547	-0.26459005	-0.9168632	0	0	0.39	5.0292168e-18
9.120027773269446e-09	-0.072962195	-0.26841348	-0.9173447	0	0	0.39	4.172879e-18
9.130059692315723e-09	-0.09587461	-0.24162947	-0.9203116	0	0	0.39	4.778679e-18
9.140027982279106e-09	-0.10613081	-0.21666789	-0.9247123	0	0	0.39	4.371934e-18
9.150062277142162e-09	-0.08152217	-0.20703088	-0.9242906	0	0	0.39	5.21529e-18
9.16005492076431e-09	-0.07182316	-0.19015814	-0.9331303	0	0	0.39	4.3068846e-18
9.170012048275246e-09	-0.07627512	-0.20522757	-0.9294736	0	0	0.39	4.9070732e-18
9.180052117778504e-09	-0.08114917	-0.18170542	-0.93499815	0	0	0.39	3.7566953e-18
9.19001023586277e-09	-0.07721009	-0.20180048	-0.9333908	0	0	0.39	4.7183023e-18
9.200015268069109e-09	-0.0852827	-0.2144167	-0.9287895	0	0	0.39	4.1164354e-18
9.210031007227816e-09	-0.09532518	-0.21109824	-0.92748994	0	0	0.39	4.6963696e-18
9.220027759956082e-09	-0.09110752	-0.19526307	-0.92736846	0	0	0.39	4.805229e-18
9.230005112475355e-09	-0.08436102	-0.19485053	-0.9298763	0	0	0.39	5.3352107e-18
9.24005761723941e-09	-0.09098752	-0.20150131	-0.9283577	0	0	0.39	4.522451e-18
9.250044012554384e-09	-0.09729298	-0.19177821	-0.9261688	0	0	0.39	3.9672885e-18
9.260005287650013e-09	-0.09369795	-0.18937668	-0.9257781	0	0	0.39	5.1761104e-18
9.270067842643473e-09	-0.0932375	-0.18553966	-0.9258182	0	0	0.39	4.302919e-18
9.280025798103296e-09	-0.0969653	-0.17422238	-0.9256939	0	0	0.39	4.872381e-18
9.29001835716434e-09	-0.10623524	-0.18117976	-0.91563106	0	0	0.39	5.1847573e-18
9.300024235213654e-09	-0.106999345	-0.17389037	-0.91053057	0	0	0.39	4.6245497e-18
9.310012419350235e-09	-0.10156279	-0.18271479	-0.9122436	0	0	0.39	4.931589e-18
9.320028375910606e-09	-0.10839024	-0.18816042	-0.91585994	0	0	0.39	5.4124615e-18
9.33000332362474e-09	-0.10316029	-0.19797	-0.9161687	0	0	0.39	4.37172e-18
9.340031618440855e-09	-0.113503695	-0.19810751	-0.91351646	0	0	0.39	5.518469e-18
9.350044641936252e-09	-0.1315496	-0.19851291	-0.9125368	0	0	0.39	5.0171288e-18
9.360011809013252e-09	-0.12254959	-0.1980535	-0.91391844	0	0	0.39	3.5867697e-18
9.370059819302342e-09	-0.09981183	-0.19484127	-0.9204718	0	0	0.39	4.665323e-18
9.380007094097437e-09	-0.09940714	-0.19464701	-0.91698384	0	0	0.39	4.721343e-18
9.390021589864798e-09	-0.07870949	-0.18742484	-0.9208665	0	0	0.39	4.3960782e-18
9.400020138969896e-09	-0.10099606	-0.19745734	-0.92218125	0	0	0.39	4.161717e-18
9.410031914332378e-09	-0.11111063	-0.19605152	-0.91709	0	0	0.39	4.30186e-18
9.42002585449686e-09	-0.11649025	-0.1787505	-0.9202411	0	0	0.39	4.358395e-18
9.430055995744315e-09	-0.13090847	-0.17340118	-0.9167897	0	0	0.39	4.767638e-18
9.440021423330036e-09	-0.1318383	-0.1558145	-0.92027634	0	0	0.39	4.583746e-18
9.45003559924306e-09	-0.11269542	-0.14135888	-0.9244871	0	0	0.39	5.0280045e-18
9.460022383534426e-09	-0.10352301	-0.14263934	-0.9225482	0	0	0.39	4.4241916e-18
9.470013999817131e-09	-0.09817677	-0.13876028	-0.92597985	0	0	0.39	4.6155355e-18
9.48004100683717e-09	-0.09071624	-0.1580888	-0.9240198	0	0	0.39	4.5998376e-18
9.490040892398959e-09	-0.10183098	-0.19012338	-0.92129457	0	0	0.39	4.3942907e-18
9.500029421047245e-09	-0.10827738	-0.19314007	-0.9281142	0	0	0.39	4.346597e-18
9.510023874401935e-09	-0.108500645	-0.17747606	-0.93070114	0	0	0.39	4.8957313e-18
9.520024478057942e-09	-0.12335381	-0.17539303	-0.93007296	0	0	0.39	5.1755396e-18
9.53001270253393e-09	-0.12896013	-0.16355506	-0.92735445	0	0	0.39	4.50071e-18
9.540034289269415e-09	-0.13169885	-0.16247988	-0.9181888	0	0	0.39	4.2001667e-18
9.550035353859587e-09	-0.11402124	-0.14566575	-0.9223988	0	0	0.39	4.371804e-18
9.560011751783772e-09	-0.11309254	-0.14173235	-0.92355573	0	0	0.39	3.6530475e-18
9.570027803251086e-09	-0.111218005	-0.1408119	-0.9229952	0	0	0.39	4.8239854e-18
9.58000853180323e-09	-0.114660814	-0.13111158	-0.91995764	0	0	0.39	5.143688e-18
9.590061815503587e-09	-0.10704405	-0.12596676	-0.91965145	0	0	0.39	4.6639785e-18
9.600016247441804e-09	-0.10813744	-0.117360495	-0.920722	0	0	0.39	4.5406798e-18
9.610027218886823e-09	-0.1190183	-0.11185251	-0.91921854	0	0	0.39	4.19017e-18
9.620015661247716e-09	-0.12192737	-0.12657979	-0.9191676	0	0	0.39	4.428508e-18
9.630007113477687e-09	-0.129318	-0.12912619	-0.9152282	0	0	0.39	4.8849403e-18
9.640020857576058e-09	-0.13725787	-0.11875096	-0.9186148	0	0	0.39	4.5676082e-18
9.65003122807571e-09	-0.13518292	-0.12181091	-0.91895676	0	0	0.39	4.9259693e-18
9.660034591520435e-09	-0.12610129	-0.12675022	-0.9223024	0	0	0.39	4.3252153e-18
9.670013591377263e-09	-0.13638654	-0.14290437	-0.9228507	0	0	0.39	4.684e-18
9.680034655454308e-09	-0.1378846	-0.13160886	-0.92763984	0	0	0.39	4.6870564e-18
9.690049114203227e-09	-0.114994004	-0.14318489	-0.9278202	0	0	0.39	5.265202e-18
9.700038853193173e-09	-0.11769288	-0.1357801	-0.9295777	0	0	0.39	4.3292247e-18
9.710002472247478e-09	-0.12658311	-0.13549595	-0.92844754	0	0	0.39	4.35389e-18
9.72000772100522e-09	-0.113013074	-0.10409988	-0.9303284	0	0	0.39	5.499262e-18
9.730040793821366e-09	-0.12678908	-0.11337362	-0.9282696	0	0	0.39	4.475133e-18
9.740010139986323e-09	-0.12348362	-0.109374076	-0.92850745	0	0	0.39	3.8771184e-18
9.7500578761748e-09	-0.12782231	-0.10389608	-0.928027	0	0	0.39	4.6572465e-18
9.7600036090919e-09	-0.12192675	-0.104097866	-0.9297113	0	0	0.39	4.8953124e-18
9.770050954200176e-09	-0.12848137	-0.09534537	-0.9290274	0	0	0.39	4.9281415e-18
9.78001459055622e-09	-0.113813296	-0.082824744	-0.93397725	0	0	0.39	4.817989e-18
9.790061260634461e-09	-0.09993678	-0.08263886	-0.93778646	0	0	0.39	4.1066056e-18
9.800035017583755e-09	-0.10319086	-0.08659435	-0.93389565	0	0	0.39	4.368516e-18
9.810025381689816e-09	-0.10746111	-0.09475822	-0.933596	0	0	0.39	4.6188525e-18
9.820013522351038e-09	-0.11375122	-0.10490498	-0.93124485	0	0	0.39	5.0585556e-18
9.830055847178497e-09	-0.1186689	-0.0734927	-0.9337863	0	0	0.39	5.218028e-18
9.84001381035969e-09	-0.14803432	-0.06524918	-0.9292421	0	0	0.39	4.137943e-18
9.8500311947481e-09	-0.15297197	-0.06223733	-0.9254358	0	0	0.39	4.2101876e-18
9.860009631647854e-09	-0.15190046	-0.0447652	-0.92809665	0	0	0.39	4.984964e-18
9.870048908669722e-09	-0.16757804	-0.012205537	-0.92797565	0	0	0.39	4.4180717e-18
9.880011600649617e-09	-0.1562377	-0.011415091	-0.9246449	0	0	0.39	4.8251654e-18
9.890064580638399e-09	-0.14501916	-0.0122455815	-0.9288764	0	0	0.39	4.6547045e-18
9.900022158968708e-09	-0.13938527	-0.027267003	-0.92913073	0	0	0.39	4.698112e-18
9.910003995115719e-09	-0.14979814	-0.042929213	-0.9272483	0	0	0.39	4.4295427e-18
9.920058348464867e-09	-0.15139636	-0.056705073	-0.92523134	0	0	0.39	4.1613306e-18
9.930052167385425e-09	-0.16542736	-0.044191632	-0.9246079	0	0	0.39	3.982961e-18
9.940017406779588e-09	-0.17930047	-0.0460627	-0.9272873	0	0	0.39	4.8811374e-18
9.950033794597927e-09	-0.18755504	-0.033956725	-0.92952	0	0	0.39	5.2714558e-18
9.960021244435707e-09	-0.17548689	-0.026698897	-0.9284212	0	0	0.39	3.5755804e-18
9.970022114341872e-09	-0.19010615	-0.03225155	-0.92442405	0	0	0.39	4.6030707e-18
9.980024246941537e-09	-0.17620109	-0.022939535	-0.9264561	0	0	0.39	4.605716e-18
9.990056645328896e-09	-0.15558495	-0.027557546	-0.93388444	0	0	0.39	3.845454e-18
1e-08	-0.15986559	-0.032376707	-0.93361527	0	0	0.39	5.3774267e-18
