# t (s)	mx ()	my ()	mz ()	B_extx (T)	B_exty (T)	B_extz (T)	E_total (J)
0	0	0	-1	0	0	0.41	1.3250005e-18
1.0036337257819604e-11	0.009666817	0.0007015214	-0.9747245	0	0	0.41	4.3351825e-18
2.0018262198744043e-11	0.01954255	-0.0034189993	-0.96669805	0	0	0.41	4.516131e-18
3.0062732915153685e-11	0.03235289	-0.02610922	-0.96407765	0	0	0.41	5.3550916e-18
4.006419585541496e-11	0.026427513	-0.028312838	-0.9627308	0	0	0.41	5.336161e-18
5.004790752295391e-11	0.0074893828	-0.01791423	-0.96113086	0	0	0.41	3.9448425e-18
6.001977762669063e-11	-0.00444054	-0.013044334	-0.95733356	0	0	0.41	5.3103647e-18
7.000414875114884e-11	-0.0016920061	-0.024834367	-0.9574797	0	0	0.41	4.726896e-18
8.005633817151496e-11	0.021407532	-0.010259915	-0.95438	0	0	0.41	5.687255e-18
9.004844960725855e-11	0.035972625	-0.014537603	-0.95577776	0	0	0.41	4.7649727e-18
1.0000644246286716e-10	0.03876789	-0.015776651	-0.95604485	0	0	0.41	5.3057486e-18
1.1003503020727387e-10	0.04157572	-0.011256101	-0.9566662	0	0	0.41	5.0378484e-18
1.2000313708631536e-10	0.039380427	-0.022276534	-0.956049	0	0	0.41	4.723224e-18
1.3005435151232924e-10	0.061139066	-0.027578156	-0.9566231	0	0	0.41	4.217253e-18
1.4000622145236005e-10	0.047257856	-0.031299796	-0.95928097	0	0	0.41	4.973132e-18
1.5000569255242066e-10	0.049175117	-0.04368219	-0.9593293	0	0	0.41	4.7180682e-18
1.600344097953756e-10	0.041757856	-0.02791322	-0.96038043	0	0	0.41	3.7414674e-18
1.7004176195390503e-10	0.038447574	-0.03747609	-0.95896345	0	0	0.41	5.0426374e-18
1.8005009191174737e-10	0.034842994	-0.03655999	-0.9557244	0	0	0.41	5.0145285e-18
1.9006305173111775e-10	0.040491536	-0.030476894	-0.95561445	0	0	0.41	4.9772984e-18
2.0004615262086755e-10	0.042278666	-0.030445827	-0.9573634	0	0	0.41	4.3982608e-18
2.1001208026242568e-10	0.048510537	-0.009472718	-0.9532594	0	0	0.41	5.5665446e-18
2.200461617627893e-10	0.056633	-0.013915814	-0.9536084	0	0	0.41	5.562957e-18
2.3000979732616628e-10	0.05202478	-0.03878872	-0.9527323	0	0	0.41	5.761077e-18
2.4006162407313016e-10	0.05980312	-0.050955202	-0.9539099	0	0	0.41	5.081277e-18
2.5004434696400824e-10	0.05135614	-0.06447381	-0.95308447	0	0	0.41	5.1430075e-18
2.600387815254712e-10	0.04235255	-0.06073039	-0.9549627	0	0	0.41	4.315101e-18
2.7004145186704826e-10	0.030226877	-0.056628205	-0.95156217	0	0	0.41	4.902047e-18
2.8002863465398175e-10	0.03202818	-0.055589676	-0.9445637	0	0	0.41	3.997361e-18
2.9000024558878353e-10	0.054560963	-0.05031114	-0.94261223	0	0	0.41	4.801637e-18
3.000137664079258e-10	0.06364229	-0.03760305	-0.940511	0	0	0.41	4.6484473e-18
3.100139237029396e-10	0.08418813	-0.03918402	-0.93898845	0	0	0.41	5.940419e-18
3.2001202669764587e-10	0.07418799	-0.055894755	-0.94005334	0	0	0.41	5.4466e-18
3.300430388385662e-10	0.071449175	-0.061504457	-0.9378443	0	0	0.41	4.3895456e-18
3.4001455503707064e-10	0.076176636	-0.07183151	-0.9371687	0	0	0.41	4.768304e-18
3.500257801309278e-10	0.07560749	-0.07780779	-0.9375323	0	0	0.41	5.1126342e-18
3.6003194786676375e-10	0.06474369	-0.074387304	-0.9408762	0	0	0.41	4.1456208e-18
3.7001548239981795e-10	0.07662461	-0.046886314	-0.94243455	0	0	0.41	5.1038773e-18
3.8006590369843924e-10	0.074760765	-0.028870152	-0.9443687	0	0	0.41	5.2252565e-18
3.900413290763513e-10	0.0912882	-0.02664829	-0.94386244	0	0	0.41	4.8310814e-18
4.0001325468193517e-10	0.11589544	-0.008473456	-0.94465226	0	0	0.41	3.8136107e-18
4.100231096491644e-10	0.11290074	-0.019314175	-0.94846845	0	0	0.41	4.4745918e-18
4.200289017619127e-10	0.11619425	-0.036853254	-0.9468387	0	0	0.41	3.931801e-18
4.3000643821306794e-10	0.113667004	-0.04982808	-0.9497571	0	0	0.41	5.0224256e-18
4.400002267316126e-10	0.11567547	-0.070000336	-0.94309187	0	0	0.41	5.1850655e-18
4.5004350144465115e-10	0.11444291	-0.07155889	-0.94600344	0	0	0.41	4.0392404e-18
4.6004483915928537e-10	0.12526828	-0.09058521	-0.94199634	0	0	0.41	3.807605e-18
4.700549607553758e-10	0.1280683	-0.10145205	-0.94026357	0	0	0.41	4.8745017e-18
4.800649432854859e-10	0.109141156	-0.0839595	-0.9462085	0	0	0.41	4.604826e-18
4.900279676678423e-10	0.104687504	-0.075238995	-0.94588363	0	0	0.41	4.2244205e-18
5.000442568022025e-10	0.12025398	-0.085643455	-0.9399883	0	0	0.41	5.4093203e-18
5.100461170120455e-10	0.11879742	-0.070876144	-0.9407893	0	0	0.41	5.089959e-18
5.200083030157891e-10	0.12718138	-0.07800226	-0.9346556	0	0	0.41	5.008082e-18
5.300619235678476e-10	0.12688798	-0.096822426	-0.93307793	0	0	0.41	4.4558673e-18
5.400481627201238e-10	0.1027471	-0.093902305	-0.9364176	0	0	0.41	5.1175295e-18
5.500403950767892e-10	0.097748876	-0.08460577	-0.93351495	0	0	0.41	5.1590113e-18
5.60050864581311e-10	0.092732415	-0.05692145	-0.93654025	0	0	0.41	5.0801616e-18
5.700111528197692e-10	0.09231153	-0.03134647	-0.93578666	0	0	0.41	5.4878483e-18
5.800580925305433e-10	0.08020228	-0.022117734	-0.9396609	0	0	0.41	5.315112e-18
5.900348094372109e-10	0.087691605	-0.008427254	-0.9444692	0	0	0.41	4.796637e-18
6.000406680275846e-10	0.10172102	-0.0064699827	-0.9416208	0	0	0.41	5.5593428e-18
6.100093819572454e-10	0.10960551	-0.0068076304	-0.94341314	0	0	0.41	5.184221e-18
6.20021784012398e-10	0.11794166	-0.0067195985	-0.9427824	0	0	0.41	4.6895425e-18
6.300590680572869e-10	0.096426904	-0.021490619	-0.9446219	0	0	0.41	3.7587707e-18
6.4004610059532e-10	0.08940679	-0.024937585	-0.94420695	0	0	0.41	5.124131e-18
6.500310304574926e-10	0.09211669	-0.026359223	-0.94631356	0	0	0.41	4.4740115e-18
6.600151556435404e-10	0.08895291	-0.029506655	-0.9466386	0	0	0.41	5.763072e-18
6.700236127791527e-10	0.09784081	-0.033203647	-0.943976	0	0	0.41	5.201437e-18
6.800515788063904e-10	0.10966315	-0.033830103	-0.93457615	0	0	0.41	4.6724554e-18
6.900472704732589e-10	0.10433651	-0.031767264	-0.9315556	0	0	0.41	4.9318866e-18
7.00044721679151e-10	0.11349974	-0.01639291	-0.9236942	0	0	0.41	4.433538e-18
7.100436847835695e-10	0.120409995	0.0029991036	-0.92087775	0	0	0.41	4.316967e-18
7.200510652422196e-10	0.10763529	0.0023375156	-0.91756135	0	0	0.41	4.582985e-18
7.300620077469616e-10	0.10531558	-0.005524907	-0.9266777	0	0	0.41	4.4750657e-18
7.400395352453543e-10	0.10349571	-0.025280649	-0.9293094	0	0	0.41	4.4977946e-18
7.500354085845077e-10	0.10762509	-0.03299781	-0.93053514	0	0	0.41	4.444537e-18
7.600503434611803e-10	0.09628176	-0.03970215	-0.932181	0	0	0.41	4.369105e-18
7.700019157974901e-10	0.08781811	-0.031067336	-0.9319292	0	0	0.41	4.380851e-18
7.800525239865004e-10	0.070418596	-0.016873404	-0.93045676	0	0	0.41	4.646816e-18
7.900498915946223e-10	0.061002318	0.0011356641	-0.9326904	0	0	0.41	4.854776e-18
8.00005236684858e-10	0.05868349	0.014320332	-0.93178725	0	0	0.41	4.2368915e-18
8.100415149591693e-10	0.07893995	0.03630189	-0.92642707	0	0	0.41	4.5202707e-18
8.200538517846888e-10	0.093164586	0.043401774	-0.93010247	0	0	0.41	4.054507e-18
8.300597835384374e-10	0.10886404	0.054186385	-0.92873704	0	0	0.41	4.5829983e-18
8.400119416039165e-10	0.12266969	0.03663632	-0.92588353	0	0	0.41	5.254859e-18
8.500033828992407e-10	0.096238576	0.03120289	-0.93253994	0	0	0.41	5.0613614e-18
8.600231116405775e-10	0.06681821	0.03698022	-0.93346643	0	0	0.41	4.7828406e-18
8.700574372341314e-10	0.028486548	0.052945424	-0.9287087	0	0	0.41	5.5770916e-18
8.800623703441842e-10	0.011958366	0.04016757	-0.9269343	0	0	0.41	4.385332e-18
8.900015486963993e-10	-0.0038016182	0.03404017	-0.9341419	0	0	0.41	5.06127e-18
9.00004301430671e-10	-0.005509513	0.049092006	-0.93086666	0	0	0.41	5.3213985e-18
9.100575316562773e-10	-0.0058175684	0.057774063	-0.93617374	0	0	0.41	4.284069e-18
9.200627050967767e-10	0.0023506004	0.064365946	-0.94090503	0	0	0.41	4.801324e-18
9.300397283310076e-10	0.026567802	0.06916143	-0.9437119	0	0	0.41	4.808945e-18
9.400133042338358e-10	0.040166996	0.054560155	-0.94264656	0	0	0.41	5.833351e-18
9.500087721201574e-10	0.029005537	0.054568343	-0.9476741	0	0	0.41	4.448149e-18
9.600269801621924e-10	0.010680182	0.04995224	-0.94285995	0	0	0.41	4.3305424e-18
9.700486467156907e-10	-0.00025457173	0.031447183	-0.9455613	0	0	0.41	5.3632836e-18
9.80055740684836e-10	0.0002965497	0.037035603	-0.94526756	0	0	0.41	5.111687e-18
9.90045698531745e-10	-0.0028116875	0.041707113	-0.94689614	0	0	0.41	4.9708004e-18
1.0000251186169948e-09	0.006629831	0.043734513	-0.94337153	0	0	0.41	3.8425315e-18
1.0100184042514216e-09	0.0011767378	0.03533738	-0.9441566	0	0	0.41	4.2176326e-18
1.0200408953422227e-09	0.012094937	0.035250604	-0.94782823	0	0	0.41	4.2925103e-18
1.030013081113178e-09	0.032323055	0.03450785	-0.94621533	0	0	0.41	4.5341967e-18
1.0400528105053381e-09	0.04075694	0.020002058	-0.94182324	0	0	0.41	4.434698e-18
1.0500098823505612e-09	0.044320334	0.012663975	-0.94222754	0	0	0.41	4.912336e-18
1.060015819503062e-09	0.04295886	-0.01264349	-0.93922776	0	0	0.41	4.7360528e-18
1.0700224851036689e-09	0.004878159	-0.02193474	-0.94046617	0	0	0.41	4.7271796e-18
1.0800186614641177e-09	-0.0038291737	-0.01940318	-0.9507248	0	0	0.41	5.2824333e-18
1.0900288271419919e-09	-0.0050736885	0.011354032	-0.95099044	0	0	0.41	5.542927e-18
1.1000450482175703e-09	0.0067924066	0.009710905	-0.95322114	0	0	0.41	4.497068e-18
1.1100000018598346e-09	0.0043921587	0.016431661	-0.9534891	0	0	0.41	4.6560735e-18
1.120046415316267e-09	0.0052253506	0.022434408	-0.95212764	0	0	0.41	5.531966e-18
1.1300501869730085e-09	0.006589698	0.01731258	-0.95278347	0	0	0.41	4.6642725e-18
1.1400036956816415e-09	0.0187203	0.0111067	-0.9577404	0	0	0.41	4.5168474e-18
1.1500009141993816e-09	0.025252976	0.0017857	-0.95549166	0	0	0.41	4.7810154e-18
1.1600101824405869e-09	0.019753484	-0.006853169	-0.9563872	0	0	0.41	4.4709046e-18
1.1700013518043393e-09	0.034642525	-0.022844197	-0.9537742	0	0	0.41	4.7746064e-18
1.1800572202946322e-09	0.047520265	-0.015598989	-0.95375544	0	0	0.41	4.7878546e-18
1.190019585324754e-09	0.027816	-0.023294736	-0.95300645	0	0	0.41	4.766297e-18
1.2000219539813044e-09	0.01914796	-0.025088813	-0.9511776	0	0	0.41	5.3008683e-18
1.2100509143681302e-09	0.014164974	-0.009643101	-0.94951266	0	0	0.41	4.5868555e-18
1.220054192127069e-09	0.036656573	0.003831457	-0.94656146	0	0	0.41	5.510808e-18
1.230040406152417e-09	0.03867023	-0.009971717	-0.944823	0	0	0.41	4.349655e-18
1.2400186283286168e-09	0.041031264	-0.0133044375	-0.94502825	0	0	0.41	5.0576834e-18
1.2500563036543354e-09	0.061728112	-0.029567348	-0.94423354	0	0	0.41	4.4644886e-18
1.260026487688455e-09	0.0673892	-0.031060109	-0.9514399	0	0	0.41	4.944823e-18
1.2700068655779724e-09	0.047466353	-0.03570611	-0.9469656	0	0	0.41	4.8420353e-18
1.2800388997365663e-09	0.03921754	-0.033060778	-0.9484648	0	0	0.41	4.7690288e-18
1.2900417012351047e-09	0.036630433	-0.008639258	-0.9464201	0	0	0.41	5.395459e-18
1.300016295705998e-09	0.020081459	-0.008070623	-0.9429353	0	0	0.41	5.952073e-18
1.310042849001722e-09	0.011802213	0.0143426135	-0.9410762	0	0	0.41	4.0379243e-18
1.3200631634794733e-09	0.009147677	0.010324741	-0.94082737	0	0	0.41	4.316402e-18
1.330038433866388e-09	0.014112792	0.006762217	-0.9412418	0	0	0.41	4.441919e-18
1.3400069841615264e-09	0.017661445	0.000299994	-0.9427336	0	0	0.41	4.399212e-18
1.3500011095756827e-09	0.042733494	-0.015968025	-0.938696	0	0	0.41	5.4663085e-18
1.3600009264765405e-09	0.03464614	-0.030585533	-0.9374451	0	0	0.41	4.1838882e-18
1.3700629277793906e-09	0.031568397	-0.03333012	-0.9419041	0	0	0.41	4.9720296e-18
1.3800217211555442e-09	0.017979058	-0.029930212	-0.9478832	0	0	0.41	4.7187254e-18
1.3900531686991942e-09	0.02509021	-0.0058585154	-0.950999	0	0	0.41	5.611735e-18
1.4000259285857148e-09	0.031617258	-0.00019304623	-0.9494569	0	0	0.41	4.7420234e-18
1.410005002926362e-09	0.0381295	0.0059601637	-0.94714725	0	0	0.41	3.3084567e-18
1.4200211365390806e-09	0.042756245	0.018353779	-0.94473475	0	0	0.41	4.955493e-18
1.430008994001469e-09	0.050266106	0.013488814	-0.94748014	0	0	0.41	4.771094e-18
1.4400421501687858e-09	0.046264734	0.0053938455	-0.9442608	0	0	0.41	4.1861944e-18
1.4500263394569055e-09	0.032041345	-0.006788531	-0.9468654	0	0	0.41	5.2342475e-18
1.460033295662618e-09	0.03342636	-0.015821083	-0.94614136	0	0	0.41	5.3419187e-18
1.470061789128576e-09	0.039250296	-0.02799911	-0.9460559	0	0	0.41	4.3839303e-18
1.4800183678606785e-09	0.04625816	-0.02301334	-0.943552	0	0	0.41	5.2186213e-18
1.4900120821588147e-09	0.049014986	0.005402234	-0.942921	0	0	0.41	4.3751407e-18
1.5000425855782993e-09	0.07262107	-2.4184805e-05	-0.9392631	0	0	0.41	5.708535e-18
1.5100545828209513e-09	0.09990803	0.005558925	-0.93779	0	0	0.41	4.33273e-18
1.5200233892940875e-09	0.10090399	0.00743702	-0.9355154	0	0	0.41	4.969808e-18
1.5300063764763212e-09	0.103016	0.008393396	-0.9328867	0	0	0.41	5.4185004e-18
1.5400489096091799e-09	0.06988419	0.0012261186	-0.93415225	0	0	0.41	4.77455e-18
1.5500324780582803e-09	0.06441416	0.030242201	-0.9385612	0	0	0.41	3.8751265e-18
1.5600359610690514e-09	0.056818057	0.03901152	-0.9378584	0	0	0.41	4.0911423e-18
1.5700258149627716e-09	0.05526981	0.028566897	-0.9397201	0	0	0.41	4.497717e-18
1.5800035874641527e-09	0.05259021	0.029257549	-0.94231075	0	0	0.41	5.384736e-18
1.5900045409921091e-09	0.04867739	0.05243654	-0.94322604	0	0	0.41	4.2422673e-18
1.6000158738486437e-09	0.055701137	0.04627986	-0.93902683	0	0	0.41	4.526644e-18
1.6100228721178646e-09	0.057933837	0.032448675	-0.9385818	0	0	0.41	4.036798e-18
1.6200268851254419e-09	0.05293072	0.04125869	-0.94093674	0	0	0.41	4.897725e-18
1.6300455867393222e-09	0.05263007	0.049561586	-0.94426596	0	0	0.41	4.9616655e-18
1.640013439364921e-09	0.043360226	0.054447263	-0.9429975	0	0	0.41	4.1150006e-18
1.6500359854482595e-09	0.030221	0.07060844	-0.9414882	0	0	0.41	4.3335728e-18
1.6600135815842243e-09	0.04031837	0.08571858	-0.9405623	0	0	0.41	4.918277e-18
1.6700608690652194e-09	0.0048047733	0.087802894	-0.93938667	0	0	0.41	4.1219092e-18
1.6800431552344795e-09	0.013869145	0.07221933	-0.9437141	0	0	0.41	5.5288975e-18
1.6900359162777517e-09	0.0117338635	0.086589664	-0.9377261	0	0	0.41	5.403577e-18
1.7000568771923813e-09	-0.008670276	0.09121456	-0.936142	0	0	0.41	4.0035434e-18
1.710018405425717e-09	0.0054020295	0.084085725	-0.93467903	0	0	0.41	5.3591394e-18
1.7200307415250753e-09	0.009661043	0.096507944	-0.9364753	0	0	0.41	4.440778e-18
1.730007699584469e-09	0.031571086	0.08605729	-0.9362593	0	0	0.41	4.889854e-18
1.7400452661029077e-09	0.010478725	0.10335495	-0.9383211	0	0	0.41	4.8043833e-18
1.7500516488319553e-09	0.0020867728	0.113140136	-0.9375723	0	0	0.41	4.6785542e-18
1.7600413185776124e-09	-0.01397916	0.12119978	-0.94002813	0	0	0.41	4.728576e-18
1.7700258056976166e-09	-0.028784174	0.1356626	-0.93734914	0	0	0.41	4.4801446e-18
1.7800147730908649e-09	-0.025782198	0.13166887	-0.93413997	0	0	0.41	4.8484406e-18
1.7900270381933812e-09	-0.02652532	0.11499283	-0.9373789	0	0	0.41	4.857698e-18
1.8000149270354512e-09	-0.019907026	0.10117876	-0.9377882	0	0	0.41	5.110607e-18
1.8100514361107086e-09	-0.036719766	0.080823064	-0.93677324	0	0	0.41	4.4914625e-18
1.820054432725712e-09	-0.04592584	0.06807831	-0.9342701	0	0	0.41	4.3776325e-18
1.8300533504539997e-09	-0.0672602	0.08113566	-0.9353778	0	0	0.41	4.684588e-18
1.8400621719027564e-09	-0.06207018	0.10079416	-0.93662655	0	0	0.41	4.2537904e-18
1.8500520578539011e-09	-0.068044886	0.09942108	-0.939904	0	0	0.41	4.906404e-18
1.8600121983620332e-09	-0.049833316	0.1009619	-0.9397113	0	0	0.41	3.7554004e-18
1.8700506118787656e-09	-0.034244936	0.115878135	-0.9402622	0	0	0.41	4.285779e-18
1.8800017536309352e-09	-0.031827297	0.10760983	-0.9434837	0	0	0.41	3.2160468e-18
1.89003831532395e-09	-0.028547289	0.09799949	-0.9454273	0	0	0.41	4.0303465e-18
1.900052657839522e-09	-0.040236484	0.0795888	-0.9419306	0	0	0.41	4.7768084e-18
1.910014861653952e-09	-0.058875784	0.071484946	-0.93980956	0	0	0.41	4.0768353e-18
1.9200039476832305e-09	-0.06354036	0.06723575	-0.9376389	0	0	0.41	5.502181e-18
1.930010375188318e-09	-0.07020226	0.063864924	-0.93756944	0	0	0.41	5.6408606e-18
1.9400035555308e-09	-0.06686436	0.057948116	-0.9458929	0	0	0.41	4.3026627e-18
1.950049098380498e-09	-0.045194015	0.049099468	-0.94372624	0	0	0.41	4.425646e-18
1.9600286918852973e-09	-0.032670174	0.04461244	-0.9439973	0	0	0.41	4.5997235e-18
1.9700027847473463e-09	-0.019553317	0.036132667	-0.94689155	0	0	0.41	3.9920162e-18
1.980023900877867e-09	-0.011660834	0.051462293	-0.947644	0	0	0.41	5.923524e-18
1.9900049409419106e-09	-0.001490809	0.049368136	-0.9490869	0	0	0.41	4.88236e-18
2.000026053647548e-09	-0.032892454	0.052513804	-0.9504729	0	0	0.41	5.2125973e-18
2.0100540929712836e-09	-0.047957443	0.06860618	-0.94880927	0	0	0.41	5.116039e-18
2.020029407914253e-09	-0.061889112	0.07168744	-0.9436657	0	0	0.41	3.954781e-18
2.030003770565928e-09	-0.075769246	0.05893959	-0.9437916	0	0	0.41	5.1125345e-18
2.0400576950363685e-09	-0.08783312	0.06400861	-0.9462605	0	0	0.41	5.0738043e-18
2.0500333745521545e-09	-0.073970675	0.07010681	-0.94876236	0	0	0.41	4.2232413e-18
2.0600195184983082e-09	-0.060887426	0.058276862	-0.9519706	0	0	0.41	4.91754e-18
2.0700552951945244e-09	-0.052437995	0.065947056	-0.9485217	0	0	0.41	3.954743e-18
2.080024517668571e-09	-0.07056442	0.04861064	-0.9486541	0	0	0.41	4.125247e-18
2.0900239584374348e-09	-0.08003886	0.04529832	-0.94724137	0	0	0.41	5.2092857e-18
2.100021045549918e-09	-0.08902784	0.06674851	-0.94481236	0	0	0.41	4.9969203e-18
2.1100300902932084e-09	-0.08692594	0.057886895	-0.94738	0	0	0.41	4.06385e-18
2.120063866274155e-09	-0.10297703	0.044852205	-0.9469495	0	0	0.41	4.8552735e-18
2.130012584629213e-09	-0.10279523	0.04640188	-0.9443723	0	0	0.41	4.0465543e-18
2.1400466977217316e-09	-0.10108974	0.05340969	-0.9452682	0	0	0.41	4.3373687e-18
2.150028741240347e-09	-0.09301697	0.052974273	-0.9495289	0	0	0.41	4.4655407e-18
2.1600333288105802e-09	-0.09798619	0.041930474	-0.9487054	0	0	0.41	5.7299864e-18
2.1700396347249432e-09	-0.107411355	0.03488112	-0.9426155	0	0	0.41	4.427669e-18
2.1800134973263112e-09	-0.094895765	0.025917988	-0.9451198	0	0	0.41	4.5491497e-18
2.190011802637273e-09	-0.09546421	0.022866322	-0.9436939	0	0	0.41	4.555078e-18
2.2000312651765936e-09	-0.0918909	0.02565351	-0.93960595	0	0	0.41	4.2076515e-18
2.2100408802698236e-09	-0.11062107	0.025713734	-0.9408379	0	0	0.41	5.2107895e-18
2.220007841183507e-09	-0.10747918	0.03715497	-0.93905157	0	0	0.41	4.872617e-18
2.230006846023144e-09	-0.10525887	0.057522014	-0.94012374	0	0	0.41	3.5193603e-18
2.240013525825195e-09	-0.11015162	0.05584233	-0.93787926	0	0	0.41	4.770938e-18
2.2500313621738577e-09	-0.11606269	0.0545328	-0.93933254	0	0	0.41	4.719076e-18
2.2600034239689768e-09	-0.1228668	0.049047116	-0.93932265	0	0	0.41	3.918885e-18
2.27004045011873e-09	-0.1153776	0.04304389	-0.9366416	0	0	0.41	4.8082748e-18
2.2800588152861427e-09	-0.12034759	0.03935518	-0.9359941	0	0	0.41	4.5049253e-18
2.290040338077799e-09	-0.109765455	0.04557568	-0.94344544	0	0	0.41	4.731739e-18
2.300038871604155e-09	-0.09102732	0.056658927	-0.9438131	0	0	0.41	4.2714163e-18
2.3100373558837804e-09	-0.11233133	0.05416877	-0.9379774	0	0	0.41	4.6420727e-18
2.3200080768821266e-09	-0.11276958	0.043189045	-0.94267255	0	0	0.41	4.325999e-18
2.330003671992814e-09	-0.101279534	0.04976649	-0.94210523	0	0	0.41	5.029668e-18
2.3400276282040555e-09	-0.111850046	0.05967245	-0.9373026	0	0	0.41	5.119378e-18
2.3500284560432595e-09	-0.1146688	0.060317285	-0.93259615	0	0	0.41	6.0787688e-18
2.3600543102840186e-09	-0.11036639	0.055535134	-0.9294065	0	0	0.41	3.604511e-18
2.3700454209540337e-09	-0.101795495	0.04929735	-0.93422455	0	0	0.41	4.132804e-18
2.38002796853359e-09	-0.10215718	0.036013365	-0.9292772	0	0	0.41	4.032352e-18
2.390011394409688e-09	-0.11856932	0.028598791	-0.9289707	0	0	0.41	5.2383425e-18
2.400046409387953e-09	-0.13519228	0.021533275	-0.9267682	0	0	0.41	4.5475098e-18
2.4100432739516473e-09	-0.1391996	0.048006784	-0.9228334	0	0	0.41	5.8831075e-18
2.4200323980732295e-09	-0.13972628	0.048141666	-0.92260027	0	0	0.41	4.8872114e-18
2.4300161164850212e-09	-0.1377449	0.03181882	-0.9269247	0	0	0.41	5.357736e-18
2.4400177406042148e-09	-0.14586778	0.036998834	-0.92551607	0	0	0.41	4.583136e-18
2.4500208686146806e-09	-0.1320113	0.021617495	-0.928066	0	0	0.41	4.5980824e-18
2.460040660349698e-09	-0.11992177	0.015877187	-0.9297993	0	0	0.41	5.5842607e-18
2.4700638767839023e-09	-0.12041959	0.013022037	-0.9325242	0	0	0.41	5.1224206e-18
2.4800536997087483e-09	-0.12226996	0.011114633	-0.9376561	0	0	0.41	4.606736e-18
2.490007825138231e-09	-0.11803183	-0.0044392482	-0.939621	0	0	0.41	4.6624693e-18
2.500046915585181e-09	-0.14608377	0.0002265047	-0.93481773	0	0	0.41	4.9379175e-18
2.5100294792265907e-09	-0.1596898	0.01996543	-0.9354436	0	0	0.41	5.7406417e-18
2.5200333534345005e-09	-0.16977017	0.031699732	-0.9303682	0	0	0.41	4.9557764e-18
2.5300329159309517e-09	-0.15978952	0.0414911	-0.92720944	0	0	0.41	4.1503204e-18
2.540036898109678e-09	-0.1616019	0.055713072	-0.9226976	0	0	0.41	4.382346e-18
2.5500440231108908e-09	-0.16776535	0.051518716	-0.9125517	0	0	0.41	5.3786865e-18
2.5600204435340174e-09	-0.14773619	0.04345428	-0.9162475	0	0	0.41	4.1509528e-18
2.5700163273037446e-09	-0.1338758	0.037429124	-0.9163553	0	0	0.41	3.7255425e-18
2.580011706229235e-09	-0.14355408	0.013728043	-0.9155238	0	0	0.41	4.91206e-18
2.5900371285217407e-09	-0.14780281	-0.0028567056	-0.91417587	0	0	0.41	4.9245296e-18
2.600039347475839e-09	-0.15082596	-0.0139676975	-0.91637474	0	0	0.41	4.352739e-18
2.6100306757347533e-09	-0.14382587	-0.01259503	-0.92786163	0	0	0.41	4.7125398e-18
2.6200283174977423e-09	-0.1579674	0.013810345	-0.9249693	0	0	0.41	4.49413e-18
2.6300356897221763e-09	-0.15248384	0.023236547	-0.9163463	0	0	0.41	5.4577534e-18
2.6400590562649644e-09	-0.12786691	0.024585996	-0.9162047	0	0	0.41	4.61221e-18
2.6500547709308527e-09	-0.11696095	0.006951252	-0.9183109	0	0	0.41	3.9817828e-18
2.6600321553433814e-09	-0.11465796	0.01104579	-0.92070735	0	0	0.41	4.209541e-18
2.670042426925539e-09	-0.103766814	-0.0010015013	-0.92320096	0	0	0.41	4.7069575e-18
2.680045251705618e-09	-0.09984257	-0.015608966	-0.9260954	0	0	0.41	4.8691784e-18
2.690058989102138e-09	-0.10544584	-0.035544258	-0.9238212	0	0	0.41	4.3020816e-18
2.700042826707449e-09	-0.09405983	-0.05077825	-0.9250729	0	0	0.41	4.7996568e-18
2.7100246425828157e-09	-0.10144573	-0.04612503	-0.92211163	0	0	0.41	4.610041e-18
2.7200291452846936e-09	-0.11495395	-0.050245658	-0.9180463	0	0	0.41	5.078129e-18
2.7300470220927025e-09	-0.108908385	-0.061320797	-0.9194722	0	0	0.41	4.080119e-18
2.740061577648755e-09	-0.08798718	-0.05627058	-0.91214424	0	0	0.41	5.0821088e-18
2.7500508549804357e-09	-0.094544224	-0.057140313	-0.9122939	0	0	0.41	4.5543402e-18
2.7600394059911204e-09	-0.06966505	-0.061513357	-0.9123504	0	0	0.41	4.4691113e-18
2.7700287987926946e-09	-0.05960967	-0.084312335	-0.91151345	0	0	0.41	4.5068315e-18
2.7800277841173064e-09	-0.044708684	-0.09276346	-0.91468024	0	0	0.41	4.1140845e-18
2.790005391759512e-09	-0.04015558	-0.125141	-0.91503984	0	0	0.41	4.7442605e-18
2.8000527794983402e-09	-0.04311961	-0.13778292	-0.91485626	0	0	0.41	5.138104e-18
2.8100598118620343e-09	-0.044490036	-0.13827607	-0.9188815	0	0	0.41	5.123099e-18
2.8200286812993818e-09	-0.04900597	-0.1554006	-0.92176	0	0	0.41	3.8836854e-18
2.8300326187131895e-09	-0.02932541	-0.16489042	-0.9236585	0	0	0.41	5.3297497e-18
2.8400419898469733e-09	-0.036823884	-0.16339657	-0.9218042	0	0	0.41	4.339341e-18
2.850035571352321e-09	-0.018807298	-0.17117912	-0.91946274	0	0	0.41	4.897253e-18
2.8600075512048237e-09	0.0032169502	-0.15727447	-0.92171437	0	0	0.41	4.184103e-18
2.8700238307762952e-09	0.015407233	-0.17876108	-0.9161524	0	0	0.41	5.7906373e-18
2.880046247162018e-09	0.023803072	-0.17707157	-0.91442317	0	0	0.41	4.6939174e-18
2.8900059530897293e-09	0.04899597	-0.19538398	-0.9139576	0	0	0.41	5.0452086e-18
2.9000353639260745e-09	0.06224983	-0.19793133	-0.91764313	0	0	0.41	5.0114655e-18
2.9100351890427286e-09	0.070578665	-0.20520538	-0.91104406	0	0	0.41	4.1117655e-18
2.9200538297897348e-09	0.09096912	-0.21294008	-0.9063638	0	0	0.41	4.5547125e-18
2.9300192273725256e-09	0.10279249	-0.20083152	-0.90291286	0	0	0.41	4.4211154e-18
2.9400050278879304e-09	0.1017207	-0.2013034	-0.9016196	0	0	0.41	4.644632e-18
2.950024692536554e-09	0.128741	-0.18052725	-0.9052357	0	0	0.41	5.210481e-18
2.9600603191395407e-09	0.16110052	-0.16412035	-0.89837617	0	0	0.41	4.6808873e-18
2.970061532980574e-09	0.16203314	-0.14734463	-0.90674293	0	0	0.41	5.4608892e-18
2.980034147389177e-09	0.16802639	-0.13133515	-0.914478	0	0	0.41	4.6403873e-18
2.99002354888274e-09	0.18750301	-0.12710786	-0.9147164	0	0	0.41	4.904538e-18
3.0000569277845537e-09	0.20022437	-0.11832686	-0.9103359	0	0	0.41	4.204612e-18
3.0100418103946277e-09	0.19113564	-0.12278871	-0.915704	0	0	0.41	5.450863e-18
3.0200362993757122e-09	0.2223466	-0.121468246	-0.907481	0	0	0.41	4.706906e-18
3.030012107056815e-09	0.20798169	-0.106692486	-0.90880984	0	0	0.41	4.2443655e-18
3.0400370952097434e-09	0.20150189	-0.08019469	-0.9144822	0	0	0.41	3.7334785e-18
3.0500338994967914e-09	0.21321622	-0.06205872	-0.9135529	0	0	0.41	5.359591e-18
3.060002153031373e-09	0.20105503	-0.03389551	-0.9150669	0	0	0.41	5.0045883e-18
3.070000274473297e-09	0.20657724	-0.0025423642	-0.91183877	0	0	0.41	4.7091214e-18
3.080056794448023e-09	0.21467075	0.0050852546	-0.9076207	0	0	0.41	4.7827997e-18
3.090043713056786e-09	0.23394695	0.011316091	-0.9049675	0	0	0.41	4.553878e-18
3.100030181330672e-09	0.24382424	0.007660774	-0.90778226	0	0	0.41	4.9674433e-18
3.1100117491813772e-09	0.24573937	-0.0008504461	-0.91010666	0	0	0.41	4.619961e-18
3.120034023968419e-09	0.25352785	0.015448961	-0.90361273	0	0	0.41	4.2732225e-18
3.1300216088189944e-09	0.25158674	0.01791725	-0.900415	0	0	0.41	3.8096407e-18
3.1400037458114083e-09	0.23710208	0.023160528	-0.901547	0	0	0.41	5.272552e-18
3.1500640627885347e-09	0.23919743	0.025566831	-0.9019552	0	0	0.41	4.5430132e-18
3.1600217406699103e-09	0.23716946	0.025463479	-0.8991788	0	0	0.41	3.859191e-18
3.1700226223429538e-09	0.23892315	0.037307866	-0.89790714	0	0	0.41	4.7868425e-18
3.180057843218324e-09	0.21616916	0.06494845	-0.9019157	0	0	0.41	4.4342224e-18
3.1900057987117002e-09	0.22003813	0.0700015	-0.9065152	0	0	0.41	4.8630027e-18
3.200036414734272e-09	0.21318223	0.07250573	-0.9122143	0	0	0.41	3.5505727e-18
3.210062818498901e-09	0.2052542	0.07448853	-0.91507083	0	0	0.41	5.873262e-18
3.2200251853305216e-09	0.21722133	0.06955355	-0.91212785	0	0	0.41	5.8072393e-18
3.2300588527857267e-09	0.19539037	0.06587483	-0.90811175	0	0	0.41	4.764712e-18
3.240038216900501e-09	0.19139005	0.07861503	-0.9119891	0	0	0.41	4.5661975e-18
3.2500024665644734e-09	0.18237111	0.072417654	-0.909921	0	0	0.41	4.4744954e-18
3.26001286883764e-09	0.18703656	0.06198919	-0.91142327	0	0	0.41	5.1708015e-18
3.2700089454012617e-09	0.18396707	0.066369005	-0.91376346	0	0	0.41	5.063425e-18
3.2800262480457928e-09	0.19298898	0.07559197	-0.9054384	0	0	0.41	4.9710933e-18
3.290056498653269e-09	0.19403057	0.072365895	-0.9026381	0	0	0.41	5.6364376e-18
3.3000336586980434e-09	0.19893451	0.07324859	-0.90483975	0	0	0.41	4.50712e-18
3.3100331325731034e-09	0.18474124	0.0727995	-0.9020903	0	0	0.41	4.667626e-18
3.3200339147724082e-09	0.1776948	0.07165013	-0.907988	0	0	0.41	5.3418013e-18
3.3300124029824283e-09	0.18255197	0.10053053	-0.90394104	0	0	0.41	5.0134404e-18
3.340058660875742e-09	0.16305564	0.11573133	-0.90589595	0	0	0.41	4.3948255e-18
3.3500547734375293e-09	0.15869309	0.12607995	-0.90255284	0	0	0.41	4.058921e-18
3.3600007350681874e-09	0.13724658	0.13023777	-0.90860766	0	0	0.41	4.7950663e-18
3.3700653827753215e-09	0.1311921	0.13799612	-0.90375954	0	0	0.41	5.5920685e-18
3.380041160073182e-09	0.118991666	0.13032573	-0.91046077	0	0	0.41	4.118175e-18
3.390002856136301e-09	0.09859477	0.13624239	-0.9162143	0	0	0.41	4.502249e-18
3.4000300999570287e-09	0.09913109	0.14134498	-0.91378385	0	0	0.41	5.2566575e-18
3.410064269667742e-09	0.087155536	0.13441044	-0.9144059	0	0	0.41	4.0112407e-18
3.4200448049420724e-09	0.065310284	0.14069217	-0.9147214	0	0	0.41	4.974251e-18
3.4300617550027174e-09	0.071329825	0.13588613	-0.9097566	0	0	0.41	5.085813e-18
3.4400504206940795e-09	0.0714001	0.14521927	-0.9153002	0	0	0.41	4.885274e-18
3.450060054098813e-09	0.07988592	0.15233618	-0.91811913	0	0	0.41	3.9668468e-18
3.460025545014554e-09	0.08266854	0.14688051	-0.9191902	0	0	0.41	4.7346143e-18
3.470033644176966e-09	0.075662315	0.15886143	-0.9177341	0	0	0.41	4.4510684e-18
3.480043853457333e-09	0.0807792	0.15836847	-0.91502964	0	0	0.41	5.4450185e-18
3.490003440863496e-09	0.07031823	0.16932133	-0.9124378	0	0	0.41	4.7672937e-18
3.5000190867250012e-09	0.0767481	0.15516761	-0.9190829	0	0	0.41	5.018011e-18
3.510049170591062e-09	0.06831644	0.1521865	-0.9170285	0	0	0.41	4.4796582e-18
3.520039203536625e-09	0.065702505	0.14432862	-0.9184227	0	0	0.41	5.1870515e-18
3.5300633471089115e-09	0.059594814	0.14597206	-0.9180361	0	0	0.41	4.9358686e-18
3.5400508339353843e-09	0.056892898	0.16378474	-0.9102212	0	0	0.41	4.8063085e-18
3.550000055796164e-09	0.03668765	0.16934097	-0.90681803	0	0	0.41	3.683408e-18
3.5600391380971826e-09	0.06313896	0.17038257	-0.9078157	0	0	0.41	4.7402623e-18
3.570026709363488e-09	0.05723862	0.17433743	-0.90603465	0	0	0.41	4.7980926e-18
3.5800046748681415e-09	0.056916162	0.19175139	-0.89832383	0	0	0.41	5.1936102e-18
3.590053034279121e-09	0.049636222	0.20124088	-0.8978091	0	0	0.41	4.7064414e-18
3.6000538408703627e-09	0.04870866	0.18561986	-0.89984286	0	0	0.41	4.7034495e-18
3.6100624991595065e-09	0.043689262	0.19807622	-0.8965302	0	0	0.41	4.74573e-18
3.620005536132477e-09	0.02781014	0.2035539	-0.8978519	0	0	0.41	4.835201e-18
3.6300456001707335e-09	0.006342235	0.2062274	-0.8964831	0	0	0.41	4.1252775e-18
3.6400466369156627e-09	-0.019558188	0.21510954	-0.8961009	0	0	0.41	4.110354e-18
3.6500040860746783e-09	-0.035748262	0.22742699	-0.8935064	0	0	0.41	5.257917e-18
3.6600092951382367e-09	-0.055798206	0.2323995	-0.8906184	0	0	0.41	4.638501e-18
3.670053789472378e-09	-0.053240795	0.22627826	-0.889573	0	0	0.41	5.801433e-18
3.6800463135902023e-09	-0.0669047	0.20636383	-0.8907318	0	0	0.41	4.6503304e-18
3.6900645228777202e-09	-0.059397478	0.1939751	-0.88987213	0	0	0.41	5.0114345e-18
3.7000143447545455e-09	-0.081455015	0.1722798	-0.8912776	0	0	0.41	4.740821e-18
3.7100468115935813e-09	-0.08405603	0.15346317	-0.8920873	0	0	0.41	5.235871e-18
3.720023200313507e-09	-0.10024921	0.1361935	-0.8939346	0	0	0.41	4.111257e-18
3.7300026685890555e-09	-0.10355382	0.11882709	-0.9004493	0	0	0.41	4.8673193e-18
3.7400247712043345e-09	-0.1202426	0.11201678	-0.9016767	0	0	0.41	4.0180278e-18
3.7500052832405305e-09	-0.13111404	0.09660209	-0.89706516	0	0	0.41	4.4334226e-18
3.7600237766987105e-09	-0.14307058	0.082863316	-0.8994607	0	0	0.41	5.2430918e-18
3.77001064506389e-09	-0.1430207	0.07105604	-0.9070006	0	0	0.41	5.003942e-18
3.780055580555994e-09	-0.14693142	0.05718843	-0.9111653	0	0	0.41	4.6426757e-18
3.790023565924758e-09	-0.15058081	0.044284265	-0.91536766	0	0	0.41	4.257086e-18
3.800046994926898e-09	-0.14163958	0.02076077	-0.9112531	0	0	0.41	4.9129615e-18
3.810035998369828e-09	-0.15499274	0.006564986	-0.91760015	0	0	0.41	4.4170522e-18
3.820045321653752e-09	-0.1639109	0.00773902	-0.9222869	0	0	0.41	5.048074e-18
3.830051123313504e-09	-0.1743251	0.0054393685	-0.92135334	0	0	0.41	4.038388e-18
3.84001160965667e-09	-0.17256552	-0.020115646	-0.92485684	0	0	0.41	4.711363e-18
3.85003465890186e-09	-0.16273908	-0.0051981406	-0.9313152	0	0	0.41	5.060486e-18
3.860031724227259e-09	-0.15640889	0.006433818	-0.929993	0	0	0.41	5.1384815e-18
3.8700348903009066e-09	-0.16636425	0.010863015	-0.92334753	0	0	0.41	5.2582465e-18
3.880039064597407e-09	-0.17654355	0.021934422	-0.92262065	0	0	0.41	4.9781206e-18
3.890041901402337e-09	-0.16691753	0.0228924	-0.92482954	0	0	0.41	4.7435053e-18
3.900012663434774e-09	-0.13532072	0.01326304	-0.923854	0	0	0.41	4.965597e-18
3.9100620309364654e-09	-0.1269932	-0.007190149	-0.92444557	0	0	0.41	5.0522997e-18
3.920046965272391e-09	-0.123019196	-0.015234614	-0.9267817	0	0	0.41	4.5735887e-18
3.930052033254612e-09	-0.10613403	-0.030694628	-0.93064016	0	0	0.41	5.3941908e-18
3.94005547262399e-09	-0.12058067	-0.035229858	-0.9336076	0	0	0.41	4.437682e-18
3.9500268116551155e-09	-0.13344654	-0.03058435	-0.9299261	0	0	0.41	4.669531e-18
3.9600472644616745e-09	-0.12927729	-0.031521782	-0.93741643	0	0	0.41	5.4618177e-18
3.970048108219139e-09	-0.14366476	-0.02226092	-0.93451333	0	0	0.41	4.3631792e-18
3.980029214187957e-09	-0.14687076	-0.0077278814	-0.9362124	0	0	0.41	4.5623428e-18
3.990048481514722e-09	-0.15223919	-0.0146514485	-0.9340451	0	0	0.41	5.338789e-18
4.000013873704088e-09	-0.15605654	-0.01747909	-0.93636054	0	0	0.41	2.88228e-18
4.0100324262099105e-09	-0.14055783	0.004855297	-0.93588173	0	0	0.41	4.7060344e-18
4.020032052721271e-09	-0.14047469	-0.009593581	-0.93523365	0	0	0.41	4.9041053e-18
4.030022115841069e-09	-0.15134655	-0.02454102	-0.9358262	0	0	0.41	4.3093442e-18
4.040011507912921e-09	-0.1620212	-0.03421838	-0.9293136	0	0	0.41	5.744966e-18
4.050051513077825e-09	-0.15237795	-0.054469097	-0.93391913	0	0	0.41	4.669588e-18
4.0600328433470246e-09	-0.17897731	-0.07410966	-0.93468946	0	0	0.41	3.949426e-18
4.070014984620585e-09	-0.18365254	-0.07515756	-0.930197	0	0	0.41	4.5771406e-18
4.080053903297403e-09	-0.1792913	-0.08766044	-0.92589325	0	0	0.41	4.4907846e-18
4.0900467566822294e-09	-0.20226154	-0.07954672	-0.91952294	0	0	0.41	4.862039e-18
4.100016894559068e-09	-0.20638096	-0.08160862	-0.91517633	0	0	0.41	5.4050657e-18
4.1100579700754554e-09	-0.19937694	-0.08848061	-0.9099984	0	0	0.41	4.6749845e-18
4.12001085580212e-09	-0.19084537	-0.086013064	-0.90893054	0	0	0.41	4.8819385e-18
4.1300388896009885e-09	-0.16860345	-0.09371789	-0.9079946	0	0	0.41	4.6661668e-18
4.140044284688913e-09	-0.14472358	-0.099776216	-0.91134316	0	0	0.41	4.282819e-18
4.15000193952392e-09	-0.13689007	-0.11221227	-0.9147249	0	0	0.41	4.9169642e-18
4.160053488604801e-09	-0.10697623	-0.12891687	-0.92060316	0	0	0.41	5.145449e-18
4.170063222702908e-09	-0.13058524	-0.14850186	-0.9105736	0	0	0.41	4.9826275e-18
4.180014250682073e-09	-0.13479777	-0.16500504	-0.91109276	0	0	0.41	5.49521e-18
4.190015847120298e-09	-0.13551278	-0.16027442	-0.9111333	0	0	0.41	5.242391e-18
4.200046095514722e-09	-0.13389209	-0.16244291	-0.90706754	0	0	0.41	4.874556e-18
4.210031551584076e-09	-0.12042757	-0.17446242	-0.9106083	0	0	0.41	4.8796927e-18
4.2200327676301e-09	-0.09218915	-0.17898408	-0.9124773	0	0	0.41	4.679744e-18
4.230042758989553e-09	-0.06703362	-0.18104775	-0.91403776	0	0	0.41	5.216046e-18
4.240054723526692e-09	-0.05508361	-0.20356666	-0.9144239	0	0	0.41	4.8223637e-18
4.25000285694735e-09	-0.042567357	-0.22085269	-0.91168237	0	0	0.41	4.6342744e-18
4.2600117671993955e-09	-0.03152506	-0.24248692	-0.91263187	0	0	0.41	4.4290145e-18
4.2700491751772804e-09	-0.0348171	-0.2662349	-0.9062226	0	0	0.41	3.8356816e-18
4.280053106432703e-09	-0.01996054	-0.2852913	-0.9061245	0	0	0.41	4.6545325e-18
4.290031131507531e-09	-0.029250983	-0.2846994	-0.9011348	0	0	0.41	4.529709e-18
4.3000503340010655e-09	-0.016753724	-0.26317468	-0.9001443	0	0	0.41	4.3463783e-18
4.310012418313391e-09	-0.00564689	-0.24781382	-0.9022453	0	0	0.41	5.111106e-18
4.320050735704603e-09	0.029517045	-0.22723797	-0.9033735	0	0	0.41	4.8979366e-18
4.33003131704933e-09	0.06162018	-0.22383371	-0.9012393	0	0	0.41	5.1432527e-18
4.340043646891874e-09	0.08095147	-0.2446319	-0.899373	0	0	0.41	4.1138004e-18
4.350062196051508e-09	0.089154035	-0.24673966	-0.9083398	0	0	0.41	5.4129942e-18
4.360023431887796e-09	0.08575915	-0.24683079	-0.907946	0	0	0.41	5.5905953e-18
4.370041701286933e-09	0.086606055	-0.26766676	-0.90174586	0	0	0.41	4.8072747e-18
4.3800458886622455e-09	0.0927055	-0.2499112	-0.90301293	0	0	0.41	5.6058344e-18
4.390030841974508e-09	0.09121322	-0.25341687	-0.90288883	0	0	0.41	4.7226074e-18
4.400035331594531e-09	0.09954686	-0.24365824	-0.89946294	0	0	0.41	6.508196e-18
4.410065721236121e-09	0.11604385	-0.2493368	-0.8939837	0	0	0.41	4.559715e-18
4.4200475122771655e-09	0.13818912	-0.23304804	-0.8956659	0	0	0.41	5.0467278e-18
4.430044428322089e-09	0.14064065	-0.21146882	-0.9035317	0	0	0.41	4.6405097e-18
4.4400376347521504e-09	0.1459245	-0.19343418	-0.91061103	0	0	0.41	4.908652e-18
4.450066757039002e-09	0.16409306	-0.18696128	-0.91216916	0	0	0.41	4.0236588e-18
4.460053752453657e-09	0.16204414	-0.16574018	-0.9163758	0	0	0.41	4.189395e-18
4.470045866488952e-09	0.16347353	-0.16292235	-0.9145385	0	0	0.41	4.19653e-18
4.480031522537368e-09	0.17287508	-0.1855536	-0.9141303	0	0	0.41	3.3867574e-18
4.490001962433125e-09	0.17851485	-0.18208681	-0.9127373	0	0	0.41	4.6281314e-18
4.5000371030647315e-09	0.16829021	-0.17928588	-0.91739464	0	0	0.41	4.4280484e-18
4.510062609336625e-09	0.16105475	-0.17161185	-0.92034805	0	0	0.41	4.9708244e-18
4.5200009360728316e-09	0.14476202	-0.16005825	-0.92318404	0	0	0.41	5.063357e-18
4.53002368956962e-09	0.15343204	-0.14490208	-0.923329	0	0	0.41	5.2158577e-18
4.540060903288682e-09	0.15014856	-0.13461691	-0.92554295	0	0	0.41	2.8005128e-18
4.550060831362113e-09	0.1510086	-0.1193553	-0.92434925	0	0	0.41	4.357079e-18
4.560011662417227e-09	0.1769725	-0.12028727	-0.91948605	0	0	0.41	5.2122115e-18
4.570033619739772e-09	0.16703305	-0.11276719	-0.92345107	0	0	0.41	5.2164044e-18
4.5800419821751955e-09	0.18042742	-0.10562106	-0.9228314	0	0	0.41	4.761044e-18
4.590024972454027e-09	0.17331746	-0.110832475	-0.92373055	0	0	0.41	4.01724e-18
4.6000577266041005e-09	0.17737156	-0.094368055	-0.92692393	0	0	0.41	5.0843455e-18
4.610003852675713e-09	0.18340178	-0.0930727	-0.9217215	0	0	0.41	4.1111972e-18
4.6200558471573746e-09	0.19009905	-0.08764295	-0.9162076	0	0	0.41	4.826948e-18
4.6300197556074214e-09	0.16882831	-0.08345273	-0.9218308	0	0	0.41	4.301296e-18
4.640042611201418e-09	0.17402236	-0.0796056	-0.92287165	0	0	0.41	4.9688396e-18
4.6500019171050066e-09	0.1606315	-0.07734104	-0.9290929	0	0	0.41	3.4655009e-18
4.6600403715087015e-09	0.16184103	-0.079442	-0.9249205	0	0	0.41	4.377279e-18
4.670047792577728e-09	0.1752014	-0.07544133	-0.92234236	0	0	0.41	4.8102273e-18
4.680040706673267e-09	0.17458227	-0.075151235	-0.9221129	0	0	0.41	4.6879977e-18
4.6900480024685705e-09	0.18871164	-0.06332	-0.9149734	0	0	0.41	4.3707955e-18
4.700059178347968e-09	0.20216382	-0.06429965	-0.90852237	0	0	0.41	6.4710397e-18
4.710044312393287e-09	0.20151421	-0.06649653	-0.9160469	0	0	0.41	4.4881865e-18
4.720019327630065e-09	0.1964041	-0.05297068	-0.9140201	0	0	0.41	4.7407776e-18
4.730066396182063e-09	0.2024572	-0.024034988	-0.9184647	0	0	0.41	4.6963154e-18
4.7400126067488215e-09	0.20578362	-0.012958035	-0.9202397	0	0	0.41	5.707364e-18
4.750032652397323e-09	0.19799228	0.015876686	-0.9201435	0	0	0.41	5.0411873e-18
4.760055697622845e-09	0.2140079	0.031192087	-0.9122439	0	0	0.41	3.8281104e-18
4.770049342905294e-09	0.23876484	0.034099657	-0.9106325	0	0	0.41	4.7116266e-18
4.780035904569496e-09	0.24166693	0.046541598	-0.91159683	0	0	0.41	4.8618976e-18
4.790059685866648e-09	0.22987883	0.042450927	-0.91275483	0	0	0.41	4.1344977e-18
4.800004862159307e-09	0.22839832	0.049306527	-0.9132256	0	0	0.41	4.8450243e-18
4.8100518747122935e-09	0.20071734	0.072870694	-0.9119332	0	0	0.41	5.0220765e-18
4.820004377263709e-09	0.19525303	0.09827967	-0.9101858	0	0	0.41	5.574882e-18
4.830049110475627e-09	0.17995228	0.13939522	-0.90427995	0	0	0.41	5.5978985e-18
4.840020547773909e-09	0.17416532	0.16478579	-0.9042196	0	0	0.41	4.814811e-18
4.85004719905157e-09	0.16917467	0.19248489	-0.9026423	0	0	0.41	4.2871137e-18
4.8600029361564826e-09	0.1913469	0.20745268	-0.89935726	0	0	0.41	4.2676378e-18
4.870031206566497e-09	0.17742033	0.20026556	-0.8986995	0	0	0.41	4.4161973e-18
4.880052556727648e-09	0.16332258	0.20042707	-0.90626967	0	0	0.41	5.586656e-18
4.890001676120643e-09	0.17119692	0.20603687	-0.9042953	0	0	0.41	5.1453757e-18
4.900034177126785e-09	0.17033902	0.19320844	-0.9061326	0	0	0.41	4.6463446e-18
4.9100097564605895e-09	0.14392483	0.1885179	-0.906914	0	0	0.41	4.4427155e-18
4.920017715511492e-09	0.10325852	0.1996231	-0.9055113	0	0	0.41	4.3111847e-18
4.930033591541523e-09	0.080802314	0.20787688	-0.90678084	0	0	0.41	4.7545196e-18
4.94000433213565e-09	0.0379905	0.20884734	-0.90936327	0	0	0.41	3.829353e-18
4.950002098525872e-09	0.013514688	0.23333767	-0.9059221	0	0	0.41	4.2722286e-18
4.960048049172149e-09	0.0068687005	0.24651882	-0.9071837	0	0	0.41	4.4353333e-18
4.970036606738701e-09	-0.015247101	0.24729651	-0.9103263	0	0	0.41	4.3484343e-18
4.98005169907932e-09	-0.0144124525	0.25792703	-0.9033503	0	0	0.41	4.0317912e-18
4.990002388386235e-09	-0.018571062	0.2634358	-0.9000609	0	0	0.41	5.045189e-18
5.000008006610191e-09	-0.018410433	0.24944429	-0.8984453	0	0	0.41	4.979083e-18
5.010023887639473e-09	-0.026122263	0.23967259	-0.9034717	0	0	0.41	4.6086227e-18
5.0200496052471074e-09	-0.027795129	0.23759085	-0.90159065	0	0	0.41	4.4339912e-18
5.030006077211835e-09	-0.048727017	0.22150847	-0.8989088	0	0	0.41	4.9124164e-18
5.04002206754648e-09	-0.074956164	0.22699176	-0.8921482	0	0	0.41	4.6293006e-18
5.050000164692247e-09	-0.09147876	0.22630519	-0.89279896	0	0	0.41	4.8001746e-18
5.060045130101558e-09	-0.13361984	0.24601889	-0.8888682	0	0	0.41	4.421844e-18
5.0700012508139065e-09	-0.14388171	0.25121996	-0.88827336	0	0	0.41	5.2481603e-18
5.080004994799116e-09	-0.17395331	0.263488	-0.88425785	0	0	0.41	4.5684544e-18
5.090044626205179e-09	-0.1859976	0.25671902	-0.88425344	0	0	0.41	4.34665e-18
5.100028157113404e-09	-0.177627	0.24591038	-0.8845012	0	0	0.41	5.2360806e-18
5.110044786262169e-09	-0.19025877	0.23106937	-0.883889	0	0	0.41	4.4606608e-18
5.120064141289948e-09	-0.21074185	0.22742209	-0.88308567	0	0	0.41	5.1289412e-18
5.130017562922499e-09	-0.2176217	0.21257135	-0.8836007	0	0	0.41	5.2688617e-18
5.140051596931622e-09	-0.234862	0.2064735	-0.8728706	0	0	0.41	5.7800527e-18
5.15006387923131e-09	-0.25240728	0.18428637	-0.874364	0	0	0.41	4.0825536e-18
5.16005103029918e-09	-0.25904956	0.14247116	-0.87724686	0	0	0.41	4.207811e-18
5.170012189318837e-09	-0.28316587	0.09596703	-0.8762926	0	0	0.41	3.6295705e-18
5.180026521817195e-09	-0.2830897	0.07893757	-0.87878627	0	0	0.41	4.5436216e-18
5.190049581138055e-09	-0.29494378	0.052910153	-0.8689413	0	0	0.41	3.840192e-18
5.200037953728276e-09	-0.2965754	0.030533144	-0.86119825	0	0	0.41	4.6485123e-18
5.210019825244146e-09	-0.28594017	-0.01117745	-0.8592183	0	0	0.41	4.6033375e-18
5.2200002932163305e-09	-0.27144307	-0.075958654	-0.85720646	0	0	0.41	4.13308e-18
5.23002326385748e-09	-0.25034133	-0.12253596	-0.8490945	0	0	0.41	4.8507393e-18
5.240059653575823e-09	-0.22344023	-0.15135644	-0.84298587	0	0	0.41	5.562895e-18
5.250059705012588e-09	-0.16620456	-0.21064211	-0.8287641	0	0	0.41	4.7791683e-18
5.260019919353578e-09	-0.08147086	-0.26001334	-0.81986636	0	0	0.41	5.0386706e-18
5.270044918616043e-09	0.0009314579	-0.29588977	-0.8019272	0	0	0.41	5.6317306e-18
5.280043204464392e-09	0.09983276	-0.28158587	-0.79882216	0	0	0.41	5.272727e-18
5.290026218187311e-09	0.18139167	-0.22336788	-0.8012116	0	0	0.41	4.670412e-18
5.300022933201736e-09	0.24247813	-0.15646376	-0.7965932	0	0	0.41	5.1349304e-18
5.310061738770129e-09	0.28220487	-0.07073051	-0.7986313	0	0	0.41	5.1685603e-18
5.320055249195255e-09	0.27727944	0.023600368	-0.79177487	0	0	0.41	4.4298326e-18
5.330015503017846e-09	0.24006514	0.112391844	-0.77483517	0	0	0.41	4.5781965e-18
5.340058609628179e-09	0.12694426	0.17530064	-0.7484643	0	0	0.41	5.109946e-18
5.350037430607581e-09	-0.0039622444	0.16060269	-0.7411995	0	0	0.41	5.8994244e-18
5.360021855885107e-09	-0.13214888	0.106504485	-0.7363928	0	0	0.41	3.794299e-18
5.370001316168172e-09	-0.22963676	0.016195962	-0.7280167	0	0	0.41	4.8490725e-18
5.380060305380831e-09	-0.285956	-0.09551771	-0.71821284	0	0	0.41	4.8049263e-18
5.390054932399153e-09	-0.2633632	-0.21934132	-0.7071948	0	0	0.41	4.573425e-18
5.400051529453248e-09	-0.1555035	-0.3218797	-0.6907337	0	0	0.41	4.337852e-18
5.41001286790458e-09	0.007861017	-0.37448826	-0.67535406	0	0	0.41	5.1312764e-18
5.420045989821486e-09	0.17167181	-0.33006072	-0.6664302	0	0	0.41	5.2562687e-18
5.4300462329221005e-09	0.26831418	-0.21878874	-0.66214097	0	0	0.41	4.186422e-18
5.440008161845308e-09	0.30966517	-0.089359775	-0.6622688	0	0	0.41	4.567639e-18
5.4500079825788675e-09	0.25762954	0.08877967	-0.65128434	0	0	0.41	4.2637174e-18
5.4600049819363355e-09	0.11919828	0.21987873	-0.6406644	0	0	0.41	4.4511023e-18
5.470022291672493e-09	-0.035388485	0.26628277	-0.6189226	0	0	0.41	4.8425267e-18
5.480013943630198e-09	-0.21005781	0.20436151	-0.6130737	0	0	0.41	4.0036824e-18
5.490001622879456e-09	-0.34300697	0.059798162	-0.6057404	0	0	0.41	3.7629323e-18
5.500037450409944e-09	-0.34143668	-0.15271236	-0.60150224	0	0	0.41	4.120395e-18
5.510044064772424e-09	-0.19661224	-0.30848396	-0.5792973	0	0	0.41	4.8847575e-18
5.520042944757688e-09	-0.032244857	-0.3391236	-0.5713114	0	0	0.41	3.9199254e-18
5.530033245161053e-09	0.123706825	-0.31926617	-0.5806113	0	0	0.41	4.1505983e-18
5.540023788585585e-09	0.2882949	-0.15951489	-0.5834688	0	0	0.41	5.045545e-18
5.5500575636049805e-09	0.291238	0.07271304	-0.57990384	0	0	0.41	4.173917e-18
5.5600464594240776e-09	0.16880542	0.2241113	-0.5651939	0	0	0.41	4.27418e-18
5.570036471032899e-09	0.021814488	0.29372194	-0.55245894	0	0	0.41	3.5102865e-18
5.580035198755848e-09	-0.14874002	0.31776223	-0.545498	0	0	0.41	4.737369e-18
5.59000740346062e-09	-0.3676311	0.19574553	-0.54494965	0	0	0.41	4.6108867e-18
5.600038663289164e-09	-0.42692512	0.0075120223	-0.5342776	0	0	0.41	4.2131088e-18
5.610006923541699e-09	-0.3615574	-0.16581433	-0.53102845	0	0	0.41	3.3335143e-18
5.6200543981138735e-09	-0.16470915	-0.2646438	-0.51897645	0	0	0.41	4.1002375e-18
5.6300339646189225e-09	0.07033828	-0.22026862	-0.50138664	0	0	0.41	5.5104336e-18
5.640050740864758e-09	0.26739934	-0.0978509	-0.50314605	0	0	0.41	4.461032e-18
5.650045445726722e-09	0.3380329	0.11016634	-0.49792928	0	0	0.41	4.497993e-18
5.660067863158314e-09	0.30096188	0.26265532	-0.4905691	0	0	0.41	3.4777858e-18
5.670027600689787e-09	0.1433633	0.3854563	-0.4841057	0	0	0.41	4.319525e-18
5.680062379670105e-09	-0.10831632	0.385056	-0.47582617	0	0	0.41	2.6533142e-18
5.690005985399562e-09	-0.29250878	0.2527795	-0.4665097	0	0	0.41	3.8694206e-18
5.700064200369416e-09	-0.34402707	0.04222636	-0.45102775	0	0	0.41	4.2125906e-18
5.710031057881281e-09	-0.29548964	-0.14894071	-0.45399588	0	0	0.41	3.8682394e-18
5.720034630995978e-09	-0.13029557	-0.2782764	-0.4400212	0	0	0.41	4.7136114e-18
5.7300431204213774e-09	0.112842895	-0.3024823	-0.4150632	0	0	0.41	4.5502486e-18
5.740008705184988e-09	0.3094743	-0.20377809	-0.4081729	0	0	0.41	3.609786e-18
5.7500468025821884e-09	0.3898272	-0.026468094	-0.4076763	0	0	0.41	4.1159895e-18
5.760032536874374e-09	0.3199396	0.18018882	-0.39536816	0	0	0.41	4.241462e-18
5.770045504924491e-09	0.09082675	0.32251075	-0.38032934	0	0	0.41	4.055756e-18
5.780018572096646e-09	-0.18686688	0.31153047	-0.3680701	0	0	0.41	4.6124807e-18
5.790034547229881e-09	-0.37750056	0.15612827	-0.36899945	0	0	0.41	4.205345e-18
5.8000262820501624e-09	-0.40464324	-0.057111852	-0.35930735	0	0	0.41	2.8923433e-18
5.81004106007078e-09	-0.2618291	-0.26585606	-0.344291	0	0	0.41	3.6831073e-18
5.82000918172813e-09	-0.018738138	-0.3274005	-0.3279373	0	0	0.41	4.0058177e-18
5.8300652326736715e-09	0.19591062	-0.2627366	-0.31868747	0	0	0.41	3.0323351e-18
5.8400323331753805e-09	0.3334662	-0.1383618	-0.32349053	0	0	0.41	3.4576452e-18
5.850037701547541e-09	0.38034952	0.09789576	-0.3136125	0	0	0.41	3.9707184e-18
5.860036401128018e-09	0.21469887	0.35205686	-0.3027087	0	0	0.41	3.2891753e-18
5.870019239684373e-09	-0.070433624	0.42726615	-0.2928531	0	0	0.41	3.8821286e-18
5.880041591007182e-09	-0.30562478	0.3198621	-0.2876934	0	0	0.41	3.796155e-18
5.890024981839184e-09	-0.3826357	0.11250103	-0.28166828	0	0	0.41	2.693721e-18
5.900039388034227e-09	-0.32081053	-0.10937438	-0.27331653	0	0	0.41	3.1448282e-18
5.910054455796684e-09	-0.1290942	-0.2711472	-0.25072116	0	0	0.41	3.3659474e-18
5.9200506019255605e-09	0.15234247	-0.3089396	-0.24415734	0	0	0.41	3.386874e-18
5.930046000331795e-09	0.38341865	-0.17948623	-0.23385997	0	0	0.41	3.880468e-18
5.940004214018569e-09	0.47161597	0.062385164	-0.23517874	0	0	0.41	3.1233995e-18
5.950046195382999e-09	0.3717116	0.30429348	-0.22441037	0	0	0.41	3.6054503e-18
5.960038346616485e-09	0.10191213	0.4473164	-0.211123	0	0	0.41	4.360477e-18
5.97000019467634e-09	-0.18926604	0.37353244	-0.20210315	0	0	0.41	3.9319158e-18
5.980035601657964e-09	-0.2998375	0.1313256	-0.18519408	0	0	0.41	3.3107743e-18
5.9900100095656325e-09	-0.2539235	-0.09127231	-0.18100034	0	0	0.41	2.6717497e-18
6.0000474751904184e-09	-0.13790838	-0.27019632	-0.15656891	0	0	0.41	3.9724733e-18
6.010023686512176e-09	0.07871188	-0.4013465	-0.13313073	0	0	0.41	3.983378e-18
6.020008793251749e-09	0.37959906	-0.3052868	-0.106930904	0	0	0.41	2.3279435e-18
6.0300483931734966e-09	0.51678383	-0.01741392	-0.08225596	0	0	0.41	3.4202543e-18
6.040001159607554e-09	0.38791138	0.26814213	-0.07730753	0	0	0.41	2.4568857e-18
6.050002306493598e-09	0.113145985	0.39076245	-0.05585247	0	0	0.41	3.0384842e-18
6.0600580328370806e-09	-0.15563725	0.30435365	-0.04756623	0	0	0.41	2.366992e-18
6.070034757825836e-09	-0.3141301	0.13075306	-0.03710058	0	0	0.41	2.0623457e-18
6.080006791921512e-09	-0.3492999	-0.09952812	-0.03028802	0	0	0.41	3.3104525e-18
6.090050331576378e-09	-0.20949045	-0.3470302	-0.021747833	0	0	0.41	2.8943569e-18
6.100034297986078e-09	0.08560218	-0.43944013	-0.006517232	0	0	0.41	2.3035555e-18
6.110061941088933e-09	0.3771215	-0.27878842	0.0011020529	0	0	0.41	2.3688182e-18
6.120054427309161e-09	0.41778508	0.04216431	0.010610608	0	0	0.41	2.9948004e-18
6.13004844195395e-09	0.2291421	0.27673626	0.033090036	0	0	0.41	2.5294588e-18
6.14001993390415e-09	-0.02199756	0.35573348	0.039260864	0	0	0.41	1.9065078e-18
6.150039325769874e-09	-0.25783634	0.27826798	0.050374035	0	0	0.41	2.3174817e-18
6.160025787398553e-09	-0.4125746	0.0538675	0.06373773	0	0	0.41	2.1179893e-18
6.170022122202095e-09	-0.3313177	-0.25887915	0.08751787	0	0	0.41	1.8022843e-18
6.1800035961654695e-09	-0.05364954	-0.43853372	0.10334627	0	0	0.41	1.9023076e-18
6.1900570379157436e-09	0.2526648	-0.37131336	0.11080482	0	0	0.41	1.6693742e-18
6.200031023295439e-09	0.40076315	-0.102841936	0.11781856	0	0	0.41	2.6299461e-18
6.210035816331982e-09	0.33507425	0.13672903	0.12948601	0	0	0.41	1.9110883e-18
6.220005983206067e-09	0.13332096	0.3106576	0.14170094	0	0	0.41	9.960675e-19
6.230038298950924e-09	-0.14640084	0.35326636	0.14873858	0	0	0.41	1.3473392e-18
6.240055499320673e-09	-0.37497476	0.15772612	0.15331851	0	0	0.41	1.8751287e-18
6.250058816749741e-09	-0.39633492	-0.12224267	0.16512035	0	0	0.41	1.7366564e-18
6.260006116747883e-09	-0.21328841	-0.35074902	0.17573024	0	0	0.41	2.0044445e-18
6.270048201611697e-09	0.10468591	-0.38955978	0.18694332	0	0	0.41	1.7075999e-18
6.280007381842902e-09	0.3214209	-0.17480439	0.18621744	0	0	0.41	1.5344905e-18
6.2900169688164705e-09	0.35895133	0.09753988	0.18901633	0	0	0.41	1.6678756e-18
6.3000128166702694e-09	0.19819383	0.31647307	0.20531464	0	0	0.41	2.4743958e-18
6.310056813924122e-09	-0.08859905	0.38401738	0.22455187	0	0	0.41	1.0124293e-18
6.32003263710066e-09	-0.32642493	0.24316758	0.22858971	0	0	0.41	2.1341628e-18
6.330003756879773e-09	-0.38236466	-0.016034385	0.2405887	0	0	0.41	1.3992556e-18
6.340002655076418e-09	-0.25018263	-0.25295085	0.2582413	0	0	0.41	1.9577297e-18
6.350014656260244e-09	0.0066105956	-0.36912823	0.2751402	0	0	0.41	1.4047418e-18
6.360052091197582e-09	0.28484577	-0.3054808	0.29260373	0	0	0.41	1.3264819e-18
6.370016037590161e-09	0.44481423	-0.060795773	0.30068257	0	0	0.41	1.9406772e-18
6.380048921651911e-09	0.35289803	0.23739925	0.3071913	0	0	0.41	1.5412686e-18
6.390013579013846e-09	0.03959873	0.38011053	0.33695322	0	0	0.41	1.3532051e-18
6.400011899957526e-09	-0.22844724	0.24471578	0.35492203	0	0	0.41	1.6100273e-18
6.410047777190031e-09	-0.3278283	0.03140736	0.36032692	0	0	0.41	1.6444011e-18
6.420037993688668e-09	-0.28528786	-0.18991016	0.37081006	0	0	0.41	1.0119799e-18
6.4300558330810255e-09	-0.08054967	-0.37039688	0.3874099	0	0	0.41	8.929346e-19
6.4400084187991355e-09	0.22853784	-0.33562458	0.405579	0	0	0.41	-3.063706e-20
6.450049958526361e-09	0.3975803	-0.0526129	0.42044616	0	0	0.41	1.7863369e-18
6.460057240036505e-09	0.24536923	0.23650108	0.4330964	0	0	0.41	1.24537e-18
6.4700231386390235e-09	0.00164953	0.3125354	0.4485933	0	0	0.41	1.1924947e-18
6.4800614992896286e-09	-0.19424635	0.23925175	0.45469308	0	0	0.41	8.4505257e-19
6.490007332999637e-09	-0.3283254	0.052323174	0.45885423	0	0	0.41	4.5496195e-19
6.500052189513044e-09	-0.27861995	-0.20618616	0.47192594	0	0	0.41	7.5775276e-19
6.510035538175087e-09	-0.04303923	-0.37334403	0.47705853	0	0	0.41	4.707e-19
6.520009457656149e-09	0.2941363	-0.28844008	0.49272847	0	0	0.41	2.1520115e-18
6.530031123142998e-09	0.39267486	0.03900301	0.50123096	0	0	0.41	2.295775e-18
6.540058534278484e-09	0.19313475	0.30751923	0.5199374	0	0	0.41	7.6555986e-20
6.550051377157862e-09	-0.085230276	0.3187957	0.54075044	0	0	0.41	-2.4350486e-19
6.560024369570279e-09	-0.23558536	0.15131347	0.5531041	0	0	0.41	5.9634806e-19
6.5700524358123954e-09	-0.2375572	-0.06290523	0.55414546	0	0	0.41	1.1243463e-19
6.5800415675077715e-09	-0.16878483	-0.23779799	0.55912656	0	0	0.41	1.5540249e-18
6.590048460140225e-09	0.060856316	-0.34271502	0.5641477	0	0	0.41	-2.9397642e-19
6.600042655677449e-09	0.30617154	-0.18313706	0.5703713	0	0	0.41	-1.1982251e-19
6.610022229893079e-09	0.33433953	0.13853014	0.5778256	0	0	0.41	1.4750713e-18
6.6200253861836135e-09	0.09731652	0.32918245	0.5873413	0	0	0.41	5.29418e-19
6.6300428959322145e-09	-0.17517373	0.28237298	0.6016361	0	0	0.41	-2.5677865e-19
6.640010769578378e-09	-0.30544353	0.044983342	0.60139775	0	0	0.41	-4.6743966e-19
6.650011037602355e-09	-0.22203508	-0.19666067	0.6184349	0	0	0.41	3.0253125e-19
6.6600181790979654e-09	-0.0062627806	-0.29593676	0.6344562	0	0	0.41	3.9206373e-19
6.670050915303434e-09	0.19649698	-0.19797839	0.6410791	0	0	0.41	4.879493e-19
6.680004963933995e-09	0.28026393	0.013438812	0.64318454	0	0	0.41	6.418526e-19
6.690027848694673e-09	0.15796165	0.23289722	0.6595628	0	0	0.41	-1.4467238e-18
6.700033714076559e-09	-0.078296475	0.29210788	0.6711401	0	0	0.41	-7.981912e-19
6.710032030139901e-09	-0.28729433	0.12765194	0.67874986	0	0	0.41	7.5434025e-20
6.7200058784912016e-09	-0.2864424	-0.16852857	0.6877407	0	0	0.41	7.5064443e-19
6.730020219380793e-09	-0.035951756	-0.32786706	0.7025814	0	0	0.41	3.462706e-19
6.740000766317465e-09	0.22980566	-0.20055716	0.71239525	0	0	0.41	5.7310144e-19
6.750009716353254e-09	0.29563785	0.07408528	0.7112243	0	0	0.41	-2.1657486e-19
6.760043558805662e-09	0.09312095	0.27168837	0.71894515	0	0	0.41	6.4343764e-19
6.770005246930994e-09	-0.16349785	0.22742741	0.73871046	0	0	0.41	-4.1637315e-19
6.7800320826218515e-09	-0.24640907	0.02885139	0.7429651	0	0	0.41	-8.2390834e-19
6.7900003020703644e-09	-0.15658739	-0.17202613	0.7489391	0	0	0.41	1.003306e-19
6.80001141666454e-09	0.028447125	-0.22748566	0.7699458	0	0	0.41	-1.7264186e-19
6.810050867380622e-09	0.20273972	-0.12349062	0.77300286	0	0	0.41	-1.0040248e-18
6.820059958173001e-09	0.21979053	0.11041662	0.78445864	0	0	0.41	-1.5931724e-18
6.830018255776086e-09	0.01845158	0.26484302	0.7967012	0	0	0.41	-5.0941975e-19
6.840034185809137e-09	-0.24120733	0.15503892	0.8028752	0	0	0.41	-5.2459267e-19
6.850064152555832e-09	-0.25881428	-0.14981592	0.80642	0	0	0.41	-1.0551583e-18
6.860019361280734e-09	0.012741421	-0.29112872	0.82246274	0	0	0.41	-1.1015478e-18
6.87005591482993e-09	0.2366975	-0.11409583	0.82230353	0	0	0.41	-2.2794888e-19
6.880041668578877e-09	0.19018447	0.16073395	0.8251925	0	0	0.41	-2.2710492e-19
6.890045214363214e-09	-0.04283033	0.2519107	0.8360965	0	0	0.41	-1.0450747e-18
6.9000040045912935e-09	-0.22039859	0.0565962	0.8492872	0	0	0.41	5.5433695e-19
6.9100054226504795e-09	-0.13096574	-0.16180192	0.8573753	0	0	0.41	1.2957415e-20
6.920034759886961e-09	0.08111364	-0.18086915	0.8676093	0	0	0.41	-2.896839e-19
6.930039006675999e-09	0.19406582	0.009766167	0.8674771	0	0	0.41	-8.094071e-19
6.9400305270497484e-09	0.066043034	0.18060419	0.8806754	0	0	0.41	-1.3462999e-18
6.950006364659292e-09	-0.1484575	0.12492131	0.88905835	0	0	0.41	-1.0776606e-18
6.96003647157972e-09	-0.16073757	-0.09942752	0.9012097	0	0	0.41	-7.8343356e-19
6.970023745421756e-09	0.03938356	-0.1827173	0.9060806	0	0	0.41	-1.2442867e-18
6.980062447841018e-09	0.1901518	0.009311535	0.9129314	0	0	0.41	-1.2168098e-18
6.990032541524913e-09	0.02918211	0.17378408	0.9204813	0	0	0.41	-1.0247874e-18
7.000058866385289e-09	-0.17123276	0.05774878	0.924526	0	0	0.41	-6.6886005e-19
7.010061930734179e-09	-0.07824943	-0.16576125	0.92899126	0	0	0.41	-1.1232894e-18
7.020051697807269e-09	0.15940921	-0.09391287	0.93274885	0	0	0.41	-1.1073919e-18
7.030063453737057e-09	0.10611991	0.14560024	0.93545926	0	0	0.41	-6.339742e-19
7.040055843095673e-09	-0.11947059	0.1262556	0.9359654	0	0	0.41	-5.6343707e-19
7.050043245971287e-09	-0.10619871	-0.114044376	0.94131094	0	0	0.41	-1.6498355e-18
7.060014314201377e-09	0.09670629	-0.087040834	0.94509345	0	0	0.41	-1.8944589e-18
7.070047370625913e-09	0.08149383	0.08057474	0.9478563	0	0	0.41	-1.5191343e-18
7.080021675122558e-09	-0.068432	0.1020321	0.9515056	0	0	0.41	-1.8714264e-18
7.090062536572812e-09	-0.0943018	-0.045000065	0.9565072	0	0	0.41	-7.329768e-19
7.100046399284012e-09	0.035319902	-0.091934964	0.9603969	0	0	0.41	-2.033209e-18
7.110057069288763e-09	0.0753079	0.012112216	0.9622317	0	0	0.41	-1.1181954e-18
7.120036470514502e-09	0.008386755	0.073974475	0.9611774	0	0	0.41	-1.7873646e-18
7.1300019951663624e-09	-0.078933455	0.01889333	0.961406	0	0	0.41	-8.746016e-19
7.1400632781429535e-09	-0.019141013	-0.056228418	0.9605773	0	0	0.41	-1.0729913e-18
7.150027939127898e-09	0.060754906	-0.018277314	0.95874596	0	0	0.41	-1.801345e-18
7.160031320883962e-09	0.020349935	0.0563309	0.96257806	0	0	0.41	-1.85877e-18
7.170049737979931e-09	-0.036532685	0.017360182	0.96420616	0	0	0.41	-1.6404118e-18
7.180011753241064e-09	-0.025114665	-0.023886966	0.9659983	0	0	0.41	-1.3894883e-18
7.190056307684975e-09	0.018894931	-0.01197514	0.962097	0	0	0.41	-6.900838e-19
7.2000503127503384e-09	0.011868768	0.01150702	0.9663026	0	0	0.41	-1.4479088e-18
7.210025759932905e-09	-0.016773382	0.008402063	0.96677566	0	0	0.41	-1.5630648e-18
7.220064827288294e-09	0.0017610715	-0.03232191	0.9675527	0	0	0.41	-1.6572466e-18
7.230043848155829e-09	0.040660035	-0.006998646	0.96660835	0	0	0.41	-1.8552489e-18
7.240061867559157e-09	0.014323778	0.037940167	0.96608806	0	0	0.41	-1.1260567e-18
7.2500069427276424e-09	-0.040671907	0.019815506	0.96445745	0	0	0.41	-1.745769e-18
7.260035403958287e-09	-0.012862732	-0.032393146	0.96650285	0	0	0.41	-1.174408e-18
7.270002790458789e-09	0.01728032	-0.015579907	0.9671708	0	0	0.41	-1.1058447e-18
7.280029659353218e-09	0.02150946	0.009094177	0.96620214	0	0	0.41	-1.5951322e-18
7.290052572750098e-09	-0.015986828	0.03252855	0.9643365	0	0	0.41	-6.523499e-19
7.300024780216508e-09	-0.042254016	-0.024617726	0.9625987	0	0	0.41	-1.4391309e-18
7.3100513074630894e-09	0.00483682	-0.05513225	0.9647138	0	0	0.41	-1.436807e-18
7.320059417077089e-09	0.030913414	-0.0030227494	0.96328074	0	0	0.41	-1.9866651e-18
7.3300397736920785e-09	0.00774349	0.015916042	0.96517706	0	0	0.41	-1.8990814e-18
7.340028788209529e-09	-0.007938203	0.019243045	0.9659957	0	0	0.41	-3.9429637e-19
7.350018192633884e-09	-0.017379852	-0.012435442	0.9660555	0	0	0.41	-2.034243e-18
7.360009608831837e-09	0.0010972598	-0.0145097645	0.9648815	0	0	0.41	-2.338482e-18
7.370059858983248e-09	0.018551655	0.004394035	0.96485865	0	0	0.41	-1.6470163e-18
7.38000381001918e-09	-0.0047992454	0.030351728	0.9664366	0	0	0.41	-1.3720291e-18
7.39003579265874e-09	-0.026541825	0.0049355207	0.96416736	0	0	0.41	-1.8643667e-18
7.400005979927925e-09	0.01741523	-0.037602518	0.9636363	0	0	0.41	-1.4202237e-18
7.410028190419367e-09	0.024343425	0.0030886938	0.9674827	0	0	0.41	-1.3206674e-18
7.420013249893047e-09	0.007907869	-0.0026054664	0.96679485	0	0	0.41	-2.1638096e-18
7.4300487387407864e-09	0.006863028	0.005287215	0.96836275	0	0	0.41	-1.6820624e-18
7.440001116523649e-09	0.016494134	0.004825676	0.96888953	0	0	0.41	-1.5220549e-18
7.450021981378105e-09	0.014054477	0.025896143	0.9687463	0	0	0.41	-1.2559338e-18
7.460016065154976e-09	-0.037076395	0.03360771	0.96588486	0	0	0.41	-1.4640972e-18
7.470017652193941e-09	-0.049198985	-0.031130394	0.9657876	0	0	0.41	-1.5419788e-18
7.48006016143579e-09	0.02847338	-0.049854204	0.96503067	0	0	0.41	-1.512321e-18
7.490051291892395e-09	0.04568099	0.011884555	0.96317726	0	0	0.41	-1.8745234e-18
7.500056325123822e-09	0.016953466	0.051676746	0.9627233	0	0	0.41	-8.237435e-19
7.5100223232116e-09	-0.04459331	0.02226481	0.9629971	0	0	0.41	-1.4591002e-18
7.520035058757475e-09	-0.017458376	-0.052092396	0.965197	0	0	0.41	-2.0799217e-18
7.530021169645609e-09	0.04492506	-0.021064632	0.96429044	0	0	0.41	-1.9862807e-18
7.540009384810722e-09	0.00661959	0.057144523	0.9657871	0	0	0.41	-1.0046383e-18
7.550038403554333e-09	-0.0391811	0.0113224685	0.96388763	0	0	0.41	-3.6088766e-19
7.560030734492058e-09	-0.01853047	-0.027092114	0.96549547	0	0	0.41	-2.3056684e-18
7.570017637391958e-09	0.018972611	-0.022080572	0.96464366	0	0	0.41	-2.2929145e-18
7.58005338599967e-09	0.024206549	-0.0014292677	0.9666891	0	0	0.41	-2.3507774e-18
7.59002017444136e-09	0.0076447483	0.019686293	0.9669573	0	0	0.41	-9.137547e-19
7.600030215013398e-09	-0.022345474	-0.00984215	0.96653783	0	0	0.41	-1.0813176e-18
7.610009947263338e-09	0.009620289	-0.001853971	0.9665255	0	0	0.41	-1.2242294e-18
7.620062451725501e-09	-0.0016318824	0.013182587	0.9677455	0	0	0.41	-2.1190225e-18
7.630057283788906e-09	-0.012000803	-0.0031451017	0.9666491	0	0	0.41	-2.215045e-18
7.64004775395433e-09	0.009848405	-0.012847607	0.9641666	0	0	0.41	-2.3601949e-18
7.650059461266502e-09	0.0008495456	0.0022804928	0.967362	0	0	0.41	-8.930645e-19
7.660012067580338e-09	0.011813948	0.01342729	0.9646408	0	0	0.41	-1.2007805e-18
7.670059801104788e-09	-0.023372443	0.011450256	0.96509284	0	0	0.41	-7.0439987e-19
7.68000382785863e-09	-0.012871268	-0.011778794	0.96841115	0	0	0.41	-1.6572369e-18
7.69004926295219e-09	0.0070982706	0.0013094996	0.9676084	0	0	0.41	-9.002414e-19
7.700001621784862e-09	-0.00023710493	1.5070873e-05	0.96743774	0	0	0.41	-1.5425132e-18
7.710016086852587e-09	0.024632797	0.0034715023	0.96810883	0	0	0.41	-1.8255154e-18
7.720028880054674e-09	-0.0004728869	0.0067570196	0.9679334	0	0	0.41	-1.0474e-18
7.730058956702848e-09	-0.018914627	-0.0165973	0.96461266	0	0	0.41	-1.9544365e-18
7.740044036684892e-09	0.031749148	-0.013302373	0.96438366	0	0	0.41	-1.752952e-18
7.750054845257132e-09	0.017478846	0.029064095	0.968024	0	0	0.41	-2.4392892e-18
7.760018293110468e-09	-0.025876403	0.008623378	0.9672549	0	0	0.41	-1.908874e-18
7.77001352235574e-09	-0.012756325	-0.03168131	0.96627235	0	0	0.41	-1.5179108e-18
7.78005446908383e-09	0.037396953	-0.0018840429	0.96693164	0	0	0.41	-1.9438844e-18
7.790046802933567e-09	0.014722874	0.02580781	0.9656082	0	0	0.41	-9.019412e-19
7.800007294203303e-09	-0.015459525	0.0098441	0.9634002	0	0	0.41	-1.1523885e-18
7.810045267036788e-09	-0.00979865	-0.005296822	0.96310663	0	0	0.41	-2.3016005e-18
7.820048630216695e-09	0.011017821	-0.0134776505	0.9681986	0	0	0.41	-1.0445731e-18
7.83003221571954e-09	0.02603521	0.015058652	0.96609646	0	0	0.41	-1.0659412e-18
7.840050496053745e-09	-0.0157174	0.007897623	0.96461743	0	0	0.41	-1.0736638e-18
7.85001637973458e-09	-0.009349619	-0.008720572	0.96343255	0	0	0.41	-1.2916036e-18
7.86005670070038e-09	0.0033490036	-0.020947624	0.9639587	0	0	0.41	-1.9059625e-18
7.870031119023437e-09	0.019865718	0.015409362	0.95874596	0	0	0.41	-1.4160229e-18
7.880036429363162e-09	-0.001469599	0.009757227	0.96296203	0	0	0.41	-1.378969e-18
7.890012461058195e-09	-0.010743545	0.015489354	0.9606475	0	0	0.41	-2.3553066e-18
7.900054763137714e-09	-0.020053525	-0.010932208	0.960856	0	0	0.41	-1.3376845e-18
7.910032584894555e-09	0.016162703	-0.036161922	0.9625563	0	0	0.41	-2.640676e-18
7.920021076476457e-09	0.02643281	0.006674764	0.96376204	0	0	0.41	-1.7928375e-18
7.930028047180122e-09	0.004476787	0.018800184	0.9633424	0	0	0.41	-2.4666283e-19
7.940012856131898e-09	-0.009854482	0.015374677	0.9611194	0	0	0.41	-2.2277182e-18
7.950054308390792e-09	-0.01628638	-0.0060784817	0.96114105	0	0	0.41	-4.6047216e-19
7.960024890194615e-09	-0.002294598	-0.012456453	0.9610591	0	0	0.41	-1.8759828e-18
7.97000444295665e-09	0.024164993	-0.0052479194	0.962467	0	0	0.41	-1.232411e-18
7.980006609207385e-09	0.007990388	0.032768697	0.96228826	0	0	0.41	-1.1131725e-18
7.990051683857468e-09	-0.033055827	0.014440034	0.9629746	0	0	0.41	-1.1693144e-18
8.00002473604542e-09	-0.0005851767	-0.03379691	0.96413887	0	0	0.41	-1.987113e-18
8.010023863529772e-09	0.044145443	-0.0099271815	0.96464	0	0	0.41	-2.9062373e-18
8.02005957491764e-09	0.021378202	0.023941562	0.9640548	0	0	0.41	-1.6283875e-18
8.03004558007285e-09	-0.015636584	0.033451695	0.9634616	0	0	0.41	-7.2064254e-19
8.040041731201535e-09	-0.036660682	-0.023303092	0.9649801	0	0	0.41	-2.2563754e-18
8.050007361446227e-09	0.0139952125	-0.038758133	0.96912783	0	0	0.41	-2.056009e-18
8.06002482188625e-09	0.047320463	0.0134203	0.9692305	0	0	0.41	-1.5196126e-18
8.070062854975372e-09	0.0059427493	0.040551417	0.9702398	0	0	0.41	-1.6691822e-18
8.080054898302175e-09	-0.048067775	0.018484099	0.9659507	0	0	0.41	-2.9959826e-18
8.090039238553847e-09	-0.036519855	-0.042783454	0.96789205	0	0	0.41	-2.6692874e-18
8.100043948774063e-09	0.031968012	-0.03127597	0.9685114	0	0	0.41	-1.5123884e-18
8.110061900042634e-09	0.023471462	0.009850861	0.96525806	0	0	0.41	-8.23638e-19
8.120036011464248e-09	-0.020479089	0.025585318	0.96511966	0	0	0.41	-1.5433164e-18
8.130009202745368e-09	-0.023697177	-0.022013934	0.96467686	0	0	0.41	-1.913717e-18
8.140026796089398e-09	0.01365942	-0.03381848	0.96469134	0	0	0.41	-1.9769319e-18
8.15006032757619e-09	0.046652168	0.026484339	0.9646144	0	0	0.41	-1.5278521e-18
8.160031371949136e-09	-0.00440178	0.04435043	0.96331394	0	0	0.41	-5.1344553e-19
8.170015390191767e-09	-0.037209418	-0.007479095	0.9641493	0	0	0.41	-6.7011825e-19
8.18003231950228e-09	0.0028802203	-0.037469983	0.9647232	0	0	0.41	-1.5006428e-18
8.190011276831865e-09	0.028387882	-0.0038569672	0.96606857	0	0	0.41	-1.159612e-18
8.200050486755945e-09	-0.0074094497	0.014699419	0.9676309	0	0	0.41	-7.119487e-19
8.210028922274357e-09	-0.0100800255	-0.009902954	0.96800745	0	0	0.41	-1.6722702e-18
8.220043670009613e-09	0.0143790385	-0.0013060923	0.96767	0	0	0.41	-1.887524e-18
8.230056016067478e-09	0.003384338	-0.0074685593	0.9681112	0	0	0.41	-1.8635157e-18
8.240002371104552e-09	0.011756909	0.013189294	0.96593124	0	0	0.41	-1.6549704e-18
8.250062257997715e-09	-0.011520855	0.00034120047	0.9681782	0	0	0.41	-1.1856707e-18
8.260039693103661e-09	0.0100382585	0.0012217567	0.96603024	0	0	0.41	-1.4687374e-18
8.270008753082028e-09	-0.011327869	0.029306665	0.96634793	0	0	0.41	-1.8840848e-18
8.280012255506639e-09	-0.021488627	-0.044891525	0.96361977	0	0	0.41	-1.2997508e-18
8.29003751239551e-09	0.04992879	-0.01051924	0.9667217	0	0	0.41	-1.5465378e-18
8.300046850417092e-09	-0.0003862463	0.032555457	0.96306306	0	0	0.41	-2.0621046e-18
8.310046718508465e-09	-0.029812263	0.012036688	0.9625653	0	0	0.41	-6.9475024e-19
8.320051098957242e-09	-0.009231072	-0.014618275	0.9621486	0	0	0.41	-1.777697e-18
8.330054656047652e-09	0.0032880225	-0.010313416	0.96288997	0	0	0.41	-1.7852967e-18
8.34005223307543e-09	0.017715242	0.017061807	0.96034074	0	0	0.41	-1.3553868e-18
8.350055173191693e-09	-0.012346721	0.013908565	0.9604909	0	0	0.41	-1.9319186e-18
8.360056156950566e-09	-0.015741147	-0.00900724	0.96173763	0	0	0.41	-1.1264921e-18
8.37005820260721e-09	0.012603252	-0.011303687	0.9605083	0	0	0.41	-2.1684755e-18
8.380037596997268e-09	0.006211128	0.012362168	0.96507233	0	0	0.41	-1.5568978e-18
8.390040602016553e-09	-0.025568474	-0.0060774283	0.96519387	0	0	0.41	-8.978725e-19
8.400016236841972e-09	0.006182634	-0.039338376	0.9639619	0	0	0.41	-1.910984e-18
8.410056081773305e-09	0.035338137	0.02114583	0.9618703	0	0	0.41	-2.0179106e-18
8.420008963339893e-09	-0.013315117	0.026919777	0.96474195	0	0	0.41	-1.8823463e-18
8.43002106632639e-09	-0.015342596	0.00020763263	0.9660876	0	0	0.41	-1.1755765e-18
8.440055621262849e-09	0.013406001	-0.008240356	0.96753746	0	0	0.41	-7.617764e-19
8.450042492273782e-09	0.015293104	0.012745182	0.96806484	0	0	0.41	-1.8178835e-18
8.46004012957977e-09	0.003704098	-0.0029403511	0.96633655	0	0	0.41	-1.6591177e-18
8.470019542845456e-09	-0.014736483	0.0295023	0.9647654	0	0	0.41	-1.806754e-18
8.480040495569088e-09	-0.044040877	0.002649163	0.962499	0	0	0.41	-8.0064776e-19
8.490019753809674e-09	0.011051202	-0.030886315	0.9628963	0	0	0.41	-1.2743203e-18
8.500029740935868e-09	0.010374957	-0.0031861383	0.9666259	0	0	0.41	-1.4764428e-18
8.510039493087256e-09	-0.0035046616	-0.005585043	0.96611106	0	0	0.41	-9.92164e-19
8.520038342525829e-09	0.014174431	0.007170828	0.968402	0	0	0.41	-2.0485537e-18
8.53003262358671e-09	-0.012519316	0.022034751	0.96476376	0	0	0.41	-5.9564847e-19
8.540002837134397e-09	-0.0070958883	-0.012785115	0.96650875	0	0	0.41	-2.6385608e-18
8.55003236476983e-09	0.021830661	-0.01645701	0.96506196	0	0	0.41	-1.3437851e-18
8.560032012652648e-09	0.011635424	0.019760808	0.9630763	0	0	0.41	-9.647723e-19
8.570014420720915e-09	-0.04727114	0.022091784	0.96317357	0	0	0.41	-2.1618717e-18
8.580006083377562e-09	-0.021056445	-0.035701714	0.9643457	0	0	0.41	-1.1319171e-18
8.59004560486182e-09	0.009260461	-0.010449734	0.9670174	0	0	0.41	-1.7324783e-18
8.600015028857652e-09	0.01179155	0.017005634	0.9677712	0	0	0.41	-1.2581115e-18
8.61001470076169e-09	-0.009808554	0.011218151	0.9686885	0	0	0.41	-1.4929793e-18
8.620035556837357e-09	-0.011731948	-0.012338169	0.9665648	0	0	0.41	-5.0251264e-19
8.630010812493205e-09	0.012203679	-0.019629419	0.96438026	0	0	0.41	-4.881885e-19
8.640062796305893e-09	0.029580105	0.0014821038	0.9630466	0	0	0.41	-1.8111794e-18
8.650030431790794e-09	0.011060722	0.025641358	0.9639429	0	0	0.41	-1.5133718e-18
8.660047127825007e-09	-0.009762738	0.015398704	0.9636887	0	0	0.41	-1.3525491e-18
8.670009154700705e-09	-0.009923444	-0.021836247	0.9647328	0	0	0.41	-1.4733594e-18
8.680003793636343e-09	0.018240994	-0.008272952	0.9668495	0	0	0.41	-2.0348416e-18
8.690037417001906e-09	0.012608385	0.0111801475	0.96918005	0	0	0.41	-6.5901324e-19
8.700039793739524e-09	-0.0063804616	0.005280429	0.9676877	0	0	0.41	-1.0536312e-18
8.710030245262519e-09	-0.010877022	-0.0101562	0.9670352	0	0	0.41	-1.1591273e-18
8.720060697190503e-09	-0.0028024777	-0.008008146	0.9649508	0	0	0.41	-1.060843e-18
8.73000016078894e-09	0.005175545	0.002606124	0.96805954	0	0	0.41	-1.7179721e-18
8.740023009525585e-09	-0.0057572494	0.018400934	0.96430224	0	0	0.41	-1.9856295e-18
8.750023403932395e-09	-0.016774358	-0.009729398	0.9635477	0	0	0.41	-1.358405e-18
8.76004376291553e-09	-0.00064284814	-0.0026802793	0.9634007	0	0	0.41	-1.0244867e-18
8.770050731796227e-09	-0.010641801	-0.00216702	0.9638988	0	0	0.41	-1.3801869e-18
8.780038048623823e-09	0.012693294	-0.0078566	0.96507573	0	0	0.41	-1.0673585e-18
8.790059897946402e-09	0.0046278867	0.030474834	0.9630909	0	0	0.41	-1.5575698e-18
8.800000015161126e-09	-0.044518437	0.0057831174	0.9657582	0	0	0.41	-1.7279654e-18
8.810036227743392e-09	-0.009030372	-0.03693106	0.96324855	0	0	0.41	-1.3223278e-18
8.820020787053133e-09	0.025340604	-0.009867353	0.9644249	0	0	0.41	-1.5166813e-18
8.83005217322977e-09	0.013499572	0.0161439	0.9627103	0	0	0.41	-1.720698e-18
8.840031596811786e-09	-0.011751433	-0.004593774	0.9641124	0	0	0.41	-1.1512057e-18
8.85000518707687e-09	0.0069519538	0.00036919204	0.96441114	0	0	0.41	-1.7513635e-18
8.86002319238904e-09	-0.011798087	0.012390129	0.96292955	0	0	0.41	-1.3003872e-18
8.870061146312889e-09	-0.033376966	-0.0114321355	0.96417975	0	0	0.41	-1.0635319e-18
8.880031179913382e-09	0.022522438	-0.046492696	0.96434283	0	0	0.41	-9.776247e-19
8.890048464013686e-09	0.03666429	0.025559774	0.96453905	0	0	0.41	-1.6434594e-18
8.900048032298464e-09	-0.024500785	0.023969715	0.96308523	0	0	0.41	-2.5825212e-18
8.910041089212643e-09	-0.01194133	0.0068024276	0.96223384	0	0	0.41	-2.207343e-18
8.92003985550093e-09	-0.013035604	-0.032871377	0.96412504	0	0	0.41	-1.3813447e-18
8.930029166476327e-09	0.031276017	-0.0075236177	0.9640198	0	0	0.41	-1.0678761e-18
8.940007835737013e-09	-0.0049416944	0.029775761	0.96624017	0	0	0.41	-2.6845034e-18
8.950013496232015e-09	-0.0420785	-0.00763856	0.9672479	0	0	0.41	-2.4511959e-18
8.960038299315627e-09	7.665407e-05	-0.03428943	0.96743727	0	0	0.41	-2.0917936e-18
8.970022351653099e-09	0.03103881	0.0039991713	0.96622545	0	0	0.41	-1.3187383e-18
8.980044534177612e-09	0.0025635522	0.028909339	0.96692216	0	0	0.41	-1.406878e-18
8.99004465396719e-09	-0.013516783	0.008942037	0.96490586	0	0	0.41	-1.0773792e-18
9.000049296734407e-09	-0.0037118203	-0.015213692	0.96599275	0	0	0.41	-1.3562466e-18
9.010063039666938e-09	0.008301615	-0.005601224	0.9666242	0	0	0.41	-1.4234108e-18
9.020027278755091e-09	0.018592058	0.008415442	0.96916527	0	0	0.41	-1.764664e-18
9.030060868004302e-09	-0.016856655	0.014908432	0.96594125	0	0	0.41	-2.348811e-18
9.040049858842358e-09	-0.019170178	-0.009676831	0.9679831	0	0	0.41	-4.8181e-19
9.050049568562572e-09	-0.009788214	-0.027119653	0.970043	0	0	0.41	-1.5352172e-18
9.060025368249284e-09	0.024426032	-0.0031357422	0.96824974	0	0	0.41	-1.398896e-18
9.070039566609103e-09	0.016159577	0.01932685	0.96628433	0	0	0.41	-1.1296188e-18
9.080025213092278e-09	-0.018784814	0.0314884	0.96704984	0	0	0.41	-1.8680127e-18
9.090015511816425e-09	-0.03629846	-0.01021814	0.96636873	0	0	0.41	-1.6284157e-18
9.10003452429402e-09	-0.0065699047	-0.03436424	0.96628046	0	0	0.41	-1.9924002e-18
9.110036099482274e-09	0.027264282	0.00081204856	0.9624859	0	0	0.41	-4.3012205e-19
9.120038935646236e-09	0.003046179	0.013198317	0.9619768	0	0	0.41	-1.8700635e-18
9.130033654625043e-09	-0.032783315	0.012793265	0.96289986	0	0	0.41	-9.214719e-19
9.140060309484343e-09	-0.008679396	-0.032038763	0.9627174	0	0	0.41	-2.1204945e-18
9.150009341796621e-09	0.031113066	-0.010447071	0.96556634	0	0	0.41	-1.8640327e-18
9.160012307416688e-09	0.02852736	0.02912016	0.9647735	0	0	0.41	-1.6570166e-18
9.170051128935387e-09	-0.031316817	0.049551714	0.96447176	0	0	0.41	-1.0706029e-18
9.180017367293653e-09	-0.044008285	-0.036877688	0.9638283	0	0	0.41	-1.0559642e-18
9.19004815922039e-09	0.027159303	-0.056084793	0.9661083	0	0	0.41	-8.813831e-19
9.200003200765401e-09	0.05982581	0.024836153	0.9658931	0	0	0.41	-1.0485054e-18
9.210027104011506e-09	-0.01383762	0.060563225	0.96271795	0	0	0.41	-1.0258885e-18
9.220056536375948e-09	-0.047957864	-0.02387657	0.96496296	0	0	0.41	-1.4307798e-18
9.230042675917931e-09	0.007598938	-0.037690762	0.9652764	0	0	0.41	-1.1658252e-18
9.240044418084178e-09	0.033260502	0.0033812148	0.9676897	0	0	0.41	-1.8644574e-18
9.250003907049456e-09	0.012247614	0.027637644	0.9667998	0	0	0.41	-1.5104084e-18
9.260033758396103e-09	-0.028804773	0.008949218	0.96903354	0	0	0.41	-1.9399894e-18
9.270006208443109e-09	0.015134434	-0.024371946	0.967217	0	0	0.41	-9.545426e-19
9.28000043900397e-09	0.017741447	0.012882517	0.9666887	0	0	0.41	-8.906572e-19
9.290015632060166e-09	-0.012532171	-0.004976311	0.96544147	0	0	0.41	-1.4440507e-18
9.30000310570255e-09	0.018623125	-0.006333374	0.9670575	0	0	0.41	-1.7710504e-18
9.310062083951346e-09	0.014042208	0.020791063	0.9648057	0	0	0.41	-1.1064214e-18
9.320023322014463e-09	-0.003184893	0.014688379	0.96516657	0	0	0.41	-1.128553e-18
9.330025130946395e-09	0.0029652335	-0.007358821	0.9668315	0	0	0.41	-1.3146866e-18
9.340012486463115e-09	-0.0017108835	-0.0039840685	0.9670033	0	0	0.41	-9.42546e-19
9.350025518315982e-09	0.022249227	-0.0043832622	0.9642662	0	0	0.41	-1.3060835e-19
9.360063879964133e-09	0.0015999536	0.015397378	0.96594286	0	0	0.41	-1.3816856e-18
9.370020240723184e-09	-0.0073633553	0.006209986	0.96522546	0	0	0.41	-1.5847647e-18
9.3800591522681e-09	-0.013030319	-0.004373076	0.964769	0	0	0.41	-1.9677589e-18
9.390022010345803e-09	0.010540325	-0.007679528	0.9658853	0	0	0.41	-2.7232802e-18
9.40005260400243e-09	-0.017726468	0.019349892	0.96709454	0	0	0.41	-1.7068621e-18
9.410017448881188e-09	-0.031414103	-0.025498984	0.9658461	0	0	0.41	-6.77121e-19
9.420039253439588e-09	0.02584946	-0.03528847	0.9662436	0	0	0.41	-1.187207e-18
9.430050419130375e-09	0.036644813	0.025035676	0.96516937	0	0	0.41	-1.9522809e-18
9.440015749210122e-09	-0.027865121	0.037518363	0.96674883	0	0	0.41	-6.8505454e-19
9.450036987848424e-09	-0.042325072	-0.016767005	0.9627256	0	0	0.41	-1.0691517e-18
9.46002541336561e-09	0.02405683	-0.028969595	0.96636814	0	0	0.41	-1.2713247e-18
9.470041094472747e-09	0.026931068	0.030429415	0.9651766	0	0	0.41	-1.2320163e-18
9.480007284142541e-09	-0.020144416	0.018689465	0.96564895	0	0	0.41	-1.3372075e-18
9.490038516456105e-09	-0.020328851	-0.012273329	0.9667997	0	0	0.41	-1.2111897e-18
9.500052293300763e-09	0.01108218	-0.018417345	0.9670511	0	0	0.41	-1.5943006e-18
9.510062702521065e-09	0.029286329	0.016249029	0.9670319	0	0	0.41	-2.546876e-18
9.520049910624905e-09	-0.041819423	0.03228062	0.9640434	0	0	0.41	-2.5294122e-18
9.53003747253802e-09	-0.028439794	-0.048221122	0.9629779	0	0	0.41	-1.1629642e-18
9.540015527233995e-09	0.03424158	-0.034143105	0.96153903	0	0	0.41	-1.5402922e-18
9.550037779271375e-09	0.032415822	0.016728092	0.96372646	0	0	0.41	-1.0200811e-18
9.560041210246977e-09	-0.00623198	0.034484137	0.9646859	0	0	0.41	-5.967708e-19
9.570042002045025e-09	-0.03523153	0.008344294	0.96505	0	0	0.41	-1.6150233e-18
9.58000202372562e-09	-0.0251371	-0.041745875	0.96952826	0	0	0.41	-2.2072558e-18
9.590035909705543e-09	0.03730141	-0.026851099	0.9662011	0	0	0.41	-9.874942e-19
9.600039995515534e-09	0.036953706	0.03182325	0.9665058	0	0	0.41	-1.5669184e-18
9.610043292028696e-09	-0.02937429	0.04389727	0.96415734	0	0	0.41	-1.0552364e-18
9.620037047800842e-09	-0.037376314	-0.028184459	0.96461344	0	0	0.41	-1.895546e-18
9.630017501817134e-09	0.023297131	-0.025689604	0.96435785	0	0	0.41	-1.0579262e-18
9.640039979598896e-09	0.013883164	0.01936598	0.9641771	0	0	0.41	-1.012407e-18
9.650033253141242e-09	-0.004761242	0.015774313	0.9659236	0	0	0.41	-1.1420938e-18
9.660001813721322e-09	0.001799931	0.0008486304	0.9678552	0	0	0.41	-5.710774e-19
9.670018880790955e-09	-0.0041969763	-0.008587525	0.96728724	0	0	0.41	-8.619887e-19
9.680013539620314e-09	0.017165946	0.016799152	0.96672726	0	0	0.41	-1.4382503e-18
9.690027328446536e-09	-0.04020507	0.023553848	0.9652068	0	0	0.41	-2.4527038e-18
9.70006179545513e-09	-0.022165919	-0.029657153	0.9653864	0	0	0.41	-7.3581226e-19
9.710004722173794e-09	0.031297617	-0.039143387	0.96348685	0	0	0.41	-1.1863203e-18
9.720045633339384e-09	0.029667	0.025499998	0.96133304	0	0	0.41	-7.546082e-19
9.73001901454083e-09	-0.01834418	0.011815275	0.96629125	0	0	0.41	-1.6403082e-18
9.740033450709074e-09	-0.008468325	-0.016488278	0.9643051	0	0	0.41	-1.7176448e-18
9.750027519792735e-09	0.025343688	0.013585725	0.9627011	0	0	0.41	-1.4489794e-18
9.76001076550722e-09	-0.0121178385	0.0112063335	0.96028745	0	0	0.41	-1.0589474e-18
9.77004417831738e-09	0.009220327	-0.009080024	0.9614566	0	0	0.41	-1.5120988e-18
9.780029407699303e-09	0.0065214504	0.0030831986	0.9626752	0	0	0.41	-1.2355038e-18
9.790038426886997e-09	0.0043009478	0.009701044	0.9649681	0	0	0.41	-1.3790053e-19
9.800010831805454e-09	-0.0036549375	0.013509534	0.96536916	0	0	0.41	-1.3263472e-18
9.810052281812499e-09	-0.025201034	0.0029201393	0.9657641	0	0	0.41	-1.9211743e-18
9.820031636273016e-09	-0.0003834587	-0.006199646	0.9674895	0	0	0.41	-1.1923579e-18
9.830008333707332e-09	0.015268655	-0.004996088	0.967638	0	0	0.41	-1.0208884e-18
9.84002503638704e-09	0.017100612	0.013742327	0.96766895	0	0	0.41	-1.2603212e-18
9.850019959103782e-09	0.007487199	0.0063634287	0.96758085	0	0	0.41	-1.837824e-18
9.860039169340204e-09	-0.006063265	-0.0035021722	0.96861595	0	0	0.41	-1.3987165e-18
9.870004799595212e-09	0.009351287	-0.015480666	0.96705425	0	0	0.41	-1.2437796e-18
9.880002250350218e-09	0.0044718236	-0.002554086	0.968624	0	0	0.41	-1.7777102e-18
9.8900290216034e-09	-0.0022561324	0.015138105	0.96740985	0	0	0.41	-1.4356707e-18
9.900037335359852e-09	-0.020420566	-0.009630051	0.96724576	0	0	0.41	-2.1810734e-18
9.91004196843709e-09	-0.00074408797	-0.018276747	0.9643192	0	0	0.41	-1.338086e-18
9.920061563267014e-09	0.0130956145	0.012305205	0.962551	0	0	0.41	-1.4296673e-18
9.930062102795934e-09	-0.019999124	0.009001124	0.96293044	0	0	0.41	-1.5955065e-18
9.940056241536246e-09	-0.008324546	-0.04964808	0.9628973	0	0	0.41	-1.0689258e-18
9.950020647674655e-09	0.05438299	-0.0032579007	0.9655995	0	0	0.41	-1.241614e-18
9.960041102146932e-09	0.0004851683	0.03560144	0.9665727	0	0	0.41	-1.3768823e-19
9.970049186999775e-09	-0.023954308	-0.006790923	0.968009	0	0	0.41	-1.9775643e-18
9.980050339066718e-09	-0.007402998	-0.027756307	0.96819466	0	0	0.41	-1.884144e-18
9.99005600405572e-09	0.018506056	-0.016812285	0.96806854	0	0	0.41	-8.791931e-19
1e-08	0.008082475	0.0027916315	0.9646967	0	0	0.41	-1.810323e-18
