# t (s)	mx ()	my ()	mz ()	B_extx (T)	B_exty (T)	B_extz (T)	E_total (J)
0	0	0	-1	0	0	0.4	1.2498702e-18
1.005895370169481e-11	0.00023782987	-0.005389612	-0.977479	0	0	0.4	4.421765e-18
2.0021197201434543e-11	0.0033303946	-0.020542813	-0.9688214	0	0	0.4	3.4987535e-18
3.001284674949284e-11	0.0031445879	-0.019263888	-0.9641465	0	0	0.4	4.745137e-18
4.005894813113918e-11	0.03677338	-0.028988637	-0.9625083	0	0	0.4	4.89667e-18
5.005209026079281e-11	0.022325126	-0.050118685	-0.9613826	0	0	0.4	4.615043e-18
6.002210947709907e-11	0.0154813295	-0.049002636	-0.9607884	0	0	0.4	5.2247006e-18
7.003153378151461e-11	0.021071777	-0.07439962	-0.95805514	0	0	0.4	4.563521e-18
8.001423010244583e-11	0.010690168	-0.07212807	-0.9587414	0	0	0.4	4.5034165e-18
9.001030235392066e-11	0.013010489	-0.06946726	-0.95706505	0	0	0.4	5.677574e-18
1.0000712281877828e-10	0.0039792936	-0.059654705	-0.9559633	0	0	0.4	4.1453553e-18
1.1005307244616227e-10	0.0022342787	-0.04750739	-0.95508134	0	0	0.4	4.0376344e-18
1.200302413051875e-10	0.006799772	-0.048938423	-0.95612013	0	0	0.4	4.1910913e-18
1.3001339566228342e-10	0.018492673	-0.0605235	-0.95624095	0	0	0.4	4.47511e-18
1.4006043669032275e-10	0.025013112	-0.07064656	-0.95208514	0	0	0.4	4.5249972e-18
1.5005247795091628e-10	0.018562818	-0.08160205	-0.9482217	0	0	0.4	5.0422755e-18
1.6000563857642815e-10	0.017557528	-0.09581779	-0.949496	0	0	0.4	5.7507246e-18
1.7004928558704914e-10	0.0034361237	-0.114499494	-0.9502598	0	0	0.4	4.061842e-18
1.8002187769292194e-10	0.0148729645	-0.092	-0.94836426	0	0	0.4	5.4371004e-18
1.9002424621106836e-10	0.025885511	-0.09389471	-0.9512349	0	0	0.4	5.5682097e-18
2.0004434036096462e-10	0.02564047	-0.08348714	-0.9522878	0	0	0.4	5.0497404e-18
2.1005334804314942e-10	0.014866307	-0.078451954	-0.9522702	0	0	0.4	4.2332755e-18
2.2000449020002934e-10	0.013264759	-0.07409267	-0.9521035	0	0	0.4	4.28035e-18
2.3002421968122266e-10	0.02206765	-0.06578475	-0.9530951	0	0	0.4	3.5556235e-18
2.4004605179956704e-10	0.017208861	-0.074315436	-0.95816904	0	0	0.4	3.3019365e-18
2.500122210808029e-10	0.008982403	-0.07028365	-0.957833	0	0	0.4	4.0619428e-18
2.6004453266456013e-10	0.00148572	-0.060156547	-0.95471066	0	0	0.4	3.5852324e-18
2.700187107182907e-10	0.0094479155	-0.067049734	-0.9482551	0	0	0.4	5.571236e-18
2.80021463409281e-10	-0.010130314	-0.07473243	-0.9523312	0	0	0.4	4.8935517e-18
2.9004647543712857e-10	-0.0032517498	-0.082472	-0.94938457	0	0	0.4	5.0453877e-18
3.000318706185466e-10	-0.0006035091	-0.066303484	-0.95255506	0	0	0.4	5.6509518e-18
3.100377305523613e-10	-0.007916833	-0.07440115	-0.9513328	0	0	0.4	4.1474216e-18
3.200292433356123e-10	-0.026752492	-0.060090456	-0.9490425	0	0	0.4	4.986841e-18
3.3003345045074195e-10	-0.028015075	-0.066634834	-0.94712263	0	0	0.4	4.5947364e-18
3.400586968179217e-10	-0.020535687	-0.07258276	-0.94874626	0	0	0.4	5.452459e-18
3.500595004665594e-10	-0.0014333231	-0.08490732	-0.94963384	0	0	0.4	5.107908e-18
3.6002222930345573e-10	0.0030047141	-0.07450808	-0.9517217	0	0	0.4	4.070535e-18
3.700235734877459e-10	-0.011452451	-0.07417593	-0.95493984	0	0	0.4	5.0005074e-18
3.800174860577401e-10	-0.026619917	-0.060084876	-0.95212215	0	0	0.4	4.3275004e-18
3.900009858401003e-10	-0.029389212	-0.059613224	-0.9523451	0	0	0.4	4.1813467e-18
4.000420937840757e-10	-0.033089686	-0.06724973	-0.9504521	0	0	0.4	4.8453593e-18
4.100631806666061e-10	-0.027923187	-0.057341654	-0.9510525	0	0	0.4	4.6292423e-18
4.200472023599244e-10	-0.011950075	-0.049468685	-0.9534307	0	0	0.4	4.926437e-18
4.300128252964747e-10	-0.00798813	-0.06824025	-0.9543307	0	0	0.4	5.5343987e-18
4.400009417126489e-10	-0.02311319	-0.08166379	-0.95141566	0	0	0.4	4.6778184e-18
4.5004212237587677e-10	-0.01893396	-0.077899456	-0.95670843	0	0	0.4	3.9228536e-18
4.6005142533922394e-10	-0.031232495	-0.067759976	-0.9587777	0	0	0.4	3.8953953e-18
4.700355328082797e-10	-0.021434423	-0.046346214	-0.95642	0	0	0.4	4.8312592e-18
4.800671391604923e-10	-0.040366948	-0.03903958	-0.95524573	0	0	0.4	4.4477725e-18
4.900130498976143e-10	-0.032253403	-0.037091304	-0.9552071	0	0	0.4	5.076155e-18
5.000400963808436e-10	-0.035105433	-0.033165194	-0.95459855	0	0	0.4	5.3938078e-18
5.100407810542574e-10	-0.01093694	-0.03080398	-0.956426	0	0	0.4	5.553727e-18
5.200232218662882e-10	-0.0033026752	-0.033219766	-0.95694727	0	0	0.4	3.8254225e-18
5.300376645912312e-10	-0.00580032	-0.05638597	-0.95546794	0	0	0.4	4.771208e-18
5.400383579345881e-10	-0.015126674	-0.06169394	-0.9559608	0	0	0.4	4.728435e-18
5.500482078888911e-10	-0.03786526	-0.06720222	-0.9531449	0	0	0.4	4.775812e-18
5.600496836149708e-10	-0.05009529	-0.061658494	-0.948097	0	0	0.4	4.2907856e-18
5.700168960833801e-10	-0.05206286	-0.05375474	-0.9485466	0	0	0.4	3.794102e-18
5.800288104929184e-10	-0.049787756	-0.053172514	-0.9515602	0	0	0.4	4.347383e-18
5.90057216518329e-10	-0.045943193	-0.049116697	-0.950406	0	0	0.4	5.1453496e-18
6.00021997631565e-10	-0.051685803	-0.053314924	-0.95299363	0	0	0.4	5.3013948e-18
6.100483721100004e-10	-0.040030953	-0.063705705	-0.9483285	0	0	0.4	4.897162e-18
6.200639585018895e-10	-0.041674037	-0.080607854	-0.94568974	0	0	0.4	4.843922e-18
6.30018104281741e-10	-0.029374318	-0.08014673	-0.9473964	0	0	0.4	3.733116e-18
6.400226256828641e-10	-0.038339093	-0.09089377	-0.9484698	0	0	0.4	4.1369515e-18
6.500033164435147e-10	-0.0476764	-0.078017764	-0.9498604	0	0	0.4	4.9572504e-18
6.600507311436402e-10	-0.045740582	-0.099074475	-0.94079643	0	0	0.4	4.2041202e-18
6.700264855092688e-10	-0.030286903	-0.12174778	-0.9368517	0	0	0.4	4.019408e-18
6.800164507011336e-10	-0.042936258	-0.114840694	-0.93688464	0	0	0.4	4.045584e-18
6.900552648849097e-10	-0.04287435	-0.106209815	-0.94556415	0	0	0.4	5.0834343e-18
7.000367748659633e-10	-0.054481916	-0.11406067	-0.9413783	0	0	0.4	4.5078204e-18
7.10018546296264e-10	-0.056952085	-0.105286375	-0.93673646	0	0	0.4	5.4250496e-18
7.200087686128707e-10	-0.05320625	-0.10650915	-0.9423181	0	0	0.4	4.3428554e-18
7.300115725993512e-10	-0.052422404	-0.09131256	-0.94363177	0	0	0.4	5.1080024e-18
7.40003974930257e-10	-0.048068017	-0.06719398	-0.9459511	0	0	0.4	3.4379529e-18
7.500625689521659e-10	-0.02709703	-0.06523386	-0.9491771	0	0	0.4	3.9386374e-18
7.600333005414693e-10	-0.030293323	-0.07554723	-0.9465891	0	0	0.4	4.97608e-18
7.70027088252414e-10	-0.021608742	-0.07007006	-0.94518703	0	0	0.4	5.1959693e-18
7.800060784084336e-10	-0.04450151	-0.054523848	-0.9470469	0	0	0.4	4.8384292e-18
7.90051574821036e-10	-0.029689804	-0.05546926	-0.94542605	0	0	0.4	5.349147e-18
8.000485484102913e-10	-0.03364984	-0.075877525	-0.94397223	0	0	0.4	5.5907177e-18
8.100143679528539e-10	-0.04549529	-0.046614807	-0.94441617	0	0	0.4	4.7611383e-18
8.200428508824798e-10	-0.04961536	-0.03869528	-0.94166994	0	0	0.4	5.0483813e-18
8.300479488967031e-10	-0.052462433	-0.020452715	-0.9460004	0	0	0.4	4.777543e-18
8.400583481615446e-10	-0.0360067	-0.016761728	-0.9475941	0	0	0.4	4.743275e-18
8.500288614633098e-10	-0.028292857	-0.021171771	-0.9479391	0	0	0.4	4.7622322e-18
8.600023423254105e-10	-0.039885454	-0.021509001	-0.9500514	0	0	0.4	5.7449406e-18
8.700339898229839e-10	-0.043115206	-0.006145999	-0.9508055	0	0	0.4	5.1252032e-18
8.800401763898656e-10	-0.033297785	-0.007037435	-0.95102966	0	0	0.4	4.3007006e-18
8.900491955238395e-10	-0.029669771	-0.01794616	-0.95433825	0	0	0.4	4.7151214e-18
9.00022160547994e-10	-0.035631012	-0.024515266	-0.95347935	0	0	0.4	5.0285546e-18
9.100134502558091e-10	-0.06708249	-0.017109793	-0.95035017	0	0	0.4	5.2243073e-18
9.200057714184733e-10	-0.07436357	0.0012645721	-0.9501066	0	0	0.4	3.492862e-18
9.30003389525159e-10	-0.09247919	0.005412009	-0.9521961	0	0	0.4	4.9694993e-18
9.400016094460634e-10	-0.07381095	0.014442883	-0.9545611	0	0	0.4	5.2424354e-18
9.50027952118212e-10	-0.07549894	-0.01708371	-0.949567	0	0	0.4	4.8200737e-18
9.60013430764903e-10	-0.07555062	-0.022535775	-0.94508016	0	0	0.4	5.398306e-18
9.70059636657784e-10	-0.07641705	-0.03489878	-0.94276917	0	0	0.4	4.304876e-18
9.80037716526477e-10	-0.08307428	-0.04676974	-0.94425386	0	0	0.4	4.2460715e-18
9.90005561581047e-10	-0.0925573	-0.044571403	-0.94279623	0	0	0.4	5.289973e-18
1.0000044843504652e-09	-0.09490535	-0.036301035	-0.9411681	0	0	0.4	4.788335e-18
1.0100109384162843e-09	-0.095272176	-0.045394484	-0.93710107	0	0	0.4	4.436451e-18
1.0200526720363196e-09	-0.107783936	-0.029201439	-0.93518907	0	0	0.4	4.5047628e-18
1.0300316384608455e-09	-0.095374085	-0.028670209	-0.93432593	0	0	0.4	4.7124653e-18
1.0400188763401953e-09	-0.06770151	-0.040213943	-0.9375379	0	0	0.4	4.4605727e-18
1.0500104831517788e-09	-0.062527545	-0.04865669	-0.9372748	0	0	0.4	4.4292288e-18
1.0600440803801527e-09	-0.047537427	-0.065243915	-0.93632936	0	0	0.4	5.126167e-18
1.070040297100207e-09	-0.04824631	-0.08794647	-0.9390245	0	0	0.4	3.868201e-18
1.0800504382142164e-09	-0.05103071	-0.083109915	-0.9402623	0	0	0.4	4.243915e-18
1.0900589150626266e-09	-0.053236146	-0.07984584	-0.9402953	0	0	0.4	3.732024e-18
1.1000088768173428e-09	-0.057704788	-0.078543805	-0.93944573	0	0	0.4	4.4680488e-18
1.1100616736040954e-09	-0.05106443	-0.08821976	-0.9365418	0	0	0.4	4.7981852e-18
1.120016614006081e-09	-0.05205784	-0.07187398	-0.9355449	0	0	0.4	4.6743563e-18
1.1300214704222173e-09	-0.042916283	-0.064852774	-0.9395363	0	0	0.4	3.770866e-18
1.1400518203099901e-09	-0.034820624	-0.060598362	-0.9405171	0	0	0.4	4.5081203e-18
1.1500007839086105e-09	-0.02805201	-0.06859644	-0.94255614	0	0	0.4	4.5792653e-18
1.1600365471703239e-09	-0.049010795	-0.09142563	-0.9412761	0	0	0.4	5.046057e-18
1.1700184788456055e-09	-0.04762783	-0.09388754	-0.93771344	0	0	0.4	4.709674e-18
1.1800569148963393e-09	-0.06091069	-0.10476206	-0.9330629	0	0	0.4	5.287841e-18
1.1900204472109655e-09	-0.034481116	-0.11183815	-0.93393934	0	0	0.4	4.876839e-18
1.2000184568986504e-09	-0.048750915	-0.108051114	-0.93174076	0	0	0.4	4.6282228e-18
1.2100341675288078e-09	-0.038802635	-0.10404428	-0.92941725	0	0	0.4	5.0192596e-18
1.2200124329627458e-09	-0.033348855	-0.11152446	-0.9308225	0	0	0.4	4.672578e-18
1.2300229933285096e-09	-0.006883264	-0.10573769	-0.93349475	0	0	0.4	4.7623365e-18
1.2400488384695228e-09	-0.0033872398	-0.081888944	-0.93886787	0	0	0.4	4.3351825e-18
1.2500435671372319e-09	-0.009519554	-0.09688669	-0.936584	0	0	0.4	4.9734516e-18
1.2600418387641722e-09	0.0030006398	-0.08870978	-0.9383865	0	0	0.4	3.486332e-18
1.2700203714556777e-09	0.021814581	-0.088595025	-0.9403615	0	0	0.4	4.6717622e-18
1.2800087925795218e-09	0.027081123	-0.089288644	-0.9375561	0	0	0.4	4.2673388e-18
1.2900214222449686e-09	0.006462352	-0.081672944	-0.9349012	0	0	0.4	5.369715e-18
1.3000450840083277e-09	0.014714048	-0.074668765	-0.9335231	0	0	0.4	4.735884e-18
1.3100064348814936e-09	0.0038997426	-0.081311576	-0.92661494	0	0	0.4	4.5744937e-18
1.3200534599500624e-09	0.008119797	-0.07608433	-0.92328566	0	0	0.4	5.448827e-18
1.3300591161129094e-09	0.023385564	-0.06348106	-0.9274254	0	0	0.4	5.0588708e-18
1.3400030048579485e-09	0.03570731	-0.044710908	-0.92787725	0	0	0.4	4.3942704e-18
1.350048283915472e-09	0.046743967	-0.057553604	-0.93024343	0	0	0.4	5.3309214e-18
1.3600325116953597e-09	0.05763706	-0.07231592	-0.9300087	0	0	0.4	5.0790217e-18
1.370013711328066e-09	0.051150233	-0.06531051	-0.93577695	0	0	0.4	5.0396107e-18
1.380013350147585e-09	0.054975584	-0.07936816	-0.9347092	0	0	0.4	5.102214e-18
1.3900437731704864e-09	0.05111945	-0.07702474	-0.9385692	0	0	0.4	5.816673e-18
1.400007520701864e-09	0.04716065	-0.07375921	-0.9382658	0	0	0.4	4.9792406e-18
1.4100527878185236e-09	0.063430235	-0.06701165	-0.9365198	0	0	0.4	4.5671032e-18
1.420055371977008e-09	0.06444133	-0.0588591	-0.94100094	0	0	0.4	4.1652576e-18
1.43001428021409e-09	0.06035163	-0.04919569	-0.9404374	0	0	0.4	4.678142e-18
1.4400475161689299e-09	0.083559394	-0.04927207	-0.93995905	0	0	0.4	5.0316416e-18
1.450048873386081e-09	0.09794781	-0.029649157	-0.93958956	0	0	0.4	5.128231e-18
1.4600125163461179e-09	0.12165897	-0.020334044	-0.9373333	0	0	0.4	5.179656e-18
1.4700502944156156e-09	0.11473303	-0.02858627	-0.9396087	0	0	0.4	4.3116384e-18
1.4800540561943876e-09	0.110908724	-0.05413654	-0.9404515	0	0	0.4	4.980862e-18
1.4900512304055873e-09	0.09189059	-0.072509035	-0.9382231	0	0	0.4	4.460939e-18
1.5000249445912224e-09	0.08388679	-0.060255792	-0.9414485	0	0	0.4	4.484378e-18
1.51003285352705e-09	0.07210741	-0.07295761	-0.9439927	0	0	0.4	4.986823e-18
1.5200322419234493e-09	0.044943232	-0.06645778	-0.94514143	0	0	0.4	4.869814e-18
1.5300073270962907e-09	0.051387753	-0.05299618	-0.9473613	0	0	0.4	4.840239e-18
1.540050612164935e-09	0.05436309	-0.044191435	-0.9519507	0	0	0.4	5.375624e-18
1.5500136517524971e-09	0.041781347	-0.054274883	-0.95289046	0	0	0.4	4.5198096e-18
1.560014499225819e-09	0.0553032	-0.052342325	-0.9515793	0	0	0.4	4.5254336e-18
1.570030674943703e-09	0.0433058	-0.033538494	-0.95166624	0	0	0.4	3.960677e-18
1.5800480600191664e-09	0.027641928	-0.029759599	-0.94997776	0	0	0.4	3.651229e-18
1.5900543370706257e-09	0.032701068	-0.04637315	-0.94871575	0	0	0.4	3.81418e-18
1.6000196844920685e-09	0.013596277	-0.058722965	-0.9477844	0	0	0.4	5.389696e-18
1.6100292349735876e-09	0.0061481036	-0.056220412	-0.948727	0	0	0.4	4.1436397e-18
1.6200545692366108e-09	0.007917219	-0.041343022	-0.94473577	0	0	0.4	4.6679138e-18
1.6300499196281255e-09	0.015745549	-0.039577268	-0.94434583	0	0	0.4	4.8782505e-18
1.6400509198093765e-09	0.020941688	-0.033406578	-0.9456987	0	0	0.4	4.8038212e-18
1.6500519888747811e-09	0.0155289415	-0.03115824	-0.94813746	0	0	0.4	4.15389e-18
1.6600181734962188e-09	0.015921699	-0.031239294	-0.95169234	0	0	0.4	4.127715e-18
1.6700474767187319e-09	0.019113291	-0.035752308	-0.9511948	0	0	0.4	4.3753772e-18
1.680030923283971e-09	0.028632686	-0.035125114	-0.94419074	0	0	0.4	4.2815836e-18
1.6900235710264072e-09	0.02815928	-0.0205103	-0.94508195	0	0	0.4	5.6917487e-18
1.7000274862729299e-09	0.020974977	-0.029317124	-0.94331986	0	0	0.4	4.6500235e-18
1.7100137548960274e-09	0.024924045	-0.030714095	-0.9382646	0	0	0.4	4.7459703e-18
1.720029068259851e-09	0.025524814	-0.035426002	-0.9322372	0	0	0.4	4.6364218e-18
1.7300364074793744e-09	0.029477311	-0.022953724	-0.9362554	0	0	0.4	5.109814e-18
1.7400464897923002e-09	0.031172542	-0.019904338	-0.93266064	0	0	0.4	4.5827154e-18
1.750061394618284e-09	0.014883154	-0.028547343	-0.9385641	0	0	0.4	4.9654862e-18
1.7600273025286038e-09	0.0015212938	-0.02206472	-0.9383343	0	0	0.4	5.2264394e-18
1.7700151698618448e-09	0.0051408587	-0.024625326	-0.9419973	0	0	0.4	4.399521e-18
1.7800439094292814e-09	0.0050050565	-0.049882084	-0.94337934	0	0	0.4	4.8844817e-18
1.7900056223994064e-09	0.010427611	-0.060380355	-0.94133633	0	0	0.4	5.290756e-18
1.8000369821903417e-09	0.0059554	-0.064495884	-0.93866235	0	0	0.4	5.3331763e-18
1.810006503937751e-09	-0.00022285912	-0.06351245	-0.94239753	0	0	0.4	2.6764053e-18
1.820058336455895e-09	0.011689623	-0.0473576	-0.9402114	0	0	0.4	4.8140414e-18
1.8300388379065742e-09	0.020233838	-0.06638341	-0.939296	0	0	0.4	4.67658e-18
1.840003558250023e-09	0.015781881	-0.0870009	-0.9319241	0	0	0.4	4.248441e-18
1.8500633477288383e-09	0.0098494515	-0.08304153	-0.9258012	0	0	0.4	4.6037668e-18
1.8600318328875102e-09	0.018791603	-0.080808364	-0.9265286	0	0	0.4	4.3540773e-18
1.87003832278945e-09	0.013960091	-0.07906327	-0.9221467	0	0	0.4	4.275102e-18
1.8800550871286212e-09	0.024881212	-0.075057596	-0.92072046	0	0	0.4	5.4485535e-18
1.8900354259341673e-09	0.0423663	-0.08738737	-0.9183084	0	0	0.4	3.73502e-18
1.9000191237976776e-09	0.054957666	-0.08523909	-0.9219491	0	0	0.4	4.38489e-18
1.9100641529572906e-09	0.059686124	-0.091991365	-0.92391384	0	0	0.4	4.6598335e-18
1.9200113765416743e-09	0.059652656	-0.096432485	-0.9308104	0	0	0.4	5.2951508e-18
1.9300623770031855e-09	0.05587016	-0.09078378	-0.9354227	0	0	0.4	4.085998e-18
1.940004819718567e-09	0.0536833	-0.09706465	-0.9349911	0	0	0.4	3.4739286e-18
1.950046308557255e-09	0.058618624	-0.08981701	-0.94004124	0	0	0.4	4.009451e-18
1.960059463902017e-09	0.054536626	-0.08573414	-0.93287754	0	0	0.4	4.940116e-18
1.970000852910043e-09	0.051654126	-0.09688873	-0.9321706	0	0	0.4	5.5673627e-18
1.980004335140688e-09	0.054728195	-0.08661471	-0.9415079	0	0	0.4	4.610714e-18
1.990034851742153e-09	0.07163817	-0.08630069	-0.9441306	0	0	0.4	5.0467588e-18
2.000034711974099e-09	0.07454485	-0.10531734	-0.93940955	0	0	0.4	4.9138023e-18
2.0100543627809987e-09	0.056554448	-0.10645301	-0.9421833	0	0	0.4	5.078785e-18
2.0200388102371434e-09	0.05187294	-0.10895715	-0.94120526	0	0	0.4	4.5722417e-18
2.030008317107444e-09	0.053659994	-0.121497855	-0.9439864	0	0	0.4	4.3468114e-18
2.040029111802227e-09	0.041493926	-0.123546824	-0.9406988	0	0	0.4	4.6537454e-18
2.0500235317030877e-09	0.030608652	-0.11843407	-0.9376849	0	0	0.4	4.148644e-18
2.060044846001025e-09	0.039836437	-0.116831124	-0.93961215	0	0	0.4	5.132561e-18
2.0700222795939967e-09	0.046933692	-0.12020104	-0.93968546	0	0	0.4	4.7489295e-18
2.0800433733440076e-09	0.039456785	-0.112240665	-0.93952256	0	0	0.4	3.838909e-18
2.090016401219719e-09	0.05889168	-0.12234583	-0.93937963	0	0	0.4	4.8089617e-18
2.1000544239266155e-09	0.048782058	-0.13258493	-0.9394503	0	0	0.4	4.8474604e-18
2.110043655903589e-09	0.04920225	-0.13625114	-0.9402379	0	0	0.4	5.198702e-18
2.1200299995812967e-09	0.04584916	-0.14795937	-0.9347562	0	0	0.4	3.6445388e-18
2.1300306024432563e-09	0.045049846	-0.13793619	-0.9344616	0	0	0.4	4.2544157e-18
2.1400261236380282e-09	0.036460243	-0.12484946	-0.93668026	0	0	0.4	4.81439e-18
2.1500290097971122e-09	0.04673316	-0.10942096	-0.935432	0	0	0.4	3.9598443e-18
2.160027371193632e-09	0.06467329	-0.11237255	-0.928238	0	0	0.4	4.8146643e-18
2.1700481281546177e-09	0.07737454	-0.11435191	-0.92771256	0	0	0.4	4.791082e-18
2.1800360567989294e-09	0.0926252	-0.10975608	-0.9230191	0	0	0.4	4.303567e-18
2.1900582898404727e-09	0.09815674	-0.10908223	-0.92231804	0	0	0.4	5.1073316e-18
2.200054965210922e-09	0.08570836	-0.11399144	-0.92425674	0	0	0.4	4.915337e-18
2.210045236985714e-09	0.074916	-0.11479292	-0.92939854	0	0	0.4	4.30667e-18
2.2200055602661666e-09	0.05421986	-0.10256836	-0.93645567	0	0	0.4	4.671627e-18
2.2300190202863516e-09	0.0343356	-0.10804762	-0.93525845	0	0	0.4	4.3190615e-18
2.2400514610054676e-09	0.021477224	-0.101519614	-0.9337242	0	0	0.4	4.536207e-18
2.2500234389159753e-09	0.01774459	-0.08669809	-0.9336533	0	0	0.4	5.094296e-18
2.2600623770574266e-09	0.005109766	-0.08670111	-0.93123895	0	0	0.4	4.0066602e-18
2.270021530866899e-09	0.024581056	-0.069678366	-0.9386416	0	0	0.4	5.275623e-18
2.280029309547722e-09	0.020560632	-0.09562304	-0.93359095	0	0	0.4	4.6124807e-18
2.290050402819094e-09	0.02874125	-0.11683809	-0.92983407	0	0	0.4	4.3793353e-18
2.3000025949022024e-09	0.001344904	-0.11160407	-0.92937195	0	0	0.4	4.5876764e-18
2.3100244854221825e-09	-0.001342703	-0.12312317	-0.9279094	0	0	0.4	4.8667515e-18
2.3200002313066855e-09	-0.01402769	-0.12043244	-0.9325136	0	0	0.4	3.8456834e-18
2.3300212449544532e-09	-0.03746913	-0.09748017	-0.9314984	0	0	0.4	4.7558687e-18
2.34003274888013e-09	-0.040069547	-0.098203816	-0.9275692	0	0	0.4	4.9442914e-18
2.3500521100494756e-09	-0.043760426	-0.10106986	-0.92631567	0	0	0.4	3.985448e-18
2.360052683357278e-09	-0.036454286	-0.08519873	-0.92571455	0	0	0.4	4.6187085e-18
2.3700133377956474e-09	-0.027838664	-0.086165294	-0.9237647	0	0	0.4	4.246519e-18
2.380018420778926e-09	-0.0059813233	-0.09808546	-0.92637336	0	0	0.4	4.315739e-18
2.3900195317927016e-09	-0.009746161	-0.111895196	-0.92536175	0	0	0.4	5.5650073e-18
2.400011455345636e-09	-0.010133825	-0.12887365	-0.9256846	0	0	0.4	3.7283077e-18
2.4100480850475397e-09	0.004097276	-0.15251365	-0.9252498	0	0	0.4	4.0428932e-18
2.420037946360281e-09	-0.010896359	-0.15859567	-0.9295827	0	0	0.4	4.3677816e-18
2.4300174254739826e-09	0.011712721	-0.13079031	-0.9338686	0	0	0.4	5.5813685e-18
2.4400133192188417e-09	0.018266087	-0.114462435	-0.94086367	0	0	0.4	3.8415773e-18
2.4500653782968824e-09	0.033277318	-0.111728214	-0.93942034	0	0	0.4	4.654862e-18
2.4600563839066953e-09	0.03630705	-0.100861005	-0.94010556	0	0	0.4	5.007726e-18
2.4700019419118794e-09	0.03734085	-0.101379715	-0.9399363	0	0	0.4	4.7678413e-18
2.4800309930721887e-09	0.042596396	-0.10556141	-0.9394615	0	0	0.4	4.5913834e-18
2.4900060008219327e-09	0.037659742	-0.09341705	-0.9422323	0	0	0.4	4.4762957e-18
2.500001606040968e-09	0.037781008	-0.102583624	-0.94399196	0	0	0.4	4.313588e-18
2.510065266132339e-09	0.033246692	-0.11342508	-0.93792707	0	0	0.4	4.7656307e-18
2.520011957281821e-09	0.026770044	-0.08858073	-0.9333769	0	0	0.4	4.6636885e-18
2.530044923141991e-09	0.032549348	-0.09461326	-0.92638016	0	0	0.4	5.7124047e-18
2.540029351361855e-09	0.03015878	-0.11310452	-0.9227045	0	0	0.4	4.7049735e-18
2.5500066553448223e-09	0.031371985	-0.11363331	-0.92832714	0	0	0.4	4.303315e-18
2.560060364493521e-09	0.042283956	-0.11584745	-0.92908484	0	0	0.4	4.963939e-18
2.5700114457154914e-09	0.047697537	-0.13914412	-0.9272688	0	0	0.4	3.9463658e-18
2.580064599130332e-09	0.052334234	-0.14616466	-0.9265083	0	0	0.4	4.312604e-18
2.590056153356732e-09	0.03446388	-0.14365639	-0.9335519	0	0	0.4	3.874834e-18
2.600029527561645e-09	0.033143267	-0.13548005	-0.933812	0	0	0.4	4.1352674e-18
2.6100632816718273e-09	0.018301208	-0.13017315	-0.9334607	0	0	0.4	5.3224734e-18
2.620026264237422e-09	0.0019631833	-0.1097035	-0.9368241	0	0	0.4	4.6763895e-18
2.630033867225772e-09	-0.0001986203	-0.09854332	-0.94515234	0	0	0.4	4.2488033e-18
2.6400019613013896e-09	-0.0045660143	-0.09100167	-0.94921166	0	0	0.4	5.8140586e-18
2.6500390605180053e-09	-0.015195209	-0.094084375	-0.94596326	0	0	0.4	4.5199614e-18
2.6600576532745505e-09	-0.028973412	-0.108161986	-0.9487185	0	0	0.4	3.721204e-18
2.67001384758844e-09	-0.014905695	-0.11286285	-0.9470858	0	0	0.4	4.8994317e-18
2.680037183662357e-09	-0.022569286	-0.111961685	-0.9471162	0	0	0.4	4.0978284e-18
2.690065175878421e-09	-0.01775336	-0.1147793	-0.9436452	0	0	0.4	4.2284964e-18
2.700049014855131e-09	-0.027245028	-0.11954182	-0.9471552	0	0	0.4	4.41657e-18
2.7100500941160164e-09	-0.025670543	-0.1036209	-0.94369906	0	0	0.4	4.4833384e-18
2.720041690620928e-09	0.0032218653	-0.08442374	-0.9419634	0	0	0.4	3.9684685e-18
2.730025797499245e-09	-0.011280135	-0.09544622	-0.94281507	0	0	0.4	4.7087744e-18
2.7400172913565584e-09	-0.012564568	-0.089163624	-0.94498324	0	0	0.4	5.6486448e-18
2.7500130769541404e-09	-0.023132978	-0.09429668	-0.94399333	0	0	0.4	4.700382e-18
2.760015505225848e-09	-0.022723788	-0.11168945	-0.944461	0	0	0.4	4.781591e-18
2.7700532186832904e-09	-0.040402383	-0.10713265	-0.9436398	0	0	0.4	4.839399e-18
2.780011863532204e-09	-0.045055315	-0.108646974	-0.9426957	0	0	0.4	5.1230153e-18
2.79006447891629e-09	-0.06901945	-0.10443899	-0.94236946	0	0	0.4	4.7431467e-18
2.8000576577690644e-09	-0.084309176	-0.07963969	-0.94056135	0	0	0.4	4.575588e-18
2.8100519390038952e-09	-0.084031805	-0.06608398	-0.93611646	0	0	0.4	4.493759e-18
2.820022368787579e-09	-0.084474124	-0.060753297	-0.93965554	0	0	0.4	3.5235024e-18
2.83001526111035e-09	-0.08535215	-0.05387222	-0.93926704	0	0	0.4	6.076472e-18
2.840059332468101e-09	-0.07556672	-0.048809163	-0.9392664	0	0	0.4	4.9090564e-18
2.850012858833848e-09	-0.07369499	-0.034002792	-0.9363462	0	0	0.4	4.2435755e-18
2.860045164095845e-09	-0.09356827	-0.047076635	-0.9331044	0	0	0.4	4.89854e-18
2.8700035660557247e-09	-0.109696984	-0.061774053	-0.9336633	0	0	0.4	4.7498593e-18
2.8800599534580493e-09	-0.10787105	-0.06340316	-0.9239317	0	0	0.4	4.912505e-18
2.89005348513333e-09	-0.10325393	-0.06899911	-0.9243657	0	0	0.4	5.2004886e-18
2.9000100931641784e-09	-0.10666674	-0.069725566	-0.9290585	0	0	0.4	5.044771e-18
2.910034433092231e-09	-0.09663094	-0.070126586	-0.9273328	0	0	0.4	4.288673e-18
2.9200130929155615e-09	-0.09105299	-0.058516234	-0.92623705	0	0	0.4	5.5477966e-18
2.9300012405864133e-09	-0.09915963	-0.050062265	-0.9291141	0	0	0.4	4.271952e-18
2.940007605710912e-09	-0.07987786	-0.04152828	-0.9310347	0	0	0.4	5.774585e-18
2.950016120051926e-09	-0.07384492	-0.050394647	-0.92604125	0	0	0.4	4.608664e-18
2.9600019730984585e-09	-0.06573839	-0.06633254	-0.92449826	0	0	0.4	4.854093e-18
2.970030217551083e-09	-0.057412457	-0.067643836	-0.9330392	0	0	0.4	4.8948078e-18
2.9800218309112973e-09	-0.06771902	-0.08071576	-0.93221825	0	0	0.4	4.0594654e-18
2.9900180617936663e-09	-0.0618903	-0.05867868	-0.9340846	0	0	0.4	4.3046446e-18
3.000033854459223e-09	-0.05726634	-0.051219776	-0.9322113	0	0	0.4	5.2584537e-18
3.0100046236614604e-09	-0.058930196	-0.055805102	-0.9312329	0	0	0.4	4.687155e-18
3.0200229122980054e-09	-0.043246664	-0.05491529	-0.9275854	0	0	0.4	4.2302447e-18
3.0300631968278095e-09	-0.023532707	-0.057308733	-0.923181	0	0	0.4	3.7116103e-18
3.040018840219086e-09	-0.039083716	-0.06820663	-0.92661893	0	0	0.4	3.420749e-18
3.0500190242958496e-09	-0.027903073	-0.06730048	-0.9269233	0	0	0.4	5.17987e-18
3.060000385499822e-09	-0.01331288	-0.063668646	-0.92633766	0	0	0.4	4.8420572e-18
3.0700319750558556e-09	-0.016666403	-0.072632395	-0.92901707	0	0	0.4	5.226906e-18
3.0800367224596057e-09	-0.019934062	-0.08623983	-0.9342854	0	0	0.4	5.0375543e-18
3.0900530621170026e-09	-0.029559234	-0.08543864	-0.93968135	0	0	0.4	3.117582e-18
3.1000221761127665e-09	-0.04358325	-0.078881755	-0.9389109	0	0	0.4	4.810996e-18
3.1100137265778905e-09	-0.052221123	-0.06460504	-0.9426243	0	0	0.4	4.876913e-18
3.120026967208259e-09	-0.048198774	-0.056673963	-0.94401723	0	0	0.4	4.5538328e-18
3.1300189670494865e-09	-0.04036705	-0.05133093	-0.945423	0	0	0.4	4.6470573e-18
3.1400221239456813e-09	-0.049283322	-0.046546686	-0.9445496	0	0	0.4	4.4055288e-18
3.150051798762224e-09	-0.032075673	-0.03716563	-0.94402325	0	0	0.4	4.569756e-18
3.1600645358864e-09	-0.034415264	-0.02784114	-0.94396263	0	0	0.4	4.003588e-18
3.170053873723187e-09	-0.02138794	-0.03350206	-0.94246024	0	0	0.4	4.5081004e-18
3.1800151290220756e-09	-0.05023228	-0.05087897	-0.94376904	0	0	0.4	4.9364782e-18
3.1900193610877038e-09	-0.07582065	-0.052374337	-0.9460535	0	0	0.4	4.7351905e-18
3.200046338608513e-09	-0.10316603	-0.06778572	-0.9447885	0	0	0.4	4.6276388e-18
3.2100162188287277e-09	-0.09687506	-0.06541132	-0.94722944	0	0	0.4	4.6875883e-18
3.22005587266822e-09	-0.122873016	-0.03690051	-0.9454417	0	0	0.4	4.0677248e-18
3.2300541274486644e-09	-0.11503249	-0.031731725	-0.9406157	0	0	0.4	4.6870556e-18
3.240006632150212e-09	-0.096705355	-0.023200097	-0.9425746	0	0	0.4	4.142066e-18
3.250008745210717e-09	-0.08349817	-0.024495585	-0.94467777	0	0	0.4	4.6471334e-18
3.2600276240699517e-09	-0.085822366	-0.035051726	-0.9463484	0	0	0.4	4.6229197e-18
3.2700068140334357e-09	-0.080989435	-0.060399774	-0.94092655	0	0	0.4	3.6790723e-18
3.2800466537707647e-09	-0.074227504	-0.08297471	-0.94230163	0	0	0.4	4.0186337e-18
3.2900246264504095e-09	-0.10230832	-0.08049953	-0.9437322	0	0	0.4	3.1314136e-18
3.3000112241362167e-09	-0.08951313	-0.06978238	-0.9438528	0	0	0.4	4.07743e-18
3.310041915624398e-09	-0.093476675	-0.040089764	-0.94526047	0	0	0.4	4.6666135e-18
3.320050932981016e-09	-0.10247534	-0.02740959	-0.94396013	0	0	0.4	4.8992903e-18
3.3300345787951366e-09	-0.091302216	-0.04310001	-0.94196653	0	0	0.4	4.9188498e-18
3.3400614777151957e-09	-0.095876776	-0.04145789	-0.9417469	0	0	0.4	5.0356034e-18
3.350028239534322e-09	-0.08550555	-0.051774245	-0.94233847	0	0	0.4	4.551355e-18
3.3600527512880106e-09	-0.10947253	-0.06724561	-0.93818426	0	0	0.4	4.6551152e-18
3.370031215719305e-09	-0.11744768	-0.071941786	-0.93595344	0	0	0.4	5.164066e-18
3.3800309744464436e-09	-0.13082215	-0.071946084	-0.932625	0	0	0.4	4.7914363e-18
3.3900254994028276e-09	-0.13552143	-0.06741215	-0.93188477	0	0	0.4	4.7857155e-18
3.4000220341928765e-09	-0.1299901	-0.06707664	-0.93679416	0	0	0.4	5.5810513e-18
3.4100435998170234e-09	-0.11778832	-0.095616855	-0.9343788	0	0	0.4	4.320351e-18
3.42000762735671e-09	-0.13290486	-0.09341283	-0.93282974	0	0	0.4	4.753369e-18
3.4300103677997207e-09	-0.13960272	-0.09745486	-0.9299302	0	0	0.4	4.785229e-18
3.4400523186213095e-09	-0.13349722	-0.08995898	-0.93097585	0	0	0.4	4.7943976e-18
3.4500177092973154e-09	-0.15398695	-0.08539046	-0.9262549	0	0	0.4	5.453481e-18
3.460004418216152e-09	-0.14951773	-0.09410297	-0.9251739	0	0	0.4	4.8593763e-18
3.4700087254744635e-09	-0.16023576	-0.083589815	-0.9255536	0	0	0.4	4.841269e-18
3.480025704777483e-09	-0.17635834	-0.08151882	-0.92799354	0	0	0.4	5.0633946e-18
3.4900316779782087e-09	-0.18738383	-0.06742775	-0.929146	0	0	0.4	5.01239e-18
3.5000650036359708e-09	-0.18408327	-0.055428997	-0.9290559	0	0	0.4	5.4240503e-18
3.510015873004817e-09	-0.17765522	-0.06031832	-0.9253635	0	0	0.4	5.024832e-18
3.520000267316823e-09	-0.18514688	-0.04634888	-0.9246529	0	0	0.4	5.1309124e-18
3.530011295919505e-09	-0.17954077	-0.05641263	-0.9179465	0	0	0.4	4.3244754e-18
3.540058524993844e-09	-0.20188388	-0.10798707	-0.9070627	0	0	0.4	4.576214e-18
3.5500336444887126e-09	-0.20119056	-0.13013299	-0.9074831	0	0	0.4	4.798145e-18
3.560044967309253e-09	-0.2015435	-0.12746686	-0.90697145	0	0	0.4	4.3579614e-18
3.5700635577844692e-09	-0.19844224	-0.1344429	-0.9145623	0	0	0.4	3.9472517e-18
3.5800129519447922e-09	-0.20593596	-0.1357967	-0.91231215	0	0	0.4	4.8252526e-18
3.5900527312833682e-09	-0.18961681	-0.1388104	-0.91271675	0	0	0.4	4.063316e-18
3.6000010506187517e-09	-0.17354265	-0.15858747	-0.9100822	0	0	0.4	4.6787875e-18
3.610013426427349e-09	-0.16441518	-0.16245408	-0.9160651	0	0	0.4	4.5853454e-18
3.620036224798899e-09	-0.14557768	-0.15827183	-0.91815186	0	0	0.4	5.515703e-18
3.6300590807698084e-09	-0.13850015	-0.16868952	-0.91574043	0	0	0.4	4.6867276e-18
3.640032185440293e-09	-0.13832878	-0.16618723	-0.91828835	0	0	0.4	4.41662e-18
3.650029071212843e-09	-0.1285109	-0.17338413	-0.91704106	0	0	0.4	4.6235306e-18
3.660011446357414e-09	-0.13108267	-0.1771772	-0.92087543	0	0	0.4	5.146823e-18
3.670056770142036e-09	-0.12019138	-0.1801186	-0.9191002	0	0	0.4	4.65004e-18
3.6800363441847728e-09	-0.12889242	-0.18628483	-0.9175319	0	0	0.4	4.494694e-18
3.6900105050729865e-09	-0.12035995	-0.17436548	-0.9188668	0	0	0.4	4.8036537e-18
3.7000292592088626e-09	-0.12156176	-0.15830167	-0.91803735	0	0	0.4	4.7156425e-18
3.7100118771875096e-09	-0.110331886	-0.17799385	-0.91172683	0	0	0.4	4.937742e-18
3.7200081595488875e-09	-0.10806765	-0.17609124	-0.9107003	0	0	0.4	5.1443773e-18
3.7300366184844015e-09	-0.11517888	-0.17824993	-0.91082644	0	0	0.4	3.7972102e-18
3.7400233616143014e-09	-0.12331165	-0.18966706	-0.9044054	0	0	0.4	5.412724e-18
3.7500131582281746e-09	-0.12054137	-0.17401886	-0.90891904	0	0	0.4	4.50969e-18
3.760058573061138e-09	-0.1088713	-0.16669673	-0.90875983	0	0	0.4	5.1555607e-18
3.770007600574487e-09	-0.1146925	-0.15204643	-0.91011703	0	0	0.4	4.836883e-18
3.780017032732903e-09	-0.09210636	-0.14097552	-0.91360104	0	0	0.4	4.706244e-18
3.790061455436438e-09	-0.08631675	-0.15830165	-0.9120685	0	0	0.4	4.1839503e-18
3.8000003935099825e-09	-0.07228571	-0.1711829	-0.9100874	0	0	0.4	5.746872e-18
3.810030828572519e-09	-0.068598635	-0.17813241	-0.90504694	0	0	0.4	5.026871e-18
3.8200187186681245e-09	-0.07350724	-0.18875843	-0.9094512	0	0	0.4	5.0429058e-18
3.830051827418905e-09	-0.07336905	-0.19563933	-0.9111907	0	0	0.4	5.351417e-18
3.840054505005295e-09	-0.07203085	-0.18926138	-0.91685575	0	0	0.4	4.7450554e-18
3.85001597718024e-09	-0.08522625	-0.1920556	-0.9141026	0	0	0.4	4.925282e-18
3.860021379101621e-09	-0.092321515	-0.193941	-0.9106041	0	0	0.4	5.1700285e-18
3.8700437588708106e-09	-0.098313995	-0.19134909	-0.9085352	0	0	0.4	5.3276677e-18
3.880038198028978e-09	-0.10885581	-0.18559493	-0.90524846	0	0	0.4	5.0036784e-18
3.890001292980263e-09	-0.09869263	-0.18650198	-0.9054824	0	0	0.4	5.162722e-18
3.900032259696823e-09	-0.07950368	-0.1855872	-0.9111967	0	0	0.4	5.240964e-18
3.910054896392879e-09	-0.043764114	-0.18859993	-0.9156417	0	0	0.4	3.8471604e-18
3.9200472309127675e-09	-0.031720627	-0.19867921	-0.90717334	0	0	0.4	4.8497694e-18
3.930010259241984e-09	-0.014438286	-0.19894882	-0.9081092	0	0	0.4	4.903836e-18
3.9400175363197535e-09	-0.006366479	-0.20605442	-0.9072168	0	0	0.4	4.979605e-18
3.95002108764963e-09	0.0014514101	-0.2171217	-0.90283716	0	0	0.4	4.6089064e-18
3.960023250256286e-09	0.004258985	-0.21192376	-0.9007989	0	0	0.4	4.4159922e-18
3.970040416907377e-09	0.00028595902	-0.20560701	-0.90469235	0	0	0.4	5.3475035e-18
3.980047568022306e-09	-0.007889959	-0.1993341	-0.906252	0	0	0.4	4.0199625e-18
3.990049377713805e-09	0.0069919876	-0.1784639	-0.89728594	0	0	0.4	3.994682e-18
4.000047396872663e-09	0.019679084	-0.17775738	-0.89393294	0	0	0.4	4.5215094e-18
4.010064112358751e-09	0.05293317	-0.17404844	-0.8938185	0	0	0.4	4.2351283e-18
4.020002786721333e-09	0.08185682	-0.16900232	-0.8969413	0	0	0.4	4.3713724e-18
4.0300137647018605e-09	0.09717788	-0.17171843	-0.9026376	0	0	0.4	4.7212868e-18
4.0400255172356026e-09	0.106124766	-0.17390807	-0.90382135	0	0	0.4	4.40871e-18
4.050039829314766e-09	0.107249804	-0.16559997	-0.9062641	0	0	0.4	4.075367e-18
4.060064076577564e-09	0.099281855	-0.1652802	-0.90286696	0	0	0.4	4.4576283e-18
4.070049569369381e-09	0.08380397	-0.14985038	-0.9088817	0	0	0.4	5.2041212e-18
4.080033854051183e-09	0.09422073	-0.11074562	-0.9097923	0	0	0.4	3.977773e-18
4.090018984946136e-09	0.08676972	-0.10369514	-0.91564375	0	0	0.4	3.926384e-18
4.10004444702218e-09	0.100901805	-0.08728863	-0.9218353	0	0	0.4	4.3832197e-18
4.110015933174793e-09	0.10423491	-0.07797317	-0.92490405	0	0	0.4	4.67119e-18
4.120061409503006e-09	0.10760233	-0.085494936	-0.92965907	0	0	0.4	5.278609e-18
4.130000947854834e-09	0.1031866	-0.10187026	-0.9332816	0	0	0.4	4.4902296e-18
4.140021798037643e-09	0.11018498	-0.092749536	-0.9333908	0	0	0.4	4.6181642e-18
4.1500107499570016e-09	0.13197784	-0.09243865	-0.92937416	0	0	0.4	5.6405144e-18
4.160022176204786e-09	0.12389395	-0.094221875	-0.93396944	0	0	0.4	4.0889254e-18
4.170021809320121e-09	0.12745316	-0.09664927	-0.9280517	0	0	0.4	4.1391282e-18
4.1800025788194656e-09	0.14185937	-0.07945896	-0.9268903	0	0	0.4	4.9840424e-18
4.190015409869564e-09	0.15332958	-0.07720694	-0.92417705	0	0	0.4	4.6999393e-18
4.200029892930206e-09	0.15192181	-0.06787049	-0.91686285	0	0	0.4	4.7481644e-18
4.210029551079685e-09	0.1562935	-0.06369642	-0.91431755	0	0	0.4	4.3089455e-18
4.220010401174667e-09	0.17959112	-0.07344984	-0.9086238	0	0	0.4	5.116015e-18
4.230039431733194e-09	0.17608443	-0.061922703	-0.9142489	0	0	0.4	4.5039e-18
4.240034869875118e-09	0.18344656	-0.063099906	-0.91161525	0	0	0.4	4.7963307e-18
4.2500541720843235e-09	0.1798351	-0.060161073	-0.91247874	0	0	0.4	5.2890214e-18
4.260034843600838e-09	0.1648917	-0.04399578	-0.9160285	0	0	0.4	5.52335e-18
4.2700118001574e-09	0.17159133	-0.05723997	-0.9203963	0	0	0.4	4.8632434e-18
4.280009943733298e-09	0.15186001	-0.057165455	-0.93117535	0	0	0.4	3.9852482e-18
4.2900556802759455e-09	0.15348008	-0.03436415	-0.93447447	0	0	0.4	4.233411e-18
4.300011145449871e-09	0.15917484	-0.04703345	-0.93473566	0	0	0.4	3.9415677e-18
4.310025535234235e-09	0.16816379	-0.036888685	-0.9358058	0	0	0.4	4.9453568e-18
4.320057301136632e-09	0.17621484	-0.022010239	-0.9333182	0	0	0.4	3.2649057e-18
4.330060323855232e-09	0.17215116	-0.011488036	-0.9366371	0	0	0.4	4.912837e-18
4.340016951610383e-09	0.17094503	-0.030889967	-0.9334498	0	0	0.4	5.667403e-18
4.350020783690051e-09	0.15629305	-0.035965763	-0.93572885	0	0	0.4	3.4459856e-18
4.360046377485288e-09	0.1648656	-0.040925547	-0.9327657	0	0	0.4	5.2909045e-18
4.370062449454568e-09	0.1521705	-0.05422061	-0.93239546	0	0	0.4	4.8719164e-18
4.380034955347319e-09	0.13227352	-0.04541492	-0.9316292	0	0	0.4	5.0967623e-18
4.390023906027779e-09	0.12131263	-0.039318353	-0.9275859	0	0	0.4	3.9733555e-18
4.400017676645849e-09	0.14293723	-0.052518375	-0.9216862	0	0	0.4	4.9760216e-18
4.410030485633479e-09	0.14858319	-0.046879422	-0.9190815	0	0	0.4	4.4474995e-18
4.420037565411655e-09	0.16680129	-0.035569817	-0.91235816	0	0	0.4	5.2071437e-18
4.430019416250827e-09	0.18325005	-0.022054626	-0.90390843	0	0	0.4	4.828117e-18
4.440027372839773e-09	0.17220649	-0.024103392	-0.90783614	0	0	0.4	4.071387e-18
4.4500092815801e-09	0.19062868	-0.0061747264	-0.8989757	0	0	0.4	3.8993265e-18
4.460057019588681e-09	0.1877054	-0.011229192	-0.9023618	0	0	0.4	5.4212714e-18
4.470008732475226e-09	0.17881677	-0.0065154326	-0.9044063	0	0	0.4	4.593007e-18
4.480052605383709e-09	0.1785161	0.0076584956	-0.9068973	0	0	0.4	4.910659e-18
4.490062787870815e-09	0.17132391	0.015541171	-0.90688413	0	0	0.4	5.559411e-18
4.5000078714846025e-09	0.16116521	0.017363954	-0.9117415	0	0	0.4	4.005959e-18
4.5100385327337365e-09	0.16909651	0.028932808	-0.9109989	0	0	0.4	4.662671e-18
4.52000076380973e-09	0.19245856	0.023606481	-0.91675377	0	0	0.4	4.9386918e-18
4.530058021900424e-09	0.18972327	0.0166417	-0.924657	0	0	0.4	3.7979977e-18
4.540048914151687e-09	0.21160297	0.011176276	-0.9254669	0	0	0.4	4.5157953e-18
4.550036188511582e-09	0.2119206	-0.0043906216	-0.92684036	0	0	0.4	5.0419347e-18
4.560044152814169e-09	0.22228234	-0.021737503	-0.9301902	0	0	0.4	4.40432e-18
4.57004812171506e-09	0.2190212	-0.010814685	-0.9287129	0	0	0.4	4.6147654e-18
4.5800457247101175e-09	0.21537566	-0.016531387	-0.9286239	0	0	0.4	4.3936964e-18
4.590064553812228e-09	0.20621446	-0.035324037	-0.92620593	0	0	0.4	4.008181e-18
4.6000474541286694e-09	0.1920569	-0.017296476	-0.92955023	0	0	0.4	4.042887e-18
4.610052349308037e-09	0.18549204	-0.022535127	-0.9273981	0	0	0.4	3.5673057e-18
4.6200414129981575e-09	0.18282175	-0.012359006	-0.92749524	0	0	0.4	4.7780736e-18
4.630024320042099e-09	0.19458267	-0.008679282	-0.9266466	0	0	0.4	4.3537204e-18
4.640026815607018e-09	0.20200837	-0.014466617	-0.93254066	0	0	0.4	4.4759e-18
4.65006313402487e-09	0.19772701	-0.037883837	-0.9318427	0	0	0.4	4.681635e-18
4.66004276235178e-09	0.2073472	-0.057101388	-0.92697686	0	0	0.4	5.466061e-18
4.670001510391638e-09	0.21057951	-0.06287104	-0.92843825	0	0	0.4	5.0243505e-18
4.6800633769614614e-09	0.19257377	-0.058821123	-0.932105	0	0	0.4	4.069351e-18
4.690012672063246e-09	0.18743704	-0.04545575	-0.93500906	0	0	0.4	5.064904e-18
4.700029075084451e-09	0.20532076	-0.040902257	-0.9347163	0	0	0.4	4.2416267e-18
4.710026826176037e-09	0.21584573	-0.029620685	-0.93256605	0	0	0.4	4.8839572e-18
4.720014146782551e-09	0.21101971	-0.0153041845	-0.936336	0	0	0.4	4.8413512e-18
4.730041138997483e-09	0.2225865	-0.021370899	-0.93362665	0	0	0.4	4.3385975e-18
4.740051351996754e-09	0.2175432	-0.038449015	-0.9339877	0	0	0.4	5.3571343e-18
4.7500034897547864e-09	0.22548904	-0.046490006	-0.93054277	0	0	0.4	4.4740264e-18
4.760047436123422e-09	0.22225663	-0.039921883	-0.93305475	0	0	0.4	5.2211483e-18
4.770039203242856e-09	0.21056055	-0.05430059	-0.9334936	0	0	0.4	5.7906357e-18
4.7800435130993185e-09	0.18848328	-0.051467333	-0.9347042	0	0	0.4	3.836943e-18
4.790055932815096e-09	0.1773951	-0.051905543	-0.93854904	0	0	0.4	4.315494e-18
4.800033286269172e-09	0.18088064	-0.051685043	-0.9382768	0	0	0.4	4.646777e-18
4.810021826105078e-09	0.17220806	-0.032909255	-0.94082665	0	0	0.4	4.7802656e-18
4.8200024987256185e-09	0.1775799	-0.008881887	-0.9409862	0	0	0.4	4.042671e-18
4.830039323491801e-09	0.18937133	-0.01914008	-0.9386648	0	0	0.4	4.989285e-18
4.840047051286304e-09	0.18154576	-0.0142216105	-0.9388367	0	0	0.4	4.9007035e-18
4.850016175103601e-09	0.17462523	-0.012614637	-0.94104064	0	0	0.4	4.663829e-18
4.860034906332437e-09	0.16891581	-0.020499807	-0.9461039	0	0	0.4	4.4967544e-18
4.870005682515717e-09	0.17028998	-0.03225131	-0.94570816	0	0	0.4	5.2389377e-18
4.880023114006843e-09	0.16797024	-0.037665807	-0.9449843	0	0	0.4	5.465376e-18
4.8900469153333175e-09	0.16745743	-0.05151936	-0.9422312	0	0	0.4	4.5679643e-18
4.90005332831564e-09	0.161837	-0.052879315	-0.9380009	0	0	0.4	4.3259937e-18
4.910063486682428e-09	0.15265802	-0.046227273	-0.938901	0	0	0.4	4.779316e-18
4.920054931958995e-09	0.1489897	-0.053113732	-0.93658763	0	0	0.4	4.2948165e-18
4.9300330262170915e-09	0.13962702	-0.051448468	-0.9369495	0	0	0.4	5.4797965e-18
4.940051121064288e-09	0.13598628	-0.03979357	-0.9383452	0	0	0.4	4.633373e-18
4.950061213426635e-09	0.14634058	-0.050627787	-0.9356509	0	0	0.4	4.779192e-18
4.960028681997536e-09	0.14040339	-0.06140039	-0.93648523	0	0	0.4	5.195627e-18
4.97003902958683e-09	0.15981428	-0.06674456	-0.93285173	0	0	0.4	5.1857735e-18
4.980037325638272e-09	0.1555856	-0.074865535	-0.9343864	0	0	0.4	4.6664112e-18
4.990031206655585e-09	0.1577887	-0.06770773	-0.93534184	0	0	0.4	4.393617e-18
5.000048229846965e-09	0.142569	-0.041492295	-0.9393746	0	0	0.4	3.444626e-18
5.0100335360839185e-09	0.1384089	-0.043767013	-0.9420855	0	0	0.4	3.9000615e-18
5.020022663328921e-09	0.14861801	-0.04258841	-0.9392887	0	0	0.4	4.1008476e-18
5.030009760075811e-09	0.15920481	-0.04195265	-0.9377202	0	0	0.4	5.4001316e-18
5.040044421422818e-09	0.16450606	-0.030795492	-0.93937045	0	0	0.4	4.7593776e-18
5.050050612325953e-09	0.15993507	-0.053668227	-0.9402152	0	0	0.4	4.096502e-18
5.060001802641656e-09	0.15155207	-0.0587583	-0.94235826	0	0	0.4	4.9732386e-18
5.070033139804631e-09	0.15540859	-0.081700735	-0.9384253	0	0	0.4	4.710961e-18
5.080056902701159e-09	0.15168028	-0.06752301	-0.93915635	0	0	0.4	5.003181e-18
5.090045127652525e-09	0.15699174	-0.04959522	-0.9388374	0	0	0.4	3.9369488e-18
5.100010247192352e-09	0.16526689	-0.05698186	-0.935108	0	0	0.4	5.464881e-18
5.11003959472753e-09	0.17545341	-0.05749733	-0.93755394	0	0	0.4	4.265915e-18
5.120032312860229e-09	0.1733623	-0.051353887	-0.93835026	0	0	0.4	4.8944992e-18
5.130064906397797e-09	0.17973614	-0.051021703	-0.93863153	0	0	0.4	4.3430936e-18
5.1400158728323034e-09	0.17806162	-0.056746215	-0.93567634	0	0	0.4	4.869205e-18
5.150062701374293e-09	0.18733253	-0.04051892	-0.9306794	0	0	0.4	5.4530567e-18
5.160056110317571e-09	0.1796094	-0.049418923	-0.93816704	0	0	0.4	3.4017757e-18
5.170036310165488e-09	0.17389093	-0.060365357	-0.9360584	0	0	0.4	4.7038e-18
5.180052727026506e-09	0.16903247	-0.054027114	-0.93743634	0	0	0.4	4.1441786e-18
5.190030644860502e-09	0.16534375	-0.04126531	-0.93485534	0	0	0.4	4.2868954e-18
5.200028071731864e-09	0.17111877	-0.034817085	-0.9310283	0	0	0.4	4.67598e-18
5.210051879777737e-09	0.18288423	-0.038406227	-0.93104124	0	0	0.4	4.7226715e-18
5.22000558621383e-09	0.1919213	-0.060550153	-0.92721087	0	0	0.4	4.260524e-18
5.230049818773077e-09	0.21073908	-0.058882132	-0.9247204	0	0	0.4	5.0906233e-18
5.240009895969016e-09	0.2101297	-0.080284305	-0.92854285	0	0	0.4	4.4475657e-18
5.250038537061591e-09	0.22530034	-0.090470865	-0.92708	0	0	0.4	4.1891425e-18
5.260060358851554e-09	0.22989215	-0.08839874	-0.92180955	0	0	0.4	5.2344527e-18
5.270010007315784e-09	0.21460834	-0.091492675	-0.92240715	0	0	0.4	5.566312e-18
5.280045500471742e-09	0.20302063	-0.08062886	-0.91944575	0	0	0.4	4.1544993e-18
5.29003647696475e-09	0.19703163	-0.07850207	-0.92025816	0	0	0.4	4.299806e-18
5.3000593401617845e-09	0.20691529	-0.05541431	-0.91347575	0	0	0.4	3.9601537e-18
5.310063768975737e-09	0.22043414	-0.028580775	-0.91325617	0	0	0.4	5.5517104e-18
5.320016469994374e-09	0.23157005	-0.029668914	-0.91532487	0	0	0.4	5.1974926e-18
5.330061223551182e-09	0.2391283	-0.03078126	-0.91260064	0	0	0.4	4.2654706e-18
5.340061247150973e-09	0.24131389	-0.03967234	-0.91425014	0	0	0.4	4.9849597e-18
5.350060295393863e-09	0.23891406	-0.047938578	-0.9145474	0	0	0.4	5.3190985e-18
5.360039806227791e-09	0.21420778	-0.04286949	-0.91645646	0	0	0.4	4.0390617e-18
5.370008679536177e-09	0.21748029	-0.056393296	-0.9163806	0	0	0.4	5.1272335e-18
5.3800202029632255e-09	0.22232676	-0.055555522	-0.914279	0	0	0.4	5.0197125e-18
5.39003201108705e-09	0.22657968	-0.05597278	-0.91010636	0	0	0.4	5.379216e-18
5.400024178326763e-09	0.23143011	-0.063257605	-0.9077162	0	0	0.4	3.9808592e-18
5.410040192943897e-09	0.23109135	-0.036369212	-0.90366656	0	0	0.4	4.738561e-18
5.420050872177182e-09	0.21866222	-0.0530581	-0.9047299	0	0	0.4	4.9487313e-18
5.430007889295993e-09	0.23760173	-0.038427573	-0.9032713	0	0	0.4	4.7379905e-18
5.440014181665786e-09	0.24090862	-0.043469135	-0.90451795	0	0	0.4	4.895643e-18
5.450009981555627e-09	0.2330726	-0.049604774	-0.9057962	0	0	0.4	4.940083e-18
5.460060224789988e-09	0.26378742	-0.05799967	-0.89725477	0	0	0.4	4.4262546e-18
5.470062552858459e-09	0.25865033	-0.052094568	-0.8943589	0	0	0.4	4.8908514e-18
5.480006699142217e-09	0.23364314	-0.05784323	-0.89006454	0	0	0.4	4.8497455e-18
5.490047018652559e-09	0.23113821	-0.048130486	-0.89210874	0	0	0.4	5.1347886e-18
5.5000083229375875e-09	0.22980593	-0.05508704	-0.8880258	0	0	0.4	5.312138e-18
5.510019675856668e-09	0.23055354	-0.042274956	-0.8920172	0	0	0.4	4.991006e-18
5.520058931519901e-09	0.24208437	-0.0292056	-0.8935789	0	0	0.4	5.380613e-18
5.530016275213787e-09	0.24319308	-0.012237342	-0.89507127	0	0	0.4	4.2578212e-18
5.5400644481677215e-09	0.24160722	-0.008981025	-0.89453834	0	0	0.4	4.081446e-18
5.550011844582505e-09	0.24089769	0.014940599	-0.89537793	0	0	0.4	4.8245702e-18
5.560006981463412e-09	0.24668716	0.037226185	-0.8964435	0	0	0.4	3.9027424e-18
5.570004558580644e-09	0.24449538	0.044189196	-0.89640963	0	0	0.4	4.1262656e-18
5.5800113621925575e-09	0.24869525	0.058371633	-0.8976821	0	0	0.4	5.6289678e-18
5.5900635438996715e-09	0.26294664	0.0692798	-0.89530045	0	0	0.4	4.9257166e-18
5.600048332034581e-09	0.24694365	0.07301222	-0.8998234	0	0	0.4	5.637008e-18
5.610027215451533e-09	0.24666946	0.084652565	-0.8928916	0	0	0.4	4.603155e-18
5.620002259746335e-09	0.24489285	0.10280623	-0.8988755	0	0	0.4	4.2017553e-18
5.63000893831781e-09	0.2399019	0.11420829	-0.90059155	0	0	0.4	5.1279796e-18
5.640059841843638e-09	0.23562716	0.109443195	-0.90251255	0	0	0.4	5.6639976e-18
5.650016411030859e-09	0.2300872	0.11004218	-0.9075797	0	0	0.4	4.9459846e-18
5.660030925161409e-09	0.22652227	0.10190776	-0.9150046	0	0	0.4	5.143532e-18
5.670029172621084e-09	0.23191194	0.10440489	-0.91773784	0	0	0.4	4.8787696e-18
5.680034731131063e-09	0.21767986	0.10050557	-0.92405355	0	0	0.4	4.6549738e-18
5.6900095572026294e-09	0.220977	0.117626525	-0.91550756	0	0	0.4	4.6459377e-18
5.700049045143106e-09	0.20221356	0.12406397	-0.9174872	0	0	0.4	4.949701e-18
5.7100118727267385e-09	0.20802446	0.13620968	-0.91590744	0	0	0.4	4.5507346e-18
5.720045596680931e-09	0.19330266	0.13255133	-0.9221241	0	0	0.4	3.5011937e-18
5.7300273021703245e-09	0.19015193	0.13433193	-0.91958123	0	0	0.4	4.302984e-18
5.740002404855352e-09	0.19941196	0.15278618	-0.91377336	0	0	0.4	4.0677657e-18
5.750015137607657e-09	0.2146933	0.14318605	-0.908474	0	0	0.4	4.030572e-18
5.760002649021733e-09	0.20679282	0.16917306	-0.9043461	0	0	0.4	5.308045e-18
5.77004564373866e-09	0.20834666	0.1667746	-0.90772355	0	0	0.4	4.1775475e-18
5.780012599465879e-09	0.20755199	0.18574364	-0.9015065	0	0	0.4	4.451858e-18
5.790041075899126e-09	0.18190284	0.1954532	-0.9038541	0	0	0.4	4.1817748e-18
5.800026493490034e-09	0.18616764	0.2106442	-0.89859307	0	0	0.4	3.692658e-18
5.810028113588058e-09	0.17471409	0.21678787	-0.90434504	0	0	0.4	5.5721616e-18
5.820038974545991e-09	0.19562586	0.20894085	-0.90142566	0	0	0.4	4.878217e-18
5.830022886316086e-09	0.19269513	0.20705615	-0.89770246	0	0	0.4	4.5840145e-18
5.840001910489508e-09	0.18629017	0.23042722	-0.89315546	0	0	0.4	4.4764215e-18
5.8500255436421005e-09	0.18241617	0.23788834	-0.8908415	0	0	0.4	5.4518916e-18
5.860033390284776e-09	0.17032675	0.2333499	-0.89634264	0	0	0.4	5.134098e-18
5.870002801428801e-09	0.16982603	0.22578968	-0.89811707	0	0	0.4	5.0793675e-18
5.88002343719821e-09	0.16870803	0.2022689	-0.90245306	0	0	0.4	4.703743e-18
5.890037189512196e-09	0.14796323	0.21502618	-0.9046766	0	0	0.4	4.188356e-18
5.900049295363057e-09	0.14516653	0.22452079	-0.9036739	0	0	0.4	5.2426964e-18
5.9100164422194034e-09	0.14387529	0.23398538	-0.9065376	0	0	0.4	5.6413937e-18
5.920026881643712e-09	0.13578393	0.22338665	-0.91557544	0	0	0.4	4.477156e-18
5.930036195509526e-09	0.14359547	0.20156498	-0.9195244	0	0	0.4	5.178477e-18
5.940034278394211e-09	0.13517916	0.19195786	-0.920929	0	0	0.4	4.8284774e-18
5.950009336435137e-09	0.12836227	0.20673479	-0.91885716	0	0	0.4	5.055533e-18
5.960003044578684e-09	0.12071927	0.20557298	-0.9176773	0	0	0.4	4.503947e-18
5.970017052222477e-09	0.12258665	0.21236181	-0.91473216	0	0	0.4	4.1169706e-18
5.980035793305914e-09	0.12566347	0.20688008	-0.9174687	0	0	0.4	4.2672974e-18
5.990022442830079e-09	0.11584313	0.19731584	-0.9212451	0	0	0.4	3.9794423e-18
6.0000593088091135e-09	0.12034523	0.19757643	-0.9185454	0	0	0.4	4.4572098e-18
6.010054158366477e-09	0.113545805	0.20896047	-0.9157715	0	0	0.4	4.974796e-18
6.020063739837428e-09	0.12951319	0.20992951	-0.9179809	0	0	0.4	4.6845087e-18
6.0300508813922286e-09	0.110762686	0.19828321	-0.916141	0	0	0.4	5.214487e-18
6.040017122670922e-09	0.10859521	0.19796638	-0.9174256	0	0	0.4	5.2307196e-18
6.0500039837448885e-09	0.106820695	0.19547814	-0.91931546	0	0	0.4	4.786154e-18
6.060043317468397e-09	0.10058639	0.19656962	-0.9223485	0	0	0.4	4.9104452e-18
6.070023740605502e-09	0.10366277	0.20296584	-0.9160896	0	0	0.4	5.1729783e-18
6.0800370098767995e-09	0.10549769	0.2066504	-0.91402996	0	0	0.4	4.184354e-18
6.090029514941783e-09	0.10653974	0.21393451	-0.912032	0	0	0.4	4.915195e-18
6.1000386458592645e-09	0.088946395	0.20114455	-0.91468054	0	0	0.4	4.614649e-18
6.110058172523291e-09	0.068235114	0.20342822	-0.91683173	0	0	0.4	4.0900702e-18
6.1200529546435544e-09	0.064321905	0.21063913	-0.9215016	0	0	0.4	4.8607213e-18
6.130012631875212e-09	0.08217326	0.22002815	-0.913797	0	0	0.4	4.5149913e-18
6.140054604905269e-09	0.079759195	0.22914924	-0.9139562	0	0	0.4	4.5560513e-18
6.150009929899644e-09	0.070669055	0.2280537	-0.91113675	0	0	0.4	4.7302406e-18
6.160001500586593e-09	0.0686582	0.21674305	-0.9166093	0	0	0.4	4.721939e-18
6.170024789102185e-09	0.055431746	0.21081118	-0.9221869	0	0	0.4	5.7250188e-18
6.180025325525574e-09	0.046051383	0.21613714	-0.92014	0	0	0.4	4.8396034e-18
6.19002315811612e-09	0.04113051	0.21995038	-0.915371	0	0	0.4	5.063289e-18
6.200046819563814e-09	0.048013955	0.20982777	-0.918987	0	0	0.4	4.486863e-18
6.210056749495925e-09	0.04190203	0.20773327	-0.9167489	0	0	0.4	6.0921774e-18
6.220011484506978e-09	0.050473537	0.19646807	-0.9177556	0	0	0.4	4.8845425e-18
6.230032163490481e-09	0.05521871	0.20246907	-0.91357225	0	0	0.4	5.7977647e-18
6.240045166880446e-09	0.049392957	0.19814251	-0.9196543	0	0	0.4	4.6451754e-18
6.250053775552134e-09	0.04668065	0.21586256	-0.917298	0	0	0.4	4.899022e-18
6.260056320086433e-09	0.07165411	0.21928783	-0.91948104	0	0	0.4	4.797583e-18
6.270010362587991e-09	0.059428804	0.22315641	-0.9229607	0	0	0.4	5.088629e-18
6.28000951919153e-09	0.053602163	0.2231272	-0.9271257	0	0	0.4	4.945299e-18
6.290041239578282e-09	0.06200359	0.22136232	-0.9238215	0	0	0.4	4.879305e-18
6.300054581384645e-09	0.06529505	0.22499126	-0.9206471	0	0	0.4	4.1831264e-18
6.310002817222735e-09	0.052705117	0.22077028	-0.92220783	0	0	0.4	3.7749223e-18
6.320017382567904e-09	0.053046517	0.20896971	-0.9217638	0	0	0.4	5.167759e-18
6.33004684518491e-09	0.04795177	0.20497362	-0.9236989	0	0	0.4	4.6236166e-18
6.340058661064558e-09	0.028636584	0.23608549	-0.91390824	0	0	0.4	4.382777e-18
6.350000855074028e-09	0.03353606	0.24334367	-0.91675633	0	0	0.4	4.163121e-18
6.360020858801554e-09	0.04509726	0.23889224	-0.9163115	0	0	0.4	4.602113e-18
6.3700118409336734e-09	0.043815106	0.22368069	-0.9237748	0	0	0.4	4.543294e-18
6.380032008673888e-09	0.05425109	0.22618045	-0.92544097	0	0	0.4	5.8539076e-18
6.390027531659065e-09	0.06290478	0.23238395	-0.9246287	0	0	0.4	4.5680197e-18
6.400036303605631e-09	0.06778175	0.20277528	-0.9281948	0	0	0.4	2.9463406e-18
6.410061571721202e-09	0.04833759	0.17707428	-0.9312732	0	0	0.4	4.648444e-18
6.420056039420805e-09	0.04784524	0.17071179	-0.93394506	0	0	0.4	3.6729627e-18
6.430026357540027e-09	0.055615786	0.18053079	-0.93124795	0	0	0.4	4.770657e-18
6.4400535548258765e-09	0.037462242	0.17350547	-0.92973787	0	0	0.4	5.185555e-18
6.450006029870076e-09	0.039719857	0.19497502	-0.93074876	0	0	0.4	4.858139e-18
6.460053305881517e-09	0.038164582	0.2116691	-0.92314756	0	0	0.4	4.296607e-18
6.470048724627105e-09	0.034227688	0.22195254	-0.91906816	0	0	0.4	4.6154904e-18
6.480050050105222e-09	0.023969162	0.2200613	-0.92139363	0	0	0.4	3.7197295e-18
6.490040325210126e-09	0.030788053	0.21270594	-0.9217229	0	0	0.4	4.8370805e-18
6.500026250374176e-09	0.009938896	0.20251542	-0.9152327	0	0	0.4	4.565881e-18
6.51000923027977e-09	0.0132297315	0.19693173	-0.914589	0	0	0.4	4.6350065e-18
6.5200560631442584e-09	-0.013319658	0.20194086	-0.9183697	0	0	0.4	3.898527e-18
6.530031558910628e-09	-0.03716822	0.20672634	-0.91186154	0	0	0.4	4.8153724e-18
6.540008262150849e-09	-0.043631606	0.22794385	-0.90694827	0	0	0.4	4.341538e-18
6.550027683190323e-09	-0.03472454	0.23274115	-0.9117797	0	0	0.4	4.8824435e-18
6.560040067621056e-09	-0.026375493	0.24651428	-0.9034186	0	0	0.4	4.3836565e-18
6.570031355963876e-09	-0.035550028	0.25093442	-0.90540123	0	0	0.4	3.7573302e-18
6.580008903390928e-09	-0.036581054	0.23156983	-0.9116818	0	0	0.4	4.741607e-18
6.590039936557053e-09	-0.03989589	0.22901756	-0.90728015	0	0	0.4	4.319125e-18
6.600018050726606e-09	-0.055030324	0.23515677	-0.90051526	0	0	0.4	4.8461667e-18
6.610004238351443e-09	-0.068378165	0.22796465	-0.90722877	0	0	0.4	4.6415983e-18
6.620038741792513e-09	-0.07279412	0.214246	-0.9064227	0	0	0.4	4.524374e-18
6.630062167294702e-09	-0.076324046	0.20123588	-0.9038161	0	0	0.4	5.0647384e-18
6.64004717565134e-09	-0.105857015	0.19897453	-0.90054935	0	0	0.4	3.7782343e-18
6.650025852686943e-09	-0.10803386	0.18809722	-0.89866275	0	0	0.4	4.1836955e-18
6.660036491632706e-09	-0.12615995	0.19776285	-0.8993655	0	0	0.4	4.6747012e-18
6.670028518952085e-09	-0.12379849	0.20573094	-0.9044273	0	0	0.4	5.548631e-18
6.680020608152471e-09	-0.1353539	0.1970877	-0.9073318	0	0	0.4	4.278575e-18
6.69000814806289e-09	-0.12531112	0.18764843	-0.91289455	0	0	0.4	4.5158035e-18
6.700010511180964e-09	-0.12781641	0.17552824	-0.9171773	0	0	0.4	5.7161137e-18
6.710064226594453e-09	-0.11374093	0.17821321	-0.917629	0	0	0.4	3.3623364e-18
6.720041708848314e-09	-0.123802364	0.14847803	-0.92022973	0	0	0.4	4.226876e-18
6.7300030411600174e-09	-0.14683366	0.15877326	-0.9146982	0	0	0.4	5.863875e-18
6.740032830097717e-09	-0.15157309	0.17184885	-0.9119713	0	0	0.4	4.8033675e-18
6.75003081718475e-09	-0.16960676	0.1616169	-0.9128583	0	0	0.4	3.538848e-18
6.760023465365473e-09	-0.17035559	0.15518352	-0.9146856	0	0	0.4	4.333243e-18
6.7700200418642835e-09	-0.16850454	0.14281508	-0.9130974	0	0	0.4	4.327403e-18
6.7800330254531506e-09	-0.19160266	0.15060858	-0.90631527	0	0	0.4	5.6286928e-18
6.790059153259046e-09	-0.19504727	0.14009213	-0.90250635	0	0	0.4	5.571184e-18
6.800013786754579e-09	-0.20983341	0.13677663	-0.9025999	0	0	0.4	4.932694e-18
6.810011147499214e-09	-0.22207183	0.14375803	-0.89778566	0	0	0.4	4.6630984e-18
6.82004123591969e-09	-0.21877988	0.14533706	-0.89969236	0	0	0.4	5.1579736e-18
6.830032666030849e-09	-0.21069442	0.11715943	-0.89926475	0	0	0.4	5.184155e-18
6.840038832770321e-09	-0.2207635	0.11054658	-0.8969885	0	0	0.4	3.966411e-18
6.850027721585846e-09	-0.22430502	0.09826352	-0.89785194	0	0	0.4	4.367381e-18
6.860011824241351e-09	-0.2205092	0.091128714	-0.8975268	0	0	0.4	5.0163094e-18
6.8700642657257336e-09	-0.22230758	0.08296509	-0.8911223	0	0	0.4	5.2400287e-18
6.880023606398862e-09	-0.23608197	0.0778789	-0.889407	0	0	0.4	4.4712504e-18
6.89001588914903e-09	-0.24139093	0.061289124	-0.88363796	0	0	0.4	4.8194107e-18
6.900006751791946e-09	-0.24333952	0.043302223	-0.87658453	0	0	0.4	5.883472e-18
6.910031583797008e-09	-0.23253903	0.019881275	-0.8831015	0	0	0.4	5.1629723e-18
6.9200675240199354e-09	-0.22677402	0.024136528	-0.8769503	0	0	0.4	5.1031055e-18
6.930027195785111e-09	-0.21994808	0.0066500683	-0.8743358	0	0	0.4	5.7393894e-18
6.940045883617982e-09	-0.21205737	-0.014498405	-0.8774043	0	0	0.4	3.8523133e-18
6.950031763888454e-09	-0.2219037	-0.016572446	-0.8785562	0	0	0.4	4.075836e-18
6.96001312621484e-09	-0.22964497	-0.012041601	-0.8751743	0	0	0.4	3.999547e-18
6.970059100515768e-09	-0.24662074	-0.022425475	-0.87555885	0	0	0.4	5.6984683e-18
6.980042611887686e-09	-0.24966443	-0.025029743	-0.87768584	0	0	0.4	4.214662e-18
6.990003670826172e-09	-0.27050665	-0.029149983	-0.88056105	0	0	0.4	5.0004565e-18
7.000015390857636e-09	-0.27337706	-0.06357473	-0.8795839	0	0	0.4	5.214379e-18
7.010017363852273e-09	-0.2731006	-0.07330131	-0.8897853	0	0	0.4	4.9389846e-18
7.0200191174358875e-09	-0.26532447	-0.08170463	-0.8926444	0	0	0.4	4.3479785e-18
7.0300049934328194e-09	-0.25579822	-0.095640406	-0.89703685	0	0	0.4	4.8274087e-18
7.040065027217453e-09	-0.247347	-0.094816126	-0.903776	0	0	0.4	4.2021003e-18
7.050000228444987e-09	-0.23166555	-0.10891379	-0.8994046	0	0	0.4	4.540156e-18
7.060046604834418e-09	-0.2066913	-0.14439778	-0.90117437	0	0	0.4	4.0362183e-18
7.070019562050093e-09	-0.19709785	-0.16750754	-0.90019697	0	0	0.4	4.488755e-18
7.080026660958468e-09	-0.20521083	-0.17467952	-0.90161484	0	0	0.4	4.9034725e-18
7.0900313106845275e-09	-0.20921853	-0.1748317	-0.9074453	0	0	0.4	4.3642376e-18
7.100026654086869e-09	-0.21587463	-0.17988725	-0.90931064	0	0	0.4	4.8033427e-18
7.11003161626266e-09	-0.2074137	-0.1645289	-0.91759217	0	0	0.4	4.0102605e-18
7.120001054739177e-09	-0.20002137	-0.15696992	-0.9146876	0	0	0.4	4.8280344e-18
7.130056231040092e-09	-0.19687763	-0.15349808	-0.9160134	0	0	0.4	4.919011e-18
7.140047101421722e-09	-0.17519888	-0.16562171	-0.91040033	0	0	0.4	4.9757838e-18
7.150038074888476e-09	-0.16074154	-0.17831253	-0.91165656	0	0	0.4	5.0119547e-18
7.1600107307737014e-09	-0.17669107	-0.19540086	-0.9075283	0	0	0.4	4.668543e-18
7.170048820375182e-09	-0.18689404	-0.20315531	-0.90681195	0	0	0.4	4.0650373e-18
7.180060102384276e-09	-0.17783293	-0.2152332	-0.90265447	0	0	0.4	4.5432035e-18
7.1900217111324156e-09	-0.18338533	-0.2336242	-0.9005172	0	0	0.4	4.9810447e-18
7.200021253013833e-09	-0.17310566	-0.24613926	-0.89375603	0	0	0.4	4.8584805e-18
7.210036780017876e-09	-0.15512511	-0.25709593	-0.8929166	0	0	0.4	4.2696784e-18
7.220034168815055e-09	-0.14634666	-0.26297578	-0.8925221	0	0	0.4	4.6531718e-18
7.230051864625576e-09	-0.13123122	-0.26543736	-0.89124763	0	0	0.4	5.6333634e-18
7.240059396378718e-09	-0.125077	-0.27733615	-0.8893799	0	0	0.4	4.2170127e-18
7.25005816125744e-09	-0.11561138	-0.28909054	-0.89053196	0	0	0.4	3.9265064e-18
7.2600280607667475e-09	-0.1095304	-0.28577873	-0.89505666	0	0	0.4	4.1113755e-18
7.270004051316225e-09	-0.10127867	-0.29780424	-0.8869677	0	0	0.4	4.616196e-18
7.280051912097591e-09	-0.07838891	-0.27726734	-0.8929152	0	0	0.4	4.908028e-18
7.290011884946739e-09	-0.065159	-0.26976618	-0.8942165	0	0	0.4	5.8606565e-18
7.30003355995403e-09	-0.058446385	-0.2588604	-0.89647067	0	0	0.4	4.590433e-18
7.310035004162759e-09	-0.038491484	-0.26161897	-0.8941586	0	0	0.4	4.425047e-18
7.320052948236793e-09	-0.04208219	-0.27805337	-0.8880579	0	0	0.4	4.154096e-18
7.330028511976647e-09	-0.01902549	-0.27088687	-0.88650215	0	0	0.4	3.9118984e-18
7.340005822001795e-09	0.004911972	-0.26433977	-0.8869033	0	0	0.4	4.3982608e-18
7.350040015547365e-09	0.019543286	-0.26570693	-0.8864682	0	0	0.4	4.2097054e-18
7.360059578807841e-09	0.03518283	-0.27706972	-0.87749505	0	0	0.4	3.7924233e-18
7.370047276077812e-09	0.05216174	-0.298533	-0.8755403	0	0	0.4	4.927211e-18
7.38002879450258e-09	0.06801065	-0.31115705	-0.8687384	0	0	0.4	5.8083795e-18
7.390058112524047e-09	0.09445766	-0.3138215	-0.86094415	0	0	0.4	5.1373735e-18
7.400055175998625e-09	0.10377262	-0.29613477	-0.86101604	0	0	0.4	5.1740416e-18
7.4100185571582986e-09	0.1055837	-0.2739957	-0.8644449	0	0	0.4	4.6456726e-18
7.420019078422109e-09	0.12382183	-0.27459502	-0.8543479	0	0	0.4	5.3405283e-18
7.43003703558179e-09	0.13590986	-0.23520875	-0.8563557	0	0	0.4	4.518157e-18
7.440008575891621e-09	0.15538575	-0.20430091	-0.85814136	0	0	0.4	4.8240735e-18
7.4500046456898335e-09	0.18410757	-0.17990668	-0.8527815	0	0	0.4	4.115028e-18
7.46005322993733e-09	0.19855176	-0.13813446	-0.84817135	0	0	0.4	5.1540404e-18
7.470049250977964e-09	0.22739434	-0.08097687	-0.83883023	0	0	0.4	5.1212237e-18
7.480010212092227e-09	0.23091869	-0.023462757	-0.8287241	0	0	0.4	4.578171e-18
7.490051978114677e-09	0.18573497	0.039488796	-0.81048954	0	0	0.4	5.4376173e-18
7.500062713615394e-09	0.106499396	0.09941026	-0.79862624	0	0	0.4	4.491853e-18
7.51002989852696e-09	-0.0012048947	0.12029937	-0.786197	0	0	0.4	4.4163963e-18
7.520017679597277e-09	-0.11725458	0.13982677	-0.77921146	0	0	0.4	5.5493996e-18
7.530008550004825e-09	-0.22188264	0.11203096	-0.77720785	0	0	0.4	4.0363056e-18
7.54003518193447e-09	-0.30394027	0.06683433	-0.7786178	0	0	0.4	5.7842863e-18
7.550002513946115e-09	-0.33882684	-0.013605959	-0.7608581	0	0	0.4	5.558138e-18
7.560057266178467e-09	-0.3169937	-0.12507623	-0.7376743	0	0	0.4	4.421882e-18
7.570015743958352e-09	-0.24151808	-0.21317625	-0.72525966	0	0	0.4	4.466137e-18
7.58001085082552e-09	-0.10066244	-0.25387567	-0.7076207	0	0	0.4	4.854926e-18
7.590046703328671e-09	0.080513686	-0.22585191	-0.69690603	0	0	0.4	4.099474e-18
7.600035937422462e-09	0.18651028	-0.11802368	-0.6872631	0	0	0.4	3.8439124e-18
7.610010093448887e-09	0.26356113	-0.02712661	-0.67916954	0	0	0.4	5.050713e-18
7.620060928292787e-09	0.30865505	0.09975285	-0.67064166	0	0	0.4	5.4588366e-18
7.630031216333043e-09	0.23983803	0.2553208	-0.654697	0	0	0.4	4.8347325e-18
7.640004141294503e-09	0.083898395	0.3460074	-0.6471924	0	0	0.4	6.2878693e-18
7.65003949733276e-09	-0.12120994	0.3552055	-0.65605575	0	0	0.4	3.9790187e-18
7.660035743447791e-09	-0.28519282	0.25167888	-0.65900224	0	0	0.4	4.8817176e-18
7.670002113087305e-09	-0.3095533	0.087157525	-0.6485095	0	0	0.4	4.7700296e-18
7.680008373960862e-09	-0.23232326	-0.03386823	-0.6352715	0	0	0.4	4.541675e-18
7.690029458614385e-09	-0.12240693	-0.12950252	-0.616775	0	0	0.4	5.2207848e-18
7.700014285674194e-09	0.025180109	-0.21597902	-0.61211973	0	0	0.4	4.216817e-18
7.710059040485567e-09	0.22023234	-0.19680801	-0.6053819	0	0	0.4	3.3195368e-18
7.720012757793496e-09	0.34805372	-0.03682693	-0.5914497	0	0	0.4	4.252468e-18
7.730047290481296e-09	0.35191998	0.13275802	-0.58864015	0	0	0.4	4.839965e-18
7.740042405535022e-09	0.2962879	0.27466297	-0.5773817	0	0	0.4	4.5419735e-18
7.750029191853713e-09	0.13730687	0.37755853	-0.56120336	0	0	0.4	4.362025e-18
7.760046259990952e-09	-0.0929356	0.36183453	-0.5545953	0	0	0.4	4.2199368e-18
7.770005897015084e-09	-0.24435733	0.22604558	-0.5521254	0	0	0.4	4.2412764e-18
7.78001464018824e-09	-0.27401158	0.0550985	-0.54077435	0	0	0.4	3.7584895e-18
7.790025679469626e-09	-0.21358174	-0.0929509	-0.53554976	0	0	0.4	3.974035e-18
7.800017409501581e-09	-0.07762478	-0.23522767	-0.52164185	0	0	0.4	3.4244285e-18
7.810053681434223e-09	0.12927629	-0.30200896	-0.5052724	0	0	0.4	3.932205e-18
7.820050651864864e-09	0.34760815	-0.19401933	-0.5027498	0	0	0.4	3.51624e-18
7.830027496383937e-09	0.4237965	-0.023424802	-0.49433592	0	0	0.4	4.1554824e-18
7.840062850615762e-09	0.38480797	0.14207073	-0.48341516	0	0	0.4	3.8241164e-18
7.850011375477353e-09	0.1896587	0.2613281	-0.47076073	0	0	0.4	3.4458285e-18
7.86004948732159e-09	-0.031337574	0.24978739	-0.47098124	0	0	0.4	3.6137283e-18
7.870013431471012e-09	-0.20804228	0.14433022	-0.4656958	0	0	0.4	3.1724523e-18
7.880049888710183e-09	-0.3070196	-0.023186874	-0.4665871	0	0	0.4	4.3105916e-18
7.89002563426632e-09	-0.29934746	-0.20502542	-0.46550447	0	0	0.4	4.499499e-18
7.900037669492057e-09	-0.15703253	-0.35229215	-0.45772392	0	0	0.4	4.5282385e-18
7.910032997565333e-09	0.077234834	-0.39142162	-0.4459741	0	0	0.4	3.2748595e-18
7.920051102038306e-09	0.27393278	-0.29930776	-0.4302619	0	0	0.4	3.183381e-18
7.930016424698673e-09	0.39651328	-0.096055076	-0.42486513	0	0	0.4	4.2387117e-18
7.940060876080943e-09	0.33589217	0.118452296	-0.42299914	0	0	0.4	4.0911604e-18
7.95005453188403e-09	0.16320196	0.23524787	-0.4041565	0	0	0.4	4.3953594e-18
7.960026964959327e-09	-0.03397179	0.27971324	-0.383651	0	0	0.4	3.70434e-18
7.970050134573118e-09	-0.2822456	0.18844022	-0.37623778	0	0	0.4	3.429442e-18
7.98001551127241e-09	-0.410368	0.001615684	-0.38023108	0	0	0.4	3.998754e-18
7.99001508245043e-09	-0.39412332	-0.20929462	-0.3814546	0	0	0.4	4.076251e-18
8.000056398917643e-09	-0.18870021	-0.36544243	-0.36664152	0	0	0.4	3.893341e-18
8.010038554370728e-09	0.070514135	-0.3537631	-0.3610681	0	0	0.4	2.7650793e-18
8.02000020227256e-09	0.27809638	-0.195982	-0.3499696	0	0	0.4	3.765984e-18
8.030053852905849e-09	0.37079084	0.0073225745	-0.34976226	0	0	0.4	2.9630302e-18
8.04005254850212e-09	0.30689892	0.21703315	-0.34996548	0	0	0.4	3.7505167e-18
8.050032359540563e-09	0.1209016	0.3424929	-0.3425975	0	0	0.4	3.7546315e-18
8.060011731589613e-09	-0.12928307	0.33885118	-0.32617083	0	0	0.4	2.7768813e-18
8.07002534738724e-09	-0.34110788	0.1993919	-0.31657168	0	0	0.4	3.5672065e-18
8.08001927895585e-09	-0.41694742	-0.020612106	-0.3088515	0	0	0.4	3.731576e-18
8.090028662614198e-09	-0.32951573	-0.23745741	-0.30809793	0	0	0.4	3.8533477e-18
8.100054275742514e-09	-0.117712066	-0.36120576	-0.307922	0	0	0.4	3.0346939e-18
8.110030916487704e-09	0.13671258	-0.35654235	-0.29586753	0	0	0.4	3.4988458e-18
8.120002734168823e-09	0.34771565	-0.21112591	-0.29631436	0	0	0.4	3.1661473e-18
8.1300309759256e-09	0.40910897	0.017442698	-0.29656547	0	0	0.4	3.791558e-18
8.140022774270538e-09	0.31982294	0.23838618	-0.2843322	0	0	0.4	3.4522997e-18
8.150048315923616e-09	0.10446203	0.3817804	-0.2642613	0	0	0.4	3.2937184e-18
8.160037295000119e-09	-0.1877131	0.32111153	-0.2569485	0	0	0.4	3.2222382e-18
8.170058769510488e-09	-0.35685045	0.1423778	-0.25251192	0	0	0.4	3.2236953e-18
8.18005715816926e-09	-0.3935459	-0.07646748	-0.25218996	0	0	0.4	3.1889035e-18
8.190018747681452e-09	-0.26161918	-0.2929488	-0.24132767	0	0	0.4	3.722683e-18
8.200055164042097e-09	-0.00157302	-0.36892456	-0.22449204	0	0	0.4	2.660591e-18
8.210056960027538e-09	0.249802	-0.2835169	-0.21634014	0	0	0.4	3.8743275e-18
8.220053575290268e-09	0.39035434	-0.06744725	-0.20882294	0	0	0.4	2.6182403e-18
8.230007674146547e-09	0.354256	0.1714212	-0.20659603	0	0	0.4	3.31814e-18
8.240048894179122e-09	0.1884816	0.32570088	-0.19302303	0	0	0.4	2.621728e-18
8.250021499562231e-09	-0.08624775	0.36405134	-0.18976495	0	0	0.4	4.2573745e-18
8.260031807512174e-09	-0.31070855	0.24524277	-0.1775034	0	0	0.4	2.9588596e-18
8.270034521340146e-09	-0.41996962	0.045126345	-0.1787814	0	0	0.4	3.898701e-18
8.280039241250539e-09	-0.3888351	-0.1935687	-0.16733623	0	0	0.4	3.5466134e-18
8.290059881307031e-09	-0.16007298	-0.36117005	-0.15511954	0	0	0.4	2.86616e-18
8.300022908548234e-09	0.11799471	-0.3404278	-0.14408758	0	0	0.4	2.9681906e-18
8.310054409080367e-09	0.29288235	-0.18395883	-0.13262513	0	0	0.4	3.1834854e-18
8.320011166070603e-09	0.35138112	0.051784337	-0.12499906	0	0	0.4	2.4442567e-18
8.3300471648587e-09	0.2788372	0.24554823	-0.113578685	0	0	0.4	3.0154189e-18
8.340003591608153e-09	0.11962741	0.41783708	-0.089902155	0	0	0.4	2.9306999e-18
8.350063440734035e-09	-0.2209621	0.39186552	-0.068708785	0	0	0.4	2.1082183e-18
8.360051606163975e-09	-0.40400153	0.13035081	-0.055176534	0	0	0.4	2.8432743e-18
8.37006100171009e-09	-0.34952202	-0.15506642	-0.058082394	0	0	0.4	2.4317567e-18
8.380032429956453e-09	-0.17618516	-0.3092881	-0.047388818	0	0	0.4	3.4260688e-18
8.390025831306244e-09	0.07308766	-0.380559	-0.03168711	0	0	0.4	3.3238119e-18
8.400004688267703e-09	0.32194287	-0.25543642	-0.026012797	0	0	0.4	2.2122497e-18
8.410030496092513e-09	0.4377069	0.03864802	-0.014246447	0	0	0.4	2.7330277e-18
8.420022619202675e-09	0.3172127	0.31146958	-0.005421944	0	0	0.4	3.0585055e-18
8.430011749289438e-09	0.055744592	0.40415594	0.0133712655	0	0	0.4	1.7435807e-18
8.440035493204016e-09	-0.19436283	0.3240833	0.026912557	0	0	0.4	3.4801693e-18
8.450031605611878e-09	-0.3467606	0.09049114	0.034075357	0	0	0.4	3.1004754e-18
8.460028596667256e-09	-0.33861816	-0.17575629	0.04068215	0	0	0.4	2.6309367e-18
8.470064334659842e-09	-0.16605549	-0.37397796	0.05503274	0	0	0.4	3.1078034e-18
8.480010427137555e-09	0.116301514	-0.4319029	0.065225914	0	0	0.4	2.0416054e-18
8.490021666454703e-09	0.38979766	-0.24662149	0.08401166	0	0	0.4	2.9971018e-18
8.500011861669937e-09	0.43197513	0.05032688	0.09482078	0	0	0.4	2.3451714e-18
8.51000623572821e-09	0.25911972	0.24597457	0.09234672	0	0	0.4	1.7368926e-18
8.520065521450018e-09	0.03673163	0.30226538	0.10774595	0	0	0.4	1.5453596e-18
8.530005140708666e-09	-0.19520131	0.27221596	0.122708686	0	0	0.4	1.6352205e-18
8.5400597689769e-09	-0.40956336	0.071668446	0.140361	0	0	0.4	1.997225e-18
8.550030455930552e-09	-0.4104555	-0.21326962	0.14855875	0	0	0.4	2.8641263e-18
8.560051863386677e-09	-0.18410026	-0.41069105	0.16365834	0	0	0.4	2.3283776e-18
8.570060591746398e-09	0.13619325	-0.38305193	0.18607906	0	0	0.4	1.7153071e-18
8.58005998700377e-09	0.31543612	-0.15643995	0.19641323	0	0	0.4	2.2056695e-18
8.590049819248642e-09	0.32248962	0.06885292	0.2069313	0	0	0.4	1.9974178e-18
8.600008599476322e-09	0.22493657	0.2690543	0.20927069	0	0	0.4	1.4203541e-18
8.610031451013106e-09	0.0029168245	0.3789057	0.23523258	0	0	0.4	2.288469e-18
8.620029085085634e-09	-0.27754328	0.26904935	0.26298118	0	0	0.4	1.2488995e-18
8.630001212438782e-09	-0.39128104	-0.014454151	0.2749309	0	0	0.4	1.494922e-18
8.640059819539114e-09	-0.2679523	-0.25868613	0.2859359	0	0	0.4	1.4544193e-18
8.65002028040624e-09	-0.055075046	-0.35486713	0.29175612	0	0	0.4	2.1538021e-18
8.66001166089346e-09	0.20164005	-0.30563754	0.31048998	0	0	0.4	2.353167e-18
8.670035868858297e-09	0.37540618	-0.060051437	0.3259237	0	0	0.4	1.187317e-18
8.680018359254119e-09	0.32623333	0.21298252	0.33057624	0	0	0.4	2.4221354e-18
8.690048892564948e-09	0.09086945	0.38587463	0.34538066	0	0	0.4	1.522612e-18
8.700020091071745e-09	-0.20615666	0.33227596	0.3686595	0	0	0.4	1.5634273e-18
8.710061328216268e-09	-0.3772138	0.068236455	0.38204572	0	0	0.4	4.5441544e-19
8.720002211435728e-09	-0.29679146	-0.1694521	0.3878401	0	0	0.4	9.261069e-19
8.730030142560835e-09	-0.08227713	-0.27884248	0.3995259	0	0	0.4	1.296232e-18
8.740038697849708e-09	0.122816265	-0.2786209	0.40479836	0	0	0.4	1.2830692e-18
8.750051576883676e-09	0.30247346	-0.17397147	0.40832314	0	0	0.4	1.6811014e-18
8.76002826867109e-09	0.39162713	0.10118776	0.41200405	0	0	0.4	1.630004e-18
8.770042910939828e-09	0.21241905	0.35008404	0.41402078	0	0	0.4	3.8023412e-19
8.780056043361431e-09	-0.11423301	0.36456457	0.4304533	0	0	0.4	8.356078e-19
8.79006203419166e-09	-0.3147259	0.12247142	0.4520115	0	0	0.4	6.2170073e-19
8.800027360519563e-09	-0.2865221	-0.10575604	0.45231354	0	0	0.4	1.4496706e-18
8.810063882607416e-09	-0.13299389	-0.25867316	0.4606618	0	0	0.4	1.4997185e-18
8.820053773955187e-09	0.050217327	-0.30393577	0.47786656	0	0	0.4	8.249144e-19
8.830043591224745e-09	0.28081986	-0.20449187	0.49763918	0	0	0.4	1.3536979e-18
8.840036447374167e-09	0.35763794	0.097162075	0.5115138	0	0	0.4	-1.4749848e-19
8.850039140926861e-09	0.16267803	0.3465688	0.5186423	0	0	0.4	7.370054e-19
8.86000914176668e-09	-0.17264752	0.34784132	0.5234462	0	0	0.4	7.1792717e-19
8.870015121828859e-09	-0.36003223	0.0976614	0.53791255	0	0	0.4	6.8117134e-19
8.880013364625654e-09	-0.28177422	-0.17988776	0.5494998	0	0	0.4	9.656062e-19
8.890055508460906e-09	-0.050980426	-0.27997258	0.56193733	0	0	0.4	5.4315254e-19
8.900013406281862e-09	0.12601937	-0.20403026	0.5752018	0	0	0.4	8.261563e-19
8.910031814334718e-09	0.25875944	-0.09528405	0.58655465	0	0	0.4	9.574019e-19
8.920050938939466e-09	0.2801918	0.11989277	0.59928626	0	0	0.4	3.396014e-19
8.930058856185082e-09	0.09217195	0.3228709	0.60774946	0	0	0.4	-1.49266e-19
8.940044459718217e-09	-0.21028402	0.25437537	0.62430435	0	0	0.4	-1.8559765e-19
8.950028253625932e-09	-0.32444704	0.023260623	0.63059306	0	0	0.4	-7.4223144e-19
8.960040621783342e-09	-0.19937405	-0.21231087	0.63868254	0	0	0.4	9.944893e-19
8.970008601243203e-09	0.004933517	-0.224691	0.6461349	0	0	0.4	2.1014074e-19
8.980012915274857e-09	0.14716391	-0.1632982	0.6527381	0	0	0.4	-8.4090147e-19
8.990007774576277e-09	0.25451097	-0.028497418	0.66017216	0	0	0.4	-2.631734e-19
9.000025398452277e-09	0.23054193	0.20406033	0.6630393	0	0	0.4	3.9004422e-19
9.010020271605253e-09	-0.023481593	0.317132	0.67363733	0	0	0.4	-3.3719175e-19
9.020043195738524e-09	-0.26805773	0.13378096	0.686594	0	0	0.4	-2.5990064e-19
9.030009868082674e-09	-0.2580382	-0.12649377	0.69289434	0	0	0.4	4.263977e-19
9.040017189396439e-09	-0.06457803	-0.25735116	0.6959329	0	0	0.4	-4.256296e-19
9.050055996115138e-09	0.13476922	-0.21058734	0.7061888	0	0	0.4	3.7279665e-19
9.06004395406897e-09	0.23008975	-0.036341276	0.7226416	0	0	0.4	4.586002e-19
9.070007009217856e-09	0.19469397	0.14091069	0.7255971	0	0	0.4	-7.980588e-19
9.080011121751311e-09	0.009946093	0.27997658	0.7187578	0	0	0.4	-1.2517273e-19
9.090053887348492e-09	-0.23408449	0.16877672	0.73375654	0	0	0.4	3.1077072e-19
9.100049134753427e-09	-0.2565841	-0.08663282	0.7418068	0	0	0.4	8.5276014e-20
9.110034481105212e-09	-0.0855773	-0.23911549	0.74580693	0	0	0.4	-1.7991483e-19
9.120012198276745e-09	0.12647885	-0.21370666	0.75671047	0	0	0.4	6.000412e-20
9.130043120859436e-09	0.22724438	-0.045913678	0.76636356	0	0	0.4	-1.3588268e-19
9.140059526356833e-09	0.16159438	0.17288107	0.77423185	0	0	0.4	-1.2780459e-19
9.150026396568394e-09	-0.027580708	0.2243541	0.7758559	0	0	0.4	5.1693386e-19
9.160003856996923e-09	-0.21136373	0.13938093	0.78751284	0	0	0.4	-4.404844e-19
9.170002294452074e-09	-0.25147372	-0.1240573	0.80117136	0	0	0.4	-2.552152e-19
9.180054239261866e-09	-0.002429422	-0.2717373	0.80815554	0	0	0.4	-5.8132713e-19
9.190028317149885e-09	0.22902672	-0.11966983	0.81564075	0	0	0.4	-3.7668792e-19
9.200014851637679e-09	0.19902296	0.10818442	0.8283646	0	0	0.4	-8.877992e-19
9.21001804818226e-09	0.021884304	0.21740085	0.83385193	0	0	0.4	-2.3872965e-19
9.220043492101472e-09	-0.162573	0.1300344	0.84195876	0	0	0.4	-3.59391e-19
9.230059870141308e-09	-0.18220395	-0.09888541	0.8584826	0	0	0.4	-5.6454415e-19
9.240032514481419e-09	2.0691327e-06	-0.20626804	0.8596364	0	0	0.4	-9.314924e-19
9.250049274227363e-09	0.18326934	-0.09724285	0.8631715	0	0	0.4	-1.97791e-18
9.260043085267639e-09	0.18113233	0.13478221	0.8717549	0	0	0.4	-1.3745788e-18
9.270014039043665e-09	-0.06990918	0.23218614	0.8788617	0	0	0.4	-7.845305e-19
9.28001125025584e-09	-0.24409145	0.0027927952	0.888118	0	0	0.4	-6.293841e-19
9.290048163249073e-09	-0.06883775	-0.22119989	0.89814	0	0	0.4	-5.407929e-19
9.300024474665243e-09	0.18160045	-0.0998058	0.9127833	0	0	0.4	-2.3008742e-18
9.310030664074631e-09	0.12564643	0.16287611	0.9175804	0	0	0.4	-1.0318809e-18
9.320035364796e-09	-0.12406465	0.1618157	0.9228657	0	0	0.4	-2.0837366e-18
9.330043688660653e-09	-0.17082107	-0.08254072	0.9244371	0	0	0.4	-1.9142248e-18
9.340056778100533e-09	0.06283268	-0.18640278	0.9260795	0	0	0.4	-1.2204415e-18
9.350003453732629e-09	0.19148824	0.013849482	0.9333782	0	0	0.4	-1.4477259e-18
9.360033121574162e-09	0.004116775	0.20066258	0.93598056	0	0	0.4	-1.4874576e-18
9.370041262977252e-09	-0.18147384	0.0145916585	0.9381446	0	0	0.4	-1.8428178e-18
9.380038142195275e-09	-0.016578108	-0.16534849	0.93771	0	0	0.4	-9.061256e-19
9.390039095373019e-09	0.15244329	-0.04893157	0.9424658	0	0	0.4	-1.2584753e-18
9.40006415526976e-09	0.048491143	0.14332299	0.9440719	0	0	0.4	-7.388008e-19
9.410008104035433e-09	-0.14087261	0.07103401	0.9406214	0	0	0.4	-1.806065e-18
9.420004664200519e-09	-0.094496325	-0.11845604	0.9434323	0	0	0.4	-4.78421e-19
9.43001506662519e-09	0.10179563	-0.10125243	0.94404024	0	0	0.4	-1.4021175e-18
9.440024155113072e-09	0.09978239	0.064255655	0.9499193	0	0	0.4	-1.7680156e-18
9.450048174622311e-09	-0.04664787	0.10173516	0.9507815	0	0	0.4	-1.4518578e-18
9.460002498242571e-09	-0.08929516	-0.021822883	0.95599854	0	0	0.4	-9.819398e-19
9.47000410035247e-09	0.0026541625	-0.093141876	0.9542667	0	0	0.4	-8.3481627e-19
9.480057561467159e-09	0.09676113	-0.001983854	0.95660114	0	0	0.4	-1.0122826e-18
9.490060031320051e-09	0.009235899	0.08823408	0.95621985	0	0	0.4	-1.1666515e-18
9.50005303787325e-09	-0.06751945	0.010963866	0.9603413	0	0	0.4	-1.6789283e-18
9.510003483705735e-09	-0.019367117	-0.04968133	0.9638285	0	0	0.4	-1.482979e-18
9.520030303988853e-09	0.026910666	-0.03882201	0.9653485	0	0	0.4	-1.3440383e-18
9.530010093039677e-09	0.034461994	0.024036288	0.96193975	0	0	0.4	-2.424951e-18
9.540036184237966e-09	-0.015783077	0.03525323	0.9657835	0	0	0.4	-1.4544228e-18
9.55004468161893e-09	-0.051035408	0.0047878395	0.96469057	0	0	0.4	-1.51549e-18
9.560035892322772e-09	0.0045092013	-0.059507843	0.962913	0	0	0.4	-2.2263645e-18
9.570045128561744e-09	0.06392403	0.011410196	0.9639084	0	0	0.4	-1.2071939e-18
9.580010340237166e-09	-0.0050398107	0.058276262	0.9648729	0	0	0.4	-9.752033e-19
9.590032427534418e-09	-0.047995895	-0.011351897	0.96314436	0	0	0.4	-9.640051e-20
9.600060340395904e-09	0.008710136	-0.040384687	0.9658719	0	0	0.4	-1.6299699e-18
9.610018058342847e-09	0.03330392	-3.4355766e-05	0.9666206	0	0	0.4	-1.8973536e-18
9.620000672374827e-09	-0.008183345	0.03544072	0.96663123	0	0	0.4	-7.403241e-19
9.630001475756423e-09	-0.0454072	0.0033884635	0.9659862	0	0	0.4	-1.6710107e-18
9.640007035192255e-09	0.0003608048	-0.04342838	0.9656136	0	0	0.4	-1.493484e-18
9.65002826399972e-09	0.038109377	-0.013935183	0.9659759	0	0	0.4	-2.043975e-18
9.66005998558015e-09	0.015372501	0.032475997	0.96793956	0	0	0.4	-1.5277575e-18
9.670017779938133e-09	-0.045595907	0.019107416	0.9638755	0	0	0.4	-7.0230054e-19
9.680007863907735e-09	-0.034146786	-0.046692017	0.96660966	0	0	0.4	-2.0432083e-18
9.69001884270861e-09	0.0463699	-0.030891301	0.96376723	0	0	0.4	-1.1538475e-18
9.700045206467003e-09	0.027952794	0.017644376	0.965717	0	0	0.4	-1.0229597e-18
9.710042614101367e-09	0.0012123901	0.045108523	0.9643279	0	0	0.4	-1.1429234e-18
9.72000329222351e-09	-0.052572455	0.0151472725	0.9628502	0	0	0.4	-1.1147334e-18
9.730044647228604e-09	-0.007314548	-0.043309	0.96488416	0	0	0.4	-2.5932575e-18
9.74003131579964e-09	0.054467987	-0.020065363	0.9626969	0	0	0.4	-1.1481124e-18
9.750056750611216e-09	0.017181998	0.05140271	0.9629383	0	0	0.4	-1.4993284e-18
9.760059208717923e-09	-0.042888753	0.0110611655	0.9641289	0	0	0.4	-1.1773832e-18
9.770027999783876e-09	-0.012520796	-0.04016787	0.96377593	0	0	0.4	-1.1376325e-18
9.780043911847282e-09	0.022073794	-0.013378669	0.96875316	0	0	0.4	-1.4884299e-18
9.790034288015711e-09	0.021880526	0.029386688	0.96738267	0	0	0.4	-1.7594392e-18
9.8000030479489e-09	-0.03143708	0.037480302	0.9655255	0	0	0.4	-1.846046e-18
9.810061728770888e-09	-0.04842792	-0.031182254	0.96517885	0	0	0.4	-1.6769578e-18
9.820024396657235e-09	0.0023493813	-0.04608442	0.96553826	0	0	0.4	-2.0070447e-19
9.83002364641238e-09	0.058449317	-0.015527528	0.9648315	0	0	0.4	-5.3662453e-19
9.840003716655942e-09	0.0034677288	0.049947	0.96681625	0	0	0.4	-8.5303704e-19
9.850009136428157e-09	-0.04658667	-0.004604947	0.9651542	0	0	0.4	-6.2988067e-19
9.860051884401444e-09	2.4618186e-05	-0.041233696	0.9649952	0	0	0.4	-2.4395231e-18
9.870008950827825e-09	0.039470945	-0.019217039	0.9649111	0	0	0.4	-1.8398548e-18
9.880028722868946e-09	0.019538486	0.036141075	0.96517736	0	0	0.4	-1.969157e-18
9.890029462630542e-09	-0.02503231	0.046303906	0.9638439	0	0	0.4	-9.290486e-19
9.900034154641692e-09	-0.052343532	-0.02059332	0.96172297	0	0	0.4	-1.7996143e-18
9.91003143682023e-09	0.027309509	-0.0462506	0.9623628	0	0	0.4	-1.8824972e-18
9.920058968041951e-09	0.034138925	0.024284415	0.9650176	0	0	0.4	-1.0443877e-18
9.930004562803918e-09	-0.018226875	0.067000054	0.9660349	0	0	0.4	-1.5852999e-18
9.940039247523181e-09	-0.063144244	-0.023931865	0.96381307	0	0	0.4	-2.05078e-18
9.950054010606641e-09	0.015973637	-0.07471376	0.96181273	0	0	0.4	-9.301196e-19
9.960054699457391e-09	0.08590745	0.01867956	0.9591712	0	0	0.4	-1.1790176e-18
9.970000141153431e-09	-0.011513395	0.097133674	0.961336	0	0	0.4	-6.4709833e-19
9.980064317053605e-09	-0.0855941	0.0069078836	0.9641484	0	0	0.4	-8.962505e-19
9.99000239685649e-09	-0.017882295	-0.070715845	0.9618907	0	0	0.4	-4.569963e-19
1e-08	0.07168872	-0.032416124	0.9626293	0	0	0.4	-1.1722019e-18
