# t (s)	mx ()	my ()	mz ()	B_extx (T)	B_exty (T)	B_extz (T)	E_total (J)
0	0	0	-1	0	0	0.4	1.2498702e-18
1.0021551301877222e-11	0.0033363292	0.00934115	-0.9750199	0	0	0.4	4.491767e-18
2.0036920075134187e-11	0.014948347	0.019539934	-0.9692683	0	0	0.4	5.0783207e-18
3.003699766411778e-11	0.01915474	0.03828909	-0.9683531	0	0	0.4	4.8724925e-18
4.0053118957699235e-11	0.016699096	0.04007555	-0.9673886	0	0	0.4	4.6556814e-18
5.0000355758578996e-11	0.018613787	0.04656804	-0.9642582	0	0	0.4	5.671889e-18
6.001172909971393e-11	0.017846785	0.04560164	-0.96194094	0	0	0.4	4.5028743e-18
7.005929511550732e-11	-0.0027636648	0.027218739	-0.9612878	0	0	0.4	4.427495e-18
8.004535876615639e-11	-0.006295332	0.02457534	-0.959418	0	0	0.4	4.0122317e-18
9.002790784113551e-11	-0.0035955685	0.033941865	-0.96081346	0	0	0.4	4.2866493e-18
1.0004124897167776e-10	0.0053112805	0.034788646	-0.96173114	0	0	0.4	5.223697e-18
1.1000176107169292e-10	0.0049988576	0.03545883	-0.9585884	0	0	0.4	5.5796562e-18
1.2001306709552535e-10	0.019916259	0.026452422	-0.96076006	0	0	0.4	4.525204e-18
1.300463700208935e-10	0.012702552	0.02529757	-0.96010125	0	0	0.4	4.6185257e-18
1.400274420282673e-10	0.01933443	0.027249834	-0.9592247	0	0	0.4	4.0954668e-18
1.5006074919850265e-10	0.016174307	0.022435673	-0.9558164	0	0	0.4	4.3375225e-18
1.6001950606197143e-10	-0.007025084	0.023041682	-0.95447904	0	0	0.4	4.8118796e-18
1.70000226694353e-10	-0.013639359	0.028803293	-0.95677966	0	0	0.4	4.9020104e-18
1.8006428124774334e-10	-0.0058164657	0.034785803	-0.95945513	0	0	0.4	5.0720945e-18
1.9003224641579948e-10	0.013325987	0.030567808	-0.95891726	0	0	0.4	4.9163695e-18
2.0005341589115312e-10	0.02841367	0.021471512	-0.9615907	0	0	0.4	4.17797e-18
2.1003323780342005e-10	0.023820268	0.018800914	-0.96187603	0	0	0.4	4.3703153e-18
2.2000110481983417e-10	0.019209333	0.023004007	-0.96130085	0	0	0.4	4.682809e-18
2.3005437000311757e-10	0.019915627	0.016348021	-0.9595951	0	0	0.4	5.2277897e-18
2.4005656502588703e-10	0.021224374	0.0047398554	-0.957911	0	0	0.4	4.422379e-18
2.5006529180746916e-10	0.02564004	0.0014631243	-0.9537296	0	0	0.4	5.0564335e-18
2.600401509926921e-10	0.027751978	-0.004193169	-0.9579605	0	0	0.4	5.392198e-18
2.7005629763098177e-10	0.04064855	-0.011072855	-0.9506762	0	0	0.4	5.1489086e-18
2.800465246137248e-10	0.057299986	-0.001248005	-0.95080715	0	0	0.4	4.8801497e-18
2.9003472202525486e-10	0.057796527	0.0034818978	-0.95084536	0	0	0.4	4.3999974e-18
3.000347857334867e-10	0.04913857	-0.018645998	-0.95475024	0	0	0.4	4.775622e-18
3.1006318705145645e-10	0.05905768	-0.019618852	-0.957495	0	0	0.4	4.896564e-18
3.2000972607676864e-10	0.057993762	-0.032146666	-0.9524882	0	0	0.4	4.1710355e-18
3.3005837725336023e-10	0.054127492	-0.04388554	-0.95300585	0	0	0.4	4.899435e-18
3.400568492829427e-10	0.048858512	-0.050270513	-0.952339	0	0	0.4	4.7795724e-18
3.5003002715703835e-10	0.048892956	-0.036836922	-0.95293295	0	0	0.4	4.5544184e-18
3.6002436165393233e-10	0.045175064	-0.038756933	-0.9559926	0	0	0.4	3.7618326e-18
3.7006222575058503e-10	0.03355947	-0.050991807	-0.95726395	0	0	0.4	4.4684396e-18
3.800523527357658e-10	0.031435996	-0.051370855	-0.95678097	0	0	0.4	4.571071e-18
3.9000813950724956e-10	0.022374956	-0.08110664	-0.95000106	0	0	0.4	4.768664e-18
4.0001634165620673e-10	0.025365775	-0.08115671	-0.9462312	0	0	0.4	4.8372414e-18
4.1004313786315476e-10	0.015256498	-0.09164311	-0.9457423	0	0	0.4	5.4872076e-18
4.2000452322986864e-10	0.012539828	-0.08695925	-0.94808304	0	0	0.4	4.7491165e-18
4.300455811570685e-10	-0.0061038975	-0.0942833	-0.94626087	0	0	0.4	4.938213e-18
4.4002138915455486e-10	0.0059129638	-0.08011684	-0.9481589	0	0	0.4	4.9260777e-18
4.500250185373984e-10	0.0047072	-0.08225224	-0.9444519	0	0	0.4	3.9068427e-18
4.6002721183548125e-10	-0.0020970735	-0.084340535	-0.9495971	0	0	0.4	4.9484314e-18
4.700154728992786e-10	-0.008010841	-0.09911212	-0.948425	0	0	0.4	4.2923994e-18
4.800125806594443e-10	-0.013936179	-0.08682672	-0.9443943	0	0	0.4	4.7017405e-18
4.900190325645835e-10	-0.012600695	-0.08199529	-0.94634604	0	0	0.4	4.1753803e-18
5.000020525035812e-10	-0.025448428	-0.084649354	-0.944707	0	0	0.4	4.956385e-18
5.100099654219185e-10	-0.019670183	-0.080624536	-0.94450146	0	0	0.4	4.612036e-18
5.200662650159716e-10	-0.004473019	-0.0786362	-0.9383717	0	0	0.4	5.6549185e-18
5.300285198096079e-10	0.0018254736	-0.099108614	-0.9407751	0	0	0.4	4.4895774e-18
5.400161713292583e-10	0.0070504206	-0.09404523	-0.9413758	0	0	0.4	5.965655e-18
5.500008343807131e-10	0.005777463	-0.090917334	-0.9424066	0	0	0.4	4.7418613e-18
5.600399697475023e-10	0.012478373	-0.10452394	-0.9413807	0	0	0.4	4.760168e-18
5.700116789022587e-10	0.011742058	-0.11160984	-0.93900996	0	0	0.4	4.700186e-18
5.800012706209108e-10	0.021687804	-0.09056254	-0.94097507	0	0	0.4	4.8993614e-18
5.900112444233856e-10	0.026847107	-0.08547557	-0.9357784	0	0	0.4	4.3668196e-18
6.000431047427249e-10	0.033467803	-0.078205496	-0.93630904	0	0	0.4	4.6311564e-18
6.100588528744224e-10	0.033200298	-0.0725397	-0.934788	0	0	0.4	4.5799067e-18
6.200599944838198e-10	0.045270395	-0.088623	-0.9318565	0	0	0.4	5.1594473e-18
6.300042508958641e-10	0.023025107	-0.073182374	-0.9344246	0	0	0.4	4.7486536e-18
6.400642894105326e-10	0.017159203	-0.08679121	-0.93924415	0	0	0.4	4.5571254e-18
6.500302222652412e-10	0.023162926	-0.07987624	-0.9419216	0	0	0.4	4.7940497e-18
6.600283326798687e-10	0.021550855	-0.08587558	-0.9432057	0	0	0.4	5.437141e-18
6.700463731800089e-10	0.016425438	-0.0737386	-0.94111925	0	0	0.4	4.6119534e-18
6.800488589560304e-10	0.017262803	-0.060637884	-0.94328886	0	0	0.4	4.622176e-18
6.900520674130216e-10	0.027306259	-0.042585187	-0.9431472	0	0	0.4	5.135192e-18
7.0005817199284e-10	0.03638064	-0.042243514	-0.94520944	0	0	0.4	4.171283e-18
7.100183760983284e-10	0.052318685	-0.06652665	-0.93939614	0	0	0.4	4.0147124e-18
7.200413300205434e-10	0.036682587	-0.053046044	-0.9417047	0	0	0.4	4.094423e-18
7.300582356636751e-10	0.047794454	-0.053387053	-0.94040984	0	0	0.4	4.6987387e-18
7.400456858409555e-10	0.05542419	-0.05183018	-0.9403016	0	0	0.4	4.5282625e-18
7.500449958640043e-10	0.059998065	-0.059491098	-0.94223475	0	0	0.4	4.7646116e-18
7.600537127080645e-10	0.063820586	-0.064621285	-0.93966234	0	0	0.4	4.4659597e-18
7.700473844259498e-10	0.06948726	-0.06690424	-0.9408982	0	0	0.4	4.426266e-18
7.800269128581802e-10	0.045953818	-0.087618224	-0.94184506	0	0	0.4	4.584361e-18
7.900345215691159e-10	0.048448592	-0.07902689	-0.9385179	0	0	0.4	4.5917602e-18
8.000257906814553e-10	0.059769902	-0.08868179	-0.9294024	0	0	0.4	4.079342e-18
8.100235504871259e-10	0.06473108	-0.08450417	-0.93140775	0	0	0.4	4.7889522e-18
8.200605908367953e-10	0.085581765	-0.091504216	-0.9279142	0	0	0.4	3.646857e-18
8.30007247702544e-10	0.09549526	-0.10812004	-0.92333776	0	0	0.4	4.37878e-18
8.400287888265361e-10	0.1189659	-0.10756309	-0.9203909	0	0	0.4	4.679226e-18
8.50053140516968e-10	0.11007592	-0.11082639	-0.9224912	0	0	0.4	4.747792e-18
8.600295303076275e-10	0.099037826	-0.09139626	-0.9235458	0	0	0.4	4.319762e-18
8.700468773525647e-10	0.11058041	-0.09372736	-0.92470384	0	0	0.4	4.1069224e-18
8.800231887487242e-10	0.097077526	-0.10354215	-0.92634046	0	0	0.4	4.4703595e-18
8.900005762729948e-10	0.103514016	-0.09501336	-0.932904	0	0	0.4	4.2523507e-18
9.000674016172861e-10	0.10194422	-0.118417956	-0.9323564	0	0	0.4	5.4005952e-18
9.100164231527615e-10	0.07756914	-0.110963136	-0.93269503	0	0	0.4	5.404696e-18
9.200477596443374e-10	0.06507274	-0.123232104	-0.9376941	0	0	0.4	4.4553664e-18
9.300430427058447e-10	0.04806095	-0.12321657	-0.9381111	0	0	0.4	5.77121e-18
9.400497995678943e-10	0.06682921	-0.11547784	-0.9389145	0	0	0.4	4.574115e-18
9.50012322225054e-10	0.061470572	-0.10719038	-0.9400012	0	0	0.4	4.8070563e-18
9.600035109236387e-10	0.0731923	-0.09368507	-0.9419267	0	0	0.4	4.799279e-18
9.70025819218345e-10	0.076106876	-0.09377389	-0.9395859	0	0	0.4	4.791058e-18
9.800164120302245e-10	0.08793975	-0.10261362	-0.9393727	0	0	0.4	3.8623156e-18
9.900312261838786e-10	0.09243079	-0.10827571	-0.9412686	0	0	0.4	4.547458e-18
1.000022696684412e-09	0.08642284	-0.11836791	-0.9443125	0	0	0.4	3.7711094e-18
1.0100542245998453e-09	0.07044045	-0.13223164	-0.9386639	0	0	0.4	4.689961e-18
1.02000073528177e-09	0.06826486	-0.14512862	-0.94216484	0	0	0.4	3.3534866e-18
1.0300130814707266e-09	0.048385836	-0.14234996	-0.9430625	0	0	0.4	4.879835e-18
1.0400004854228534e-09	0.044174656	-0.14479542	-0.94130486	0	0	0.4	4.236847e-18
1.0500168377472344e-09	0.03426746	-0.1430169	-0.93836635	0	0	0.4	4.8545704e-18
1.0600294974200782e-09	0.043198556	-0.1480871	-0.9373181	0	0	0.4	3.982184e-18
1.070062744778087e-09	0.055425722	-0.14746433	-0.94247437	0	0	0.4	5.0713538e-18
1.0800570277652126e-09	0.045458697	-0.15631665	-0.940175	0	0	0.4	5.28855e-18
1.0900013100242862e-09	0.05638276	-0.15457073	-0.9421269	0	0	0.4	5.1055387e-18
1.1000604095965228e-09	0.03931159	-0.16282497	-0.93952566	0	0	0.4	4.86846e-18
1.1100407044758313e-09	0.035538636	-0.1491254	-0.9405625	0	0	0.4	5.2233714e-18
1.120019052770019e-09	0.03100683	-0.14552051	-0.94218737	0	0	0.4	4.471008e-18
1.130009053369432e-09	0.029206626	-0.13233249	-0.9432276	0	0	0.4	4.394018e-18
1.1400312320468042e-09	0.032889552	-0.13180298	-0.9407182	0	0	0.4	5.9213013e-18
1.1500384781420805e-09	0.043630227	-0.14013653	-0.93762153	0	0	0.4	4.6672723e-18
1.1600086711654165e-09	0.025801046	-0.14643764	-0.94054973	0	0	0.4	4.476897e-18
1.1700227760798422e-09	0.018248398	-0.15522762	-0.9384262	0	0	0.4	4.87349e-18
1.1800480144462061e-09	0.003324592	-0.15747836	-0.936222	0	0	0.4	4.15399e-18
1.1900458268334555e-09	-0.012675361	-0.17317712	-0.9302609	0	0	0.4	4.1452316e-18
1.200066336739346e-09	-0.020788977	-0.1602467	-0.9324655	0	0	0.4	4.9442488e-18
1.2100281054093383e-09	-0.022569807	-0.15635438	-0.9340564	0	0	0.4	4.4305076e-18
1.2200631612586525e-09	-0.013714722	-0.16024949	-0.9358181	0	0	0.4	4.7019804e-18
1.2300358169134347e-09	-0.023232521	-0.16555633	-0.93105793	0	0	0.4	4.7323214e-18
1.2400197255853113e-09	-0.03190273	-0.17525646	-0.92966586	0	0	0.4	4.5157035e-18
1.2500316494005788e-09	-0.036978036	-0.16849758	-0.9282351	0	0	0.4	5.3349444e-18
1.2600499387701631e-09	-0.026747212	-0.1739288	-0.93036264	0	0	0.4	4.680749e-18
1.2700039054118062e-09	-0.024984118	-0.18605797	-0.92734426	0	0	0.4	5.6534528e-18
1.280056036522496e-09	-0.02747764	-0.18561287	-0.92992646	0	0	0.4	4.7330543e-18
1.290003983131716e-09	-0.042585686	-0.18111894	-0.93150926	0	0	0.4	5.079913e-18
1.3000077789075508e-09	-0.04268094	-0.18636702	-0.9309768	0	0	0.4	4.5855e-18
1.3100515589034194e-09	-0.056654897	-0.15860462	-0.9376143	0	0	0.4	4.756425e-18
1.3200362138987316e-09	-0.06935699	-0.12517476	-0.9461748	0	0	0.4	4.6680958e-18
1.3300515523249841e-09	-0.074025124	-0.104921535	-0.9478093	0	0	0.4	4.3242914e-18
1.3400027694964992e-09	-0.07720767	-0.090747796	-0.94580805	0	0	0.4	4.3869437e-18
1.3500422642093128e-09	-0.093288735	-0.08552734	-0.9451214	0	0	0.4	5.7000685e-18
1.3600647500407684e-09	-0.09409607	-0.099284634	-0.9443233	0	0	0.4	4.97742e-18
1.3700235474130672e-09	-0.09603886	-0.104722045	-0.94660425	0	0	0.4	3.8646437e-18
1.3800595522531107e-09	-0.093234286	-0.102016054	-0.94480044	0	0	0.4	4.680911e-18
1.3900252898032205e-09	-0.10248299	-0.1033789	-0.94252974	0	0	0.4	4.049921e-18
1.400034134731165e-09	-0.10211062	-0.098532274	-0.9409408	0	0	0.4	4.375587e-18
1.410034176728677e-09	-0.10896416	-0.08779752	-0.9427924	0	0	0.4	4.9399967e-18
1.420024319121361e-09	-0.11958285	-0.06683232	-0.9448081	0	0	0.4	5.3159668e-18
1.4300570752023106e-09	-0.12739514	-0.06658534	-0.94429535	0	0	0.4	3.520136e-18
1.4400479084916568e-09	-0.12756218	-0.045204397	-0.94021386	0	0	0.4	5.277831e-18
1.4500500284863464e-09	-0.114745565	-0.028196495	-0.9409531	0	0	0.4	4.7781757e-18
1.460011881668608e-09	-0.12373814	-0.0069325133	-0.9373832	0	0	0.4	4.22446e-18
1.4700465955508937e-09	-0.12977585	-0.0076559777	-0.93316483	0	0	0.4	5.0842172e-18
1.4800473737734583e-09	-0.11527557	-0.010837803	-0.939435	0	0	0.4	4.546395e-18
1.4900527459716419e-09	-0.1266156	-0.0078041432	-0.9358385	0	0	0.4	4.555326e-18
1.5000118102833735e-09	-0.13234974	0.003607434	-0.9307814	0	0	0.4	4.8801534e-18
1.5100202325994491e-09	-0.11892746	-0.002591664	-0.9339818	0	0	0.4	4.891929e-18
1.5200219456815176e-09	-0.12418388	0.009336504	-0.9335111	0	0	0.4	4.62849e-18
1.5300477272090322e-09	-0.12912457	0.0021180536	-0.9321617	0	0	0.4	4.6208067e-18
1.5400599757881112e-09	-0.12913144	-0.006640223	-0.93433654	0	0	0.4	5.0539106e-18
1.5500077415544655e-09	-0.13474153	0.0046583535	-0.92927974	0	0	0.4	4.495633e-18
1.5600335313850232e-09	-0.13833807	0.025661679	-0.9309222	0	0	0.4	4.190334e-18
1.5700405497112518e-09	-0.14460807	0.043647602	-0.92633486	0	0	0.4	2.3974438e-18
1.5800561307678605e-09	-0.1331418	0.032082107	-0.9252257	0	0	0.4	4.980281e-18
1.590029325448726e-09	-0.13238609	0.061540388	-0.9215712	0	0	0.4	3.817065e-18
1.6000380985620104e-09	-0.12925464	0.059710864	-0.9257273	0	0	0.4	4.7679054e-18
1.610027190014394e-09	-0.1261604	0.05641498	-0.92977136	0	0	0.4	4.262903e-18
1.620018889775278e-09	-0.12499196	0.02946203	-0.93531775	0	0	0.4	4.565676e-18
1.6300337341775651e-09	-0.12186776	0.013359339	-0.9322049	0	0	0.4	5.3292306e-18
1.640008280121912e-09	-0.12804294	0.023993043	-0.934762	0	0	0.4	4.6144457e-18
1.6500494824904182e-09	-0.14416327	0.027076153	-0.9285455	0	0	0.4	4.755288e-18
1.660000907818726e-09	-0.14847717	0.032185104	-0.92511165	0	0	0.4	4.0263554e-18
1.670031676219677e-09	-0.13232966	0.05739878	-0.929855	0	0	0.4	5.6374472e-18
1.6800149166007417e-09	-0.12803116	0.052397262	-0.92270905	0	0	0.4	4.3402353e-18
1.6900211775255976e-09	-0.118409455	0.050825108	-0.9152791	0	0	0.4	5.6285956e-18
1.700009608909757e-09	-0.112800375	0.037285473	-0.91547126	0	0	0.4	6.204927e-18
1.7100599898144313e-09	-0.11645567	0.013705838	-0.9100632	0	0	0.4	4.1731535e-18
1.7200073393291293e-09	-0.13301332	0.002228919	-0.9145723	0	0	0.4	4.5980414e-18
1.7300412763280448e-09	-0.13894136	0.024147635	-0.91568387	0	0	0.4	3.7351068e-18
1.740039513347309e-09	-0.1615003	0.044388376	-0.91096413	0	0	0.4	5.3389347e-18
1.7500628748765883e-09	-0.185902	0.04079813	-0.90665483	0	0	0.4	5.201761e-18
1.7600290899601742e-09	-0.1731414	0.031518698	-0.9089781	0	0	0.4	4.4883544e-18
1.7700021431028098e-09	-0.15490225	0.037122045	-0.9117853	0	0	0.4	5.4324934e-18
1.7800500819100543e-09	-0.16742432	0.012403778	-0.9122304	0	0	0.4	4.2022657e-18
1.7900013227661793e-09	-0.172841	0.0048597143	-0.9095229	0	0	0.4	4.766892e-18
1.8000620694500668e-09	-0.16682795	0.0031978814	-0.91412765	0	0	0.4	4.2639117e-18
1.8100555620911526e-09	-0.14177161	-0.007969362	-0.9177479	0	0	0.4	4.9921285e-18
1.8200046808042988e-09	-0.13901038	-0.02987149	-0.9195701	0	0	0.4	3.9797942e-18
1.8300358844506137e-09	-0.14150536	-0.047897264	-0.9175539	0	0	0.4	5.3381807e-18
1.840010089512175e-09	-0.15498674	-0.054389887	-0.9174907	0	0	0.4	4.9705084e-18
1.8500595791906858e-09	-0.17340249	-0.020531246	-0.91775274	0	0	0.4	3.3113347e-18
1.86002815150798e-09	-0.17307101	-0.02665079	-0.9149612	0	0	0.4	4.9471675e-18
1.870045204476505e-09	-0.17739229	-0.04845231	-0.9132366	0	0	0.4	4.548736e-18
1.880046086044522e-09	-0.1850725	-0.04371211	-0.913294	0	0	0.4	4.7119727e-18
1.890019366561245e-09	-0.16633959	-0.039314806	-0.9126033	0	0	0.4	3.8483267e-18
1.900042420707374e-09	-0.17848855	-0.033114206	-0.9139726	0	0	0.4	3.768492e-18
1.9100006807174637e-09	-0.17088675	-0.036983155	-0.9167688	0	0	0.4	5.1663257e-18
1.920044115459963e-09	-0.176182	-0.036075983	-0.9114708	0	0	0.4	4.6086285e-18
1.930021429445863e-09	-0.1831553	-0.04621022	-0.9098225	0	0	0.4	5.0247533e-18
1.940035626905747e-09	-0.1921774	-0.066862136	-0.91144	0	0	0.4	5.7187826e-18
1.9500426244246045e-09	-0.18117703	-0.075760454	-0.9114776	0	0	0.4	4.9354658e-18
1.960050080101609e-09	-0.17816387	-0.08883991	-0.91713035	0	0	0.4	4.428078e-18
1.9700274063899897e-09	-0.17666952	-0.08716202	-0.9209936	0	0	0.4	3.7848302e-18
1.980023163440109e-09	-0.15582873	-0.08620227	-0.9231532	0	0	0.4	5.2059307e-18
1.99000331345835e-09	-0.15119523	-0.089465834	-0.92215675	0	0	0.4	4.2546812e-18
2.000022337903403e-09	-0.1647915	-0.102934815	-0.9207351	0	0	0.4	5.4888335e-18
2.010063424557973e-09	-0.14423573	-0.10409281	-0.92316514	0	0	0.4	4.5868786e-18
2.0200001538029208e-09	-0.14212142	-0.12753972	-0.92081875	0	0	0.4	4.5862136e-18
2.0300207917013323e-09	-0.14692646	-0.1319829	-0.9222645	0	0	0.4	5.0588315e-18
2.040062036698019e-09	-0.13897996	-0.13030075	-0.92916226	0	0	0.4	4.5417472e-18
2.0500179698016683e-09	-0.15309261	-0.12763306	-0.9237601	0	0	0.4	4.897738e-18
2.060014690798435e-09	-0.16279054	-0.112058215	-0.9234631	0	0	0.4	4.269046e-18
2.0700461685864617e-09	-0.17275679	-0.098102845	-0.92254674	0	0	0.4	4.7560937e-18
2.080031646699878e-09	-0.16369098	-0.09776216	-0.9195796	0	0	0.4	4.0978027e-18
2.0900604707251052e-09	-0.16754042	-0.08895092	-0.9246205	0	0	0.4	5.230576e-18
2.100032239862061e-09	-0.17459929	-0.10140029	-0.92108333	0	0	0.4	4.8562765e-18
2.1100086771001258e-09	-0.16782753	-0.116521046	-0.91992354	0	0	0.4	4.3165163e-18
2.1200334664472395e-09	-0.17015685	-0.12360872	-0.9201816	0	0	0.4	4.0039008e-18
2.1300171488301044e-09	-0.17385383	-0.12462847	-0.9207527	0	0	0.4	5.7258306e-18
2.140018624369328e-09	-0.15259205	-0.121132076	-0.92128676	0	0	0.4	5.195551e-18
2.150000674836438e-09	-0.16893521	-0.14850725	-0.91995466	0	0	0.4	4.8128007e-18
2.160019772930385e-09	-0.1526321	-0.15117188	-0.9205923	0	0	0.4	5.2106485e-18
2.1700256084460633e-09	-0.15816885	-0.1504415	-0.92070603	0	0	0.4	4.8572546e-18
2.1800016193034148e-09	-0.16213901	-0.16166058	-0.9188989	0	0	0.4	5.3626686e-18
2.190013524183642e-09	-0.18165156	-0.16187212	-0.9192192	0	0	0.4	4.671646e-18
2.200020368160525e-09	-0.18605237	-0.14812844	-0.91621244	0	0	0.4	4.3199892e-18
2.2100074701382798e-09	-0.18474486	-0.1541263	-0.91602886	0	0	0.4	4.7963112e-18
2.2200566193005192e-09	-0.16807154	-0.13959934	-0.9179868	0	0	0.4	4.2920276e-18
2.2300084190870662e-09	-0.14933315	-0.12465949	-0.91679436	0	0	0.4	4.9131083e-18
2.2400572367410787e-09	-0.118810065	-0.14081241	-0.9190764	0	0	0.4	4.732831e-18
2.25005728671771e-09	-0.119916126	-0.17134614	-0.910521	0	0	0.4	4.971151e-18
2.260062223949095e-09	-0.119878195	-0.18998568	-0.90987647	0	0	0.4	4.200041e-18
2.2700490633502647e-09	-0.105122626	-0.1884945	-0.907738	0	0	0.4	4.208242e-18
2.2800036112955288e-09	-0.11436995	-0.17737661	-0.9083174	0	0	0.4	4.1122316e-18
2.290015468355634e-09	-0.11937851	-0.18034291	-0.8945739	0	0	0.4	5.059707e-18
2.30006065153168e-09	-0.1155967	-0.18834123	-0.8924332	0	0	0.4	5.452504e-18
2.3100529466151633e-09	-0.10531047	-0.17896216	-0.8886689	0	0	0.4	4.9335806e-18
2.3200367823183498e-09	-0.09961379	-0.18752326	-0.88469183	0	0	0.4	4.8834394e-18
2.3300024042666017e-09	-0.08002876	-0.18369922	-0.8965956	0	0	0.4	4.1396204e-18
2.3400477398599143e-09	-0.045720484	-0.19417866	-0.896683	0	0	0.4	4.1256117e-18
2.350035642849414e-09	-0.02503325	-0.19646044	-0.9010392	0	0	0.4	4.7989057e-18
2.3600167114366927e-09	-0.014886537	-0.21548526	-0.901642	0	0	0.4	5.4976967e-18
2.370009106610548e-09	-0.0036984899	-0.22637849	-0.90007114	0	0	0.4	4.1028775e-18
2.380059475531815e-09	-0.009821474	-0.20783195	-0.9067225	0	0	0.4	3.9413097e-18
2.3900051357810215e-09	-0.019372366	-0.21135189	-0.91247576	0	0	0.4	4.9754202e-18
2.400037915102971e-09	-0.018028546	-0.20698902	-0.9143949	0	0	0.4	4.804574e-18
2.4100423975756747e-09	-0.032978654	-0.19573478	-0.9223161	0	0	0.4	4.4184154e-18
2.4200195293075058e-09	-0.041220646	-0.16622277	-0.9250523	0	0	0.4	5.6722207e-18
2.4300573023784683e-09	-0.04380707	-0.1471839	-0.92263496	0	0	0.4	5.1967705e-18
2.440000659430021e-09	-0.04667516	-0.15557335	-0.9230487	0	0	0.4	4.706975e-18
2.4500637280554547e-09	-0.024205584	-0.1338698	-0.9255708	0	0	0.4	4.925466e-18
2.4600204290134126e-09	-0.023367576	-0.12660842	-0.9316734	0	0	0.4	4.9578137e-18
2.4700197828019064e-09	-0.011348724	-0.13156462	-0.9305651	0	0	0.4	3.995172e-18
2.480042268252654e-09	-0.04067966	-0.14166862	-0.9313843	0	0	0.4	5.0947927e-18
2.4900228832965733e-09	-0.054755278	-0.14846452	-0.9284759	0	0	0.4	5.3335175e-18
2.5000188412712335e-09	-0.05762227	-0.14553814	-0.9285618	0	0	0.4	4.7835756e-18
2.510038809040999e-09	-0.066353954	-0.12719384	-0.9275544	0	0	0.4	4.4364947e-18
2.5200198340740548e-09	-0.050293066	-0.1105069	-0.92376715	0	0	0.4	4.719507e-18
2.530053582864543e-09	-0.047540534	-0.108861305	-0.9227127	0	0	0.4	3.9463786e-18
2.540065102806873e-09	-0.037204005	-0.10669002	-0.92544276	0	0	0.4	4.2919143e-18
2.5500222692611315e-09	-0.02506095	-0.10686249	-0.9298915	0	0	0.4	5.4451393e-18
2.560053240620877e-09	-0.029003754	-0.11952007	-0.93099827	0	0	0.4	4.7407007e-18
2.5700254825566087e-09	-0.03294252	-0.1153581	-0.93328595	0	0	0.4	4.775697e-18
2.5800078925549537e-09	-0.044703543	-0.12469252	-0.92846644	0	0	0.4	4.0774656e-18
2.5900254989695106e-09	-0.064613305	-0.11961333	-0.925007	0	0	0.4	4.5836853e-18
2.6000172267412274e-09	-0.052030064	-0.12232319	-0.9204746	0	0	0.4	5.299433e-18
2.6100051599735845e-09	-0.043544862	-0.12035682	-0.92370814	0	0	0.4	4.7090044e-18
2.620018159747149e-09	-0.035290517	-0.13631421	-0.92298955	0	0	0.4	5.4933615e-18
2.6300123850406566e-09	-0.0352032	-0.120742425	-0.9219387	0	0	0.4	4.20303e-18
2.6400610957609384e-09	-0.040537953	-0.12641837	-0.92506343	0	0	0.4	5.279721e-18
2.6500351928064765e-09	-0.021691607	-0.12034484	-0.92097265	0	0	0.4	4.800756e-18
2.6600238109937337e-09	-0.02627119	-0.13393165	-0.9218532	0	0	0.4	5.0024277e-18
2.6700427492620057e-09	-0.043380436	-0.15248607	-0.92150366	0	0	0.4	4.2753587e-18
2.6800251829199946e-09	-0.05992931	-0.15824193	-0.92063063	0	0	0.4	4.6514314e-18
2.6900570992296413e-09	-0.052705046	-0.16217406	-0.91907954	0	0	0.4	4.226577e-18
2.7000155803469048e-09	-0.05055343	-0.16883115	-0.9249117	0	0	0.4	4.225671e-18
2.7100182151189863e-09	-0.037877373	-0.17633583	-0.91915816	0	0	0.4	5.0170055e-18
2.7200001681672732e-09	-0.03478446	-0.17985334	-0.9163638	0	0	0.4	3.931667e-18
2.7300488887920743e-09	-0.011501914	-0.1756054	-0.91649824	0	0	0.4	4.0720708e-18
2.7400301627116626e-09	-0.0083448	-0.16890723	-0.9147244	0	0	0.4	5.0582032e-18
2.750059311794122e-09	-0.0016542773	-0.17804368	-0.9156998	0	0	0.4	3.688322e-18
2.760055609141907e-09	-0.01357802	-0.19596632	-0.91005194	0	0	0.4	5.8225533e-18
2.7700449418228788e-09	-0.0052103787	-0.21028635	-0.9102245	0	0	0.4	4.697549e-18
2.780001095920585e-09	0.0031515036	-0.22715941	-0.9029096	0	0	0.4	4.92328e-18
2.7900176824014545e-09	-0.022586456	-0.22359753	-0.90659297	0	0	0.4	4.635712e-18
2.8000324817779244e-09	-0.024409572	-0.22120877	-0.90511715	0	0	0.4	4.3584382e-18
2.8100095767930866e-09	-0.027806813	-0.20345415	-0.9100813	0	0	0.4	5.062248e-18
2.820035876055428e-09	-0.03748842	-0.2135324	-0.90789443	0	0	0.4	4.5173607e-18
2.8300379430151414e-09	-0.029021056	-0.22289276	-0.910863	0	0	0.4	4.6564962e-18
2.8400622315935606e-09	-0.0086936485	-0.2181805	-0.9153489	0	0	0.4	5.1970836e-18
2.8500010913107235e-09	-0.015871916	-0.23737782	-0.91117793	0	0	0.4	5.6646433e-18
2.8600414563476993e-09	-0.013826806	-0.23637755	-0.9090619	0	0	0.4	4.846469e-18
2.8700300412838472e-09	-0.0032262655	-0.25203174	-0.9097192	0	0	0.4	6.212904e-18
2.88000571179329e-09	-0.005275845	-0.2599753	-0.90949345	0	0	0.4	4.9032657e-18
2.8900620124670785e-09	-0.010593823	-0.25406298	-0.90820235	0	0	0.4	4.938711e-18
2.9000066973246406e-09	-0.010870173	-0.25008628	-0.9008335	0	0	0.4	4.691025e-18
2.910038992468594e-09	-0.0122324	-0.23636647	-0.9002102	0	0	0.4	4.827079e-18
2.920034731724322e-09	0.00072208646	-0.22646002	-0.89946246	0	0	0.4	4.773605e-18
2.93005961995418e-09	0.026292143	-0.2187146	-0.9011904	0	0	0.4	4.8454023e-18
2.9400391411282103e-09	0.04518939	-0.21343116	-0.90817875	0	0	0.4	2.9474162e-18
2.9500554046071307e-09	0.03440081	-0.2080353	-0.90376806	0	0	0.4	4.8959253e-18
2.9600191410656293e-09	0.04477216	-0.19887483	-0.9075764	0	0	0.4	4.3742953e-18
2.970011365463154e-09	0.05195887	-0.20703645	-0.9143866	0	0	0.4	4.614753e-18
2.9800650179293355e-09	0.0598305	-0.21178341	-0.91270125	0	0	0.4	4.2013475e-18
2.9900235152828e-09	0.058438517	-0.19614294	-0.9165819	0	0	0.4	4.8365432e-18
3.0000462685803425e-09	0.070774116	-0.18790811	-0.92267716	0	0	0.4	4.7336986e-18
3.010029695253515e-09	0.08735818	-0.18871811	-0.92223233	0	0	0.4	4.158693e-18
3.020015674010864e-09	0.08443908	-0.18735072	-0.92621934	0	0	0.4	4.7811296e-18
3.0300565332791704e-09	0.07638328	-0.17552972	-0.92906076	0	0	0.4	4.679226e-18
3.040006671550451e-09	0.077158675	-0.18498312	-0.9292896	0	0	0.4	5.110328e-18
3.0500128836861876e-09	0.06688279	-0.18978976	-0.92943335	0	0	0.4	4.296607e-18
3.0600174544771353e-09	0.06893581	-0.1869276	-0.928089	0	0	0.4	5.4437145e-18
3.0700341253347352e-09	0.07628701	-0.18596661	-0.9226727	0	0	0.4	4.4882258e-18
3.0800579547888836e-09	0.07004618	-0.20150283	-0.9248445	0	0	0.4	3.835612e-18
3.0900483725390897e-09	0.073756285	-0.20361069	-0.92269725	0	0	0.4	5.9283174e-18
3.1000003213368957e-09	0.07157032	-0.2170282	-0.92178	0	0	0.4	4.6299474e-18
3.1100535518117703e-09	0.08651607	-0.22133869	-0.91740936	0	0	0.4	4.101604e-18
3.1200012576996937e-09	0.08522641	-0.21431367	-0.9151468	0	0	0.4	4.4167586e-18
3.130030216000956e-09	0.09483441	-0.19276026	-0.92007756	0	0	0.4	2.7046595e-18
3.1400162736321594e-09	0.11129589	-0.19218655	-0.9100062	0	0	0.4	4.3522633e-18
3.1500113661773247e-09	0.11457908	-0.18802746	-0.9145315	0	0	0.4	4.1863346e-18
3.1600114774363796e-09	0.11992901	-0.20182166	-0.9162485	0	0	0.4	4.9090646e-18
3.1700546575984506e-09	0.116166756	-0.21659002	-0.91354513	0	0	0.4	4.577473e-18
3.180055193755407e-09	0.09444643	-0.23199846	-0.9186537	0	0	0.4	4.656144e-18
3.190033602115737e-09	0.09511362	-0.23927672	-0.9175118	0	0	0.4	4.670207e-18
3.2000134168641284e-09	0.08019994	-0.24303293	-0.91057956	0	0	0.4	4.709087e-18
3.2100164336616528e-09	0.088492624	-0.22774239	-0.91836894	0	0	0.4	4.0244756e-18
3.220024594126325e-09	0.07800993	-0.20468508	-0.92403203	0	0	0.4	3.8099927e-18
3.2300167388452277e-09	0.08810075	-0.20101628	-0.9249535	0	0	0.4	4.823782e-18
3.2400473074624547e-09	0.08628519	-0.19345357	-0.92474306	0	0	0.4	4.3361767e-18
3.2500116089415243e-09	0.08222012	-0.20641613	-0.92302895	0	0	0.4	4.1186613e-18
3.260062560667815e-09	0.09119328	-0.20469481	-0.92253584	0	0	0.4	4.562985e-18
3.2700476709432114e-09	0.092116386	-0.21196157	-0.9190077	0	0	0.4	5.1673592e-18
3.2800006165954546e-09	0.11525596	-0.20592484	-0.91896003	0	0	0.4	5.498499e-18
3.290052078770517e-09	0.12531422	-0.22030093	-0.9136946	0	0	0.4	4.654824e-18
3.3000207319326447e-09	0.108676106	-0.21897742	-0.91954756	0	0	0.4	4.6384777e-18
3.310013119040707e-09	0.09341738	-0.23868188	-0.9175245	0	0	0.4	4.7886007e-18
3.3200379661514536e-09	0.07164392	-0.21223232	-0.9223744	0	0	0.4	4.719907e-18
3.3300242991583567e-09	0.06561743	-0.21392217	-0.91981226	0	0	0.4	4.051842e-18
3.3400342257847026e-09	0.06350588	-0.20482993	-0.91919786	0	0	0.4	4.0107e-18
3.35000032857341e-09	0.077421375	-0.20243002	-0.92132014	0	0	0.4	5.8264907e-18
3.36001504550481e-09	0.0938418	-0.21296512	-0.91823304	0	0	0.4	5.551146e-18
3.370038515881291e-09	0.11256262	-0.21468635	-0.9207523	0	0	0.4	4.979395e-18
3.3800630272779356e-09	0.12394649	-0.22879887	-0.9226517	0	0	0.4	4.39973e-18
3.3900453154296606e-09	0.106106386	-0.22999975	-0.9288577	0	0	0.4	4.32127e-18
3.4000127384229226e-09	0.109631866	-0.22745873	-0.9272532	0	0	0.4	5.361432e-18
3.4100647331377333e-09	0.11831305	-0.2253351	-0.92446786	0	0	0.4	5.249181e-18
3.420059603808397e-09	0.10507707	-0.2116495	-0.9255884	0	0	0.4	4.5112532e-18
3.430003249312445e-09	0.09313399	-0.18481432	-0.9269574	0	0	0.4	4.784222e-18
3.4400003324831773e-09	0.097394444	-0.17162295	-0.92796385	0	0	0.4	4.902637e-18
3.450021086514308e-09	0.12663113	-0.18144836	-0.9223313	0	0	0.4	3.9356104e-18
3.460024292213108e-09	0.14372303	-0.17660603	-0.92100066	0	0	0.4	5.199627e-18
3.470009500451011e-09	0.13793382	-0.20442079	-0.92262983	0	0	0.4	5.3058677e-18
3.480018416937369e-09	0.14587466	-0.20522627	-0.9207969	0	0	0.4	4.558251e-18
3.490005726447045e-09	0.14977868	-0.20118874	-0.91906166	0	0	0.4	5.2308127e-18
3.50000607122691e-09	0.15246841	-0.18306965	-0.92155087	0	0	0.4	3.425193e-18
3.5100246149317314e-09	0.14689527	-0.19460686	-0.9198877	0	0	0.4	4.8266845e-18
3.5200483676365304e-09	0.14043331	-0.1997415	-0.9137939	0	0	0.4	5.269776e-18
3.5300249868437446e-09	0.12827505	-0.1918992	-0.9185158	0	0	0.4	4.8995434e-18
3.5400256524423815e-09	0.14792596	-0.1836503	-0.91565454	0	0	0.4	4.427201e-18
3.5500152905633878e-09	0.12844221	-0.19101463	-0.9151022	0	0	0.4	4.4163764e-18
3.5600501715688656e-09	0.13385372	-0.1927841	-0.9131156	0	0	0.4	3.8607195e-18
3.570030866546438e-09	0.14987192	-0.21459289	-0.9101464	0	0	0.4	4.6850108e-18
3.5800505802722673e-09	0.14935057	-0.22534093	-0.90891796	0	0	0.4	5.487473e-18
3.590028620518042e-09	0.14503574	-0.22132699	-0.9109945	0	0	0.4	4.2100065e-18
3.6000389846715926e-09	0.14971383	-0.21937092	-0.90925574	0	0	0.4	4.9868142e-18
3.610050051138662e-09	0.14880387	-0.22619577	-0.90317976	0	0	0.4	4.454422e-18
3.620062689720977e-09	0.15213287	-0.22828713	-0.8999724	0	0	0.4	4.7333214e-18
3.630050806453383e-09	0.15211456	-0.22746423	-0.9012439	0	0	0.4	5.7042086e-18
3.6400058495615004e-09	0.1571407	-0.20516391	-0.90461725	0	0	0.4	3.201979e-18
3.6500526786211844e-09	0.15759674	-0.17993093	-0.9054149	0	0	0.4	5.2034773e-18
3.6600241615755725e-09	0.18733628	-0.1505586	-0.90201753	0	0	0.4	5.7759656e-18
3.6700280895528857e-09	0.2101555	-0.14869209	-0.9000984	0	0	0.4	4.8585086e-18
3.6800079164415077e-09	0.21377651	-0.15091363	-0.9057454	0	0	0.4	4.557602e-18
3.6900516585037945e-09	0.22033726	-0.1464451	-0.90817624	0	0	0.4	5.5331857e-18
3.7000490555895646e-09	0.20903891	-0.16181742	-0.9118287	0	0	0.4	5.123287e-18
3.710027960243259e-09	0.2015133	-0.17522536	-0.9121396	0	0	0.4	4.3471886e-18
3.720043144617893e-09	0.2052896	-0.18569559	-0.9016528	0	0	0.4	5.0726388e-18
3.730039899351583e-09	0.1850327	-0.16484955	-0.9049355	0	0	0.4	4.837671e-18
3.740057500258209e-09	0.17699406	-0.14359507	-0.90316486	0	0	0.4	4.482085e-18
3.750041213262449e-09	0.17621626	-0.11975683	-0.904041	0	0	0.4	5.5589594e-18
3.760041074040804e-09	0.18706317	-0.12370074	-0.9039911	0	0	0.4	4.803478e-18
3.770061379604116e-09	0.2081005	-0.10507512	-0.9082875	0	0	0.4	4.2303088e-18
3.780063417223169e-09	0.23290347	-0.09759766	-0.9053564	0	0	0.4	5.2286893e-18
3.790005805480371e-09	0.25751454	-0.09521026	-0.9039531	0	0	0.4	4.9398064e-18
3.800061542913468e-09	0.25860652	-0.085503265	-0.9048934	0	0	0.4	5.5012747e-18
3.810060595385053e-09	0.27522072	-0.08743268	-0.9004484	0	0	0.4	5.580162e-18
3.820048795269443e-09	0.27152345	-0.097910084	-0.8977532	0	0	0.4	6.112582e-18
3.830057167792307e-09	0.26419467	-0.08717047	-0.90274113	0	0	0.4	4.1750936e-18
3.840064493103348e-09	0.25952888	-0.09767183	-0.9035296	0	0	0.4	4.728912e-18
3.850053613586396e-09	0.25464344	-0.101709336	-0.9035341	0	0	0.4	4.3410046e-18
3.860011459416276e-09	0.25093818	-0.07784021	-0.9036222	0	0	0.4	4.9477014e-18
3.870061586855423e-09	0.26398268	-0.057621777	-0.8994739	0	0	0.4	4.531379e-18
3.880057636896031e-09	0.27736223	-0.03097865	-0.8977777	0	0	0.4	4.19497e-18
3.89002028485967e-09	0.27868795	-0.004161716	-0.894735	0	0	0.4	4.577509e-18
3.900052508926491e-09	0.29635346	0.0025872798	-0.88845533	0	0	0.4	5.081048e-18
3.910015658588282e-09	0.31381395	-0.0016664625	-0.89346755	0	0	0.4	4.572952e-18
3.920062779316094e-09	0.30986786	-0.0024690428	-0.8935326	0	0	0.4	4.857226e-18
3.930016906474418e-09	0.33511108	0.004080314	-0.88989085	0	0	0.4	3.6503683e-18
3.940030129975203e-09	0.317948	0.008088604	-0.8940671	0	0	0.4	4.2333458e-18
3.950010412684198e-09	0.30316526	0.021847129	-0.8971598	0	0	0.4	5.4941043e-18
3.960040966775163e-09	0.31271753	0.044837415	-0.89121896	0	0	0.4	5.1837134e-18
3.970002342571634e-09	0.31014788	0.062360764	-0.8921742	0	0	0.4	5.1294078e-18
3.980021907437307e-09	0.30949804	0.08893068	-0.8929711	0	0	0.4	4.620062e-18
3.990014244971217e-09	0.31335363	0.10247262	-0.89354974	0	0	0.4	4.539466e-18
4.000029268106318e-09	0.32638535	0.10657206	-0.8918425	0	0	0.4	4.6135548e-18
4.010015729687556e-09	0.3230859	0.099543795	-0.8880137	0	0	0.4	3.8201595e-18
4.020048850459497e-09	0.32173786	0.096260145	-0.8915256	0	0	0.4	5.666542e-18
4.030059996494079e-09	0.3337202	0.10540296	-0.8825994	0	0	0.4	4.99114e-18
4.040027959159249e-09	0.33162475	0.12289946	-0.875857	0	0	0.4	4.796881e-18
4.050023918826725e-09	0.32598102	0.14913727	-0.8615839	0	0	0.4	4.16384e-18
4.06002257070033e-09	0.30103838	0.17704311	-0.86083215	0	0	0.4	5.240117e-18
4.070047721965502e-09	0.2768174	0.21415694	-0.8610895	0	0	0.4	5.002959e-18
4.08006687005214e-09	0.25209054	0.24603741	-0.8544021	0	0	0.4	5.7035634e-18
4.0900042404954436e-09	0.2140883	0.27721748	-0.8556486	0	0	0.4	4.3730433e-18
4.100050412280208e-09	0.1861389	0.31358883	-0.84979415	0	0	0.4	4.699597e-18
4.110013592251671e-09	0.1588209	0.35667956	-0.84185225	0	0	0.4	4.4023177e-18
4.120015251120421e-09	0.14622308	0.36888394	-0.84079593	0	0	0.4	4.9034423e-18
4.130055839911064e-09	0.13427567	0.37786075	-0.8375745	0	0	0.4	3.8402944e-18
4.140022303198874e-09	0.1135108	0.39976597	-0.8305045	0	0	0.4	3.809935e-18
4.150011201322171e-09	0.090593554	0.38627484	-0.8331442	0	0	0.4	4.174317e-18
4.160034143033204e-09	0.045363583	0.3764037	-0.81566256	0	0	0.4	4.4071563e-18
4.1700562363883336e-09	-0.026068851	0.37118402	-0.80587107	0	0	0.4	4.558136e-18
4.180042390222526e-09	-0.082886636	0.35153693	-0.7855058	0	0	0.4	4.639793e-18
4.1900370189564816e-09	-0.16050681	0.29699388	-0.7697198	0	0	0.4	4.7780686e-18
4.200031208709596e-09	-0.21879144	0.20989822	-0.7548015	0	0	0.4	5.3869587e-18
4.210001639714536e-09	-0.26201975	0.07084781	-0.73395735	0	0	0.4	4.892422e-18
4.2200479104875735e-09	-0.22343415	-0.060650717	-0.7245354	0	0	0.4	5.148695e-18
4.230031394338021e-09	-0.1548275	-0.15993954	-0.718741	0	0	0.4	4.419182e-18
4.240025230165227e-09	-0.066582344	-0.24298666	-0.71706235	0	0	0.4	3.663828e-18
4.250033273463313e-09	0.063065834	-0.29406855	-0.71637106	0	0	0.4	5.5099353e-18
4.260051090544533e-09	0.20788425	-0.2577255	-0.69800526	0	0	0.4	4.3066915e-18
4.270020805689962e-09	0.30599898	-0.13671412	-0.6884802	0	0	0.4	4.8086528e-18
4.280041731882695e-09	0.30893815	0.04009119	-0.6669612	0	0	0.4	3.7948945e-18
4.290037716032231e-09	0.20438689	0.17324425	-0.6617905	0	0	0.4	4.5490765e-18
4.300036562785824e-09	0.031784505	0.21727192	-0.6603935	0	0	0.4	4.8236736e-18
4.3100575838202905e-09	-0.094334915	0.23822114	-0.66833025	0	0	0.4	3.5389003e-18
4.3200053351911816e-09	-0.23836765	0.20774682	-0.6570866	0	0	0.4	4.12629e-18
4.33003757956244e-09	-0.3411202	0.07546809	-0.6576287	0	0	0.4	5.227874e-18
4.340032782480655e-09	-0.34844145	-0.089079514	-0.6429759	0	0	0.4	5.0365365e-18
4.3500443774958005e-09	-0.25188562	-0.25425354	-0.64078134	0	0	0.4	5.506714e-18
4.3600122693741015e-09	-0.11398045	-0.32599986	-0.6418235	0	0	0.4	4.096056e-18
4.3700316471311455e-09	0.023508396	-0.3018656	-0.64533645	0	0	0.4	4.529236e-18
4.380015464250613e-09	0.13163929	-0.19167459	-0.63901246	0	0	0.4	4.0561087e-18
4.390026685366957e-09	0.18677725	-0.059740864	-0.6318937	0	0	0.4	4.8350597e-18
4.400063343256202e-09	0.20018129	0.112466715	-0.61678016	0	0	0.4	3.894004e-18
4.4100277296507415e-09	0.1238144	0.28851154	-0.6028364	0	0	0.4	5.024404e-18
4.4200388521729175e-09	-0.04586468	0.37835836	-0.5990301	0	0	0.4	4.5736127e-18
4.430015919378014e-09	-0.22768854	0.3495714	-0.5957514	0	0	0.4	5.203794e-18
4.440026982695976e-09	-0.36442843	0.22246638	-0.5941355	0	0	0.4	4.5151645e-18
4.4500162059540125e-09	-0.411142	0.06439469	-0.57583624	0	0	0.4	4.2329876e-18
4.460008717469696e-09	-0.35880974	-0.111670844	-0.5698422	0	0	0.4	4.0661267e-18
4.470012405120765e-09	-0.19893475	-0.24588072	-0.5817955	0	0	0.4	3.6341556e-18
4.480031560099456e-09	-0.017447181	-0.2469659	-0.5753648	0	0	0.4	4.3593e-18
4.490030727227115e-09	0.13546948	-0.19646311	-0.5673251	0	0	0.4	4.485944e-18
4.500031322526519e-09	0.25074947	-0.067998156	-0.5550938	0	0	0.4	4.7528268e-18
4.510046340984921e-09	0.2791026	0.1216721	-0.5344175	0	0	0.4	3.711824e-18
4.52000501839246e-09	0.1886959	0.2947392	-0.5261106	0	0	0.4	4.678028e-18
4.53003544749025e-09	0.022932412	0.4210857	-0.506004	0	0	0.4	3.7535727e-18
4.540060036600403e-09	-0.17526081	0.432793	-0.501835	0	0	0.4	4.3330227e-18
4.550035166147825e-09	-0.345082	0.2767944	-0.4900847	0	0	0.4	3.731539e-18
4.560021681928781e-09	-0.37238556	0.053559396	-0.47891507	0	0	0.4	4.4128e-18
4.57001981591844e-09	-0.25574204	-0.14108159	-0.4815846	0	0	0.4	3.6898935e-18
4.580054346186417e-09	-0.07944032	-0.26535827	-0.48043352	0	0	0.4	3.672955e-18
4.59000801758575e-09	0.11645996	-0.2775633	-0.489019	0	0	0.4	3.8686687e-18
4.600050894643443e-09	0.28314307	-0.14077671	-0.47432244	0	0	0.4	4.7657903e-18
4.610049958655659e-09	0.33581957	0.05994542	-0.46966887	0	0	0.4	3.6537995e-18
4.620024879599078e-09	0.30811355	0.24531798	-0.4534312	0	0	0.4	3.5805998e-18
4.630038433777167e-09	0.15682833	0.39123422	-0.435728	0	0	0.4	4.200615e-18
4.640015013218841e-09	-0.0885936	0.40622815	-0.4293889	0	0	0.4	3.8723493e-18
4.650039045830337e-09	-0.27589512	0.25396183	-0.41756126	0	0	0.4	3.3192829e-18
4.66002935677627e-09	-0.32985765	0.033566874	-0.40134442	0	0	0.4	3.2471997e-18
4.670007497040987e-09	-0.27111602	-0.16354081	-0.3841596	0	0	0.4	3.1474648e-18
4.680020675445317e-09	-0.12747844	-0.35370734	-0.37381414	0	0	0.4	3.3541911e-18
4.690063740698146e-09	0.09808284	-0.42346278	-0.37755004	0	0	0.4	3.7132593e-18
4.700049779905084e-09	0.3226082	-0.33747998	-0.37211916	0	0	0.4	3.516288e-18
4.710029316621363e-09	0.42643526	-0.097989425	-0.3689017	0	0	0.4	3.3525066e-18
4.720043665668767e-09	0.35916263	0.13638999	-0.3655426	0	0	0.4	3.6237145e-18
4.730036167636233e-09	0.21821809	0.30345398	-0.35182807	0	0	0.4	4.5202898e-18
4.740024513814604e-09	-0.014867341	0.36235908	-0.34843615	0	0	0.4	4.8130732e-18
4.750040776055734e-09	-0.22208495	0.23672089	-0.3489543	0	0	0.4	3.4962203e-18
4.760046048257869e-09	-0.32479408	0.032918617	-0.34254912	0	0	0.4	3.4975653e-18
4.7700503189394145e-09	-0.26204184	-0.20970917	-0.3247496	0	0	0.4	4.53026e-18
4.780026872995768e-09	-0.12107397	-0.36639518	-0.31992596	0	0	0.4	4.656445e-18
4.790017586042108e-09	0.12080138	-0.40452373	-0.31629243	0	0	0.4	3.211224e-18
4.800025662386518e-09	0.33405188	-0.26854232	-0.30740938	0	0	0.4	4.2041347e-18
4.810056489491784e-09	0.4147218	0.010768557	-0.29251778	0	0	0.4	3.1038091e-18
4.820019111287299e-09	0.2700867	0.24328452	-0.2758195	0	0	0.4	2.7111326e-18
4.830048243537365e-09	0.04534074	0.34994876	-0.26144916	0	0	0.4	2.880291e-18
4.840042385124254e-09	-0.16423985	0.3205054	-0.26712006	0	0	0.4	3.0666977e-18
4.850007846948072e-09	-0.3480701	0.18501304	-0.266023	0	0	0.4	3.4412583e-18
4.860051096678032e-09	-0.38915712	-0.08723839	-0.25547078	0	0	0.4	2.8298905e-18
4.8700373893800335e-09	-0.25123093	-0.32547614	-0.23659573	0	0	0.4	3.5813947e-18
4.880018238455369e-09	-0.015245478	-0.40158767	-0.23559304	0	0	0.4	3.2027463e-18
4.890041796942451e-09	0.2056812	-0.34113744	-0.23082477	0	0	0.4	2.8003294e-18
4.900051306033756e-09	0.36935723	-0.14241832	-0.22641164	0	0	0.4	3.0728968e-18
4.910008043129451e-09	0.36055484	0.12916157	-0.20943183	0	0	0.4	1.9466883e-18
4.920002115565426e-09	0.18339582	0.3422742	-0.18875724	0	0	0.4	3.3555094e-18
4.930043581894499e-09	-0.07372041	0.40538877	-0.18573472	0	0	0.4	3.697067e-18
4.940003467834005e-09	-0.27766734	0.28901887	-0.17818	0	0	0.4	3.2367263e-18
4.950000665349182e-09	-0.37464064	0.10097947	-0.1602625	0	0	0.4	3.3907653e-18
4.960027449064908e-09	-0.3732074	-0.16193044	-0.14503223	0	0	0.4	3.3053591e-18
4.970038566943342e-09	-0.13434067	-0.3671772	-0.13229622	0	0	0.4	2.057556e-18
4.980023366644835e-09	0.16294996	-0.3579385	-0.12549362	0	0	0.4	3.0335925e-18
4.990000036356168e-09	0.34630397	-0.18813153	-0.122474596	0	0	0.4	3.1073141e-18
5.000044341844052e-09	0.38332683	0.045313716	-0.10843065	0	0	0.4	3.1150813e-18
5.010004600975746e-09	0.26834017	0.2995923	-0.094210714	0	0	0.4	2.848842e-18
5.020022853574536e-09	-0.019356223	0.43491367	-0.091810405	0	0	0.4	2.807549e-18
5.030001961882452e-09	-0.29020113	0.3412365	-0.07787541	0	0	0.4	1.6578062e-18
5.040011191802787e-09	-0.4115377	0.07364762	-0.061329115	0	0	0.4	2.2286938e-18
5.050045790430451e-09	-0.32431647	-0.17154738	-0.051073685	0	0	0.4	3.1444733e-18
5.060014948743109e-09	-0.13197306	-0.3232975	-0.047826156	0	0	0.4	2.7914157e-18
5.0700486956979725e-09	0.09129665	-0.35239443	-0.04914664	0	0	0.4	3.4205087e-18
5.080030305963255e-09	0.3111544	-0.22638862	-0.043201577	0	0	0.4	2.5097555e-18
5.090019746205341e-09	0.41895637	0.01576451	-0.02639686	0	0	0.4	1.8814147e-18
5.100055268905441e-09	0.28607383	0.31969076	-0.010746622	0	0	0.4	2.7044689e-18
5.110036172533063e-09	-0.01271284	0.43525562	-0.004491327	0	0	0.4	3.0344029e-18
5.120042409433308e-09	-0.24061494	0.34257552	-0.002538634	0	0	0.4	2.0094173e-18
5.13004993874277e-09	-0.36007023	0.16806918	0.012153137	0	0	0.4	2.7867614e-18
5.140064208015754e-09	-0.35440865	-0.07949623	0.03361994	0	0	0.4	1.5390177e-18
5.150039088576611e-09	-0.1865546	-0.32481256	0.047177713	0	0	0.4	2.2275788e-18
5.160049790670919e-09	0.11598275	-0.38842842	0.06653655	0	0	0.4	1.6545609e-18
5.170052449472962e-09	0.34335628	-0.26947293	0.07785688	0	0	0.4	2.7316161e-18
5.180015675597454e-09	0.45163697	-0.03892301	0.0827206	0	0	0.4	2.5819967e-18
5.190000772677334e-09	0.3409078	0.23912092	0.09563886	0	0	0.4	2.8204907e-18
5.200017110324505e-09	0.044367258	0.38049316	0.106131926	0	0	0.4	2.0271883e-18
5.210030060959877e-09	-0.25139025	0.27010053	0.1120961	0	0	0.4	1.6228503e-18
5.220043687143824e-09	-0.34773684	0.038682	0.11562888	0	0	0.4	2.8925321e-18
5.230046389588098e-09	-0.32591477	-0.16646488	0.14197043	0	0	0.4	1.5810998e-18
5.240052639772063e-09	-0.15167397	-0.37099776	0.15308128	0	0	0.4	9.700534e-19
5.250037478592935e-09	0.17875172	-0.40249586	0.15582398	0	0	0.4	1.9165922e-18
5.260016347205053e-09	0.39350417	-0.17248131	0.15963121	0	0	0.4	2.1003673e-18
5.270030033692527e-09	0.36699522	0.14169036	0.17965434	0	0	0.4	1.9158072e-18
5.2800554427175915e-09	0.148488	0.36003777	0.19438572	0	0	0.4	1.5257143e-18
5.290030051123946e-09	-0.11537131	0.3584585	0.20201513	0	0	0.4	2.4837601e-18
5.300020155344912e-09	-0.31192395	0.2102967	0.2011461	0	0	0.4	1.6168762e-18
5.310044065190958e-09	-0.39516422	-0.0036684512	0.22421803	0	0	0.4	1.4853942e-18
5.3200362514944356e-09	-0.30355415	-0.30163687	0.24071997	0	0	0.4	1.4521527e-18
5.330001476221926e-09	0.021996027	-0.42143512	0.2441938	0	0	0.4	1.1088028e-18
5.340022348881631e-09	0.3105981	-0.25878045	0.25260878	0	0	0.4	2.0751073e-18
5.350025913410374e-09	0.38297892	0.011213349	0.2550744	0	0	0.4	2.308455e-18
5.360031119525873e-09	0.28338394	0.23655029	0.26306993	0	0	0.4	1.1986639e-18
5.3700508466342715e-09	0.0415973	0.34758946	0.27457458	0	0	0.4	6.915062e-19
5.380012905852658e-09	-0.20653124	0.31771624	0.28255978	0	0	0.4	1.2809673e-18
5.3900644321074535e-09	-0.37749544	0.0819217	0.28514352	0	0	0.4	5.1251206e-19
5.400008865480219e-09	-0.32325158	-0.22014198	0.30993274	0	0	0.4	1.9452112e-18
5.4100079593505615e-09	-0.07217503	-0.39635998	0.31776544	0	0	0.4	9.635944e-19
5.420066967613666e-09	0.20234516	-0.3363763	0.33679003	0	0	0.4	1.283874e-18
5.4300388468892505e-09	0.36093086	-0.08008543	0.34456882	0	0	0.4	9.740432e-19
5.4400077879543985e-09	0.2821554	0.17970039	0.35907778	0	0	0.4	1.5635027e-18
5.450024775787806e-09	0.05196492	0.3320459	0.37732092	0	0	0.4	2.0654563e-18
5.4600624937780134e-09	-0.21236691	0.2989722	0.38713607	0	0	0.4	1.6738463e-18
5.470016741358286e-09	-0.3257097	0.07222614	0.39692366	0	0	0.4	7.4045445e-19
5.480039154327996e-09	-0.2826302	-0.15646666	0.40337038	0	0	0.4	2.0443481e-18
5.490000561926548e-09	-0.11253804	-0.3360263	0.4126223	0	0	0.4	8.547195e-19
5.500001994067491e-09	0.14427343	-0.3382663	0.42393276	0	0	0.4	8.5142595e-19
5.510042820868188e-09	0.309807	-0.12920368	0.44250685	0	0	0.4	9.86796e-19
5.520050844823765e-09	0.31023094	0.14309166	0.45088062	0	0	0.4	-4.4205547e-20
5.530002668237208e-09	0.12727797	0.3307678	0.46524552	0	0	0.4	1.3003076e-18
5.54000714762586e-09	-0.14750522	0.32854983	0.47984326	0	0	0.4	7.707747e-19
5.550010618024544e-09	-0.31702378	0.12830064	0.48449466	0	0	0.4	7.973349e-19
5.560010470380917e-09	-0.30661976	-0.116607964	0.49882373	0	0	0.4	1.1521391e-18
5.570003612542632e-09	-0.13423423	-0.31150025	0.5155266	0	0	0.4	3.8072926e-19
5.580017639013337e-09	0.13866268	-0.3098719	0.5204633	0	0	0.4	1.3420917e-18
5.5900549805985855e-09	0.2989384	-0.11231822	0.52712554	0	0	0.4	2.4063671e-19
5.600022633630831e-09	0.27240247	0.14667058	0.54337794	0	0	0.4	1.1627827e-19
5.610028143905071e-09	0.09252685	0.32152462	0.56617767	0	0	0.4	3.1754732e-19
5.6200251078508595e-09	-0.13920045	0.282098	0.5770255	0	0	0.4	8.2157543e-19
5.630039529065357e-09	-0.28979012	0.07271548	0.5870473	0	0	0.4	5.793445e-19
5.640049308823886e-09	-0.254844	-0.14774448	0.60100204	0	0	0.4	-5.502024e-20
5.650040810994013e-09	-0.049894724	-0.31208652	0.6156365	0	0	0.4	4.8057617e-19
5.660039147769474e-09	0.21909547	-0.24988572	0.6248721	0	0	0.4	-6.4244456e-19
5.670042885031307e-09	0.30967954	-0.0054111034	0.64062333	0	0	0.4	-3.685291e-19
5.680062910382836e-09	0.18737534	0.21233837	0.6507988	0	0	0.4	4.8963307e-19
5.69005377807025e-09	-0.019394679	0.2798607	0.6545447	0	0	0.4	-4.66232e-19
5.700009648640748e-09	-0.22047545	0.18571535	0.6649095	0	0	0.4	5.176119e-19
5.7100488133938096e-09	-0.271441	-0.06490802	0.68312883	0	0	0.4	-2.4605486e-20
5.720017340906691e-09	-0.124199584	-0.2672731	0.69426847	0	0	0.4	3.3734933e-19
5.7300432174191205e-09	0.121345595	-0.28969544	0.6973886	0	0	0.4	-4.856821e-19
5.740047365376294e-09	0.28509218	-0.08543166	0.70300114	0	0	0.4	-5.789138e-19
5.75004291601274e-09	0.20855498	0.14612065	0.7127475	0	0	0.4	-3.1375718e-19
5.760056628953807e-09	0.0065912674	0.25065207	0.72216403	0	0	0.4	3.607896e-19
5.770054833598549e-09	-0.18636578	0.17943686	0.72761935	0	0	0.4	-1.150374e-19
5.780022240004661e-09	-0.24909188	-0.014162029	0.73128873	0	0	0.4	7.6381837e-19
5.790025778377817e-09	-0.1571406	-0.21367696	0.7481099	0	0	0.4	-7.5221287e-19
5.800050532767061e-09	0.06880981	-0.26377136	0.75606894	0	0	0.4	4.611897e-19
5.810019781900162e-09	0.25411946	-0.06420851	0.76537454	0	0	0.4	-1.705147e-19
5.820003861953401e-09	0.20969376	0.20639108	0.77314085	0	0	0.4	-1.0379399e-18
5.830001381880802e-09	-0.06262582	0.26178378	0.78597903	0	0	0.4	-2.1737161e-19
5.840036065654905e-09	-0.21346655	0.08842815	0.78926	0	0	0.4	-5.9809005e-19
5.850062550984411e-09	-0.1955572	-0.087883025	0.79099435	0	0	0.4	-5.7565644e-20
5.860013846995411e-09	-0.05498158	-0.21764347	0.7983004	0	0	0.4	6.4861863e-19
5.870042706524477e-09	0.15943709	-0.18948421	0.8049135	0	0	0.4	-4.6022597e-19
5.880031771419428e-09	0.25811008	0.045494102	0.81279707	0	0	0.4	-8.761885e-19
5.890030795168675e-09	0.09395066	0.26788172	0.8252742	0	0	0.4	-1.0147902e-19
5.900029544967129e-09	-0.21084452	0.21444616	0.83068997	0	0	0.4	-7.727794e-19
5.910013443074043e-09	-0.27801138	-0.12596215	0.8322481	0	0	0.4	-1.6111398e-18
5.9200536036387054e-09	0.017029509	-0.29794648	0.84961796	0	0	0.4	-9.921217e-19
5.9300339139337714e-09	0.2701833	-0.06699059	0.85871834	0	0	0.4	9.7115256e-20
5.9400238739715865e-09	0.1559447	0.21929638	0.8638216	0	0	0.4	-1.0755653e-18
5.950010661143058e-09	-0.14605646	0.22342591	0.86860377	0	0	0.4	-7.632166e-19
5.9600514346125554e-09	-0.2513023	-0.07847128	0.8815046	0	0	0.4	-2.2493838e-19
5.970013409931028e-09	0.016168723	-0.24679975	0.89289904	0	0	0.4	-6.9978187e-19
5.980061983131034e-09	0.2550017	-0.029989159	0.89523125	0	0	0.4	-7.0396363e-19
5.990036555731318e-09	0.076822184	0.23366357	0.903667	0	0	0.4	-1.0016852e-18
6.000048295440067e-09	-0.20550269	0.11246152	0.9138247	0	0	0.4	-1.8671925e-18
6.010062064728127e-09	-0.14385957	-0.14850062	0.9209017	0	0	0.4	-1.2251564e-18
6.020039627047677e-09	0.114670135	-0.15520553	0.9252748	0	0	0.4	-1.5864584e-18
6.030023155166962e-09	0.1747063	0.08902373	0.9315841	0	0	0.4	-9.502485e-19
6.040008572017544e-09	-0.04533545	0.1735577	0.93533236	0	0	0.4	-8.961679e-19
6.050016091090147e-09	-0.17121194	-0.006323979	0.9426408	0	0	0.4	-1.4210437e-18
6.0600368892811905e-09	-0.014604434	-0.16045165	0.9436999	0	0	0.4	-8.7546424e-20
6.070001781348049e-09	0.13902502	-0.0214452	0.9488286	0	0	0.4	-1.1568573e-18
6.08001014788826e-09	0.01792742	0.12504269	0.9479964	0	0	0.4	-1.7920099e-18
6.090014847682526e-09	-0.11995905	0.025068032	0.94904965	0	0	0.4	-1.6201701e-18
6.10001235768627e-09	-0.05180733	-0.11521307	0.94692224	0	0	0.4	-1.2871525e-18
6.110041717938142e-09	0.10756856	-0.06679393	0.95114994	0	0	0.4	-9.387972e-19
6.120044777496769e-09	0.06445571	0.0883724	0.9532162	0	0	0.4	-1.849709e-18
6.130011847556435e-09	-0.060347743	0.07394079	0.9564424	0	0	0.4	-2.7230575e-18
6.140043363363865e-09	-0.0863864	-0.04833497	0.95596296	0	0	0.4	-9.944313e-19
6.150045007098631e-09	0.014976135	-0.07415761	0.9593396	0	0	0.4	-1.9008096e-18
6.1600317022804075e-09	0.06861812	-0.009928185	0.9581477	0	0	0.4	-2.011709e-18
6.170064085476005e-09	0.01501419	0.06691397	0.9613386	0	0	0.4	-1.5128267e-18
6.180056309605374e-09	-0.067021705	0.023290453	0.96370333	0	0	0.4	-1.0757009e-18
6.1900319156688495e-09	-0.053382207	-0.07960211	0.9627769	0	0	0.4	-1.3686677e-18
6.200007070474329e-09	0.08826475	-0.051957864	0.9633499	0	0	0.4	-1.2460952e-18
6.210038626998523e-09	0.051840693	0.07810453	0.96136427	0	0	0.4	-1.3577607e-18
6.22003973720051e-09	-0.062274434	0.05355419	0.96282935	0	0	0.4	-1.7195857e-18
6.230060569508104e-09	-0.066867694	-0.045180015	0.96482134	0	0	0.4	-2.0664554e-18
6.240038589015381e-09	0.030895347	-0.07424822	0.96449107	0	0	0.4	-1.54483e-18
6.25001127190711e-09	0.058125153	0.0017595503	0.96564204	0	0	0.4	-1.1942396e-18
6.2600520719107186e-09	-0.010160166	0.059316102	0.962644	0	0	0.4	-1.3934204e-18
6.27006103920444e-09	-0.04078864	-0.008373346	0.9649912	0	0	0.4	-1.8024975e-18
6.2800009129754075e-09	-0.021111662	-0.049614944	0.96346325	0	0	0.4	-1.2780569e-18
6.290010826940729e-09	0.04876878	-0.020639837	0.96279097	0	0	0.4	-2.149031e-18
6.300022435957522e-09	0.035545293	0.037520315	0.96345574	0	0	0.4	-1.2971478e-18
6.310059903001538e-09	-0.037305653	0.04239314	0.9608449	0	0	0.4	-1.6128086e-18
6.320064980391981e-09	-0.041910257	-0.03797531	0.9648807	0	0	0.4	-1.2190614e-18
6.330018569524309e-09	0.03354288	-0.038613033	0.96412665	0	0	0.4	-1.8198747e-18
6.340018733600328e-09	0.037213124	0.017693374	0.9624148	0	0	0.4	-6.2325795e-19
6.350051017148897e-09	-0.009711039	0.036730602	0.96481305	0	0	0.4	-2.0787214e-18
6.360026700406241e-09	-0.019929042	-0.022637978	0.96369743	0	0	0.4	-9.707591e-19
6.3700470241589896e-09	0.020610092	-0.028155256	0.9635412	0	0	0.4	-2.824011e-19
6.380005799214003e-09	0.017383877	0.024316303	0.9657435	0	0	0.4	-1.7314924e-18
6.390063120921998e-09	-0.014322812	0.03764185	0.96515375	0	0	0.4	-1.8377474e-18
6.400020033900722e-09	-0.04056749	-0.01924709	0.96630466	0	0	0.4	-1.2063134e-18
6.410052869883085e-09	0.026639549	-0.056356344	0.9643128	0	0	0.4	-1.0324532e-18
6.420035572949619e-09	0.04754756	0.027391598	0.9690785	0	0	0.4	-8.4169794e-19
6.430017588319611e-09	-0.018596523	0.04873004	0.96521145	0	0	0.4	-2.0938706e-18
6.44003817222001e-09	-0.030007623	-0.025627388	0.9648409	0	0	0.4	-2.1316492e-18
6.450010662631001e-09	0.029245798	-0.0249119	0.96688414	0	0	0.4	-1.2367132e-18
6.460012289195372e-09	0.02282283	0.037378155	0.96466976	0	0	0.4	-4.910276e-19
6.4700337384013845e-09	-0.036567602	0.024760203	0.9639132	0	0	0.4	-1.3371837e-19
6.480043743022809e-09	-0.017773883	-0.0363127	0.96492434	0	0	0.4	-1.8235898e-18
6.4900388117079215e-09	0.029578695	-0.008504425	0.96583766	0	0	0.4	-9.994583e-19
6.500040827015215e-09	0.025862727	0.012608443	0.96776116	0	0	0.4	-7.691652e-19
6.510009396979745e-09	-0.0074932706	0.027839137	0.96439666	0	0	0.4	-1.5822693e-18
6.520022800781828e-09	-0.0026459142	0.010540071	0.9661949	0	0	0.4	-1.6174724e-18
6.5300435967022876e-09	-0.012250001	-0.011595542	0.96346146	0	0	0.4	-1.7762637e-18
6.540012041576469e-09	0.0072854366	-0.017871255	0.964895	0	0	0.4	-1.6181557e-18
6.550047870231019e-09	0.028459739	-0.002338495	0.9630058	0	0	0.4	-1.7010081e-18
6.560015557012516e-09	0.0078038243	0.028226214	0.9634141	0	0	0.4	-1.777208e-18
6.570004044675841e-09	-0.013789057	0.0024671238	0.9634393	0	0	0.4	-2.1069576e-18
6.580055242301804e-09	-0.0028767926	-0.021127721	0.965409	0	0	0.4	-1.260455e-18
6.590032327970997e-09	0.012754607	0.008034983	0.9670887	0	0	0.4	-2.1105112e-18
6.6000627548647275e-09	-0.013253839	-0.008457305	0.96580094	0	0	0.4	-1.3979462e-18
6.610044472570543e-09	0.0077233254	-0.003928841	0.9659574	0	0	0.4	-1.4429084e-18
6.6200160559821686e-09	0.007469188	0.012180734	0.96296483	0	0	0.4	-1.3086298e-18
6.630005956456311e-09	-0.0074490877	0.0028430978	0.96640515	0	0	0.4	-1.924513e-18
6.640017006700167e-09	-0.015724836	-0.004527348	0.9664526	0	0	0.4	-9.352142e-19
6.65004977353314e-09	0.0151982885	-0.021472633	0.96707785	0	0	0.4	-1.3946038e-18
6.6600608444417286e-09	-8.024723e-05	0.01535318	0.96760327	0	0	0.4	-2.0565842e-18
6.670054453678706e-09	-0.011273876	0.020881422	0.9686968	0	0	0.4	-1.658447e-18
6.680043032247453e-09	-0.017142266	-0.010423832	0.9683404	0	0	0.4	-9.392302e-19
6.690013942310078e-09	0.00020235043	-0.016089084	0.9653957	0	0	0.4	-1.2678997e-18
6.700038881249553e-09	0.010418181	-0.0006013803	0.9667773	0	0	0.4	-1.2171227e-18
6.710031957163517e-09	0.0019719917	0.014877307	0.9670732	0	0	0.4	-1.7736551e-18
6.720037586906431e-09	-0.017192	0.002231999	0.9669596	0	0	0.4	-6.68773e-19
6.730027840269542e-09	0.009127321	-0.00807948	0.9645737	0	0	0.4	-1.1365914e-18
6.740005851838422e-09	-0.013846434	0.005559267	0.96872467	0	0	0.4	-5.390651e-19
6.750056893440023e-09	-0.0035766533	0.005348633	0.9681338	0	0	0.4	-1.920413e-18
6.7600268322534985e-09	-0.008697989	-0.009943779	0.9674139	0	0	0.4	-1.792769e-18
6.77005578947617e-09	0.0024019342	-0.01191312	0.9673942	0	0	0.4	-1.395703e-18
6.780036044585424e-09	0.02226108	0.0074287294	0.9677165	0	0	0.4	-2.6074393e-18
6.790002970947424e-09	-0.0014656447	0.03199193	0.96861464	0	0	0.4	-2.0990484e-18
6.800033126835249e-09	-0.0395546	0.0069962814	0.96588707	0	0	0.4	-1.5332494e-18
6.810029580714959e-09	-0.007820311	-0.042354763	0.9658736	0	0	0.4	-1.6427441e-18
6.820038918650356e-09	0.03763398	-0.03783398	0.96751875	0	0	0.4	-4.3949026e-19
6.830004269079821e-09	0.035165846	0.024240343	0.96866685	0	0	0.4	-5.2678517e-19
6.84006273510393e-09	-0.019997587	0.040454075	0.9674407	0	0	0.4	-1.200995e-18
6.850036672602284e-09	-0.040023945	-0.026921503	0.9656364	0	0	0.4	-5.709083e-19
6.86004933356731e-09	0.026287211	-0.04504248	0.9649387	0	0	0.4	-1.5762663e-18
6.8700612174570175e-09	0.043681975	0.020368433	0.9651022	0	0	0.4	-8.931235e-19
6.880034902250497e-09	-0.0077411835	0.031806983	0.9661684	0	0	0.4	-9.88687e-19
6.890023910086913e-09	-0.037283327	-0.005137945	0.96223855	0	0	0.4	-1.5372638e-18
6.900038956821238e-09	-0.004847678	-0.031240057	0.9658947	0	0	0.4	-1.9102148e-18
6.9100402505802944e-09	0.017388532	-0.0142556215	0.96499515	0	0	0.4	-1.3815161e-18
6.9200589946239455e-09	0.022807457	0.028165009	0.9634339	0	0	0.4	-1.2018564e-18
6.93003237782299e-09	-0.038437016	0.01733045	0.9665471	0	0	0.4	-1.2166161e-18
6.940026557538218e-09	0.0006849813	-0.042091966	0.96585774	0	0	0.4	-1.1394275e-18
6.9500306821484564e-09	0.046255976	0.0005838624	0.9627147	0	0	0.4	-2.000053e-18
6.960028632393114e-09	-0.008996926	0.032101374	0.96232253	0	0	0.4	-1.5045148e-18
6.97005315773219e-09	-0.021320539	0.0006474873	0.963907	0	0	0.4	-1.2839776e-18
6.980000552167831e-09	-0.013051731	-0.023131661	0.96372473	0	0	0.4	-1.3247539e-18
6.990044446511665e-09	0.029693078	0.0016919004	0.9666833	0	0	0.4	-1.4770377e-18
7.000046323898321e-09	0.0022872868	0.027124655	0.9645127	0	0	0.4	-1.875152e-18
7.010000425378487e-09	-0.029670179	-0.005641543	0.96504605	0	0	0.4	-9.570198e-19
7.0200211640644985e-09	0.016158503	-0.03447283	0.9645532	0	0	0.4	-7.7167964e-19
7.030038591850057e-09	0.027050534	0.008264633	0.9644066	0	0	0.4	-9.386205e-19
7.040046899106411e-09	0.013280865	0.026293367	0.9658442	0	0	0.4	-1.6283199e-18
7.050046480247345e-09	-0.03474139	0.020254456	0.96411484	0	0	0.4	-8.64406e-19
7.0600069398709134e-09	-0.027675977	-0.025783673	0.9643068	0	0	0.4	-9.787677e-19
7.070021788876742e-09	0.011498144	-0.030878445	0.9647684	0	0	0.4	-7.1867587e-19
7.080011398773191e-09	0.023037324	0.018437993	0.96789956	0	0	0.4	-1.3929974e-18
7.090043240455751e-09	-0.0063777007	0.013896546	0.96496207	0	0	0.4	-1.0110513e-18
7.100034803844076e-09	-0.012126087	-0.0060998043	0.96819836	0	0	0.4	-1.670941e-18
7.110062251227173e-09	0.0039128507	-0.020793224	0.9651379	0	0	0.4	-1.6983083e-18
7.120005611588346e-09	0.005385312	0.011003034	0.96599096	0	0	0.4	-1.8363674e-18
7.130062318147969e-09	-0.023657171	0.011144262	0.9649033	0	0	0.4	-2.3147576e-18
7.140033575256394e-09	-0.011886685	-0.014349426	0.9663866	0	0	0.4	-1.0423523e-18
7.1500518143503556e-09	0.002712976	-0.005819956	0.9658811	0	0	0.4	-1.0030317e-18
7.16004738462357e-09	0.03306817	-0.0013004594	0.9613978	0	0	0.4	-1.8300914e-18
7.170006417020711e-09	0.007589306	0.042627122	0.9621962	0	0	0.4	-1.7025265e-18
7.180046768326314e-09	-0.03644607	0.0066817007	0.9648251	0	0	0.4	-4.0135062e-19
7.190025486518409e-09	-0.020451171	-0.031674214	0.9648215	0	0	0.4	-1.7416226e-18
7.200026354194835e-09	0.028271886	-0.014519908	0.96767336	0	0	0.4	-8.608223e-19
7.210037409223219e-09	0.023998322	0.014608632	0.9668184	0	0	0.4	-1.5439932e-18
7.2200589691973425e-09	-0.0088276155	0.023739267	0.9649836	0	0	0.4	-1.3804504e-18
7.23006552403765e-09	-0.0071511283	-0.010571999	0.9649801	0	0	0.4	-1.2991187e-18
7.2400357487955155e-09	0.0039277556	0.00036159172	0.96669555	0	0	0.4	-1.3917108e-18
7.250056856926972e-09	0.004003804	-0.006461895	0.9657509	0	0	0.4	-1.4850552e-18
7.260020028248787e-09	-0.008682798	-0.0065953718	0.96366656	0	0	0.4	-1.7171005e-18
7.27005093982463e-09	0.02017631	-0.018759698	0.9642279	0	0	0.4	-9.905401e-19
7.280019021925491e-09	0.0108723	0.039114393	0.9653816	0	0	0.4	-1.5058587e-18
7.290036186032196e-09	-0.046478722	0.0039016132	0.9634658	0	0	0.4	-2.5283032e-18
7.3000583611644886e-09	0.0014253587	-0.057069946	0.9634449	0	0	0.4	-1.9441507e-18
7.310040536527442e-09	0.056976352	0.0060049444	0.962005	0	0	0.4	-8.848541e-19
7.320046190295732e-09	-0.006896906	0.04753116	0.96518725	0	0	0.4	-1.6647373e-18
7.330006087794216e-09	-0.042112026	0.004668211	0.96327066	0	0	0.4	-4.142273e-19
7.340041948694287e-09	0.0011410207	-0.032006513	0.9636964	0	0	0.4	-1.412674e-18
7.350045912128383e-09	0.016415946	-0.0250507	0.96449924	0	0	0.4	-6.5906096e-19
7.360059897468128e-09	0.029049784	0.012806136	0.9609674	0	0	0.4	-6.1857693e-19
7.370023673521631e-09	-0.0026671235	0.03795169	0.9645965	0	0	0.4	-1.2001275e-18
7.380018095259654e-09	-0.0339739	0.00185908	0.9666091	0	0	0.4	-6.15602e-19
7.390061054655392e-09	0.014102145	-0.03606825	0.96527743	0	0	0.4	-2.1823215e-18
7.400062128987205e-09	0.028296856	-3.6743473e-05	0.96585065	0	0	0.4	-3.2915548e-19
7.410010812524785e-09	-0.0041457578	0.020680599	0.9638735	0	0	0.4	-2.060044e-18
7.420018814041039e-09	-0.003206434	0.0006240404	0.96553147	0	0	0.4	-8.716813e-19
7.4300114814321615e-09	-0.016295517	0.0008519565	0.9639912	0	0	0.4	-7.025733e-19
7.440032413526352e-09	-0.005128824	-0.0052269455	0.96359694	0	0	0.4	-1.1071434e-18
7.450021430391756e-09	0.0023271944	-0.021275532	0.96188587	0	0	0.4	-1.7854778e-18
7.460050858512753e-09	0.018518383	-0.012419858	0.9620604	0	0	0.4	7.295037e-20
7.470000398296676e-09	0.009571076	0.0104429	0.9598752	0	0	0.4	-1.389097e-18
7.48003798165217e-09	-0.0012585137	0.015190609	0.96211565	0	0	0.4	-6.3488914e-19
7.490034959397928e-09	-0.01646698	0.00047731987	0.96172464	0	0	0.4	-1.3588755e-18
7.500058431482012e-09	0.0059942002	-0.022403928	0.9656852	0	0	0.4	-2.0056328e-18
7.510017472527396e-09	0.0064578243	-0.0107655665	0.9653338	0	0	0.4	-4.4889443e-19
7.520034513955434e-09	0.017164234	0.013180587	0.96338946	0	0	0.4	-8.888188e-19
7.53000508706553e-09	-0.019555923	0.013841239	0.96179223	0	0	0.4	-6.635806e-19
7.540022672123466e-09	-0.012508026	-0.043129005	0.95932025	0	0	0.4	-2.0597178e-18
7.550026635472827e-09	0.049444646	-0.022926059	0.9595173	0	0	0.4	-1.2625046e-18
7.560047472822666e-09	0.033281807	0.06681748	0.95833313	0	0	0.4	-1.0813091e-18
7.5700106126157e-09	-0.064821154	0.039184317	0.9615193	0	0	0.4	-1.4345071e-18
7.580026752911062e-09	-0.04340962	-0.071655564	0.96177214	0	0	0.4	-1.6204481e-18
7.59004878689906e-09	0.07337027	-0.051453408	0.96112525	0	0	0.4	-1.2189308e-18
7.60003185813542e-09	0.032584697	0.05779315	0.9637143	0	0	0.4	-2.0530718e-18
7.610002583770206e-09	-0.0631254	0.03690471	0.9616182	0	0	0.4	-1.2619729e-18
7.62001447916541e-09	-0.053456075	-0.04941217	0.96199435	0	0	0.4	-1.3660993e-18
7.63004332334951e-09	0.037034165	-0.048357714	0.9626699	0	0	0.4	-1.4407185e-18
7.64001436437088e-09	0.035480786	0.03052903	0.9675057	0	0	0.4	3.7869078e-19
7.650051847724403e-09	-0.019407393	0.033723265	0.96755266	0	0	0.4	-1.5548887e-18
7.66005965524953e-09	-0.04529875	-0.023292674	0.96626484	0	0	0.4	-2.2765892e-18
7.670013382915893e-09	0.027778056	-0.050407898	0.9652635	0	0	0.4	-1.6782645e-18
7.680048361843474e-09	0.044916913	0.010017533	0.965032	0	0	0.4	-1.2705145e-18
7.690061352747123e-09	0.0054679317	0.030824425	0.96552885	0	0	0.4	-1.3236324e-18
7.700025529619578e-09	-0.035740398	0.021813331	0.9651883	0	0	0.4	-6.181783e-19
7.710064608051075e-09	-0.018709922	-0.021985486	0.96462226	0	0	0.4	-9.166974e-19
7.720056352165568e-09	0.010780142	-0.017548801	0.9647121	0	0	0.4	-1.1288263e-18
7.73001298402296e-09	0.032424785	-0.0011656543	0.9653292	0	0	0.4	-2.0842983e-18
7.740016725426588e-09	-0.0004411061	0.037988555	0.9653271	0	0	0.4	-1.9346737e-18
7.750002205521587e-09	-0.043659396	0.0019826689	0.96604	0	0	0.4	-1.7379536e-18
7.760001427610908e-09	0.0057409066	-0.028854055	0.96667117	0	0	0.4	-1.1783865e-18
7.770050380646472e-09	0.014418809	0.01272911	0.96493506	0	0	0.4	-1.753054e-18
7.780061094823089e-09	-0.009411582	0.010381424	0.96377534	0	0	0.4	-9.456908e-19
7.790016318770534e-09	-0.004882414	-0.014653965	0.96359134	0	0	0.4	-1.2252704e-18
7.800008128790838e-09	0.021098074	0.011562455	0.969891	0	0	0.4	-1.9621946e-18
7.81002748802492e-09	0.000533962	0.013888422	0.9671459	0	0	0.4	-1.857216e-18
7.8200319687371e-09	-0.0037244158	-0.0016649275	0.9684978	0	0	0.4	-9.2815e-19
7.830001508828486e-09	-0.0032377678	0.008264266	0.9662125	0	0	0.4	-1.4427997e-18
7.8400302111312e-09	0.002563793	-0.007109153	0.96640235	0	0	0.4	-6.231023e-19
7.85001087498325e-09	-0.0015556404	0.0013511569	0.96464705	0	0	0.4	-1.2553764e-18
7.86003692922589e-09	-0.011829966	0.009657255	0.9643662	0	0	0.4	-1.6278724e-18
7.870030262784648e-09	-0.008056781	-0.0058006817	0.96485186	0	0	0.4	-1.0026456e-18
7.88002668868994e-09	0.0075590997	-0.0024084551	0.9630275	0	0	0.4	-1.6488347e-18
7.890062131306217e-09	0.0118472995	0.0019456499	0.96454054	0	0	0.4	-2.299963e-18
7.900019680088445e-09	-0.01003936	0.013741456	0.9623075	0	0	0.4	-1.5979274e-18
7.910004533649521e-09	-0.019361205	-0.0029206534	0.9620254	0	0	0.4	-1.4568724e-18
7.920060410436988e-09	-0.009126751	-0.021969784	0.96250427	0	0	0.4	-2.2143941e-18
7.930060205887731e-09	0.020720806	-0.0027365515	0.96532273	0	0	0.4	-1.3328133e-18
7.940024212944751e-09	0.004103516	0.033273388	0.9669433	0	0	0.4	-2.0065807e-18
7.950040736062955e-09	-0.028332222	-0.00297368	0.96723706	0	0	0.4	-1.8635554e-18
7.960026828247161e-09	0.001174556	-0.020669235	0.9635782	0	0	0.4	-1.2814622e-18
7.97005048693791e-09	0.0055561992	0.005311041	0.96461284	0	0	0.4	-2.2880953e-18
7.980008078876478e-09	0.0014605507	-0.0045118653	0.96693105	0	0	0.4	-1.6104325e-18
7.990054328985495e-09	-0.0070220227	0.0006961608	0.96815425	0	0	0.4	-1.1019263e-18
8.000051437627305e-09	-0.0093826605	-0.005412406	0.9663475	0	0	0.4	-1.3552543e-18
8.0100620880417e-09	0.012154444	-0.004899491	0.96634454	0	0	0.4	-9.940697e-19
8.020029347211518e-09	0.0014425815	0.010497879	0.9658678	0	0	0.4	-2.1026338e-18
8.030037186633789e-09	3.7338054e-05	0.005819794	0.9665591	0	0	0.4	-3.8146463e-19
8.040042549001589e-09	-0.009760983	-0.0051476597	0.9668997	0	0	0.4	-1.4210387e-18
8.050000903903842e-09	0.011272354	-0.0011160597	0.9660221	0	0	0.4	-1.3829883e-18
8.060059484259082e-09	-0.0035061836	0.02376935	0.9645668	0	0	0.4	-1.1732275e-18
8.070033686086944e-09	-0.035265196	-0.018322479	0.96390694	0	0	0.4	-4.8975477e-19
8.080059267184988e-09	0.016950598	-0.028421916	0.96401304	0	0	0.4	-2.3139511e-18
8.090013548337693e-09	0.0049845693	0.010574494	0.96010643	0	0	0.4	-1.3539466e-18
8.10005348264913e-09	-0.01102626	-0.0076409923	0.96177036	0	0	0.4	-1.7892243e-18
8.110052451641883e-09	0.01155407	0.01748899	0.9626882	0	0	0.4	-3.77049e-19
8.12005328751408e-09	-0.009529177	-0.00055867893	0.96534765	0	0	0.4	-1.2655393e-18
8.13005311616176e-09	-0.012601494	-0.019570582	0.96617436	0	0	0.4	-1.0193218e-18
8.140020564176545e-09	0.036515113	-0.02288605	0.9666019	0	0	0.4	-1.269522e-18
8.150009060475133e-09	0.034089983	0.024783853	0.96332085	0	0	0.4	-1.4181045e-18
8.160020446582292e-09	-0.016099704	0.033711273	0.9667378	0	0	0.4	-1.9217046e-18
8.170025839390438e-09	-0.022969263	-0.0060256403	0.9678223	0	0	0.4	-1.831884e-18
8.18003243055901e-09	0.0052451617	-0.01643752	0.96778715	0	0	0.4	-1.3525501e-18
8.190032375594954e-09	0.016604975	0.029706586	0.9684351	0	0	0.4	-9.790366e-19
8.200016692814496e-09	-0.023536107	0.007438827	0.9688752	0	0	0.4	-2.071079e-18
8.210029887388646e-09	-0.00063559104	-0.025972504	0.9654162	0	0	0.4	-1.2414418e-18
8.220041488248222e-09	0.031611636	-0.0037810027	0.96629506	0	0	0.4	-1.101618e-18
8.230027029798836e-09	0.0018749075	0.02890773	0.96570814	0	0	0.4	-1.3000812e-18
8.24005683785442e-09	-0.02906857	0.0074547273	0.9660153	0	0	0.4	-1.9945897e-18
8.250056898281535e-09	-0.019925602	-0.034691095	0.9623566	0	0	0.4	-1.2087164e-18
8.26005489711629e-09	0.03694623	0.00059733365	0.96199006	0	0	0.4	-1.5553456e-18
8.270059674079642e-09	0.0117190955	0.033013493	0.96355677	0	0	0.4	-1.1687531e-18
8.280025769277242e-09	-0.031903595	0.025061358	0.9635929	0	0	0.4	-9.129309e-19
8.290054206395186e-09	-0.020601125	-0.034697287	0.9632971	0	0	0.4	-1.7374523e-18
8.300021027890777e-09	0.021761846	-0.005143987	0.9644252	0	0	0.4	-6.337118e-19
8.310038323965919e-09	0.030581206	0.036651768	0.96346205	0	0	0.4	-1.6001999e-18
8.320043140915308e-09	-0.022426976	0.037836265	0.9656818	0	0	0.4	-1.1949751e-18
8.330043423596589e-09	-0.029600557	-0.0042923708	0.96485037	0	0	0.4	-1.2979509e-18
8.340025733039282e-09	0.00080225035	-0.035511218	0.9659953	0	0	0.4	-2.7404583e-18
8.350026804760767e-09	0.031092668	0.022988304	0.9669072	0	0	0.4	-1.577376e-18
8.360023318772417e-09	-0.028409997	0.025033154	0.9679865	0	0	0.4	-2.3832097e-18
8.370033171475838e-09	-0.024612905	-0.0118651	0.9659941	0	0	0.4	-2.0529552e-18
8.38001910493532e-09	-0.0023341007	-0.030803708	0.96649516	0	0	0.4	-1.4093437e-18
8.390032741189162e-09	0.023789553	-0.008093625	0.9640954	0	0	0.4	-1.2647967e-18
8.40002791881931e-09	0.010783939	0.012825092	0.9654129	0	0	0.4	-2.3373508e-18
8.410030796211682e-09	-0.02392749	0.018683044	0.9642021	0	0	0.4	-1.3931169e-18
8.420058859794538e-09	-0.022456212	-0.027489373	0.9648622	0	0	0.4	-5.4143055e-19
8.430002555655682e-09	0.02535675	-0.01641877	0.96413356	0	0	0.4	-1.6713461e-18
8.440027103774707e-09	0.018167945	0.027919276	0.96548975	0	0	0.4	-1.4710406e-18
8.450001932583242e-09	-0.017065983	0.012873241	0.9671077	0	0	0.4	-2.8218133e-18
8.460031088466549e-09	-0.012833924	-0.008636163	0.9654098	0	0	0.4	-2.1347249e-18
8.4700314408711e-09	0.009177541	-0.022125036	0.9671856	0	0	0.4	-2.0662604e-18
8.480023352162927e-09	0.028373262	0.012341143	0.96660423	0	0	0.4	-2.8377864e-18
8.490030571468574e-09	-0.009880552	0.024979444	0.9659695	0	0	0.4	-1.2350897e-18
8.500060954138804e-09	-0.0059795477	-0.012254428	0.9650838	0	0	0.4	-1.6380186e-18
8.510014595262758e-09	0.007894304	0.0004778519	0.96551853	0	0	0.4	-1.2803473e-18
8.5200163193145e-09	0.001976653	0.015030936	0.9644983	0	0	0.4	-1.9058717e-18
8.530017120795085e-09	-0.011512825	-0.0044478104	0.9635569	0	0	0.4	-1.7346668e-18
8.540023646190037e-09	0.0051382785	-0.016382976	0.96428555	0	0	0.4	-2.3290066e-18
8.550034938960928e-09	0.024473265	0.0077765244	0.96150964	0	0	0.4	-2.0431868e-18
8.560009397114175e-09	-0.0049083563	0.023313232	0.96458554	0	0	0.4	-7.784075e-19
8.570056413243142e-09	-0.01504988	-0.012051044	0.9659839	0	0	0.4	-7.61497e-19
8.580006944312815e-09	0.016624125	-0.029621715	0.9665131	0	0	0.4	-2.6289959e-18
8.590006343974303e-09	0.05380859	-0.013289266	0.9668375	0	0	0.4	-8.366329e-19
8.600048500956631e-09	0.015811045	0.053311903	0.9662783	0	0	0.4	-1.8058358e-18
8.610055605494124e-09	-0.061249144	0.0339216	0.9656674	0	0	0.4	-2.3059324e-18
8.620005628837644e-09	-0.038288303	-0.0453539	0.96607304	0	0	0.4	-1.8133836e-18
8.630015513276656e-09	0.027331471	-0.033162992	0.96526664	0	0	0.4	-5.9624714e-19
8.640042422082444e-09	0.019253263	0.028627109	0.9632502	0	0	0.4	-9.113814e-19
8.65001408539764e-09	-0.017265521	0.020658592	0.96664727	0	0	0.4	-1.4472713e-18
8.660026957466533e-09	-0.029893894	-0.016672418	0.96639544	0	0	0.4	-4.5326334e-19
8.670001480412824e-09	0.013463792	-0.031126788	0.96775067	0	0	0.4	-1.4174664e-18
8.680059245513353e-09	0.027650867	0.027370391	0.96739525	0	0	0.4	-1.8927683e-18
8.690038543536378e-09	-0.040112004	0.04256034	0.9663884	0	0	0.4	-6.610078e-19
8.700033555475585e-09	-0.032040093	-0.037906993	0.96464366	0	0	0.4	-8.395757e-19
8.710020572894527e-09	0.013035594	-0.0017471943	0.96357477	0	0	0.4	-5.8894055e-19
8.720060655969438e-09	-0.0016309019	0.01012776	0.9640999	0	0	0.4	-8.1617616e-19
8.730007113952226e-09	-0.014272244	0.012940195	0.96268475	0	0	0.4	-1.7164127e-18
8.740021064348588e-09	-0.008283633	-0.0013829194	0.96328676	0	0	0.4	-8.918127e-19
8.750017034948796e-09	-0.0042444402	-0.014194228	0.9637563	0	0	0.4	-1.2572157e-18
8.760046148476137e-09	0.027112331	-0.0038251525	0.9632828	0	0	0.4	-1.410745e-18
8.770064008279635e-09	-0.017705793	0.016100626	0.9651319	0	0	0.4	-1.0139391e-18
8.780006963843016e-09	-0.0044619823	-0.012628334	0.96788764	0	0	0.4	-1.7561322e-18
8.790001779386587e-09	0.021569524	-0.0083138505	0.9653442	0	0	0.4	-1.4632241e-18
8.800023057598373e-09	0.0051873457	0.013411579	0.9647101	0	0	0.4	-8.698391e-19
8.810015815190777e-09	-0.020041648	2.7328877e-05	0.96687806	0	0	0.4	-1.9882767e-18
8.820047606931094e-09	-0.007018821	-0.013151815	0.9626385	0	0	0.4	-6.4225374e-19
8.830026951820335e-09	0.016780967	-0.011523301	0.9629559	0	0	0.4	-9.477991e-19
8.840011108014297e-09	0.0043481574	0.011755762	0.9653754	0	0	0.4	-1.0168684e-18
8.850008381202834e-09	0.012860271	0.020177359	0.96550685	0	0	0.4	-1.4058837e-18
8.860035571469837e-09	-0.026784912	0.015490875	0.9656934	0	0	0.4	-2.2181766e-18
8.870058400365145e-09	-0.0063714427	-0.03426813	0.9623504	0	0	0.4	-1.3538881e-18
8.880006132934518e-09	0.009107275	0.0012524175	0.9649705	0	0	0.4	-1.4635118e-18
8.890056721959257e-09	0.00087292324	0.013135555	0.964337	0	0	0.4	-1.3945795e-18
8.90004387749673e-09	-0.01199447	-0.010383078	0.96394175	0	0	0.4	-1.188942e-18
8.910043328852582e-09	-0.012950369	0.0064418763	0.96220994	0	0	0.4	-6.7830475e-19
8.920035976992348e-09	-0.014118713	-0.012630821	0.9621678	0	0	0.4	-7.7305674e-19
8.930022217203911e-09	0.007574718	-0.0130371	0.9655862	0	0	0.4	-1.1413249e-18
8.940008567176731e-09	0.0135014625	0.024838608	0.96541697	0	0	0.4	-8.297709e-19
8.950021672616461e-09	-0.018186172	0.017834205	0.9637561	0	0	0.4	-2.1842798e-18
8.960044232790622e-09	-0.013132407	-0.003861236	0.96482813	0	0	0.4	-9.251635e-19
8.970051670936358e-09	0.0032466725	-0.017804379	0.96630454	0	0	0.4	-5.168402e-19
8.980031918294332e-09	0.02572797	-0.017633134	0.96543247	0	0	0.4	-1.2781092e-18
8.990000488187407e-09	0.014042212	0.017062899	0.96697485	0	0	0.4	-3.8103545e-19
9.000012688659903e-09	-0.025181677	0.018995792	0.9668913	0	0	0.4	-6.3679497e-19
9.010059600173364e-09	-0.03438428	-0.03272289	0.96749306	0	0	0.4	-8.0825296e-19
9.02006063505362e-09	0.007109702	-0.033861104	0.96881014	0	0	0.4	-1.3234717e-18
9.030002187123395e-09	0.03661446	-0.00872397	0.9684552	0	0	0.4	-1.8527237e-18
9.040004073527979e-09	-0.0025261776	0.049454074	0.9661238	0	0	0.4	-1.1035159e-18
9.050050652471586e-09	-0.04880423	0.004741863	0.9646089	0	0	0.4	-2.4103944e-18
9.060064166661952e-09	-0.016639959	-0.061276026	0.96325904	0	0	0.4	-1.5449748e-18
9.070051425755864e-09	0.0662984	-0.02221392	0.96632564	0	0	0.4	-1.4264933e-18
9.080056603026056e-09	0.017466802	0.06081349	0.9618201	0	0	0.4	-1.053376e-18
9.090040073708617e-09	-0.051646285	0.021904226	0.962898	0	0	0.4	-1.0836694e-18
9.100005637758948e-09	-0.031676657	-0.05629477	0.9615614	0	0	0.4	-1.4829599e-18
9.110011052064206e-09	0.048444852	-0.05068024	0.9624264	0	0	0.4	-1.6551269e-18
9.120032186935594e-09	0.045101944	0.035597906	0.9675627	0	0	0.4	-2.2906035e-18
9.130011682087943e-09	-0.027816344	0.06439424	0.9654386	0	0	0.4	-1.4559386e-18
9.140054855643284e-09	-0.063497335	-0.04119406	0.9663229	0	0	0.4	-2.1192134e-18
9.150029957661039e-09	0.036942713	-0.05867863	0.9652256	0	0	0.4	-2.0724274e-18
9.160000622644507e-09	0.052294683	0.017341847	0.9662114	0	0	0.4	-1.0287008e-18
9.170014855704609e-09	-0.016702456	0.055417977	0.96472317	0	0	0.4	-1.1932163e-18
9.180030664213048e-09	-0.027575484	-0.00970272	0.96412224	0	0	0.4	-2.5394139e-18
9.190056010247467e-09	-0.00900487	-0.03988467	0.9652279	0	0	0.4	-1.238988e-18
9.200000118548221e-09	0.04620419	-0.015117506	0.96765286	0	0	0.4	-1.5953663e-18
9.210063852488883e-09	0.015993852	0.055816118	0.9611514	0	0	0.4	-7.9095124e-19
9.220052141746458e-09	-0.05381553	0.008917998	0.9656674	0	0	0.4	-1.6379591e-18
9.23000087677394e-09	-0.01170455	-0.0497034	0.9634703	0	0	0.4	-1.4379536e-18
9.240031676781196e-09	0.050575323	-0.00037683098	0.9620375	0	0	0.4	-1.1259962e-18
9.250063197068945e-09	-0.007928908	0.03333734	0.9675147	0	0	0.4	-1.1475158e-18
9.260047444873456e-09	-0.03867865	-0.005986686	0.9676389	0	0	0.4	-7.772253e-19
9.270024456099153e-09	0.00390657	-0.029153435	0.9658373	0	0	0.4	-1.4380616e-18
9.280029565351804e-09	-0.0021625913	-0.023738954	0.96753424	0	0	0.4	-1.4802895e-18
9.2900328889254e-09	0.029428074	-0.012158805	0.96637684	0	0	0.4	-1.0655259e-18
9.300002927716508e-09	0.008377857	0.02612267	0.96662265	0	0	0.4	-1.8262899e-18
9.310053452804768e-09	-0.009070869	0.010506773	0.9653135	0	0	0.4	-3.5373678e-19
9.320053941977099e-09	-0.02656322	-0.0028627154	0.9665723	0	0	0.4	-1.7828143e-18
9.330050774464995e-09	-0.008274528	-0.008450103	0.9658708	0	0	0.4	-9.700351e-19
9.340007081677922e-09	0.003355324	-0.014703697	0.96674454	0	0	0.4	-7.894411e-19
9.350055058680299e-09	-0.006052719	-0.0053122314	0.9669578	0	0	0.4	-2.2167783e-18
9.360036049289354e-09	0.010451138	-0.001369143	0.96731144	0	0	0.4	-2.128289e-18
9.370010944975721e-09	-0.0047459463	0.014151032	0.96787065	0	0	0.4	-1.7924373e-18
9.380019375473514e-09	-0.006084051	0.0031353228	0.96644676	0	0	0.4	-1.979611e-18
9.390032928370613e-09	-0.010105382	0.024571138	0.967394	0	0	0.4	-1.7184917e-18
9.40001455319736e-09	-0.03837973	-0.02771031	0.96535814	0	0	0.4	-2.1166822e-18
9.410007717246822e-09	0.020885784	-0.029065007	0.9658464	0	0	0.4	-1.5786985e-18
9.420009637996393e-09	0.01711802	0.02476696	0.9639167	0	0	0.4	-1.3154443e-18
9.430037116789701e-09	-0.028668188	0.022416841	0.9659337	0	0	0.4	-1.6609266e-18
9.440037556347078e-09	-0.0049141254	-0.026199162	0.9653684	0	0	0.4	-1.0580367e-18
9.450025317249666e-09	0.025168804	-0.024226388	0.96866316	0	0	0.4	-2.6316542e-18
9.460008848442209e-09	0.026429689	0.012300522	0.9674022	0	0	0.4	-1.8220847e-18
9.470043116850814e-09	-0.017772384	0.03428896	0.97014344	0	0	0.4	-2.5794995e-18
9.480037028350515e-09	-0.017244395	-0.0032869182	0.9672052	0	0	0.4	-2.131117e-18
9.49000384025064e-09	0.0019538898	-0.027236974	0.9688143	0	0	0.4	-2.688303e-18
9.500012526202564e-09	0.028073598	-0.010981718	0.9676894	0	0	0.4	-1.2187799e-18
9.510018793387743e-09	0.020098059	0.035132118	0.96588606	0	0	0.4	-9.413673e-19
9.520033278813967e-09	-0.048287682	0.012447777	0.9646067	0	0	0.4	-1.4481668e-18
9.530061686157412e-09	-0.004756763	-0.043912154	0.96457255	0	0	0.4	-2.335322e-18
9.540031671159785e-09	0.028247753	-0.017176459	0.96044594	0	0	0.4	-6.0204836e-19
9.550056379781197e-09	0.023957277	0.008091191	0.9632438	0	0	0.4	-1.3135321e-18
9.560056631285e-09	0.00068664725	0.02374087	0.9657227	0	0	0.4	-1.5591449e-18
9.57005141375151e-09	-0.03335365	-0.005519978	0.9649019	0	0	0.4	-1.8823064e-18
9.580016112290379e-09	-0.009410187	-0.045495376	0.96676874	0	0	0.4	-1.1752306e-18
9.590041555743619e-09	0.058353923	-0.011301016	0.96736807	0	0	0.4	-9.428097e-19
9.600026094429273e-09	0.021201527	0.059166294	0.9676487	0	0	0.4	-1.6873721e-18
9.61002222803526e-09	-0.042914666	0.019887334	0.96521807	0	0	0.4	-1.4496573e-18
9.620045046323096e-09	-0.0072892806	-0.030680919	0.9612387	0	0	0.4	-5.453979e-19
9.630029921929796e-09	0.018810038	0.0012150451	0.9632551	0	0	0.4	-1.6207284e-19
9.640028446551212e-09	-0.0031678735	0.028386887	0.9621827	0	0	0.4	-1.2924306e-18
9.650009873553175e-09	-0.027748398	0.005897927	0.96189106	0	0	0.4	-6.394279e-19
9.660009274529856e-09	-0.036459252	-0.023710717	0.9634907	0	0	0.4	-7.4118133e-19
9.670025724267126e-09	0.020808319	-0.04566122	0.9660762	0	0	0.4	-1.2710598e-18
9.680052579293055e-09	0.032471817	0.0010653329	0.9651826	0	0	0.4	-1.6518053e-18
9.690040080722659e-09	0.0030485878	0.034123715	0.96658355	0	0	0.4	-1.5947145e-18
9.700061629530706e-09	-0.03469273	0.009455101	0.9653677	0	0	0.4	-2.6223298e-19
9.710030869718434e-09	-0.0039805896	-0.04048885	0.96453905	0	0	0.4	-6.740364e-19
9.720031192375723e-09	0.03862129	-0.0010085189	0.96632165	0	0	0.4	-1.0610339e-18
9.730056118423441e-09	0.018733833	0.04342193	0.9655194	0	0	0.4	-1.8747883e-18
9.740015065193935e-09	-0.047513153	0.030483289	0.9627156	0	0	0.4	-1.1451174e-18
9.75006097921358e-09	-0.04399354	-0.035324994	0.96351373	0	0	0.4	-1.3753553e-18
9.760038432329807e-09	0.031626068	-0.049437184	0.96324706	0	0	0.4	-2.2819413e-18
9.770040532315783e-09	0.056839205	0.019858206	0.9627881	0	0	0.4	-2.1012391e-18
9.780025661796957e-09	-0.01962268	0.04871468	0.9631575	0	0	0.4	-1.5921973e-18
9.79004162660996e-09	-0.0683311	0.00068592024	0.96354944	0	0	0.4	-1.2904689e-18
9.80003801775658e-09	0.0012520782	-0.066463076	0.96189904	0	0	0.4	-1.2460613e-18
9.810015471271215e-09	0.04293514	-0.015312202	0.96214736	0	0	0.4	-1.418811e-18
9.82001306801481e-09	0.007814745	0.05325621	0.9628671	0	0	0.4	-1.6255111e-18
9.83001464147728e-09	-0.05659433	0.012727519	0.9650058	0	0	0.4	-1.6212067e-18
9.840000175206554e-09	-0.00624817	-0.038219042	0.96580136	0	0	0.4	-1.5119618e-18
9.85000798118481e-09	0.03686851	-0.011791168	0.96617216	0	0	0.4	-1.6569242e-18
9.860031216976838e-09	0.029689897	0.040956475	0.96451306	0	0	0.4	-1.5041242e-18
9.87001174444081e-09	-0.025562279	0.030241454	0.9671078	0	0	0.4	-1.1737085e-18
9.880056736160802e-09	-0.039362453	-0.01885369	0.9658543	0	0	0.4	-1.6277367e-18
9.890032406757372e-09	0.006470711	-0.055015836	0.96544653	0	0	0.4	-3.7919363e-19
9.900063653163063e-09	0.061301954	-0.0017406534	0.96664065	0	0	0.4	-2.3922917e-18
9.910032311564648e-09	0.0061039715	0.051605158	0.96334803	0	0	0.4	-2.2005556e-18
9.92004356004729e-09	-0.057071526	0.01068468	0.960898	0	0	0.4	-2.3313974e-18
9.930005833798956e-09	-0.012444938	-0.044362307	0.9631276	0	0	0.4	-1.229966e-18
9.940014824742515e-09	0.026335185	-0.027682617	0.96575415	0	0	0.4	-1.3399653e-18
9.950001505856512e-09	0.022620851	0.024554119	0.9634765	0	0	0.4	-1.003037e-18
9.960009915536192e-09	-0.0214808	0.026668591	0.96400356	0	0	0.4	-9.148543e-19
9.970007972075273e-09	-0.018990017	0.008588758	0.96462977	0	0	0.4	-1.3765403e-18
9.980045231986117e-09	-0.010830694	-0.009268296	0.9657716	0	0	0.4	-6.519642e-19
9.990002583756027e-09	-0.0068028583	-0.01535986	0.9652874	0	0	0.4	-1.0942908e-18
1e-08	0.012878869	0.0027568468	0.96711606	0	0	0.4	-1.4936258e-18
