# t (s)	mx ()	my ()	mz ()	B_extx (T)	B_exty (T)	B_extz (T)	E_total (J)
0	0	0	-1	0	0	0.4	1.2498702e-18
1.0013293506172384e-11	-0.0032585715	-0.006058527	-0.97616005	0	0	0.4	4.1934947e-18
2.0034836231303333e-11	-0.011376458	-0.0033819291	-0.96762264	0	0	0.4	4.1841293e-18
3.000829458258757e-11	-0.0017241251	0.0033165833	-0.9668442	0	0	0.4	4.9836176e-18
4.00266466806775e-11	-0.010314469	-0.0026964177	-0.96378577	0	0	0.4	5.250847e-18
5.00154937689836e-11	-0.016505595	0.002219503	-0.9634863	0	0	0.4	4.0312825e-18
6.006537588758504e-11	-0.015211875	-0.01681089	-0.9610409	0	0	0.4	4.2331245e-18
7.002104084096142e-11	-0.007139784	-0.018988466	-0.9557112	0	0	0.4	4.595872e-18
8.000234724315697e-11	0.018923571	-0.021961039	-0.9574159	0	0	0.4	3.390248e-18
9.005415883470941e-11	0.02667816	-0.025615726	-0.9560723	0	0	0.4	3.96307e-18
1.0005978901085092e-10	0.025754048	-0.009237392	-0.9569822	0	0	0.4	4.3191103e-18
1.100345761985944e-10	0.013199051	-0.006084764	-0.9567676	0	0	0.4	4.423308e-18
1.2000069174370673e-10	0.020295542	-0.019150654	-0.9532063	0	0	0.4	5.644941e-18
1.3003096763949143e-10	0.023400187	-0.030901348	-0.956182	0	0	0.4	5.299863e-18
1.4003542082150389e-10	0.031666473	-0.035612904	-0.9549571	0	0	0.4	4.837891e-18
1.500275606884665e-10	0.025196267	-0.031241914	-0.9567883	0	0	0.4	3.8003676e-18
1.600522088577086e-10	0.019965297	-0.046547476	-0.9525005	0	0	0.4	4.1814873e-18
1.7002909779058978e-10	0.019527452	-0.048299048	-0.9484708	0	0	0.4	4.386113e-18
1.8001330089331972e-10	0.019444428	-0.0550391	-0.9488949	0	0	0.4	3.8296527e-18
1.9004041877065028e-10	0.025864962	-0.05981051	-0.9462502	0	0	0.4	5.010902e-18
2.0004674406873845e-10	0.038149368	-0.070345424	-0.9465107	0	0	0.4	4.466466e-18
2.100464399516229e-10	0.032491688	-0.090687625	-0.9493449	0	0	0.4	4.2159597e-18
2.2001722146826836e-10	0.01298693	-0.09356646	-0.9488631	0	0	0.4	4.69215e-18
2.3003370445826175e-10	-0.0010305445	-0.09674609	-0.950068	0	0	0.4	4.2480592e-18
2.4000519461893845e-10	-0.02606498	-0.0707768	-0.9547583	0	0	0.4	3.7263275e-18
2.500293861203283e-10	-0.030364867	-0.04512521	-0.9523685	0	0	0.4	5.3827823e-18
2.6000895743151417e-10	-0.007075039	-0.043237034	-0.9500837	0	0	0.4	5.037957e-18
2.700314945308339e-10	-0.010900171	-0.045781117	-0.9516971	0	0	0.4	4.7007628e-18
2.8003185802386425e-10	0.0023412188	-0.054926734	-0.9525734	0	0	0.4	4.7155714e-18
2.9002713045387226e-10	0.017447457	-0.049796388	-0.9474083	0	0	0.4	4.7296306e-18
3.0001725932281097e-10	-0.00017963372	-0.06070995	-0.9462609	0	0	0.4	4.239897e-18
3.100368629438468e-10	-0.020185495	-0.064055786	-0.95129067	0	0	0.4	4.666783e-18
3.200460123470356e-10	-0.017594565	-0.053661563	-0.9520074	0	0	0.4	5.14305e-18
3.3003614442244163e-10	-0.030115167	-0.033292826	-0.9467006	0	0	0.4	3.4413563e-18
3.4003307161045374e-10	-0.02896712	-0.024102816	-0.9454777	0	0	0.4	4.432087e-18
3.5003945460670376e-10	-0.042395588	-0.016300237	-0.9446529	0	0	0.4	4.150575e-18
3.600052563107868e-10	-0.014484327	-0.011838509	-0.9476529	0	0	0.4	4.5220314e-18
3.700381294118983e-10	-0.005787701	-0.012068992	-0.9501242	0	0	0.4	3.7651144e-18
3.800375914439052e-10	-0.005757859	-0.02024102	-0.94445854	0	0	0.4	5.1328158e-18
3.9003163885541185e-10	-0.008501429	-0.025249528	-0.9473672	0	0	0.4	4.14352e-18
4.0000794159349445e-10	-0.014881032	-0.016768241	-0.9468901	0	0	0.4	5.0395962e-18
4.100595191887046e-10	-0.039814588	0.0001619097	-0.9471071	0	0	0.4	4.7538144e-18
4.200125884186905e-10	-0.048294462	0.022043202	-0.9432538	0	0	0.4	4.9339615e-18
4.300526371077884e-10	-0.046570566	0.048870847	-0.9426489	0	0	0.4	4.0295545e-18
4.4006372477713813e-10	-0.041112572	0.04434075	-0.93889	0	0	0.4	4.687332e-18
4.500277185780317e-10	-0.036930807	0.036694948	-0.9387189	0	0	0.4	5.3915033e-18
4.600081207975824e-10	-0.030163413	0.019925658	-0.9414701	0	0	0.4	4.741973e-18
4.700437804797909e-10	-0.025720414	0.0019586433	-0.9468675	0	0	0.4	4.887569e-18
4.80025035663015e-10	-0.027386552	-0.002971834	-0.9476868	0	0	0.4	4.7667325e-18
4.90041187737591e-10	-0.03168686	-0.02462862	-0.9421908	0	0	0.4	4.3514465e-18
5.000144468334256e-10	-0.03746954	-0.02856505	-0.9385034	0	0	0.4	4.7201866e-18
5.100208454584445e-10	-0.047797136	-0.0076072016	-0.9385924	0	0	0.4	5.4011267e-18
5.20002394758172e-10	-0.049648765	0.006326593	-0.9403004	0	0	0.4	5.1628164e-18
5.300259687129156e-10	-0.023702862	0.04732974	-0.9411643	0	0	0.4	4.8567157e-18
5.4005070081799e-10	-0.016434751	0.042862166	-0.93905026	0	0	0.4	4.9607634e-18
5.500627469499758e-10	-0.0064513776	0.02923721	-0.9376563	0	0	0.4	4.388841e-18
5.600208925636415e-10	0.0075978306	0.016046278	-0.9412352	0	0	0.4	5.3545217e-18
5.70050228915842e-10	-0.008782357	0.0050304737	-0.94424903	0	0	0.4	3.9791048e-18
5.800535425643803e-10	-0.05028495	0.0028322095	-0.9486712	0	0	0.4	4.381592e-18
5.90012593946534e-10	-0.05815028	0.004929239	-0.94315416	0	0	0.4	4.857269e-18
6.000281291712645e-10	-0.06155881	0.018832335	-0.93644047	0	0	0.4	4.5615173e-18
6.100092776086239e-10	-0.044284783	0.03700153	-0.9401839	0	0	0.4	4.3308476e-18
6.20046689364684e-10	-0.023178747	0.04965357	-0.9467378	0	0	0.4	5.5684666e-18
6.300205199981243e-10	-0.010371874	0.04624052	-0.9489631	0	0	0.4	4.6376956e-18
6.400018642260717e-10	-0.023748072	0.02524892	-0.945814	0	0	0.4	4.416935e-18
6.500211011508501e-10	-0.008911794	0.012769333	-0.9430471	0	0	0.4	5.7807083e-18
6.600199861828961e-10	-0.007228532	0.009666876	-0.9448846	0	0	0.4	4.37132e-18
6.700175675541324e-10	-0.028910575	-0.005129382	-0.94596374	0	0	0.4	3.971064e-18
6.80035448547554e-10	-0.03800172	0.0072835796	-0.9432999	0	0	0.4	5.184115e-18
6.900460184477809e-10	-0.04822737	0.01208256	-0.9473296	0	0	0.4	4.4480872e-18
7.000512409701327e-10	-0.047344197	0.013274628	-0.942528	0	0	0.4	4.3915805e-18
7.100380304762225e-10	-0.03963552	0.04343215	-0.9392178	0	0	0.4	4.1878413e-18
7.200567852403149e-10	-0.014569085	0.041494712	-0.93883044	0	0	0.4	5.0602613e-18
7.300321762753244e-10	0.002753058	0.036918197	-0.9424963	0	0	0.4	3.1342703e-18
7.40061506652982e-10	0.0008488359	0.03065686	-0.94317853	0	0	0.4	4.8907012e-18
7.500072811165018e-10	0.014739854	0.011125619	-0.9417307	0	0	0.4	5.2917097e-18
7.600349235436973e-10	0.021469159	0.0010763318	-0.94616026	0	0	0.4	5.5336443e-18
7.700367280569214e-10	0.014220867	-0.00021849477	-0.9441599	0	0	0.4	4.2731985e-18
7.800216709303169e-10	0.0067898934	0.008750511	-0.94406176	0	0	0.4	4.9053022e-18
7.900026938095702e-10	0.0033984866	0.008488598	-0.9438302	0	0	0.4	4.5918504e-18
8.0002805544992e-10	0.011356027	0.02488102	-0.94459337	0	0	0.4	4.4172384e-18
8.100609071097666e-10	0.031529803	0.03703799	-0.9436133	0	0	0.4	4.84571e-18
8.200144601221449e-10	0.048316	0.013818031	-0.9416457	0	0	0.4	4.5464394e-18
8.300098722747208e-10	0.03109196	-0.017091084	-0.94773084	0	0	0.4	3.9606988e-18
8.400560239941193e-10	0.025247298	-0.018474258	-0.9507026	0	0	0.4	4.480678e-18
8.500542771430839e-10	0.020669686	-0.011544586	-0.94600886	0	0	0.4	4.669683e-18
8.600247988681289e-10	0.011299692	-0.005241747	-0.943093	0	0	0.4	4.5293685e-18
8.700448547866053e-10	0.004223697	0.0074856784	-0.94299346	0	0	0.4	4.694378e-18
8.80008965234863e-10	-0.00278104	0.030503606	-0.9468347	0	0	0.4	4.099099e-18
8.900624717083394e-10	0.010902884	0.044066235	-0.94293725	0	0	0.4	4.5421492e-18
9.000295204726739e-10	0.021857778	0.056294836	-0.9431651	0	0	0.4	4.7352293e-18
9.100299210935446e-10	0.02883282	0.037514362	-0.9394665	0	0	0.4	5.219409e-18
9.200017901349447e-10	0.026688263	0.012423349	-0.9449009	0	0	0.4	4.9214827e-18
9.300310118251328e-10	0.018291347	0.012793391	-0.9492208	0	0	0.4	4.7120116e-18
9.400069092308972e-10	0.015844055	-0.01505653	-0.9500364	0	0	0.4	4.1575206e-18
9.50035086260272e-10	-0.0041093496	-0.016339798	-0.9489803	0	0	0.4	5.766441e-18
9.60020416200081e-10	-0.012133702	-0.005230737	-0.94736284	0	0	0.4	5.588255e-18
9.700577416480423e-10	-0.0299036	-0.0054882937	-0.9475241	0	0	0.4	4.9759612e-18
9.800453078862375e-10	-0.01969155	0.012032721	-0.94928783	0	0	0.4	4.9857976e-18
9.900238278921498e-10	-0.0127254985	0.017966304	-0.95200396	0	0	0.4	5.062009e-18
1.0000083841225999e-09	-0.0010271954	0.0011795084	-0.9532439	0	0	0.4	4.3328833e-18
1.010004449736039e-09	-0.00298229	-0.0023606645	-0.9504684	0	0	0.4	4.384632e-18
1.0200571966906363e-09	0.007896708	-0.016348416	-0.9511066	0	0	0.4	3.796483e-18
1.0300196497860454e-09	-0.010526837	-0.034957267	-0.95030004	0	0	0.4	4.4205305e-18
1.0400085348395487e-09	-0.023532202	-0.026434047	-0.9525351	0	0	0.4	4.8538652e-18
1.0500557952228524e-09	-0.021769874	-0.004018705	-0.9525184	0	0	0.4	4.170084e-18
1.0600119326388772e-09	-0.02972452	0.026484445	-0.9481792	0	0	0.4	5.384842e-18
1.0700023041857015e-09	-0.026989877	0.035381924	-0.94994897	0	0	0.4	4.6970793e-18
1.0800229171575944e-09	-0.02025237	0.04344729	-0.95193917	0	0	0.4	5.071078e-18
1.0900127520083857e-09	-0.0028411064	0.027882705	-0.9536095	0	0	0.4	4.2418095e-18
1.100052795086977e-09	0.0010294357	0.015563822	-0.9559332	0	0	0.4	4.3724275e-18
1.1100633343182707e-09	0.0012066693	0.00825444	-0.95466757	0	0	0.4	4.951988e-18
1.1200211288012886e-09	-0.011579393	-0.010622694	-0.9542504	0	0	0.4	4.5733207e-18
1.130047971388943e-09	-0.012034866	-0.01775078	-0.9560129	0	0	0.4	4.242209e-18
1.1400556590821966e-09	-0.01398834	-0.012238436	-0.9584681	0	0	0.4	4.1752926e-18
1.1500276977284532e-09	-0.018639633	-0.01632569	-0.95802134	0	0	0.4	3.8851627e-18
1.1600519333610053e-09	-0.023695063	-0.004981313	-0.95769435	0	0	0.4	5.1603485e-18
1.170041729394039e-09	-0.018183563	0.00097580586	-0.9594853	0	0	0.4	3.755391e-18
1.180008299644253e-09	-0.015377214	0.023440287	-0.96128625	0	0	0.4	4.630351e-18
1.190046765455504e-09	0.018451985	0.02704733	-0.96039855	0	0	0.4	4.42165e-18
1.200060728559986e-09	0.02168285	0.016061852	-0.95930284	0	0	0.4	4.897762e-18
1.210064235427102e-09	0.03437974	-0.011662412	-0.95715815	0	0	0.4	5.3509706e-18
1.220044770933901e-09	0.03259067	-0.02693305	-0.95799965	0	0	0.4	4.640891e-18
1.2300065035610912e-09	0.014683989	-0.025532108	-0.95706886	0	0	0.4	4.267998e-18
1.2400212743402788e-09	0.006566897	-0.033610776	-0.9551182	0	0	0.4	4.983608e-18
1.2500035147592808e-09	-0.016487863	-0.02607127	-0.95703435	0	0	0.4	4.6171944e-18
1.2600576701147017e-09	0.0016880261	-0.01824753	-0.95576715	0	0	0.4	3.974463e-18
1.2700192494188679e-09	0.010900007	-0.016893469	-0.95583636	0	0	0.4	4.96126e-18
1.2800346407205477e-09	0.030535098	-0.024958817	-0.9518072	0	0	0.4	4.0981232e-18
1.2900275015998976e-09	0.027902856	-0.024836265	-0.9523926	0	0	0.4	4.7631318e-18
1.3000012884361636e-09	0.029912436	-0.021143422	-0.9575786	0	0	0.4	4.2308497e-18
1.3100634785483703e-09	0.031830776	-0.016243093	-0.9592276	0	0	0.4	4.513358e-18
1.3200132192301039e-09	0.030782336	-0.013219761	-0.9553218	0	0	0.4	5.0193237e-18
1.3300286505359158e-09	0.019782122	-0.020825667	-0.95552236	0	0	0.4	5.368968e-18
1.3400576417014378e-09	0.02911882	-0.015986307	-0.9564336	0	0	0.4	4.9196786e-18
1.3500229577106348e-09	0.04040777	-0.008464941	-0.957945	0	0	0.4	4.1417475e-18
1.3600272088935701e-09	0.035430957	-0.012835016	-0.95034194	0	0	0.4	4.7778974e-18
1.3700463276129576e-09	0.03123609	-0.0009987154	-0.94840163	0	0	0.4	5.2210424e-18
1.3800473634419006e-09	0.03123325	-0.00898652	-0.94756263	0	0	0.4	4.734222e-18
1.3900510742331363e-09	0.018311063	-0.005221191	-0.9461177	0	0	0.4	5.3275316e-18
1.4000178473934257e-09	-0.0040727295	0.002199605	-0.94897807	0	0	0.4	4.472873e-18
1.410063538751922e-09	-0.011790877	-0.0029067053	-0.9492956	0	0	0.4	4.0604795e-18
1.4200265251529734e-09	-0.014966619	0.0003203324	-0.9479035	0	0	0.4	5.1610743e-18
1.4300218145179296e-09	-0.018708263	0.02151071	-0.9438845	0	0	0.4	3.742302e-18
1.4400084187298353e-09	-0.0062017865	0.0291319	-0.9457061	0	0	0.4	4.038854e-18
1.45004126784843e-09	0.006816563	0.020033801	-0.9479982	0	0	0.4	4.23184e-18
1.4600491458138925e-09	-0.002702088	0.029387787	-0.9514398	0	0	0.4	4.4078246e-18
1.4700172640966474e-09	0.015516746	0.03151264	-0.95423627	0	0	0.4	4.583432e-18
1.4800427352658201e-09	0.004817351	0.046639778	-0.95012	0	0	0.4	4.6539237e-18
1.490016458855715e-09	0.008159333	0.046916313	-0.9533573	0	0	0.4	4.4614834e-18
1.5000126386098498e-09	0.012242714	0.05047498	-0.94863653	0	0	0.4	4.798476e-18
1.5100440099818653e-09	0.0064176256	0.04513049	-0.9459937	0	0	0.4	4.5830273e-18
1.5200436265528748e-09	0.0016379802	0.049746543	-0.9422239	0	0	0.4	4.7905814e-18
1.5300533179584703e-09	0.018396541	0.058574796	-0.93557316	0	0	0.4	4.783656e-18
1.5400095169494775e-09	0.015425889	0.07005638	-0.92741764	0	0	0.4	5.311444e-18
1.5500584805187256e-09	0.016100653	0.08825831	-0.92362076	0	0	0.4	5.1782726e-18
1.5600166437963263e-09	0.010791365	0.08211462	-0.92669266	0	0	0.4	5.7704756e-18
1.5700099286928323e-09	0.0007882987	0.070951134	-0.9309336	0	0	0.4	5.3334013e-18
1.580042768476934e-09	-0.009919824	0.060838576	-0.9259757	0	0	0.4	4.8353285e-18
1.590049307450674e-09	-0.029877277	0.055561084	-0.93037665	0	0	0.4	4.821981e-18
1.6000437865924995e-09	-0.040164854	0.04686039	-0.9308775	0	0	0.4	4.749689e-18
1.6100089331687179e-09	-0.030152729	0.05520391	-0.93474156	0	0	0.4	4.9899133e-18
1.620064929026113e-09	-0.019402442	0.06305424	-0.94190097	0	0	0.4	4.3841433e-18
1.6300158917764829e-09	-0.019810356	0.06747553	-0.9446118	0	0	0.4	5.7787086e-18
1.6400454653551733e-09	-0.012831501	0.072868295	-0.949577	0	0	0.4	4.7116952e-18
1.6500029913459353e-09	0.001694637	0.05739555	-0.9471208	0	0	0.4	4.7098978e-18
1.6600015227071715e-09	-0.001436304	0.057308093	-0.9433066	0	0	0.4	4.56706e-18
1.6700432602856451e-09	0.005609975	0.031374812	-0.94600916	0	0	0.4	4.2086797e-18
1.6800196095175989e-09	0.015468398	0.036594078	-0.9425975	0	0	0.4	4.3209913e-18
1.6900592542419741e-09	0.009402749	0.04274448	-0.9427571	0	0	0.4	4.498127e-18
1.7000365188746645e-09	-0.005262821	0.05072575	-0.9378352	0	0	0.4	4.3527944e-18
1.710056778853321e-09	-0.010318375	0.052792344	-0.93956935	0	0	0.4	5.0334437e-18
1.7200329440641923e-09	0.011950488	0.07538869	-0.9388895	0	0	0.4	4.3390375e-18
1.730032981504637e-09	-0.0048435074	0.06513822	-0.9418879	0	0	0.4	4.8676916e-18
1.7400620833065625e-09	-0.008361995	0.047911517	-0.9456983	0	0	0.4	3.8470508e-18
1.7500559019746658e-09	-0.0054880762	0.024284368	-0.9500848	0	0	0.4	4.157921e-18
1.7600136618487532e-09	-0.005099535	0.011315219	-0.95172876	0	0	0.4	4.016549e-18
1.7700126175963464e-09	-0.030601034	0.029708631	-0.9519576	0	0	0.4	4.540804e-18
1.7800324293570894e-09	-0.043888073	0.020056475	-0.94997734	0	0	0.4	5.043e-18
1.790035611269704e-09	-0.06397758	0.032141134	-0.9486593	0	0	0.4	4.368879e-18
1.800037597932743e-09	-0.06545104	0.044757444	-0.94790184	0	0	0.4	6.0067114e-18
1.8100510796243541e-09	-0.049264837	0.06704273	-0.9438732	0	0	0.4	4.54911e-18
1.8200572082873176e-09	-0.046154924	0.06463806	-0.9452169	0	0	0.4	4.922373e-18
1.8300162513262134e-09	-0.0433475	0.055100907	-0.9432331	0	0	0.4	4.9408594e-18
1.8400287504015926e-09	-0.059057057	0.015556121	-0.93852115	0	0	0.4	4.3697747e-18
1.850024151202601e-09	-0.058453076	0.012137091	-0.93584746	0	0	0.4	5.266763e-18
1.860011133051285e-09	-0.061628785	-0.011888316	-0.930795	0	0	0.4	3.7576156e-18
1.8700100598725795e-09	-0.07094789	-0.019384686	-0.9308099	0	0	0.4	4.815409e-18
1.8800117256499623e-09	-0.056597445	-0.020378554	-0.9320669	0	0	0.4	4.367739e-18
1.8900381409574485e-09	-0.060358856	-0.01983116	-0.9334541	0	0	0.4	5.33923e-18
1.9000175807372357e-09	-0.061632574	-0.0060001267	-0.93936366	0	0	0.4	4.1271544e-18
1.910014511382843e-09	-0.06595251	-0.0034168707	-0.9418494	0	0	0.4	5.1135503e-18
1.920009171885921e-09	-0.041136358	-0.010689362	-0.9448228	0	0	0.4	5.200022e-18
1.9300547613173597e-09	-0.032528467	0.006782379	-0.95017505	0	0	0.4	5.418956e-18
1.9400358180504414e-09	-0.05342453	0.010745862	-0.95197946	0	0	0.4	4.946914e-18
1.950021870996867e-09	-0.06372559	0.016690496	-0.9496814	0	0	0.4	3.8710444e-18
1.9600058785520613e-09	-0.07134808	0.029834442	-0.9463468	0	0	0.4	5.036667e-18
1.9700644110609312e-09	-0.08064721	0.0416737	-0.94455194	0	0	0.4	4.405835e-18
1.980026403992206e-09	-0.08156322	0.05848739	-0.9440135	0	0	0.4	4.7984685e-18
1.990015447295896e-09	-0.07508977	0.058580842	-0.9413995	0	0	0.4	4.519964e-18
2.0000077482703485e-09	-0.094120204	0.06836152	-0.93582606	0	0	0.4	3.60719e-18
2.0100355261174933e-09	-0.09359497	0.06544099	-0.9288667	0	0	0.4	4.9699137e-18
2.020039226070547e-09	-0.102653876	0.039303564	-0.9301468	0	0	0.4	4.483946e-18
2.0300614034300764e-09	-0.103517815	0.04541336	-0.93158937	0	0	0.4	4.8853858e-18
2.0400393505131904e-09	-0.08485609	0.038713686	-0.9418713	0	0	0.4	5.069289e-18
2.050038967247112e-09	-0.10920648	0.03841139	-0.9375935	0	0	0.4	4.5531694e-18
2.0600268663158326e-09	-0.12704977	0.047477055	-0.94124734	0	0	0.4	4.537021e-18
2.0700311872678024e-09	-0.12034759	0.060801722	-0.9423759	0	0	0.4	4.373425e-18
2.080008645724309e-09	-0.12683193	0.04985106	-0.9457928	0	0	0.4	3.9634773e-18
2.0900354313893756e-09	-0.13062957	0.052505657	-0.94495714	0	0	0.4	4.9521306e-18
2.1000216576039476e-09	-0.13435899	0.058388356	-0.94509995	0	0	0.4	4.7228543e-18
2.1100527781682186e-09	-0.13463262	0.062604725	-0.94439703	0	0	0.4	4.6139688e-18
2.1200061021124977e-09	-0.15050817	0.0639156	-0.9348558	0	0	0.4	4.0544717e-18
2.1300297799785775e-09	-0.13169223	0.09132842	-0.9339711	0	0	0.4	4.715505e-18
2.1400497167264115e-09	-0.123947516	0.09181815	-0.9349254	0	0	0.4	3.381198e-18
2.1500343773328222e-09	-0.12881847	0.09873782	-0.9307953	0	0	0.4	5.1405073e-18
2.160053264386646e-09	-0.114598826	0.1093343	-0.9288114	0	0	0.4	4.2180884e-18
2.1700580093499133e-09	-0.10068472	0.0961089	-0.93091077	0	0	0.4	4.26421e-18
2.180057385543359e-09	-0.11545426	0.09974112	-0.9289282	0	0	0.4	5.078023e-18
2.1900516905647954e-09	-0.12785777	0.08201872	-0.92950475	0	0	0.4	3.7463105e-18
2.2000405982714415e-09	-0.12549941	0.062164757	-0.93582547	0	0	0.4	3.9113686e-18
2.2100350250320136e-09	-0.13500376	0.06309142	-0.9367296	0	0	0.4	3.604173e-18
2.2200575035915094e-09	-0.1316182	0.075297505	-0.93470186	0	0	0.4	4.970562e-18
2.2300347440334787e-09	-0.12611535	0.0805926	-0.9403048	0	0	0.4	4.9505742e-18
2.24006169490974e-09	-0.12794124	0.09785947	-0.9387346	0	0	0.4	4.7571306e-18
2.250042900398219e-09	-0.117372364	0.09937477	-0.94097644	0	0	0.4	4.587076e-18
2.2600392615294743e-09	-0.10676092	0.10395345	-0.9406831	0	0	0.4	4.810285e-18
2.27005331645729e-09	-0.125208	0.10335569	-0.934587	0	0	0.4	4.8769593e-18
2.2800459299987535e-09	-0.11071666	0.10108707	-0.9334109	0	0	0.4	4.3585305e-18
2.290015108466969e-09	-0.117573045	0.09665361	-0.93462735	0	0	0.4	4.8699696e-18
2.30000903193009e-09	-0.11577204	0.10423326	-0.9328124	0	0	0.4	4.837416e-18
2.310046485331046e-09	-0.1281702	0.09880253	-0.9312129	0	0	0.4	4.6958977e-18
2.320025337390792e-09	-0.11703783	0.11749016	-0.9296633	0	0	0.4	5.6012696e-18
2.330023385569626e-09	-0.112683676	0.13354972	-0.9339435	0	0	0.4	5.0993323e-18
2.3400518053968263e-09	-0.11753461	0.127392	-0.9374624	0	0	0.4	4.1714085e-18
2.3500471786351545e-09	-0.11256863	0.1336456	-0.9354218	0	0	0.4	4.7677793e-18
2.360061454867346e-09	-0.09503326	0.12520969	-0.94010705	0	0	0.4	4.017509e-18
2.3700123335726485e-09	-0.091564	0.13749212	-0.94236344	0	0	0.4	4.740259e-18
2.380005427236135e-09	-0.10277483	0.15938316	-0.93824387	0	0	0.4	5.887051e-18
2.3900158630877305e-09	-0.119981885	0.15503395	-0.9327621	0	0	0.4	5.0752547e-18
2.4000331690952008e-09	-0.12664205	0.15188062	-0.92970127	0	0	0.4	4.8641855e-18
2.4100281223204365e-09	-0.120873116	0.14744936	-0.9329296	0	0	0.4	4.9897557e-18
2.4200086868050885e-09	-0.11951062	0.13462535	-0.9363648	0	0	0.4	4.025547e-18
2.4300045273181247e-09	-0.09662434	0.15175723	-0.93637776	0	0	0.4	3.908135e-18
2.4400247883130996e-09	-0.08217455	0.15260696	-0.9379289	0	0	0.4	4.8101475e-18
2.4500087424024167e-09	-0.08482565	0.16553317	-0.93105435	0	0	0.4	5.0012225e-18
2.4600485364288583e-09	-0.0685067	0.17884961	-0.93458444	0	0	0.4	4.6836856e-18
2.4700196246244633e-09	-0.06874051	0.17569119	-0.93567884	0	0	0.4	4.4063473e-18
2.480026678941295e-09	-0.07027799	0.16631131	-0.93636155	0	0	0.4	3.8654357e-18
2.490023146474359e-09	-0.0632614	0.16178131	-0.93819815	0	0	0.4	4.9386546e-18
2.5000110215418344e-09	-0.06813651	0.15417571	-0.9403177	0	0	0.4	3.5165905e-18
2.5100056572982315e-09	-0.0745072	0.17071864	-0.9366078	0	0	0.4	5.0498988e-18
2.520025586158731e-09	-0.08491685	0.17694098	-0.93353695	0	0	0.4	4.5511204e-18
2.530048915982194e-09	-0.10307399	0.17765658	-0.93416053	0	0	0.4	5.4713613e-18
2.5400334906313865e-09	-0.09792444	0.16886537	-0.93899745	0	0	0.4	4.2601646e-18
2.550042046763588e-09	-0.09233086	0.19163856	-0.9324265	0	0	0.4	3.8597984e-18
2.560047091666293e-09	-0.081195444	0.1990379	-0.9243285	0	0	0.4	5.2407566e-18
2.57001187436757e-09	-0.07917771	0.1986344	-0.92652136	0	0	0.4	4.172212e-18
2.580057456422532e-09	-0.08736757	0.19512095	-0.92300224	0	0	0.4	3.874315e-18
2.5900349439288412e-09	-0.07502261	0.168839	-0.9250506	0	0	0.4	4.5213556e-18
2.6000186575318892e-09	-0.085460946	0.143799	-0.9271877	0	0	0.4	5.5407295e-18
2.61003528810032e-09	-0.106541894	0.12875335	-0.92025256	0	0	0.4	5.1566845e-18
2.620040496634099e-09	-0.119278446	0.1565383	-0.91143477	0	0	0.4	4.897747e-18
2.6300155003251434e-09	-0.117496096	0.16806754	-0.90869606	0	0	0.4	3.9440927e-18
2.640030104168383e-09	-0.12457204	0.16438511	-0.9114737	0	0	0.4	4.241132e-18
2.6500367027686003e-09	-0.12676793	0.15041186	-0.91452944	0	0	0.4	5.181493e-18
2.6600186024408616e-09	-0.14375326	0.14041437	-0.9125582	0	0	0.4	4.4036896e-18
2.6700282281192435e-09	-0.1484878	0.14130019	-0.9101573	0	0	0.4	5.1530436e-18
2.6800144791555605e-09	-0.14027226	0.13386026	-0.9103171	0	0	0.4	4.6831724e-18
2.690056068837568e-09	-0.14538386	0.13471647	-0.9101435	0	0	0.4	4.1510744e-18
2.700006431577734e-09	-0.16241015	0.1290467	-0.913931	0	0	0.4	4.370609e-18
2.7100400458016683e-09	-0.15752107	0.13262846	-0.91288316	0	0	0.4	4.566734e-18
2.720001841731452e-09	-0.17402777	0.13300389	-0.91531426	0	0	0.4	4.97535e-18
2.730032157697568e-09	-0.16138144	0.13686447	-0.9160545	0	0	0.4	5.085343e-18
2.7400554060624774e-09	-0.17749737	0.15063536	-0.9181973	0	0	0.4	4.7764184e-18
2.750047433905351e-09	-0.14724422	0.14148015	-0.92218274	0	0	0.4	4.9084827e-18
2.760003203810009e-09	-0.13591428	0.14134218	-0.9249778	0	0	0.4	3.5639106e-18
2.770055428131205e-09	-0.12616128	0.14537525	-0.91552013	0	0	0.4	4.5838586e-18
2.7800311032815743e-09	-0.12983096	0.11318034	-0.9184323	0	0	0.4	4.4237086e-18
2.7900539595207896e-09	-0.15401293	0.106995516	-0.9173208	0	0	0.4	4.368045e-18
2.8000539506855244e-09	-0.17477775	0.107518695	-0.91173804	0	0	0.4	4.6027386e-18
2.8100141163700656e-09	-0.1627573	0.10847263	-0.9155458	0	0	0.4	4.3810203e-18
2.8200460566382162e-09	-0.19634797	0.111584835	-0.9130446	0	0	0.4	4.6248615e-18
2.830038201227558e-09	-0.18761905	0.13604759	-0.9166254	0	0	0.4	4.699122e-18
2.8400026045846673e-09	-0.18010293	0.12392012	-0.9179791	0	0	0.4	4.8062726e-18
2.850023560352494e-09	-0.17295916	0.11345114	-0.9189966	0	0	0.4	3.7275637e-18
2.8600584602248036e-09	-0.16978736	0.109099016	-0.91455936	0	0	0.4	4.3376144e-18
2.87001347380335e-09	-0.14996882	0.09515323	-0.9116766	0	0	0.4	4.854602e-18
2.8800408280400833e-09	-0.14675818	0.07200746	-0.90894544	0	0	0.4	4.9013305e-18
2.8900110770634e-09	-0.157886	0.057380036	-0.90849507	0	0	0.4	3.320394e-18
2.9000476898155432e-09	-0.17547329	0.035994336	-0.91058034	0	0	0.4	4.251148e-18
2.9100511365239683e-09	-0.19037093	0.0108997105	-0.91447014	0	0	0.4	4.361407e-18
2.9200413890014867e-09	-0.18428235	0.017415209	-0.92524666	0	0	0.4	4.6230814e-18
2.930018151651614e-09	-0.18850802	0.03572095	-0.92903596	0	0	0.4	4.894414e-18
2.9400361743813373e-09	-0.18020321	0.058102965	-0.9355463	0	0	0.4	4.6045e-18
2.9500499948911594e-09	-0.18104297	0.06878512	-0.9365442	0	0	0.4	5.81139e-18
2.9600135964996813e-09	-0.16463263	0.07768947	-0.9344505	0	0	0.4	4.782531e-18
2.970055984662581e-09	-0.1593359	0.06345444	-0.93600225	0	0	0.4	5.3068128e-18
2.9800372875378432e-09	-0.15305074	0.069824874	-0.9380273	0	0	0.4	5.061855e-18
2.990032608304837e-09	-0.15741931	0.062419657	-0.9390597	0	0	0.4	4.7992887e-18
3.0000023646712367e-09	-0.15882564	0.06552183	-0.93870115	0	0	0.4	4.6365583e-18
3.0100454953579933e-09	-0.1624201	0.066098556	-0.9368853	0	0	0.4	4.8986397e-18
3.0200046607407055e-09	-0.15837157	0.08864068	-0.9377145	0	0	0.4	3.942072e-18
3.0300284690893392e-09	-0.16731901	0.091283396	-0.9378035	0	0	0.4	5.284065e-18
3.0400014945423135e-09	-0.16636305	0.115689546	-0.93203264	0	0	0.4	4.114263e-18
3.050000815467425e-09	-0.14999585	0.102015756	-0.9319534	0	0	0.4	4.0090193e-18
3.0600125403233894e-09	-0.14616515	0.10404793	-0.92997175	0	0	0.4	3.9877794e-18
3.0700234015626893e-09	-0.12905823	0.091092244	-0.931554	0	0	0.4	4.1902546e-18
3.080037640611961e-09	-0.14445196	0.08859187	-0.9298714	0	0	0.4	4.5356852e-18
3.0900043056797228e-09	-0.17382583	0.062091667	-0.9323247	0	0	0.4	4.517687e-18
3.100058552046464e-09	-0.18252687	0.064790666	-0.92874354	0	0	0.4	4.3292425e-18
3.110056950137739e-09	-0.20045291	0.07467103	-0.9234601	0	0	0.4	3.904399e-18
3.120026737426511e-09	-0.21610142	0.09633832	-0.9237202	0	0	0.4	4.8725463e-18
3.130043366472498e-09	-0.20654248	0.115355894	-0.92231715	0	0	0.4	5.4469546e-18
3.140064450721278e-09	-0.19224541	0.121386014	-0.9266446	0	0	0.4	3.8274226e-18
3.150034041901966e-09	-0.17885919	0.13830625	-0.9266604	0	0	0.4	4.1370355e-18
3.1600226378988775e-09	-0.1760819	0.13571583	-0.926808	0	0	0.4	4.2987964e-18
3.1700337684474297e-09	-0.17752059	0.122586966	-0.9276745	0	0	0.4	4.9487565e-18
3.1800605687940386e-09	-0.18764067	0.13889548	-0.92410225	0	0	0.4	5.310943e-18
3.190057508734573e-09	-0.1946935	0.16012381	-0.92054546	0	0	0.4	4.6789992e-18
3.2000345654633007e-09	-0.190517	0.17287531	-0.920118	0	0	0.4	5.655995e-18
3.2100436264540964e-09	-0.1983323	0.16292989	-0.91877407	0	0	0.4	4.0660944e-18
3.2200500141605445e-09	-0.190891	0.15700044	-0.91519606	0	0	0.4	4.027071e-18
3.2300172310774253e-09	-0.170988	0.16002756	-0.9135544	0	0	0.4	3.5744997e-18
3.240016919677017e-09	-0.19229035	0.1317037	-0.90863895	0	0	0.4	4.4085765e-18
3.250017431527948e-09	-0.20577785	0.1250329	-0.9073752	0	0	0.4	4.5405453e-18
3.2600163525876213e-09	-0.2140346	0.1256551	-0.901787	0	0	0.4	4.7898497e-18
3.2700543735647242e-09	-0.21374759	0.12404335	-0.9037216	0	0	0.4	4.161368e-18
3.2800098896142516e-09	-0.22821447	0.12224958	-0.9025127	0	0	0.4	4.402935e-18
3.2900573568654073e-09	-0.22353336	0.113549516	-0.9039038	0	0	0.4	4.1323193e-18
3.3000370642473874e-09	-0.22797841	0.12135365	-0.90482485	0	0	0.4	4.506369e-18
3.3100295039639734e-09	-0.21361405	0.11825701	-0.912541	0	0	0.4	4.794417e-18
3.320011123596184e-09	-0.20650129	0.11765815	-0.9140935	0	0	0.4	3.962191e-18
3.3300339481196993e-09	-0.21443808	0.109996945	-0.91571647	0	0	0.4	4.687838e-18
3.3400228797664363e-09	-0.2122594	0.09865465	-0.917465	0	0	0.4	5.709502e-18
3.35005532029791e-09	-0.21255387	0.09340559	-0.9242483	0	0	0.4	3.664814e-18
3.36001461102656e-09	-0.21153504	0.08620733	-0.9292832	0	0	0.4	4.3776052e-18
3.3700591513891613e-09	-0.21747766	0.07201826	-0.9279578	0	0	0.4	4.775552e-18
3.3800319357440366e-09	-0.21095671	0.07923809	-0.92994845	0	0	0.4	4.1380976e-18
3.3900069618572534e-09	-0.19562912	0.066389	-0.93436617	0	0	0.4	5.3861353e-18
3.400063999838669e-09	-0.20885909	0.06860804	-0.93334836	0	0	0.4	3.2243664e-18
3.410000976461294e-09	-0.21765201	0.068941005	-0.92582756	0	0	0.4	4.3821303e-18
3.4200074016288184e-09	-0.215512	0.077676244	-0.92419004	0	0	0.4	4.166638e-18
3.4300316819908294e-09	-0.20066853	0.07309979	-0.92467767	0	0	0.4	5.147803e-18
3.44005941873774e-09	-0.18771009	0.06537541	-0.9241866	0	0	0.4	4.310709e-18
3.450033558280528e-09	-0.17961575	0.07189015	-0.92474866	0	0	0.4	4.2655074e-18
3.460035925167216e-09	-0.17458557	0.06509674	-0.92448795	0	0	0.4	4.1656985e-18
3.4700338249426266e-09	-0.16775349	0.0666008	-0.9287709	0	0	0.4	4.5439637e-18
3.4800381632670706e-09	-0.17445432	0.039959155	-0.9266213	0	0	0.4	5.078921e-18
3.490058048823546e-09	-0.16923344	0.042886827	-0.9281954	0	0	0.4	4.19777e-18
3.500000986805358e-09	-0.17803752	0.04212495	-0.92662054	0	0	0.4	4.800205e-18
3.5100584523090773e-09	-0.15632972	0.04580694	-0.92613137	0	0	0.4	4.7587804e-18
3.5200519501572068e-09	-0.15206727	0.04672203	-0.93080837	0	0	0.4	3.5269997e-18
3.530015803157719e-09	-0.1501844	0.05048485	-0.92946965	0	0	0.4	4.6424676e-18
3.5400158240687227e-09	-0.15955359	0.0457036	-0.923254	0	0	0.4	3.95862e-18
3.550031683422774e-09	-0.18670344	0.041627027	-0.9155775	0	0	0.4	4.660871e-18
3.5600220900142224e-09	-0.20624405	0.047387768	-0.90832055	0	0	0.4	3.9194762e-18
3.5700149600324043e-09	-0.22820021	0.031227795	-0.9004793	0	0	0.4	4.6419118e-18
3.5800591291042107e-09	-0.2512579	0.022619797	-0.89677995	0	0	0.4	4.2171045e-18
3.5900136993133644e-09	-0.2791846	0.03169549	-0.884821	0	0	0.4	5.3179847e-18
3.6000059649806717e-09	-0.2840015	0.02874692	-0.87845135	0	0	0.4	4.8253544e-18
3.6100146961038485e-09	-0.27940968	-0.0058033573	-0.8806425	0	0	0.4	4.1612193e-18
3.6200451241534772e-09	-0.28182885	-0.033579122	-0.8813777	0	0	0.4	4.2560415e-18
3.630039442211558e-09	-0.28237376	-0.044952497	-0.8840353	0	0	0.4	4.297574e-18
3.6400210225949942e-09	-0.27635562	-0.07504881	-0.887099	0	0	0.4	4.560147e-18
3.6500184762328537e-09	-0.2612293	-0.08367591	-0.8965842	0	0	0.4	5.175134e-18
3.6600239092897804e-09	-0.23986843	-0.07953933	-0.89440536	0	0	0.4	5.3390484e-18
3.670050769932435e-09	-0.22709759	-0.103290915	-0.8983223	0	0	0.4	3.9997045e-18
3.680038552241343e-09	-0.22930561	-0.1030159	-0.8937004	0	0	0.4	4.697576e-18
3.690045979161897e-09	-0.24686001	-0.11663297	-0.8892349	0	0	0.4	5.451347e-18
3.700059876403437e-09	-0.24226041	-0.11553034	-0.89154726	0	0	0.4	5.2628407e-18
3.7100532278429964e-09	-0.2131847	-0.13259874	-0.9003023	0	0	0.4	3.975776e-18
3.7200498720264455e-09	-0.20809512	-0.13464217	-0.9006404	0	0	0.4	3.8917413e-18
3.730029590646072e-09	-0.2005257	-0.12748876	-0.9037352	0	0	0.4	4.8760428e-18
3.740028856166272e-09	-0.17309047	-0.12180522	-0.9102945	0	0	0.4	4.8775044e-18
3.750019686981143e-09	-0.16611744	-0.13162497	-0.91922075	0	0	0.4	3.669792e-18
3.760044518556804e-09	-0.15932053	-0.120869435	-0.9238341	0	0	0.4	4.5546463e-18
3.77000798873843e-09	-0.1556295	-0.15161833	-0.9247664	0	0	0.4	3.7632342e-18
3.780044944654363e-09	-0.1662194	-0.1607533	-0.92324436	0	0	0.4	4.634214e-18
3.790002980878674e-09	-0.17983986	-0.16450492	-0.92180854	0	0	0.4	4.696554e-18
3.8000460534026545e-09	-0.1785128	-0.17343788	-0.9219246	0	0	0.4	4.5880007e-18
3.810063809529259e-09	-0.19114959	-0.1726593	-0.9194013	0	0	0.4	4.28029e-18
3.820037540386116e-09	-0.18091711	-0.15093906	-0.92205226	0	0	0.4	5.151345e-18
3.830019802256958e-09	-0.17262043	-0.14587025	-0.91952044	0	0	0.4	4.8354224e-18
3.840012229462534e-09	-0.17578073	-0.15669289	-0.91750187	0	0	0.4	5.048455e-18
3.850040920626077e-09	-0.16870598	-0.16933599	-0.9153049	0	0	0.4	4.9954285e-18
3.860051324687447e-09	-0.17723143	-0.17756058	-0.9105698	0	0	0.4	4.1789884e-18
3.870066885718293e-09	-0.17085811	-0.1840608	-0.9131918	0	0	0.4	4.6552257e-18
3.880064513848182e-09	-0.16848955	-0.16152781	-0.9174764	0	0	0.4	4.250428e-18
3.890035273755285e-09	-0.161054	-0.13749836	-0.91572624	0	0	0.4	5.360222e-18
3.9000273343312675e-09	-0.15371992	-0.14629264	-0.91197515	0	0	0.4	4.49293e-18
3.910002885873492e-09	-0.15910508	-0.15483871	-0.9109793	0	0	0.4	4.7518677e-18
3.920029219154209e-09	-0.15782449	-0.16014197	-0.90850466	0	0	0.4	5.646012e-18
3.930041397274632e-09	-0.16463816	-0.1745966	-0.90724325	0	0	0.4	4.165624e-18
3.940056553912908e-09	-0.17635056	-0.18629113	-0.90678686	0	0	0.4	4.562639e-18
3.950006688137863e-09	-0.17257524	-0.1932161	-0.91016895	0	0	0.4	4.411161e-18
3.9600180097727745e-09	-0.18039367	-0.20249818	-0.9136886	0	0	0.4	4.7118917e-18
3.970004799473224e-09	-0.18588933	-0.20705532	-0.91026706	0	0	0.4	5.2323368e-18
3.9800563355143276e-09	-0.2022012	-0.21011722	-0.9057144	0	0	0.4	4.9298505e-18
3.9900640599977344e-09	-0.20930195	-0.19684653	-0.90247995	0	0	0.4	4.170861e-18
4.000021594385656e-09	-0.20963153	-0.2048409	-0.9018681	0	0	0.4	4.3572723e-18
4.010003275338097e-09	-0.20004347	-0.19477895	-0.9019364	0	0	0.4	4.6553998e-18
4.020003528023665e-09	-0.1737471	-0.19874196	-0.9039946	0	0	0.4	4.295349e-18
4.030063226152085e-09	-0.16782792	-0.23191777	-0.8967406	0	0	0.4	3.825462e-18
4.040015841781876e-09	-0.15229864	-0.24555287	-0.8909304	0	0	0.4	4.522156e-18
4.050024625742887e-09	-0.14620635	-0.26859912	-0.88399714	0	0	0.4	5.1375865e-18
4.060018838630923e-09	-0.12388169	-0.2898486	-0.88695115	0	0	0.4	4.7532122e-18
4.0700413528642975e-09	-0.10349529	-0.30787715	-0.8824967	0	0	0.4	4.614804e-18
4.080041435168992e-09	-0.08428161	-0.29739064	-0.88512313	0	0	0.4	4.70978e-18
4.090019580273717e-09	-0.076775745	-0.30623114	-0.8848971	0	0	0.4	4.2742263e-18
4.100047162784224e-09	-0.06807212	-0.32093063	-0.8795411	0	0	0.4	4.4401446e-18
4.110037809917388e-09	-0.048480894	-0.32961333	-0.87881124	0	0	0.4	4.637253e-18
4.120061060216491e-09	-0.030484444	-0.33884376	-0.8775913	0	0	0.4	4.9214922e-18
4.130008229273187e-09	-0.03729432	-0.33576474	-0.8726073	0	0	0.4	5.0281278e-18
4.1400156806925335e-09	-0.029299388	-0.32974967	-0.8763178	0	0	0.4	4.3799156e-18
4.150051970315505e-09	-0.0013520189	-0.32127246	-0.88004816	0	0	0.4	4.8099767e-18
4.160050223095415e-09	0.0079660695	-0.33613628	-0.8709291	0	0	0.4	4.7878393e-18
4.170038353001045e-09	0.033420756	-0.3230083	-0.87949675	0	0	0.4	4.473843e-18
4.180044704568977e-09	0.06708128	-0.31460893	-0.88010603	0	0	0.4	4.7760606e-18
4.190026140170661e-09	0.10168245	-0.32177344	-0.88070065	0	0	0.4	3.9596044e-18
4.200048487741523e-09	0.11521718	-0.31523064	-0.88425106	0	0	0.4	4.5296096e-18
4.210027024927967e-09	0.10359195	-0.3116055	-0.88628	0	0	0.4	4.170897e-18
4.2200321537222385e-09	0.11390088	-0.31316918	-0.88477004	0	0	0.4	4.651139e-18
4.230020153909622e-09	0.113021396	-0.29361677	-0.8915461	0	0	0.4	4.316256e-18
4.2400195463277985e-09	0.13607925	-0.27927178	-0.88975245	0	0	0.4	3.643673e-18
4.2500320796062734e-09	0.1472906	-0.28109366	-0.8862691	0	0	0.4	4.7692773e-18
4.260038670724845e-09	0.14788964	-0.2727632	-0.8829771	0	0	0.4	4.892359e-18
4.270024975208786e-09	0.15792845	-0.2498281	-0.8891858	0	0	0.4	4.758856e-18
4.28002927436704e-09	0.19681975	-0.23873413	-0.8906048	0	0	0.4	3.841884e-18
4.290065509326825e-09	0.22756277	-0.22810826	-0.8883197	0	0	0.4	4.8637848e-18
4.300053287351561e-09	0.2341113	-0.22263528	-0.8935693	0	0	0.4	5.126944e-18
4.310065584899586e-09	0.26223916	-0.23418209	-0.8836047	0	0	0.4	4.512802e-18
4.320006531109075e-09	0.26320916	-0.24175707	-0.8829531	0	0	0.4	4.8821573e-18
4.330010584084639e-09	0.25958103	-0.24467812	-0.8796498	0	0	0.4	5.5241247e-18
4.340065211947458e-09	0.2667375	-0.22383815	-0.88148755	0	0	0.4	4.2989697e-18
4.350056563169275e-09	0.2785103	-0.21842033	-0.8839292	0	0	0.4	5.3975123e-18
4.36003042838411e-09	0.2854677	-0.20027035	-0.88073236	0	0	0.4	5.8259985e-18
4.370005886300985e-09	0.28833672	-0.19518445	-0.8789515	0	0	0.4	4.2243167e-18
4.38000408966628e-09	0.29757237	-0.17239842	-0.88126194	0	0	0.4	4.707316e-18
4.3900638093899024e-09	0.30241588	-0.16378224	-0.88406056	0	0	0.4	4.729595e-18
4.400036310167076e-09	0.30746686	-0.15267819	-0.8897615	0	0	0.4	4.385226e-18
4.410026289876644e-09	0.33044246	-0.15694375	-0.8798082	0	0	0.4	5.2349994e-18
4.420039395014548e-09	0.32799518	-0.15203746	-0.8814702	0	0	0.4	4.47903e-18
4.430047763423768e-09	0.32801053	-0.14532019	-0.8777333	0	0	0.4	3.6628563e-18
4.440026012847063e-09	0.32475257	-0.11974493	-0.8791671	0	0	0.4	4.8107617e-18
4.450005092893335e-09	0.3322954	-0.10517045	-0.87548846	0	0	0.4	4.8321604e-18
4.460021502632139e-09	0.32959628	-0.08068435	-0.87671214	0	0	0.4	4.5398158e-18
4.470031832338485e-09	0.3376394	-0.047145993	-0.8753799	0	0	0.4	5.4763004e-18
4.480026718124647e-09	0.35921633	-0.034720443	-0.8691609	0	0	0.4	4.8692558e-18
4.490012104723659e-09	0.37353557	-0.033962242	-0.8658366	0	0	0.4	4.4762523e-18
4.50004757164645e-09	0.37164426	-0.011473205	-0.8690614	0	0	0.4	5.037507e-18
4.5100361882434196e-09	0.37654966	0.021776011	-0.8643125	0	0	0.4	4.2621015e-18
4.520063294986522e-09	0.38892913	0.041548133	-0.85083205	0	0	0.4	4.6888133e-18
4.53006332468601e-09	0.37079677	0.07635055	-0.849941	0	0	0.4	4.786911e-18
4.540048579555797e-09	0.3459969	0.10567594	-0.84952205	0	0	0.4	5.1393306e-18
4.5500184176879474e-09	0.32951686	0.14607231	-0.8464143	0	0	0.4	4.944413e-18
4.560026709253074e-09	0.2945949	0.18239087	-0.8489971	0	0	0.4	4.3983906e-18
4.570035831706432e-09	0.25115904	0.21298462	-0.8482254	0	0	0.4	4.5521234e-18
4.5800636939093905e-09	0.21961494	0.26185203	-0.8435128	0	0	0.4	5.2586e-18
4.590036983711836e-09	0.1939586	0.26159537	-0.84121954	0	0	0.4	4.4329337e-18
4.600032903632877e-09	0.16255352	0.28456113	-0.83092475	0	0	0.4	5.1089065e-18
4.610025307008561e-09	0.11581789	0.29361194	-0.82969904	0	0	0.4	5.2552414e-18
4.620053517181976e-09	0.08067406	0.3320746	-0.8026135	0	0	0.4	4.926149e-18
4.630062375681544e-09	-0.0074905762	0.36418617	-0.78727263	0	0	0.4	5.1781597e-18
4.6400621023664815e-09	-0.09759535	0.33396986	-0.77382267	0	0	0.4	4.1688145e-18
4.650023915343709e-09	-0.21236838	0.2792286	-0.7632754	0	0	0.4	5.158332e-18
4.660037963657247e-09	-0.2675982	0.1970235	-0.7670106	0	0	0.4	4.152435e-18
4.670025266579434e-09	-0.29785475	0.08766251	-0.761135	0	0	0.4	4.266567e-18
4.6800084019446914e-09	-0.30119264	-0.03066374	-0.7416535	0	0	0.4	4.0441737e-18
4.690032028496064e-09	-0.2277694	-0.15750664	-0.73196113	0	0	0.4	4.4358466e-18
4.70002686949794e-09	-0.103014074	-0.22181459	-0.70934004	0	0	0.4	4.5944407e-18
4.710059766782116e-09	0.047554757	-0.23220856	-0.6832488	0	0	0.4	4.4586313e-18
4.720034718580002e-09	0.19342254	-0.1281133	-0.67874646	0	0	0.4	4.2903302e-18
4.730030983095289e-09	0.25542423	-0.005327495	-0.67944646	0	0	0.4	5.4510355e-18
4.740030866058931e-09	0.22456595	0.12221622	-0.67618835	0	0	0.4	4.0771277e-18
4.750022826344436e-09	0.18346421	0.20391537	-0.6666479	0	0	0.4	4.606816e-18
4.76001127753969e-09	0.074017026	0.27547026	-0.6662007	0	0	0.4	4.06916e-18
4.770060343878216e-09	-0.13539866	0.27914807	-0.660031	0	0	0.4	4.601802e-18
4.7800297821067235e-09	-0.28301218	0.17332695	-0.66181177	0	0	0.4	5.458577e-18
4.790032969617199e-09	-0.3523807	0.0783489	-0.65847313	0	0	0.4	3.890702e-18
4.800013912079623e-09	-0.3735442	-0.05679604	-0.6580767	0	0	0.4	4.95248e-18
4.8100239951805355e-09	-0.28345034	-0.21884774	-0.65501696	0	0	0.4	4.168646e-18
4.82004449594451e-09	-0.111814424	-0.26857695	-0.6387116	0	0	0.4	4.252596e-18
4.830048786514588e-09	0.04353088	-0.20599204	-0.627166	0	0	0.4	3.9561857e-18
4.840028404784832e-09	0.16881451	-0.085494496	-0.6258806	0	0	0.4	4.1572956e-18
4.850021273918768e-09	0.21897592	0.06235783	-0.6304744	0	0	0.4	4.312648e-18
4.860028108388398e-09	0.17797093	0.19288169	-0.63237107	0	0	0.4	3.6855905e-18
4.8700382404562926e-09	0.067714505	0.29703972	-0.625858	0	0	0.4	4.031778e-18
4.880023982888389e-09	-0.11035584	0.32882935	-0.61931336	0	0	0.4	4.8732047e-18
4.890011302580487e-09	-0.2890171	0.24871588	-0.610193	0	0	0.4	4.3088086e-18
4.9000466921687156e-09	-0.4203304	0.07313771	-0.59789085	0	0	0.4	5.1048835e-18
4.910059078694767e-09	-0.4291533	-0.10404652	-0.59011704	0	0	0.4	4.776638e-18
4.9200248185698516e-09	-0.34794468	-0.21692033	-0.5905561	0	0	0.4	3.3693147e-18
4.930003181311847e-09	-0.19446579	-0.275876	-0.5779807	0	0	0.4	3.850625e-18
4.94002587967777e-09	0.01267606	-0.21279295	-0.571635	0	0	0.4	3.842872e-18
4.9500281109718845e-09	0.18118882	-0.064477295	-0.56366485	0	0	0.4	3.528162e-18
4.96005678485815e-09	0.23374228	0.12046177	-0.56071377	0	0	0.4	4.519329e-18
4.97003057783142e-09	0.20067316	0.27527586	-0.56303406	0	0	0.4	5.025925e-18
4.980009027990007e-09	0.051438265	0.39577648	-0.54905194	0	0	0.4	4.298116e-18
4.990053200525912e-09	-0.14669977	0.37907615	-0.5381201	0	0	0.4	4.59318e-18
5.000046472743469e-09	-0.29918242	0.22253749	-0.53176516	0	0	0.4	3.856781e-18
5.010034058048867e-09	-0.35712692	0.04857551	-0.5242229	0	0	0.4	3.6788395e-18
5.020012785139443e-09	-0.31323102	-0.10221139	-0.5307468	0	0	0.4	3.6956643e-18
5.030036593884912e-09	-0.20917733	-0.25656298	-0.5323704	0	0	0.4	3.6474376e-18
5.040044860521771e-09	0.024548026	-0.3061128	-0.5165256	0	0	0.4	3.5536804e-18
5.050049920344601e-09	0.2399569	-0.21652654	-0.49820128	0	0	0.4	3.9736127e-18
5.06002994796915e-09	0.3275907	-0.021217506	-0.48098573	0	0	0.4	4.119532e-18
5.070062549322233e-09	0.31743056	0.14108409	-0.4645747	0	0	0.4	3.572884e-18
5.080028000384584e-09	0.23548895	0.30534017	-0.45332944	0	0	0.4	3.017701e-18
5.090051905933797e-09	0.022552568	0.38472673	-0.44059935	0	0	0.4	4.3446938e-18
5.100053516692865e-09	-0.2186997	0.25982526	-0.41889113	0	0	0.4	3.4209053e-18
5.110043988516674e-09	-0.29976973	0.022392405	-0.4000282	0	0	0.4	4.217555e-18
5.120053142625496e-09	-0.27925336	-0.18294619	-0.39715362	0	0	0.4	3.5025805e-18
5.130010659649886e-09	-0.14138564	-0.35230297	-0.4004391	0	0	0.4	4.246632e-18
5.140019438254275e-09	0.09367676	-0.36287448	-0.38987777	0	0	0.4	3.5631963e-18
5.150037401180398e-09	0.23876145	-0.21104768	-0.36901298	0	0	0.4	2.9647255e-18
5.160010420202095e-09	0.3188144	-0.046742283	-0.36632958	0	0	0.4	3.2304211e-18
5.170046435248593e-09	0.29178357	0.17242675	-0.37064058	0	0	0.4	3.1581677e-18
5.180023566408913e-09	0.119731545	0.3314997	-0.37203774	0	0	0.4	3.7953114e-18
5.190031740853684e-09	-0.08789495	0.33254	-0.3637521	0	0	0.4	3.594224e-18
5.200011962529175e-09	-0.25783166	0.2060215	-0.35411775	0	0	0.4	3.4927937e-18
5.210012432306532e-09	-0.36169016	-0.006181543	-0.33648506	0	0	0.4	4.2941787e-18
5.220051180518502e-09	-0.3339374	-0.24258262	-0.3255513	0	0	0.4	3.3487441e-18
5.2300117509447444e-09	-0.1850763	-0.40991926	-0.3233608	0	0	0.4	3.7166052e-18
5.240017764896391e-09	0.026247477	-0.4426965	-0.31192908	0	0	0.4	2.8886284e-18
5.250010278984731e-09	0.24606827	-0.29353777	-0.29877228	0	0	0.4	2.6931727e-18
5.260010643455205e-09	0.32180887	-0.008959244	-0.2936232	0	0	0.4	3.231639e-18
5.270053247995834e-09	0.25022456	0.20827112	-0.29124713	0	0	0.4	2.7138944e-18
5.280017012017442e-09	0.15018947	0.36313236	-0.2871774	0	0	0.4	2.9352674e-18
5.290002210482656e-09	-0.070121236	0.41425928	-0.28080472	0	0	0.4	2.9316282e-18
5.300047468948004e-09	-0.29336318	0.26898068	-0.26607454	0	0	0.4	2.878808e-18
5.310009281151104e-09	-0.36743203	-0.020237572	-0.25207686	0	0	0.4	1.8814285e-18
5.320022053119589e-09	-0.2833102	-0.25610408	-0.2477602	0	0	0.4	3.2872091e-18
5.330061796281166e-09	-0.090119734	-0.36910352	-0.24555813	0	0	0.4	4.5176386e-18
5.340041346586048e-09	0.09793608	-0.3565901	-0.24242738	0	0	0.4	2.4649196e-18
5.350010346217839e-09	0.27417707	-0.21446593	-0.23240164	0	0	0.4	3.3750572e-18
5.360023203163245e-09	0.3329887	0.067060664	-0.21479106	0	0	0.4	3.5023654e-18
5.370027434509036e-09	0.2232966	0.3047753	-0.20539522	0	0	0.4	3.501344e-18
5.38003754711318e-09	0.047834754	0.40939918	-0.19991806	0	0	0.4	3.0817644e-18
5.390012302375516e-09	-0.12895349	0.39744055	-0.18635342	0	0	0.4	2.3449112e-18
5.4000218424723015e-09	-0.3364072	0.2063675	-0.17177394	0	0	0.4	1.7568038e-18
5.410045152991553e-09	-0.37704957	-0.11364046	-0.15486883	0	0	0.4	3.4562621e-18
5.420058586683107e-09	-0.21141267	-0.33961058	-0.13976221	0	0	0.4	2.7651506e-18
5.430033482805114e-09	0.012221576	-0.3848305	-0.13491103	0	0	0.4	2.569017e-18
5.440002603273973e-09	0.19318879	-0.29580116	-0.12122774	0	0	0.4	2.8595038e-18
5.4500042342877015e-09	0.3291254	-0.11091782	-0.105421506	0	0	0.4	2.9760966e-18
5.460029105116299e-09	0.3463496	0.17533025	-0.091700606	0	0	0.4	3.3687663e-18
5.470043407613795e-09	0.15658215	0.39750022	-0.08169939	0	0	0.4	1.4375084e-18
5.480054832348657e-09	-0.10785034	0.42488563	-0.06883813	0	0	0.4	2.3041867e-18
5.490018447103753e-09	-0.3105794	0.29255292	-0.04716628	0	0	0.4	3.5426107e-18
5.500002369280287e-09	-0.3884213	0.013401408	-0.041454174	0	0	0.4	1.7293119e-18
5.510047302304116e-09	-0.23875754	-0.23233405	-0.036087286	0	0	0.4	1.681384e-18
5.5200563441544e-09	-0.043465726	-0.33442974	-0.03491036	0	0	0.4	1.8709512e-18
5.530050690287092e-09	0.1848948	-0.33270955	-0.022157082	0	0	0.4	2.3738018e-18
5.540035623636829e-09	0.3607709	-0.16573176	-0.008278541	0	0	0.4	2.3542137e-18
5.5500284859242936e-09	0.4004076	0.117887735	-0.0013064962	0	0	0.4	2.5027687e-18
5.560052204042395e-09	0.21536188	0.3452219	0.012926543	0	0	0.4	1.9111812e-18
5.570060140125862e-09	-0.055687908	0.37204745	0.019189948	0	0	0.4	1.9583038e-18
5.580048673673268e-09	-0.23553455	0.21066833	0.038537443	0	0	0.4	2.4433656e-18
5.5900324389394325e-09	-0.27988443	0.0037871534	0.06475835	0	0	0.4	3.2508008e-18
5.600028481421386e-09	-0.25093842	-0.22274679	0.09032707	0	0	0.4	2.7275811e-18
5.610065695043273e-09	-0.076508775	-0.40104163	0.104319476	0	0	0.4	2.7240588e-18
5.6200009793363305e-09	0.17371051	-0.38930133	0.1120874	0	0	0.4	1.6441647e-18
5.630027837375263e-09	0.33699372	-0.14177518	0.14155404	0	0	0.4	2.5685708e-18
5.640064931647349e-09	0.27837995	0.17455323	0.16046056	0	0	0.4	2.2113772e-18
5.650020595905283e-09	0.061137274	0.33271468	0.16017559	0	0	0.4	2.2294341e-18
5.6600160166035084e-09	-0.1280706	0.27569088	0.16938491	0	0	0.4	2.4267027e-18
5.6700179668463765e-09	-0.20896307	0.16466554	0.18172857	0	0	0.4	2.302538e-18
5.680000822013409e-09	-0.26482892	-0.035787404	0.19651559	0	0	0.4	2.2092596e-18
5.690057768823144e-09	-0.17987844	-0.29062715	0.21153526	0	0	0.4	2.0397536e-18
5.7000336080442054e-09	0.07938698	-0.40939808	0.22421965	0	0	0.4	1.2591975e-18
5.710013735697179e-09	0.296096	-0.24249186	0.23789662	0	0	0.4	6.3287273e-19
5.720012514011006e-09	0.31274948	0.010851283	0.25877422	0	0	0.4	1.3357939e-18
5.730009779353159e-09	0.16333142	0.23730677	0.27131122	0	0	0.4	2.1879057e-18
5.7400318857194735e-09	-0.05206645	0.30337334	0.27675122	0	0	0.4	1.9249088e-18
5.750019501868084e-09	-0.19247767	0.26517716	0.28310513	0	0	0.4	2.2808662e-18
5.760009164667423e-09	-0.32373288	0.10094379	0.2937042	0	0	0.4	6.478011e-19
5.770008409530709e-09	-0.2637341	-0.18710037	0.30932072	0	0	0.4	7.365616e-19
5.78000494877908e-09	-0.01333512	-0.34417626	0.3131887	0	0	0.4	1.995046e-18
5.790060765534313e-09	0.23024346	-0.2820888	0.31445193	0	0	0.4	1.2694155e-18
5.800022643685e-09	0.3045163	-0.067568906	0.32145977	0	0	0.4	1.5644354e-18
5.8100296417090884e-09	0.24360721	0.12044452	0.33861372	0	0	0.4	6.216426e-19
5.82005267114095e-09	0.07290269	0.26430154	0.35064498	0	0	0.4	1.5931826e-18
5.830052292269171e-09	-0.1327262	0.26548964	0.36168668	0	0	0.4	2.509481e-18
5.8400365099019795e-09	-0.2697297	0.12858841	0.35599923	0	0	0.4	2.3465751e-18
5.850062246217547e-09	-0.305671	-0.10978996	0.36913636	0	0	0.4	1.565105e-18
5.860061531258458e-09	-0.14005975	-0.31462112	0.39850008	0	0	0.4	1.1145142e-18
5.870008337793379e-09	0.14264974	-0.31211257	0.40776676	0	0	0.4	8.0273226e-19
5.880048128791318e-09	0.28899717	-0.12582466	0.40442827	0	0	0.4	1.3838871e-18
5.890010414086067e-09	0.24764729	0.08376101	0.41999072	0	0	0.4	1.1536618e-18
5.9000249106021364e-09	0.07850621	0.26449397	0.4413046	0	0	0.4	9.801076e-19
5.910015751368443e-09	-0.11157558	0.24918178	0.44908226	0	0	0.4	9.932879e-19
5.920042439216931e-09	-0.22575279	0.15994981	0.4588148	0	0	0.4	1.04375e-18
5.930060700759117e-09	-0.28201154	-0.023632614	0.47468922	0	0	0.4	6.19922e-19
5.9400207204449035e-09	-0.131013	-0.2709377	0.4978611	0	0	0.4	7.821993e-19
5.950001143622432e-09	0.12340266	-0.27970457	0.5105325	0	0	0.4	1.8041268e-18
5.960041812688399e-09	0.23996985	-0.08859016	0.510569	0	0	0.4	9.561558e-19
5.970009916316758e-09	0.19532068	0.05649056	0.51037693	0	0	0.4	5.5353107e-19
5.980012117166833e-09	0.09395384	0.20234857	0.53266096	0	0	0.4	-4.589538e-21
5.990001000867767e-09	-0.10284866	0.26843247	0.54303277	0	0	0.4	-2.7581464e-19
6.0000196031377306e-09	-0.26943377	0.106663376	0.55906767	0	0	0.4	7.342281e-19
6.010046378769182e-09	-0.23868959	-0.10128213	0.5826979	0	0	0.4	1.3855239e-18
6.020039428037702e-09	-0.04900373	-0.24924254	0.5975479	0	0	0.4	-7.347635e-19
6.030010826595528e-09	0.16189559	-0.1925475	0.61682355	0	0	0.4	-2.2489262e-19
6.0400516492258025e-09	0.20665677	-0.037015807	0.6189265	0	0	0.4	8.7822696e-20
6.050000431828692e-09	0.16519086	0.105911724	0.6339203	0	0	0.4	3.007492e-19
6.060029379196899e-09	0.044640794	0.22494452	0.6487203	0	0	0.4	7.0121755e-19
6.07006136092345e-09	-0.16835986	0.20424825	0.6657608	0	0	0.4	7.424704e-19
6.080058066244824e-09	-0.26813307	0.008499925	0.67028856	0	0	0.4	1.4776858e-19
6.090045790766659e-09	-0.16011782	-0.19284171	0.6865362	0	0	0.4	6.342778e-19
6.100030538509009e-09	0.06220082	-0.25400767	0.6893515	0	0	0.4	7.832378e-19
6.11006228872279e-09	0.24622165	-0.123965174	0.70594555	0	0	0.4	-3.3259973e-19
6.120011401821024e-09	0.23120026	0.07821856	0.71157	0	0	0.4	4.9129813e-19
6.130035883810287e-09	0.0721783	0.20904894	0.72267926	0	0	0.4	6.6710023e-19
6.1400632781739985e-09	-0.10963493	0.18692654	0.72995913	0	0	0.4	7.5383673e-19
6.150015624781094e-09	-0.21588744	0.048232798	0.73935825	0	0	0.4	-2.375184e-19
6.16001477696254e-09	-0.17613204	-0.14766434	0.75247735	0	0	0.4	-2.1268299e-19
6.170052782328511e-09	0.016259635	-0.2323116	0.7596313	0	0	0.4	1.6127004e-19
6.18001760585431e-09	0.2047464	-0.10523874	0.7677287	0	0	0.4	-1.0951755e-19
6.190030277560421e-09	0.19420671	0.094620794	0.77422166	0	0	0.4	-4.0743262e-19
6.200054144900739e-09	0.039149694	0.2019986	0.78377724	0	0	0.4	-6.774036e-19
6.210005601414301e-09	-0.13570024	0.12957837	0.791582	0	0	0.4	8.7546004e-20
6.2200107653357885e-09	-0.16946678	-0.011367732	0.7973987	0	0	0.4	-2.5849202e-20
6.230026138821978e-09	-0.111753434	-0.13385318	0.8070878	0	0	0.4	-1.0425435e-18
6.2400341022031146e-09	0.028449802	-0.16557491	0.8177876	0	0	0.4	-5.9615393e-19
6.250020083838319e-09	0.16384372	-0.09870385	0.81987196	0	0	0.4	-5.4742503e-19
6.260015166201601e-09	0.17245694	0.090276964	0.82537556	0	0	0.4	-1.1164533e-18
6.270048861475834e-09	0.015484183	0.18121853	0.8248823	0	0	0.4	-1.3442263e-18
6.2800476036532135e-09	-0.117390655	0.09588882	0.84135514	0	0	0.4	-1.4651305e-18
6.290009079361958e-09	-0.14488694	-0.017433515	0.8499738	0	0	0.4	-8.808211e-19
6.3000621373387915e-09	-0.066249095	-0.17026152	0.8565413	0	0	0.4	-4.3314534e-20
6.3100474557616945e-09	0.13605203	-0.14559945	0.86725795	0	0	0.4	-1.0786853e-18
6.32004314380712e-09	0.19269568	0.06096282	0.877275	0	0	0.4	3.6931288e-21
6.33005878792151e-09	0.00045201578	0.19807385	0.88153887	0	0	0.4	-5.3048706e-19
6.3400180137670035e-09	-0.17677435	0.07849643	0.8912903	0	0	0.4	-6.951381e-19
6.35004023437358e-09	-0.14502382	-0.13218297	0.8975806	0	0	0.4	-1.3003296e-18
6.3600467319885925e-09	0.053752694	-0.18237124	0.89930844	0	0	0.4	-1.1264995e-18
6.37003014897267e-09	0.1901887	0.0047055613	0.9016648	0	0	0.4	-1.1844921e-18
6.38001522060844e-09	0.02573895	0.1761195	0.9126383	0	0	0.4	-4.180681e-19
6.390064671010425e-09	-0.16231522	0.05052009	0.92071766	0	0	0.4	-2.2786479e-18
6.400040625729905e-09	-0.07920459	-0.14372101	0.92461663	0	0	0.4	-1.0639318e-18
6.410051047923632e-09	0.11331084	-0.105280496	0.92689365	0	0	0.4	-6.8018385e-19
6.420004863883206e-09	0.12588622	0.09247512	0.9330685	0	0	0.4	-5.2616106e-19
6.430049219097014e-09	-0.05720128	0.12531722	0.93569237	0	0	0.4	-1.2996972e-18
6.44002042049154e-09	-0.1173273	-0.030008884	0.936931	0	0	0.4	-8.64241e-19
6.4500477406491006e-09	0.0038389056	-0.103544675	0.94362	0	0	0.4	-1.5389322e-18
6.460030126204728e-09	0.11293188	-0.019804412	0.94422907	0	0	0.4	-3.8585047e-19
6.470003532410294e-09	0.030873697	0.1011539	0.95003116	0	0	0.4	-4.0342193e-19
6.48005242513437e-09	-0.08948464	0.024143608	0.95434886	0	0	0.4	-7.796043e-19
6.490011352007819e-09	-0.041788746	-0.10140041	0.9544934	0	0	0.4	-1.6083401e-18
6.500026417695313e-09	0.088007905	-0.045130644	0.95695955	0	0	0.4	-1.6349237e-18
6.510019196125612e-09	0.04877027	0.06550392	0.9609695	0	0	0.4	-1.8588428e-18
6.520025294153894e-09	-0.049171183	0.041347813	0.9562504	0	0	0.4	-9.730147e-19
6.530046986283413e-09	-0.027058098	-0.0344724	0.957196	0	0	0.4	-3.4246425e-19
6.540012314045967e-09	0.028136613	-0.017884519	0.9590578	0	0	0.4	-1.2898618e-18
6.5500018202629055e-09	0.036598653	0.037510976	0.95896655	0	0	0.4	-1.8302291e-18
6.5600182927355035e-09	-0.020134991	0.045999687	0.96013916	0	0	0.4	-1.0887717e-18
6.570019798682157e-09	-0.0385556	-0.027049689	0.96111035	0	0	0.4	-8.940751e-19
6.5800110360807235e-09	0.018411346	-0.031049885	0.96061486	0	0	0.4	-2.237207e-18
6.590015868585969e-09	0.024982765	0.0072115855	0.9620546	0	0	0.4	-1.811025e-18
6.600046587665234e-09	-0.0028207737	0.020153128	0.9617284	0	0	0.4	-1.499287e-18
6.610052534561026e-09	0.0047418694	0.003405843	0.96244276	0	0	0.4	-1.6485404e-18
6.62003855206909e-09	-0.0013310121	0.009303955	0.9647844	0	0	0.4	-1.4833637e-18
6.6300039154577425e-09	-0.01594051	-0.006363945	0.96629024	0	0	0.4	-2.82741e-18
6.640042426368905e-09	-0.0030123396	-0.009726714	0.96314543	0	0	0.4	-1.0292976e-18
6.650017849603153e-09	0.003102571	0.013367447	0.96570486	0	0	0.4	-1.3440875e-18
6.6600325544855666e-09	-0.019250182	0.0054365546	0.9655816	0	0	0.4	-1.65631e-18
6.670042357547051e-09	-0.015397995	-0.0044870097	0.9663291	0	0	0.4	-4.896511e-19
6.680014733002313e-09	-0.009266393	0.0044234004	0.9650744	0	0	0.4	-9.299594e-19
6.690047296158135e-09	-0.011101187	-0.0120675955	0.9693371	0	0	0.4	-1.2644191e-18
6.70002923898122e-09	0.00048091463	-0.0062757703	0.96858615	0	0	0.4	-1.765497e-18
6.710058428306572e-09	-0.0049315155	0.0037572947	0.96926916	0	0	0.4	-1.0024654e-18
6.7200341341250145e-09	0.0014089155	-0.00802016	0.9698025	0	0	0.4	-1.545854e-18
6.73002578327909e-09	-0.00166759	-0.0033988142	0.96783394	0	0	0.4	-1.2645377e-18
6.740007595855387e-09	0.015621631	-0.00626586	0.96661913	0	0	0.4	-1.3605529e-18
6.750034547834863e-09	0.021312878	0.023539195	0.9659669	0	0	0.4	-1.4000461e-18
6.760021022503031e-09	-0.027833598	0.008251754	0.9635444	0	0	0.4	-6.87484e-19
6.770008958789036e-09	-0.024225332	-0.021129007	0.96549696	0	0	0.4	-1.6150176e-18
6.780061168786719e-09	0.009831854	-0.019671531	0.9668125	0	0	0.4	-2.5021595e-18
6.790003337050912e-09	0.0210145	0.008890233	0.96413094	0	0	0.4	-1.3128978e-18
6.800043534117294e-09	-0.015142232	0.006735342	0.9641793	0	0	0.4	-1.3675765e-18
6.810010700083616e-09	0.00663837	-0.02810705	0.9643195	0	0	0.4	-1.7046097e-18
6.820013810012565e-09	0.017559582	0.024944935	0.9612702	0	0	0.4	-8.940539e-19
6.830061374878909e-09	-0.026215238	0.0063869273	0.9636167	0	0	0.4	-1.4276926e-18
6.840017549523492e-09	-0.010665391	-0.040806863	0.9632902	0	0	0.4	-6.153454e-19
6.850012009083016e-09	0.031501263	-0.006421472	0.9649684	0	0	0.4	-1.2501729e-19
6.86000929549874e-09	0.015574094	0.011700847	0.96629727	0	0	0.4	-1.3120459e-18
6.870021945900855e-09	-0.014870792	0.02561995	0.9668738	0	0	0.4	-1.8196747e-18
6.880019154724365e-09	-0.016248962	-0.015717981	0.9666227	0	0	0.4	-1.270946e-18
6.89003262316771e-09	-0.0067832456	-0.03419398	0.96424645	0	0	0.4	-1.3155763e-18
6.9000362501940315e-09	0.037459165	-0.014227954	0.9651592	0	0	0.4	-1.0586287e-18
6.910002177244001e-09	-0.0009010657	0.0138935065	0.96673006	0	0	0.4	-7.905058e-19
6.92004799675959e-09	-0.014565286	-0.0015968264	0.96678394	0	0	0.4	-8.1108864e-19
6.930001713702867e-09	-0.00557526	-0.017249985	0.96746457	0	0	0.4	-8.925689e-19
6.940060679516442e-09	0.023997119	-0.009676693	0.96779025	0	0	0.4	-7.987942e-19
6.950032341952747e-09	0.008403862	0.008950309	0.9666124	0	0	0.4	-3.9137973e-19
6.960060094968128e-09	-0.0049116192	0.00061965693	0.96672595	0	0	0.4	-1.0550211e-18
6.97005835568728e-09	-0.018527402	-0.00081575563	0.9650404	0	0	0.4	-1.5090465e-18
6.980016434766704e-09	0.005857578	-0.029540809	0.9641772	0	0	0.4	-1.6215247e-18
6.990007315122195e-09	0.033519007	0.00038904743	0.9642636	0	0	0.4	-1.9629134e-18
7.00002176895108e-09	0.0019554775	0.019492192	0.96261823	0	0	0.4	-1.0020049e-18
7.010061426766634e-09	-0.009268023	0.0033735659	0.9648783	0	0	0.4	-1.7895461e-18
7.020048120524023e-09	0.0024410223	-0.00050403096	0.96442467	0	0	0.4	-1.6598924e-18
7.0300503856319806e-09	0.0012139217	0.005645142	0.9630748	0	0	0.4	-4.1548096e-19
7.040012198598232e-09	-0.010633455	-0.0025726645	0.9635779	0	0	0.4	-1.9759066e-18
7.0500168153310265e-09	0.009645163	-0.017980127	0.96428436	0	0	0.4	-6.289021e-19
7.060012716603344e-09	0.02548644	0.0014169816	0.9651022	0	0	0.4	-1.9957422e-18
7.070006799551305e-09	-0.0076211966	0.032754496	0.965257	0	0	0.4	-1.1649482e-18
7.080057317746834e-09	-0.02681102	-0.008061455	0.96287256	0	0	0.4	-1.4417781e-18
7.0900296253637966e-09	-0.0029986433	-0.023395348	0.96163833	0	0	0.4	-2.0435909e-18
7.100040809711136e-09	0.005246961	-0.019252734	0.96479964	0	0	0.4	-2.4316426e-18
7.110051942569827e-09	0.043162636	0.010298649	0.96414554	0	0	0.4	-6.168715e-19
7.120050245504638e-09	0.0051229107	0.021466391	0.9665602	0	0	0.4	-1.4800299e-18
7.130057124050952e-09	-0.003248358	0.010780955	0.96950424	0	0	0.4	-1.8856018e-18
7.140012032326161e-09	-0.0058077816	0.0020803935	0.96929497	0	0	0.4	-1.9147265e-18
7.1500289729702395e-09	-0.0019410044	-0.012818607	0.96881944	0	0	0.4	-2.337517e-18
7.1600411584834634e-09	0.011102357	-0.0009128096	0.9687658	0	0	0.4	-1.8603313e-18
7.170064285848461e-09	0.01629931	0.0036486555	0.9690594	0	0	0.4	-2.5529337e-18
7.180002873608941e-09	-0.013409422	0.017265374	0.9663465	0	0	0.4	-2.370914e-18
7.19004921863634e-09	-0.009668491	-0.0087458575	0.96693414	0	0	0.4	-1.5869355e-18
7.2000286306768475e-09	0.0053374437	-0.014349024	0.96668786	0	0	0.4	-9.199644e-19
7.210064104054623e-09	0.0051015713	-0.0016157157	0.96327335	0	0	0.4	-1.5964065e-18
7.2200008146848106e-09	0.019650385	6.5136423e-06	0.9648933	0	0	0.4	-9.655577e-19
7.230050351230302e-09	0.005377356	0.021288317	0.9668892	0	0	0.4	-1.5031152e-18
7.240046934193495e-09	-0.023297766	0.017655196	0.9666251	0	0	0.4	-9.937577e-19
7.250017354068292e-09	-0.010670281	-0.03699542	0.96681696	0	0	0.4	-2.0230598e-18
7.2600119506386974e-09	0.015575899	-0.014225171	0.96545064	0	0	0.4	2.1932642e-19
7.270060814737042e-09	0.0050117364	0.008621542	0.9658969	0	0	0.4	-1.1447776e-18
7.280054889878714e-09	-0.01338767	0.015993861	0.9641782	0	0	0.4	-3.9384176e-19
7.290011520423408e-09	-0.027391108	0.00047532885	0.9634855	0	0	0.4	-1.4443588e-18
7.300033884964502e-09	-0.0030059053	-0.012185326	0.96374303	0	0	0.4	-1.2175666e-18
7.310010452889572e-09	0.02158174	0.0016036668	0.9626205	0	0	0.4	-1.1510384e-18
7.320027669201037e-09	0.02575673	0.03094255	0.9621522	0	0	0.4	-1.414517e-18
7.330038950026454e-09	-0.013281373	0.013196392	0.9618554	0	0	0.4	-1.9817415e-18
7.3400148108413315e-09	0.004386555	-0.024177792	0.9643253	0	0	0.4	-7.9016614e-19
7.350002879636972e-09	0.009605265	0.0007970891	0.9641612	0	0	0.4	-1.0195394e-18
7.360036381415033e-09	0.0039494094	0.017757637	0.9646364	0	0	0.4	-1.8554035e-18
7.370017089696998e-09	-0.006824121	-0.0055579552	0.9641958	0	0	0.4	-9.163328e-19
7.38000289908449e-09	0.0039395234	0.012751899	0.9640889	0	0	0.4	-9.976702e-19
7.390006747067593e-09	-0.015428903	0.008604351	0.9643722	0	0	0.4	-1.532426e-18
7.400001636301252e-09	-0.012377252	-0.019202577	0.96483666	0	0	0.4	-1.3805557e-18
7.410030767873487e-09	-0.0030041586	-0.0342243	0.96537244	0	0	0.4	-1.0441249e-18
7.420049736548395e-09	0.014332064	-0.0075540515	0.96538323	0	0	0.4	-1.3945814e-18
7.430018038837619e-09	0.009524003	-0.006695844	0.96585727	0	0	0.4	-2.0489746e-18
7.440053576213858e-09	-0.00069853826	-0.009856587	0.9622109	0	0	0.4	-1.0740871e-18
7.450030801924136e-09	0.018089984	0.014692132	0.96413344	0	0	0.4	-1.843049e-18
7.460011880115428e-09	-0.019153835	0.023509316	0.96221155	0	0	0.4	-7.3447336e-19
7.470018911710869e-09	-0.028987696	0.0053314893	0.96001774	0	0	0.4	-1.2337718e-18
7.480034085743942e-09	-0.008247613	-0.033291724	0.96392286	0	0	0.4	-1.1316063e-18
7.490005696858482e-09	0.03847833	-0.014772017	0.965485	0	0	0.4	-8.985927e-19
7.50005900450934e-09	0.025030568	0.041883852	0.96394503	0	0	0.4	-1.0847266e-18
7.510052116318244e-09	-0.04015584	0.008468454	0.965755	0	0	0.4	-2.5106105e-19
7.520033659170887e-09	-0.0046846014	-0.041624602	0.965956	0	0	0.4	-2.2247883e-18
7.530034918269046e-09	0.048540365	-0.004401261	0.96661663	0	0	0.4	-1.5901278e-18
7.540023946033588e-09	0.015978828	0.056483988	0.96531177	0	0	0.4	-1.6251401e-18
7.550040150919466e-09	-0.04692247	0.027081419	0.9690836	0	0	0.4	-1.3986375e-18
7.560012816132143e-09	-0.0346811	-0.032550402	0.96884894	0	0	0.4	-7.5744717e-19
7.570020840380227e-09	0.019793972	-0.043882333	0.9684206	0	0	0.4	-1.1016949e-18
7.580026322182457e-09	0.053903352	0.029324094	0.96704775	0	0	0.4	-9.022703e-19
7.590056433744233e-09	-0.024376052	0.058277532	0.96738964	0	0	0.4	-1.3752351e-18
7.600027411899464e-09	-0.04882922	-0.016268877	0.96654177	0	0	0.4	-1.4156923e-18
7.61006026447079e-09	0.010568924	-0.047659293	0.96830285	0	0	0.4	-2.0948562e-18
7.620010912421321e-09	0.04859547	-0.0047742696	0.96574336	0	0	0.4	-2.072144e-18
7.630025798616561e-09	-0.0032189398	0.031726982	0.96388495	0	0	0.4	-2.1054784e-18
7.640036153778278e-09	-0.034124695	0.0039284676	0.96713984	0	0	0.4	-1.9468759e-18
7.650048951505064e-09	-0.022520797	-0.026845932	0.9649606	0	0	0.4	-1.1100156e-18
7.660037543942664e-09	0.0147807915	-0.033074312	0.9632232	0	0	0.4	-2.3663037e-19
7.67001871070453e-09	0.035351254	0.022003561	0.9620772	0	0	0.4	-1.5620179e-18
7.680011227359788e-09	-0.026351478	0.02931181	0.96418476	0	0	0.4	-1.72201e-18
7.690009656462087e-09	-0.015033259	-0.020866573	0.9666431	0	0	0.4	-2.6201543e-19
7.700035474881775e-09	0.020418303	-0.0077265073	0.9636704	0	0	0.4	-1.3052349e-18
7.710006671256105e-09	0.011922698	0.03711866	0.9662225	0	0	0.4	-1.7020789e-18
7.720020810973544e-09	-0.018217826	0.004209807	0.9646145	0	0	0.4	-2.0818494e-18
7.730033288637564e-09	-0.022819635	-0.015873935	0.96654546	0	0	0.4	-1.5505972e-18
7.74002378277923e-09	0.0302842	-0.023907822	0.9653809	0	0	0.4	-1.0022276e-18
7.750028999140506e-09	0.01573486	0.035209775	0.96503437	0	0	0.4	-1.4633683e-18
7.760049377831767e-09	-0.0519279	0.020234026	0.96096176	0	0	0.4	-1.1847064e-18
7.77002467150071e-09	-0.012259983	-0.034688827	0.96249765	0	0	0.4	-2.0539982e-18
7.780045391712491e-09	0.023526082	-0.009693835	0.9614794	0	0	0.4	-8.4045883e-19
7.790042788195629e-09	-0.0045374976	0.007767317	0.9626994	0	0	0.4	-8.1517703e-19
7.800039364189579e-09	-0.009524281	0.00020746527	0.96585983	0	0	0.4	-7.0520203e-19
7.810057847242628e-09	-0.016146332	-0.012505351	0.9624314	0	0	0.4	-1.3135546e-18
7.82000012604796e-09	-0.0043454617	-0.021177862	0.9618344	0	0	0.4	-1.9965084e-18
7.830027718650354e-09	0.030445497	0.0046853763	0.9632395	0	0	0.4	-1.5351696e-18
7.840044290318453e-09	-0.0041695465	0.026353536	0.9608551	0	0	0.4	-1.4001248e-18
7.850011898246324e-09	-0.028296415	0.018157305	0.9622475	0	0	0.4	-1.780835e-18
7.860021590619295e-09	-0.010468974	-0.026866592	0.9619866	0	0	0.4	-9.065325e-19
7.87003890206062e-09	0.021864206	-0.027980464	0.96192414	0	0	0.4	-4.950556e-19
7.88000358757886e-09	0.03153823	0.014317908	0.96431655	0	0	0.4	-1.6479642e-18
7.890060868676838e-09	0.002809151	0.033105623	0.96344376	0	0	0.4	-1.9689053e-18
7.900007684298137e-09	-0.018471986	0.02213015	0.96419173	0	0	0.4	-9.230196e-19
7.910012030109588e-09	-0.015239037	-0.0076532857	0.9635143	0	0	0.4	-1.7533218e-18
7.92003840807285e-09	0.005476724	-0.012574222	0.96544945	0	0	0.4	-7.5063963e-19
7.930037625846343e-09	0.01822337	0.004390793	0.96417177	0	0	0.4	-1.6051638e-18
7.940059723127596e-09	-0.011986314	0.025313469	0.96382767	0	0	0.4	-1.3911425e-18
7.95003047762649e-09	-0.026567288	-0.015096121	0.9643365	0	0	0.4	-1.5646181e-18
7.960010927890404e-09	0.016070139	-0.030303128	0.9649311	0	0	0.4	-1.9570212e-18
7.970017288697226e-09	0.027509367	0.01005813	0.96156955	0	0	0.4	-1.8312641e-18
7.980048721109454e-09	-0.013710729	0.02599743	0.9645748	0	0	0.4	-1.8568085e-18
7.990053886035351e-09	-0.008350651	-0.012494183	0.9644965	0	0	0.4	-1.478002e-18
8.000048967524952e-09	0.016535548	-0.02025955	0.9636253	0	0	0.4	-1.2325971e-18
8.01002742122347e-09	0.011154681	-0.0026870866	0.96544135	0	0	0.4	-1.4214374e-18
8.020023974504794e-09	0.001672196	0.023113692	0.9659602	0	0	0.4	-1.5888878e-18
8.030001929644114e-09	-0.023149258	0.023852525	0.965337	0	0	0.4	-1.3284694e-18
8.040040721996591e-09	-0.026253473	-0.01367301	0.96617705	0	0	0.4	-1.6800009e-18
8.050043847141849e-09	0.010686462	-0.028270196	0.96533644	0	0	0.4	-1.3045994e-18
8.060041488155158e-09	0.041114844	-0.0037118413	0.96235937	0	0	0.4	-1.0454052e-18
8.070006785349079e-09	0.0013252291	0.045035467	0.96315444	0	0	0.4	-8.703887e-19
8.080007321463766e-09	-0.039732732	0.0083070425	0.9637828	0	0	0.4	-1.495086e-18
8.090018169202239e-09	-0.007632761	-0.030450769	0.96783054	0	0	0.4	-1.1912145e-18
8.100018454690329e-09	0.0346777	-0.017121477	0.9658281	0	0	0.4	-1.5183567e-18
8.110009502314758e-09	0.030153947	0.042609144	0.9648189	0	0	0.4	-3.7987905e-19
8.12002460070312e-09	-0.04747498	0.03993553	0.96400905	0	0	0.4	-2.2330156e-18
8.130011602104999e-09	-0.03304979	-0.03412102	0.9643	0	0	0.4	-1.768925e-18
8.140033372361334e-09	0.03497124	-0.03777687	0.96601784	0	0	0.4	-1.6237108e-18
8.150046779171422e-09	0.045719575	0.03540426	0.96253943	0	0	0.4	-9.020884e-19
8.160010095623501e-09	-0.027272858	0.03894587	0.9617959	0	0	0.4	-1.5336678e-18
8.170027712510983e-09	-0.035180356	-0.018676395	0.96213657	0	0	0.4	-1.6650431e-18
8.180008338059851e-09	0.032385137	-0.018765323	0.95983535	0	0	0.4	-7.8634524e-19
8.19001197453373e-09	0.025114106	0.026738051	0.9607217	0	0	0.4	-1.768802e-18
8.200000920864418e-09	-0.0140935	0.030804588	0.9610887	0	0	0.4	-5.6186315e-19
8.210033548728156e-09	-0.047843866	-0.016105074	0.96082544	0	0	0.4	-6.504045e-19
8.220052092955841e-09	0.012521023	-0.050170682	0.96301794	0	0	0.4	-7.6448234e-19
8.230033957671149e-09	0.059357263	0.009084539	0.9643901	0	0	0.4	-1.8246471e-18
8.240062446363013e-09	-0.022746352	0.059420962	0.9620035	0	0	0.4	-9.635889e-19
8.25006223739177e-09	-0.045031227	-0.014994775	0.9651383	0	0	0.4	-2.7988928e-18
8.260012411326797e-09	0.011796305	-0.0479484	0.96330774	0	0	0.4	-1.9807257e-18
8.270012404906497e-09	0.04044864	-0.005229179	0.9611934	0	0	0.4	-2.5941567e-20
8.280041680091187e-09	0.016422536	0.047774203	0.9579444	0	0	0.4	-1.0907966e-18
8.290027805282105e-09	-0.04185064	0.020724785	0.9609776	0	0	0.4	-1.0712091e-18
8.300056769357076e-09	-0.036239166	-0.042277925	0.9611415	0	0	0.4	-2.0527e-18
8.310026306135968e-09	0.030202635	-0.035438202	0.9628249	0	0	0.4	9.3717567e-20
8.320024294298393e-09	0.030030414	0.019512106	0.96432817	0	0	0.4	-4.681137e-19
8.330060949691079e-09	-0.01588214	0.027558029	0.9641534	0	0	0.4	-1.496852e-18
8.340062474337933e-09	-0.018284624	-0.0048236805	0.9625497	0	0	0.4	-1.7550632e-18
8.350022493916025e-09	0.017415918	0.0033379598	0.96521986	0	0	0.4	-1.3907298e-18
8.360039427057979e-09	-0.006531102	0.0010122842	0.9674861	0	0	0.4	-1.1187188e-18
8.370060176018956e-09	0.0101723755	0.0067595933	0.9684471	0	0	0.4	-1.7932548e-18
8.380033946090767e-09	-0.009867826	0.0029029958	0.9655883	0	0	0.4	-1.4064699e-18
8.390018795028372e-09	-0.0045485953	-0.020839559	0.96459	0	0	0.4	-1.9674429e-18
8.400063959389318e-09	0.029960057	-0.0023134588	0.96539915	0	0	0.4	-8.634122e-19
8.410064100198682e-09	-0.005586361	0.030459886	0.96589655	0	0	0.4	-1.2565112e-18
8.42002266781621e-09	-0.052203953	0.0003620439	0.9661339	0	0	0.4	-1.1261229e-18
8.430061722339103e-09	-0.0039360486	-0.043687586	0.9651725	0	0	0.4	-1.1852145e-18
8.440008312317602e-09	0.035628375	-0.014534986	0.9637077	0	0	0.4	-1.2040732e-18
8.450046987324248e-09	0.028566552	0.03411243	0.96635467	0	0	0.4	-6.8008153e-19
8.46001640990305e-09	-0.037122328	0.042147078	0.9658139	0	0	0.4	-1.8596937e-18
8.470033445660856e-09	-0.055815928	-0.041841105	0.96533173	0	0	0.4	-1.485267e-18
8.480063234055202e-09	0.042861477	-0.05033869	0.9656708	0	0	0.4	-1.7158914e-18
8.490026077551136e-09	0.029280454	0.02023075	0.9688931	0	0	0.4	-2.1728854e-18
8.500019031227469e-09	-0.022469636	0.03834176	0.96790767	0	0	0.4	-2.099312e-18
8.510008684071783e-09	-0.035480816	-0.023974132	0.96850634	0	0	0.4	-2.7345694e-18
8.520059855176759e-09	0.03425728	-0.01862815	0.9685105	0	0	0.4	-8.947172e-19
8.530025699335151e-09	0.011736582	0.025726417	0.96489847	0	0	0.4	-9.236311e-19
8.540017228035932e-09	-0.021828806	0.02516251	0.9667372	0	0	0.4	-8.1674294e-19
8.550056743539431e-09	-0.02940185	-0.012930894	0.9669371	0	0	0.4	-1.7050372e-18
8.560036161019483e-09	0.008922621	-0.034638636	0.9674317	0	0	0.4	-1.3495962e-18
8.57005915588825e-09	0.025049757	0.010379734	0.9656772	0	0	0.4	-1.2095543e-18
8.580057879445994e-09	-0.010360748	0.018328387	0.9676114	0	0	0.4	-7.618898e-19
8.590060053796567e-09	-0.019622536	-0.02000356	0.96550417	0	0	0.4	-1.3846673e-18
8.600014081828184e-09	0.019549003	-0.03218273	0.9633125	0	0	0.4	-1.3733494e-18
8.61002656882865e-09	0.038922656	0.030755565	0.9634131	0	0	0.4	-1.9200957e-18
8.620029251145247e-09	-0.031133784	0.06145971	0.9623704	0	0	0.4	-1.31258e-18
8.630029898019986e-09	-0.049679432	-0.02045062	0.9653183	0	0	0.4	-8.2158866e-19
8.640044131812868e-09	-0.004944601	-0.032219976	0.9661229	0	0	0.4	-1.1816677e-18
8.650039892119084e-09	0.056624904	-0.016995136	0.96625274	0	0	0.4	-7.092995e-19
8.660052848710729e-09	0.0053039924	0.0340432	0.96872145	0	0	0.4	-2.4838979e-18
8.670028822778435e-09	-0.04301974	0.012997015	0.9687744	0	0	0.4	-7.4835955e-19
8.680011677888555e-09	-0.007544781	-0.041719854	0.9670548	0	0	0.4	-8.0831247e-19
8.690042761385908e-09	0.038005184	-0.018122846	0.96730936	0	0	0.4	-1.0865001e-18
8.700050914503439e-09	0.00898539	0.03216868	0.9680047	0	0	0.4	-1.7497924e-18
8.710033806963644e-09	-0.040625755	-0.0051199836	0.9640827	0	0	0.4	-1.7386708e-18
8.720036475705922e-09	0.01437121	-0.020888112	0.96468204	0	0	0.4	-9.91183e-19
8.7300265128268e-09	0.012342166	-0.0011356922	0.96720314	0	0	0.4	-1.3279121e-18
8.740018110139079e-09	0.015982274	-0.004245145	0.9655575	0	0	0.4	-1.1112855e-18
8.750040947213074e-09	-0.00802617	0.02271902	0.96423084	0	0	0.4	-1.6812822e-18
8.760060917314124e-09	-0.021036284	-0.006385128	0.96269536	0	0	0.4	-1.3569186e-18
8.770059326952707e-09	-0.0071708434	-0.024978504	0.9624459	0	0	0.4	-1.0156015e-18
8.780053828539442e-09	0.026724111	0.002069458	0.96249706	0	0	0.4	-2.3222769e-18
8.790042520712928e-09	-0.009969688	0.016150447	0.9609205	0	0	0.4	-1.046513e-18
8.80005296564617e-09	-0.018840903	-0.008702738	0.96419615	0	0	0.4	-1.875258e-18
8.810040972751498e-09	0.00628791	-0.0072498643	0.963089	0	0	0.4	-1.8286616e-18
8.820058011236843e-09	-0.0031583216	0.007926893	0.96132416	0	0	0.4	-2.1764172e-18
8.83002535535105e-09	0.0024387192	-0.00039680954	0.96192145	0	0	0.4	-2.295798e-18
8.840046968636355e-09	0.0041728765	0.00234326	0.96385634	0	0	0.4	-2.4420973e-18
8.850038121664711e-09	-0.008138112	0.0061286595	0.96256393	0	0	0.4	-6.7190216e-19
8.86002647910576e-09	-0.00083158637	-0.010233231	0.95953625	0	0	0.4	-4.152591e-19
8.870006936981622e-09	-0.007649035	0.009703799	0.9611711	0	0	0.4	-1.3976398e-18
8.880029491696243e-09	-0.0032388284	-0.019596502	0.9656852	0	0	0.4	-1.2575754e-18
8.890001814247418e-09	0.04186915	-0.001001213	0.9672592	0	0	0.4	-1.4401596e-18
8.900035779626826e-09	0.0076784566	0.013803369	0.96957725	0	0	0.4	-1.6882882e-18
8.910016848054817e-09	-0.019458916	0.0019874515	0.96732056	0	0	0.4	-1.7198287e-18
8.92004519959563e-09	-0.008238906	-0.02229048	0.96305525	0	0	0.4	-1.6617651e-18
8.930001197889846e-09	0.009289086	-0.010623972	0.9654947	0	0	0.4	-1.584277e-18
8.94004720079034e-09	0.015284585	0.015436433	0.96239376	0	0	0.4	-8.15663e-19
8.950002662008508e-09	-0.011230164	0.020925565	0.9643021	0	0	0.4	-1.0455981e-18
8.960011092644547e-09	-0.026238568	-0.0079164775	0.9635101	0	0	0.4	-9.016903e-19
8.97004134219484e-09	0.0074330373	-0.036901236	0.9664379	0	0	0.4	-6.142838e-19
8.980028943992038e-09	0.032632787	0.0072762356	0.9654749	0	0	0.4	-1.267704e-18
8.990003289840258e-09	0.011942391	0.02143975	0.9652712	0	0	0.4	-1.8286126e-18
9.000014387604377e-09	-0.0037534842	0.020516464	0.96618325	0	0	0.4	-1.8387805e-18
9.010059448091052e-09	-0.013603737	-0.009682107	0.96497935	0	0	0.4	-1.9572992e-18
9.020045514546727e-09	0.012087646	-0.012088891	0.9630631	0	0	0.4	-9.263205e-19
9.030008159779555e-09	0.02469045	0.015209959	0.9625102	0	0	0.4	-1.1798972e-18
9.040005343029102e-09	-0.027575647	0.0315163	0.9646564	0	0	0.4	-6.1658834e-19
9.05003726371554e-09	-0.032869913	-0.026919318	0.9665144	0	0	0.4	-1.2339136e-18
9.060049347424649e-09	0.023122976	-0.034842245	0.96721154	0	0	0.4	-1.6807093e-18
9.070052694820612e-09	0.040871266	0.007073382	0.9665512	0	0	0.4	-1.1218314e-18
9.080004961043794e-09	0.00495744	0.043475516	0.9670698	0	0	0.4	-2.351502e-18
9.09000754617131e-09	-0.036529604	-0.017800063	0.9677981	0	0	0.4	-1.3728961e-18
9.100020896264268e-09	0.024046058	-0.0604578	0.96463436	0	0	0.4	-1.8543648e-18
9.110044430711545e-09	0.05085258	0.019994635	0.96688133	0	0	0.4	-7.5913146e-19
9.120005732968665e-09	-0.0030026862	0.056999967	0.96707094	0	0	0.4	-3.608234e-19
9.130013996407369e-09	-0.06809371	0.00025286817	0.9656764	0	0	0.4	-6.3535934e-19
9.140029449305575e-09	-0.021497313	-0.048397724	0.9643377	0	0	0.4	2.75605e-20
9.150035857143391e-09	0.04220083	-0.031288166	0.96600103	0	0	0.4	-2.0807259e-18
9.160064773051293e-09	0.022362022	0.023707906	0.9675549	0	0	0.4	-1.1566929e-18
9.170035152303421e-09	-0.015075397	0.029596632	0.9662458	0	0	0.4	-9.561326e-19
9.180037040700628e-09	-0.035541736	-0.018996138	0.96412283	0	0	0.4	-1.3501245e-18
9.19000034217123e-09	0.016089525	-0.032743454	0.9654189	0	0	0.4	-6.0204836e-19
9.200027983493755e-09	0.035972625	0.0021835682	0.96729755	0	0	0.4	-1.9553727e-18
9.21003121209898e-09	0.0020705487	0.04431703	0.9666279	0	0	0.4	-1.1631214e-18
9.220041416636679e-09	-0.03160894	0.0037327353	0.9661284	0	0	0.4	-6.8382277e-19
9.23003013129292e-09	-0.0079199355	-0.01663424	0.9671754	0	0	0.4	-1.2439684e-18
9.240060645243029e-09	0.010622385	0.00097077584	0.96671766	0	0	0.4	-1.2185739e-18
9.250031053086276e-09	-0.0006646828	0.005968851	0.9673554	0	0	0.4	-2.0600216e-18
9.260013946626357e-09	-0.011541752	-0.0066358866	0.96678007	0	0	0.4	-1.6451978e-18
9.270003612462236e-09	-0.0076130857	-0.004910409	0.9668199	0	0	0.4	-1.6296714e-18
9.28004616690245e-09	0.0066035744	-0.00040501796	0.9641801	0	0	0.4	-1.0380812e-18
9.290029538423969e-09	-0.0077073327	0.01243185	0.9612861	0	0	0.4	-2.0063847e-18
9.300045246263864e-09	-0.016146947	-0.007540442	0.95920455	0	0	0.4	-4.970517e-19
9.310032266977819e-09	-0.019410882	-0.024203012	0.9603801	0	0	0.4	-1.1224204e-18
9.320018014919705e-09	0.028512193	-0.0311369	0.96137995	0	0	0.4	-1.967318e-18
9.33006200968197e-09	0.04705974	0.023100574	0.9619745	0	0	0.4	-1.327228e-18
9.34003745338976e-09	-0.027765485	0.048738837	0.96402115	0	0	0.4	-1.961145e-18
9.350034675598558e-09	-0.03659219	-0.024327401	0.96339035	0	0	0.4	-1.3344965e-18
9.360005358270244e-09	0.01698595	-0.025432741	0.96578753	0	0	0.4	-2.372162e-18
9.370000737320082e-09	0.033779286	0.011191661	0.9669491	0	0	0.4	-1.3661909e-18
9.380055829847838e-09	-0.0076482063	0.026389744	0.96704704	0	0	0.4	-1.2714641e-18
9.39001679216973e-09	-0.024975099	0.008862365	0.9679785	0	0	0.4	-1.9141667e-18
9.400058828550167e-09	-0.01084747	-0.02479988	0.96844685	0	0	0.4	-1.6920332e-18
9.410026130455931e-09	0.027040448	-0.0028963066	0.9674076	0	0	0.4	-1.3581819e-18
9.420019090298679e-09	-0.0002182082	0.049005557	0.96523327	0	0	0.4	-1.3780551e-18
9.43005219248965e-09	-0.056493256	-0.008168912	0.96860826	0	0	0.4	-1.933749e-18
9.440026543799188e-09	0.022109687	-0.06678813	0.96773857	0	0	0.4	-1.7117201e-18
9.450009358578664e-09	0.058594473	0.01759448	0.97045	0	0	0.4	-2.4089336e-18
9.460031238521727e-09	-0.015680041	0.0481668	0.9673686	0	0	0.4	-1.0793582e-18
9.47000964992406e-09	-0.042552423	0.0036810974	0.9689774	0	0	0.4	-2.658683e-18
9.48003036127945e-09	0.0033599962	-0.06150692	0.9676738	0	0	0.4	-1.6773951e-18
9.490002365221908e-09	0.043945603	0.0026838705	0.9649144	0	0	0.4	-1.4194207e-18
9.500064120545503e-09	0.004262856	0.03981836	0.96606714	0	0	0.4	-1.710602e-18
9.510035935560726e-09	-0.029522311	0.014733686	0.96810585	0	0	0.4	-1.9012951e-18
9.520010914909631e-09	-0.021750685	-0.038513698	0.9673442	0	0	0.4	-1.0875884e-18
9.530030626055638e-09	0.042770874	-0.024973992	0.9648908	0	0	0.4	-9.717674e-19
9.540055608840313e-09	0.031597786	0.03800527	0.96285325	0	0	0.4	-1.0980295e-18
9.55003234081679e-09	-0.03422552	0.05467366	0.96011174	0	0	0.4	-5.9618557e-19
9.560050274838215e-09	-0.047614787	-0.026628392	0.96495557	0	0	0.4	-2.0639608e-18
9.570041770421251e-09	0.029150207	-0.04121455	0.9656001	0	0	0.4	-2.10626e-18
9.58005241227478e-09	0.038928583	0.021961462	0.96754634	0	0	0.4	-1.5641264e-18
9.590004686310877e-09	-0.00907446	0.037926577	0.96723783	0	0	0.4	-4.7104855e-19
9.600007733029526e-09	-0.04465544	0.00464385	0.9664891	0	0	0.4	-8.157314e-19
9.610050379131792e-09	-0.0005501042	-0.04364564	0.96543574	0	0	0.4	-2.3403088e-18
9.620052328999683e-09	0.031173939	-0.013673518	0.964815	0	0	0.4	-8.538656e-19
9.630028007516352e-09	0.019448292	0.01857891	0.96444434	0	0	0.4	-7.013443e-19
9.640010598909552e-09	-0.0096968245	0.01981753	0.96315324	0	0	0.4	-2.194121e-18
9.650004162869283e-09	0.0013073508	-0.019474043	0.9630676	0	0	0.4	-2.0405787e-18
9.660003532917384e-09	-0.0007005513	-0.003887758	0.96496993	0	0	0.4	-1.8313551e-18
9.67000384827933e-09	0.010745652	0.003427408	0.9642028	0	0	0.4	-1.3052967e-18
9.680061117655324e-09	-0.0018551138	0.019178757	0.96335864	0	0	0.4	-1.5972235e-18
9.690016498730547e-09	-0.022936188	-0.015425717	0.96635264	0	0	0.4	-1.0606748e-18
9.700041371633628e-09	0.011456157	-0.02366176	0.9652848	0	0	0.4	-6.585406e-19
9.710008142208537e-09	0.016741047	-0.0048735826	0.96457964	0	0	0.4	-1.5131163e-18
9.720030043885804e-09	0.0043255724	0.023779467	0.9676796	0	0	0.4	-1.4723071e-18
9.730025596299033e-09	-0.020977812	0.014249184	0.961807	0	0	0.4	-1.0228538e-18
9.74004205238532e-09	-0.011121585	-0.009270176	0.9624868	0	0	0.4	-5.4003593e-19
9.750018061129597e-09	0.017370295	-0.0499617	0.96345586	0	0	0.4	-2.2363181e-18
9.760039486491456e-09	0.053863235	0.009054701	0.9621889	0	0	0.4	-1.1662203e-18
9.770019802653925e-09	0.00025270373	0.060726523	0.9627944	0	0	0.4	-1.348161e-18
9.780037215582676e-09	-0.0643518	0.020558193	0.96129835	0	0	0.4	-1.1302272e-18
9.79004257851131e-09	-0.022390882	-0.074700266	0.9621086	0	0	0.4	-1.1709153e-18
9.80004614422091e-09	0.077549316	-0.026916133	0.9617359	0	0	0.4	-1.7835445e-18
9.81002321089016e-09	0.029144872	0.07481762	0.9610245	0	0	0.4	-1.6173993e-18
9.820029142894758e-09	-0.072898	0.03558929	0.96095705	0	0	0.4	-1.2870591e-18
9.830034296492793e-09	-0.040894568	-0.04769062	0.9644651	0	0	0.4	-1.8981857e-18
9.840022846130122e-09	0.042033732	-0.037431166	0.9690633	0	0	0.4	-1.9692982e-18
9.850004309734751e-09	0.05361001	0.036456555	0.9641878	0	0	0.4	-2.6660685e-19
9.860007688011138e-09	-0.037610825	0.057556007	0.96656203	0	0	0.4	-1.5163438e-18
9.870046541061844e-09	-0.05090083	-0.02913856	0.9656404	0	0	0.4	-2.5822322e-19
9.880013156284036e-09	0.008945291	-0.0337368	0.96456325	0	0	0.4	-1.3876955e-18
9.890030040432976e-09	0.036276057	0.018367104	0.96339726	0	0	0.4	-1.2126523e-18
9.900007244691579e-09	-0.010393454	0.019297704	0.9657164	0	0	0.4	-1.9908056e-18
9.910015134042139e-09	-0.024205763	0.0034165382	0.96294844	0	0	0.4	-1.406176e-18
9.920017227379947e-09	0.006974728	-0.021713266	0.96271473	0	0	0.4	-1.7862601e-18
9.93004706616316e-09	0.018994868	-0.010349383	0.9627257	0	0	0.4	-1.1437709e-18
9.940003028521094e-09	0.03094509	0.011589391	0.96191424	0	0	0.4	-1.8102893e-18
9.95000982558882e-09	-0.012640476	0.029192789	0.96395123	0	0	0.4	-1.1075535e-18
9.960063346087043e-09	-0.027063394	-0.02820729	0.96319526	0	0	0.4	-1.5459435e-18
9.97001719957378e-09	0.023459792	-0.018731479	0.96452624	0	0	0.4	-1.5266271e-18
9.980014550942504e-09	0.03400146	0.0038839362	0.9643319	0	0	0.4	-1.9891e-18
9.990019913927684e-09	-0.006244858	0.010923407	0.9660587	0	0	0.4	-1.9366788e-18
1e-08	-0.0014210623	0.00010817274	0.9639485	0	0	0.4	-1.4610983e-18
