# t (s)	mx ()	my ()	mz ()	B_extx (T)	B_exty (T)	B_extz (T)
0	0	0	-1	0	0	0.38
1.0029307194053973e-11	0.009728128	0.00043048413	-0.9747758	0	0	0.38
2.0003857196896602e-11	0.019427456	-0.0044894544	-0.9668133	0	0	0.38
3.004056054122354e-11	0.03112381	-0.028379252	-0.964272	0	0	0.38
4.003614518283238e-11	0.023752999	-0.030957786	-0.9630173	0	0	0.38
5.0012297964540104e-11	0.004053427	-0.021053784	-0.961637	0	0	0.38
6.004286194185364e-11	-0.009289427	-0.01497449	-0.957999	0	0	0.38
7.001864862681614e-11	-0.0057577067	-0.02732712	-0.9578258	0	0	0.38
8.006455430033001e-11	0.01854622	-0.014807791	-0.95483667	0	0	0.38
9.004908317648379e-11	0.029263154	-0.022562906	-0.95531654	0	0	0.38
1.0006379666265887e-10	0.028344985	-0.027028156	-0.95527476	0	0	0.38
1.1002020794412811e-10	0.02891431	-0.022955792	-0.95585567	0	0	0.38
1.2004527488000934e-10	0.022340544	-0.03226334	-0.9555587	0	0	0.38
1.3002768247195447e-10	0.043020066	-0.036242757	-0.95700246	0	0	0.38
1.4004005585156267e-10	0.026999174	-0.039195403	-0.9601533	0	0	0.38
1.500303234322235e-10	0.027906902	-0.053478625	-0.9607687	0	0	0.38
1.6005347058712024e-10	0.01978014	-0.040069938	-0.96182805	0	0	0.38
1.7005393301426407e-10	0.0166273	-0.049693014	-0.95979404	0	0	0.38
1.800576018482256e-10	0.007170708	-0.052970864	-0.9568787	0	0	0.38
1.9005305645568706e-10	0.007415875	-0.046045	-0.95657575	0	0	0.38
2.0003195170684512e-10	0.0057977396	-0.04555304	-0.957831	0	0	0.38
2.1005841828003928e-10	0.01158295	-0.022507416	-0.9539601	0	0	0.38
2.2001451467979257e-10	0.014537466	-0.02823943	-0.9539825	0	0	0.38
2.3002018747228002e-10	0.0065319478	-0.052652065	-0.9543622	0	0	0.38
2.4006484626950363e-10	0.01729735	-0.06285345	-0.9564296	0	0	0.38
2.5002744408498274e-10	0.0035218946	-0.075484805	-0.95482236	0	0	0.38
2.6001939345362973e-10	-0.007962398	-0.0706059	-0.95662624	0	0	0.38
2.7001984274622053e-10	-0.02321785	-0.061677918	-0.95346266	0	0	0.38
2.80007402135144e-10	-0.026182039	-0.06157443	-0.94801587	0	0	0.38
2.9004943224474985e-10	-0.006841749	-0.05637093	-0.9489869	0	0	0.38
3.000453646279437e-10	-0.0005829722	-0.049004525	-0.9484035	0	0	0.38
3.100140591135174e-10	0.012312006	-0.05625484	-0.9499262	0	0	0.38
3.200068368646457e-10	-0.0050011924	-0.07409197	-0.947449	0	0	0.38
3.300323130361308e-10	-0.01418443	-0.07653793	-0.9483308	0	0	0.38
3.400580371063206e-10	-0.019279758	-0.08282916	-0.94941765	0	0	0.38
3.500534516733947e-10	-0.02075586	-0.07858282	-0.9506827	0	0	0.38
3.6004948699570847e-10	-0.028315535	-0.07220128	-0.95158166	0	0	0.38
3.7001799837216704e-10	-0.011057551	-0.050246846	-0.95331305	0	0	0.38
3.8004150395044496e-10	-0.012251336	-0.041038297	-0.95265263	0	0	0.38
3.9002090092620214e-10	-0.0018455213	-0.039656717	-0.9547673	0	0	0.38
4.000013063050353e-10	0.016857987	-0.033927456	-0.9540341	0	0	0.38
4.100115041400517e-10	-0.0032354612	-0.05093194	-0.95467967	0	0	0.38
4.2003927481236747e-10	-0.003745856	-0.059637237	-0.95380163	0	0	0.38
4.300227205697292e-10	-0.01843064	-0.06552875	-0.9542201	0	0	0.38
4.400018818501357e-10	-0.014931674	-0.07358042	-0.9511335	0	0	0.38
4.5002987103422944e-10	-0.017816447	-0.06507872	-0.9548305	0	0	0.38
4.6001827821559344e-10	0.0016508708	-0.08157094	-0.9511401	0	0	0.38
4.700206495741589e-10	-0.0016709339	-0.101547144	-0.9505574	0	0	0.38
4.800309666735877e-10	-0.01725402	-0.094931215	-0.95074135	0	0	0.38
4.900438372512886e-10	-0.034270138	-0.08877052	-0.9524864	0	0	0.38
5.000284016392108e-10	-0.030386493	-0.10080107	-0.9499371	0	0	0.38
5.100127858728683e-10	-0.04918451	-0.08540772	-0.9513915	0	0	0.38
5.20033165373588e-10	-0.049488332	-0.088691674	-0.94687676	0	0	0.38
5.300013801312885e-10	-0.060178995	-0.097005494	-0.9464031	0	0	0.38
5.400319645449601e-10	-0.08672844	-0.08268674	-0.9430239	0	0	0.38
5.500558517296627e-10	-0.087826565	-0.06516405	-0.9453382	0	0	0.38
5.600296623208069e-10	-0.08789416	-0.03245525	-0.9466828	0	0	0.38
5.700636454030227e-10	-0.091924824	-0.0070610964	-0.9463412	0	0	0.38
5.800087114306545e-10	-0.09952092	-0.00024621285	-0.9464138	0	0	0.38
5.900424784205486e-10	-0.09090887	0.018418852	-0.9523262	0	0	0.38
6.000411828609227e-10	-0.078250065	0.017736612	-0.9501608	0	0	0.38
6.100550300632396e-10	-0.08415906	0.012982587	-0.95143163	0	0	0.38
6.200503078893545e-10	-0.08070345	0.025651803	-0.9465907	0	0	0.38
6.300623428218253e-10	-0.104591824	0.013792064	-0.94427925	0	0	0.38
6.400210446190594e-10	-0.1012483	0.0356183	-0.94323725	0	0	0.38
6.500467823362717e-10	-0.090649396	0.03835124	-0.9421835	0	0	0.38
6.600566872833295e-10	-0.08843844	0.042382903	-0.9422573	0	0	0.38
6.700627445632669e-10	-0.068874106	0.032112155	-0.94113624	0	0	0.38
6.800360231773264e-10	-0.06325224	0.03218068	-0.9351229	0	0	0.38
6.900455700020015e-10	-0.07566757	0.02537286	-0.9321616	0	0	0.38
7.000309181978348e-10	-0.06603475	0.046171527	-0.9328407	0	0	0.38
7.10007828460108e-10	-0.061317734	0.052310552	-0.93628335	0	0	0.38
7.200064719082867e-10	-0.075528115	0.059035946	-0.93571615	0	0	0.38
7.300595970054623e-10	-0.07446213	0.053922422	-0.94187015	0	0	0.38
7.400326842271994e-10	-0.067247815	0.0410895	-0.9447489	0	0	0.38
7.500076583146786e-10	-0.058025435	0.037891883	-0.9437915	0	0	0.38
7.600287302519254e-10	-0.064878605	0.031595834	-0.93914855	0	0	0.38
7.700615514469537e-10	-0.0681247	0.046203673	-0.9354884	0	0	0.38
7.800164885601727e-10	-0.075535215	0.06882086	-0.9326721	0	0	0.38
7.900597055703976e-10	-0.08255915	0.0845185	-0.93249834	0	0	0.38
8.000240756964197e-10	-0.079854645	0.09733072	-0.92945296	0	0	0.38
8.100093651434455e-10	-0.050665032	0.11479586	-0.9243832	0	0	0.38
8.200486649971697e-10	-0.038402352	0.119195186	-0.9263945	0	0	0.38
8.300621940652739e-10	-0.021616766	0.12849946	-0.9309825	0	0	0.38
8.400289495356004e-10	-0.013032518	0.11302045	-0.9357864	0	0	0.38
8.500150047043811e-10	-0.03724586	0.109667405	-0.93809575	0	0	0.38
8.600471838963734e-10	-0.059243686	0.11639491	-0.93423414	0	0	0.38
8.700151215761795e-10	-0.07168441	0.13883469	-0.9299474	0	0	0.38
8.800081408045387e-10	-0.07663319	0.12643307	-0.93221325	0	0	0.38
8.900550917673182e-10	-0.08753893	0.12824729	-0.93309593	0	0	0.38
9.000465936953445e-10	-0.07831978	0.14658606	-0.9317062	0	0	0.38
9.100012750319771e-10	-0.064708166	0.15415283	-0.9268306	0	0	0.38
9.200423301812631e-10	-0.067329735	0.15574546	-0.91922563	0	0	0.38
9.300177622735466e-10	-0.04731472	0.16671316	-0.92059267	0	0	0.38
9.400222677641074e-10	-0.040734783	0.15978166	-0.9179985	0	0	0.38
9.500542834246232e-10	-0.06436015	0.16031562	-0.91828245	0	0	0.38
9.600428723989862e-10	-0.06813603	0.15983255	-0.9210681	0	0	0.38
9.70003041501551e-10	-0.07360276	0.15064803	-0.92195016	0	0	0.38
9.800054844912286e-10	-0.06920786	0.15203767	-0.9257951	0	0	0.38
9.900062202206664e-10	-0.05880751	0.1496746	-0.93304235	0	0	0.38
1.000037793808166e-09	-0.04489473	0.14841266	-0.93176347	0	0	0.38
1.0100108202163843e-09	-0.048385806	0.13737176	-0.9366348	0	0	0.38
1.020025356283418e-09	-0.02400761	0.14482751	-0.9390176	0	0	0.38
1.0300137004078108e-09	-0.0008686995	0.13448702	-0.9384777	0	0	0.38
1.0400578778809582e-09	0.010132016	0.12778306	-0.9362984	0	0	0.38
1.0500592286865057e-09	0.0131521365	0.12836508	-0.9332952	0	0	0.38
1.0600586353046572e-09	0.008806027	0.10181752	-0.9357616	0	0	0.38
1.0700602608484967e-09	-0.023263006	0.096044175	-0.93763006	0	0	0.38
1.0800214650737783e-09	-0.02373514	0.10905406	-0.94550574	0	0	0.38
1.0900136172851186e-09	-0.012787035	0.12350352	-0.9352186	0	0	0.38
1.1000590549964082e-09	0.004632884	0.1174609	-0.9407803	0	0	0.38
1.1100485472985847e-09	0.008212954	0.11590935	-0.9409938	0	0	0.38
1.1200429443658101e-09	0.014793734	0.116527066	-0.94037867	0	0	0.38
1.1300489149794273e-09	0.017308116	0.113722935	-0.9432854	0	0	0.38
1.1400307845200385e-09	0.039944187	0.10341072	-0.94792396	0	0	0.38
1.1500244065507924e-09	0.049727477	0.10775113	-0.9462879	0	0	0.38
1.1600315035022129e-09	0.053678438	0.088293485	-0.95013195	0	0	0.38
1.1700303592977238e-09	0.07098207	0.069708504	-0.95080703	0	0	0.38
1.1800281544258271e-09	0.08768974	0.06895089	-0.9464761	0	0	0.38
1.19004493062432e-09	0.05904507	0.05713094	-0.94670457	0	0	0.38
1.2000424422610596e-09	0.05661736	0.047574602	-0.944536	0	0	0.38
1.2100062506054407e-09	0.056755636	0.06037186	-0.94283414	0	0	0.38
1.2200005845315427e-09	0.09052078	0.063677266	-0.9410919	0	0	0.38
1.2300271549643264e-09	0.08999174	0.04241745	-0.94012934	0	0	0.38
1.2400138346307403e-09	0.09969678	0.025530102	-0.93926775	0	0	0.38
1.2500616791494302e-09	0.114199124	0.010904293	-0.9386819	0	0	0.38
1.2600366607334792e-09	0.11859268	0.007304645	-0.94070417	0	0	0.38
1.2700256058894865e-09	0.09598587	0.0036291676	-0.9407064	0	0	0.38
1.2800382563056682e-09	0.09453478	0.011960042	-0.9402526	0	0	0.38
1.2900034040658644e-09	0.089530654	0.0338766	-0.9357676	0	0	0.38
1.300012830187327e-09	0.08340601	0.024575934	-0.9336125	0	0	0.38
1.3100098508688644e-09	0.076142795	0.03215966	-0.9363204	0	0	0.38
1.3200194360773335e-09	0.082860224	0.018611608	-0.9391791	0	0	0.38
1.3300061527703067e-09	0.08460416	-0.0025493922	-0.94543725	0	0	0.38
1.3400019242260782e-09	0.08882231	-0.01653825	-0.9453219	0	0	0.38
1.3500472125126995e-09	0.10414907	-0.03877386	-0.9424957	0	0	0.38
1.3600422588833892e-09	0.09070284	-0.04201991	-0.94135827	0	0	0.38
1.3700322119814985e-09	0.0840132	-0.045589514	-0.943993	0	0	0.38
1.3800556631361285e-09	0.06621963	-0.031047408	-0.94736844	0	0	0.38
1.3900580715582438e-09	0.08020341	-0.02692052	-0.9439735	0	0	0.38
1.4000118385271722e-09	0.091981605	-0.019336052	-0.94574374	0	0	0.38
1.4100189388828273e-09	0.09263511	-0.029520303	-0.94660884	0	0	0.38
1.4200039227996374e-09	0.09193449	-0.034086253	-0.94649863	0	0	0.38
1.4300568286531122e-09	0.09334972	-0.047422063	-0.94502896	0	0	0.38
1.4400525350165416e-09	0.08305669	-0.06428766	-0.9402448	0	0	0.38
1.4500175271582606e-09	0.06709374	-0.076705724	-0.9454513	0	0	0.38
1.4600173058367484e-09	0.061916724	-0.07589455	-0.9444004	0	0	0.38
1.4700488824714377e-09	0.06503373	-0.07711539	-0.9467186	0	0	0.38
1.4800332312101001e-09	0.07704617	-0.07664515	-0.9450837	0	0	0.38
1.4900460139301467e-09	0.07632658	-0.054240696	-0.94307005	0	0	0.38
1.5000166278276531e-09	0.106337875	-0.08053621	-0.94293034	0	0	0.38
1.5100158309305407e-09	0.116620116	-0.08789391	-0.94371474	0	0	0.38
1.5200210272655451e-09	0.10569703	-0.090982586	-0.9440494	0	0	0.38
1.5300659070122278e-09	0.09799388	-0.09655193	-0.9427325	0	0	0.38
1.5400217849134618e-09	0.056633487	-0.09826803	-0.9415477	0	0	0.38
1.5500281348785152e-09	0.053809077	-0.06473783	-0.94652164	0	0	0.38
1.5600296827469043e-09	0.047436487	-0.06434522	-0.94687897	0	0	0.38
1.57002408827621e-09	0.05694695	-0.07243684	-0.94348615	0	0	0.38
1.5800363859319813e-09	0.065574646	-0.07199193	-0.9415955	0	0	0.38
1.5900168079188081e-09	0.057986077	-0.068937145	-0.9408232	0	0	0.38
1.6000548665732815e-09	0.060323782	-0.07771272	-0.94095016	0	0	0.38
1.610007042532471e-09	0.054011133	-0.09489314	-0.94090927	0	0	0.38
1.6200604593983118e-09	0.034834623	-0.08807016	-0.9438588	0	0	0.38
1.630025882561115e-09	0.022508837	-0.07875143	-0.9482443	0	0	0.38
1.640046926060256e-09	0.009290996	-0.066789255	-0.94760734	0	0	0.38
1.6500652240323283e-09	-0.00026967138	-0.032011535	-0.9504112	0	0	0.38
1.6600196947156933e-09	0.012140694	-0.028263533	-0.95050704	0	0	0.38
1.6700139722413956e-09	-0.0030448663	-0.026121179	-0.9519378	0	0	0.38
1.6800606722809356e-09	0.0069612213	-0.040243503	-0.9473025	0	0	0.38
1.6900316853832966e-09	-0.0013947581	-0.040084824	-0.94703865	0	0	0.38
1.7000451340487858e-09	-0.013118946	-0.047575466	-0.93998986	0	0	0.38
1.710009298096501e-09	-0.0015582381	-0.04400908	-0.94196564	0	0	0.38
1.7200337423126733e-09	-0.010406522	-0.03760001	-0.94378316	0	0	0.38
1.7300530846770677e-09	-0.00071189675	-0.03185243	-0.9466377	0	0	0.38
1.7400128401434204e-09	-0.0131370425	0.0059242975	-0.943611	0	0	0.38
1.7500046106961232e-09	-0.011602522	0.013129069	-0.9467313	0	0	0.38
1.7600252336004221e-09	-0.026548287	0.021434877	-0.95301795	0	0	0.38
1.77005077965377e-09	-0.008607378	0.018151762	-0.9511639	0	0	0.38
1.7800348014784586e-09	-0.009993548	-0.005187368	-0.9491752	0	0	0.38
1.790031299555395e-09	-0.021897556	-0.022824282	-0.94629794	0	0	0.38
1.8000332476566716e-09	-0.029409824	-0.03332837	-0.9433405	0	0	0.38
1.810064985470588e-09	-0.055670757	-0.038611952	-0.94598514	0	0	0.38
1.8200132797035438e-09	-0.06822952	-0.02857055	-0.94640845	0	0	0.38
1.8300600543894269e-09	-0.07163919	0.0021898723	-0.94662744	0	0	0.38
1.8400521477352485e-09	-0.060551222	0.024239058	-0.94588774	0	0	0.38
1.8500096982769681e-09	-0.051498987	0.01869044	-0.94587827	0	0	0.38
1.8600159896910568e-09	-0.042445075	0.010092404	-0.94675267	0	0	0.38
1.870018496243212e-09	-0.021076266	0.0073262164	-0.95025617	0	0	0.38
1.8800496158657384e-09	-0.04115053	-0.010543607	-0.9531098	0	0	0.38
1.890025011505725e-09	-0.04457873	-0.011022596	-0.95311755	0	0	0.38
1.900031028121969e-09	-0.060977817	0.001417698	-0.94998544	0	0	0.38
1.9100014591447413e-09	-0.068536684	-0.00013673012	-0.94873285	0	0	0.38
1.920014286983797e-09	-0.061747197	0.01688636	-0.945913	0	0	0.38
1.9300174034261795e-09	-0.053972643	0.013836015	-0.9489512	0	0	0.38
1.9400155339474815e-09	-0.0342992	0.008989267	-0.9498441	0	0	0.38
1.950026221450949e-09	-0.008000693	-0.010923125	-0.94719243	0	0	0.38
1.9600346560037374e-09	-0.011736238	-0.027437186	-0.9492501	0	0	0.38
1.970012140670834e-09	-0.015172764	-0.035663698	-0.9513095	0	0	0.38
1.9800132998136047e-09	-0.023529185	-0.015589611	-0.95467687	0	0	0.38
1.990028017577828e-09	-0.019928453	-0.004039971	-0.95577055	0	0	0.38
2.0000321430860134e-09	-0.048133202	0.01676455	-0.9527918	0	0	0.38
2.0100596970226088e-09	-0.04671547	0.03946173	-0.95395535	0	0	0.38
2.0200393255492138e-09	-0.045259673	0.042067405	-0.94910395	0	0	0.38
2.0300102684748194e-09	-0.056028485	0.02810513	-0.9515626	0	0	0.38
2.0400270459253756e-09	-0.055632148	0.021443203	-0.9534956	0	0	0.38
2.0500342205425204e-09	-0.045390908	0.018163444	-0.95173883	0	0	0.38
2.060060438655401e-09	-0.048491094	0.016352605	-0.9546779	0	0	0.38
2.0700459148896686e-09	-0.06420207	0.028269209	-0.95497257	0	0	0.38
2.080046422475415e-09	-0.07663315	0.028421888	-0.9552665	0	0	0.38
2.0900306295579114e-09	-0.08300039	0.04608356	-0.95214003	0	0	0.38
2.1000159594456394e-09	-0.07482107	0.0693357	-0.9502457	0	0	0.38
2.110014008375018e-09	-0.051694326	0.054371495	-0.9516294	0	0	0.38
2.120022118835543e-09	-0.061034765	0.03756786	-0.9543265	0	0	0.38
2.130017154626506e-09	-0.05798196	0.036661416	-0.9536691	0	0	0.38
2.140042537452471e-09	-0.048830427	0.03716627	-0.95309275	0	0	0.38
2.1500241458922427e-09	-0.06307721	0.039197125	-0.95417035	0	0	0.38
2.1600593668576397e-09	-0.073568195	0.037316933	-0.9513383	0	0	0.38
2.170017318122276e-09	-0.07479982	0.04497272	-0.94953567	0	0	0.38
2.180051961726775e-09	-0.06517984	0.05026017	-0.9521747	0	0	0.38
2.190034449801474e-09	-0.04932951	0.06020157	-0.95172197	0	0	0.38
2.2000463321153875e-09	-0.03877851	0.059202824	-0.9517376	0	0	0.38
2.2100088079946844e-09	-0.039772786	0.05012115	-0.95105594	0	0	0.38
2.22001253582329e-09	-0.037955932	0.059517413	-0.9520682	0	0	0.38
2.2300339055848787e-09	-0.037977953	0.0701806	-0.9513565	0	0	0.38
2.240010434313473e-09	-0.04966442	0.065925285	-0.9507951	0	0	0.38
2.2500138522124304e-09	-0.051853653	0.072965205	-0.95232177	0	0	0.38
2.26003825253863e-09	-0.049238063	0.07619416	-0.94843715	0	0	0.38
2.2700520539103316e-09	-0.04269022	0.08087711	-0.944747	0	0	0.38
2.2800187096247363e-09	-0.034462612	0.08036828	-0.9488542	0	0	0.38
2.290003417433182e-09	-0.007085011	0.0948347	-0.9514548	0	0	0.38
2.300006949209297e-09	0.003803352	0.09805792	-0.95072705	0	0	0.38
2.310040976178359e-09	-0.0022993323	0.093546465	-0.9503894	0	0	0.38
2.3200158899001644e-09	0.010985819	0.08116691	-0.9534198	0	0	0.38
2.3300548371726945e-09	0.022359671	0.08232882	-0.95228404	0	0	0.38
2.340054725903792e-09	0.015045808	0.091797784	-0.9509707	0	0	0.38
2.3500578310959896e-09	0.016818563	0.08644893	-0.9497424	0	0	0.38
2.3600082817537997e-09	0.026541196	0.0920413	-0.9535378	0	0	0.38
2.370061222760645e-09	0.0517255	0.083077386	-0.9531074	0	0	0.38
2.380015271054683e-09	0.041383512	0.060220685	-0.9490555	0	0	0.38
2.3900518658298375e-09	0.037071303	0.06134659	-0.94940394	0	0	0.38
2.4000050785944037e-09	0.030577095	0.06634089	-0.9475506	0	0	0.38
2.410044971539518e-09	0.027281832	0.08275513	-0.9470633	0	0	0.38
2.4200398864966324e-09	0.036473054	0.07716723	-0.94600314	0	0	0.38
2.4300274002370895e-09	0.039142873	0.06620672	-0.9461814	0	0	0.38
2.440016512782747e-09	0.04657972	0.072418496	-0.9474808	0	0	0.38
2.4500384602892267e-09	0.0456227	0.05367569	-0.9499267	0	0	0.38
2.4600466057309068e-09	0.055744313	0.055993434	-0.9441473	0	0	0.38
2.4700235030059367e-09	0.051796697	0.048062094	-0.9510572	0	0	0.38
2.4800023085153856e-09	0.051276155	0.055901665	-0.95326424	0	0	0.38
2.490034205630791e-09	0.04715175	0.043937463	-0.94871616	0	0	0.38
2.500017742103683e-09	0.037276752	0.056955747	-0.9485781	0	0	0.38
2.5100309651003258e-09	0.04607318	0.07133649	-0.9446904	0	0	0.38
2.5200040100338034e-09	0.055681895	0.07387456	-0.9449676	0	0	0.38
2.5300035460554214e-09	0.071778335	0.07352339	-0.9454672	0	0	0.38
2.5400411843425437e-09	0.064168796	0.063576095	-0.94656265	0	0	0.38
2.5500005421802235e-09	0.06134132	0.06544457	-0.9464714	0	0	0.38
2.5600403602319536e-09	0.06387229	0.06024717	-0.9432735	0	0	0.38
2.570063419234368e-09	0.070763074	0.05281949	-0.9414945	0	0	0.38
2.5800125030969047e-09	0.0431529	0.053987615	-0.94249314	0	0	0.38
2.5900493262755513e-09	0.049529213	0.052201413	-0.94183743	0	0	0.38
2.6000291104410913e-09	0.06553984	0.047754284	-0.93402505	0	0	0.38
2.6100038431562235e-09	0.0781303	0.06528465	-0.932553	0	0	0.38
2.6200581084152892e-09	0.08188803	0.07265214	-0.93430865	0	0	0.38
2.6300330166871806e-09	0.10219076	0.06193022	-0.9323042	0	0	0.38
2.6400529751615123e-09	0.12114324	0.06692976	-0.9300328	0	0	0.38
2.650035677950597e-09	0.13110937	0.046538364	-0.93276054	0	0	0.38
2.660022298279689e-09	0.12735832	0.045542892	-0.9358563	0	0	0.38
2.67005868907989e-09	0.13277704	0.042093493	-0.9360404	0	0	0.38
2.6800202930054026e-09	0.12415219	0.04478385	-0.93540525	0	0	0.38
2.6900229600753894e-09	0.13805334	0.037730668	-0.9329855	0	0	0.38
2.7000224856132135e-09	0.14050949	0.03789222	-0.93126225	0	0	0.38
2.710064490695471e-09	0.13376845	0.033648115	-0.9285233	0	0	0.38
2.720021985959524e-09	0.13935839	0.029986924	-0.9317714	0	0	0.38
2.7300410965022396e-09	0.12951013	0.008727064	-0.92941916	0	0	0.38
2.7400093919401843e-09	0.12972945	0.009660364	-0.926526	0	0	0.38
2.750017496340368e-09	0.112452134	0.0025750475	-0.92357373	0	0	0.38
2.760048180684944e-09	0.10571725	-0.0005457977	-0.9237732	0	0	0.38
2.770036539402532e-09	0.113754556	-0.015284129	-0.91791123	0	0	0.38
2.7800377204456407e-09	0.113981545	-0.031741686	-0.9149738	0	0	0.38
2.7900596850202783e-09	0.103002116	-0.03904835	-0.9188745	0	0	0.38
2.800031967545482e-09	0.09276438	-0.022776604	-0.9247722	0	0	0.38
2.810045502975984e-09	0.09067096	-0.026089909	-0.9220172	0	0	0.38
2.820026607533989e-09	0.1076361	-0.04826797	-0.91811734	0	0	0.38
2.83004982544449e-09	0.107151605	-0.057544727	-0.92567897	0	0	0.38
2.840054752556987e-09	0.10524584	-0.06014244	-0.9251283	0	0	0.38
2.8500259730784908e-09	0.11312779	-0.06473111	-0.9205094	0	0	0.38
2.8600016756226856e-09	0.1159057	-0.0789128	-0.9191716	0	0	0.38
2.8700488621594897e-09	0.12206409	-0.088852145	-0.9209005	0	0	0.38
2.88000835602639e-09	0.13038465	-0.0818661	-0.9166452	0	0	0.38
2.8900434508922027e-09	0.15736161	-0.09218965	-0.90622205	0	0	0.38
2.900036438597109e-09	0.16877285	-0.09543535	-0.9031214	0	0	0.38
2.91003117184972e-09	0.18175274	-0.10447101	-0.90263164	0	0	0.38
2.9200524882933334e-09	0.2028573	-0.11488529	-0.89499396	0	0	0.38
2.930038926358501e-09	0.20033935	-0.10229136	-0.8875948	0	0	0.38
2.9400561240226446e-09	0.18747373	-0.10007283	-0.8894201	0	0	0.38
2.9500414783183644e-09	0.204588	-0.09492776	-0.882664	0	0	0.38
2.9600174154188963e-09	0.21519917	-0.08568957	-0.8797544	0	0	0.38
2.9700406944116063e-09	0.20278521	-0.07819534	-0.8871427	0	0	0.38
2.980023170095128e-09	0.19343108	-0.06958346	-0.89488065	0	0	0.38
2.9900483916322615e-09	0.1999529	-0.07214557	-0.9013585	0	0	0.38
3.000018530064936e-09	0.20760712	-0.07288526	-0.8988153	0	0	0.38
3.010014375177581e-09	0.19735934	-0.062062673	-0.90649736	0	0	0.38
3.0200118171134172e-09	0.20740306	-0.054383002	-0.90349483	0	0	0.38
3.030026403411089e-09	0.19695373	-0.037561584	-0.90898335	0	0	0.38
3.040037233448182e-09	0.20162295	-0.023230793	-0.91134334	0	0	0.38
3.050026801657498e-09	0.2079069	-0.016737247	-0.91423553	0	0	0.38
3.0600029130747988e-09	0.20762095	-0.005925202	-0.91453147	0	0	0.38
3.0700008699547142e-09	0.20050962	-0.018611865	-0.9089732	0	0	0.38
3.0800007193220035e-09	0.19431613	-0.024870925	-0.90863055	0	0	0.38
3.0900664782612716e-09	0.19945857	-0.032908577	-0.9013729	0	0	0.38
3.1000553822457753e-09	0.18871804	-0.056245625	-0.90045226	0	0	0.38
3.1100368796917895e-09	0.17732629	-0.055455063	-0.9023685	0	0	0.38
3.1200170437607897e-09	0.18724214	-0.045366965	-0.9018138	0	0	0.38
3.1300580375592946e-09	0.18272597	-0.04539549	-0.9030434	0	0	0.38
3.1400344329843304e-09	0.17702892	-0.03955587	-0.90423405	0	0	0.38
3.150016875650143e-09	0.18417452	-0.049691185	-0.9039177	0	0	0.38
3.160002776056066e-09	0.19643934	-0.053489216	-0.9079484	0	0	0.38
3.170023301854775e-09	0.19939423	-0.06538717	-0.90988415	0	0	0.38
3.1800490320766506e-09	0.17952481	-0.045869663	-0.91645503	0	0	0.38
3.190052935736345e-09	0.18127356	-0.05556063	-0.9186699	0	0	0.38
3.2000502887402707e-09	0.17939493	-0.061504025	-0.92100745	0	0	0.38
3.2100258839582124e-09	0.19519287	-0.053517234	-0.9202206	0	0	0.38
3.2200043721255285e-09	0.20131625	-0.081542045	-0.9209644	0	0	0.38
3.230003494342743e-09	0.1874434	-0.084951445	-0.92364347	0	0	0.38
3.240011524508574e-09	0.18599918	-0.095392704	-0.9239493	0	0	0.38
3.2500210882541075e-09	0.17677486	-0.121912226	-0.9202971	0	0	0.38
3.2600306253075356e-09	0.17331776	-0.13278115	-0.92088753	0	0	0.38
3.2700036215340123e-09	0.16528445	-0.14025044	-0.9227088	0	0	0.38
3.2800061872642096e-09	0.16472103	-0.15597594	-0.91898555	0	0	0.38
3.2900624989847856e-09	0.15370649	-0.15516168	-0.9246936	0	0	0.38
3.3000400625853567e-09	0.14633708	-0.16884117	-0.9187831	0	0	0.38
3.310012250296555e-09	0.12752393	-0.16571993	-0.9179698	0	0	0.38
3.3200368129462326e-09	0.12765235	-0.15059814	-0.9216024	0	0	0.38
3.3300547033927635e-09	0.13771912	-0.1397199	-0.92320675	0	0	0.38
3.3400492303961748e-09	0.13404724	-0.14874506	-0.9296806	0	0	0.38
3.3500502643663448e-09	0.12137291	-0.15527622	-0.9319564	0	0	0.38
3.3600065855116975e-09	0.10591996	-0.15248646	-0.9293345	0	0	0.38
3.3700319425388673e-09	0.09397582	-0.17634515	-0.92619044	0	0	0.38
3.3800452979570164e-09	0.07255625	-0.18998908	-0.92195207	0	0	0.38
3.390012586768108e-09	0.065387964	-0.17868677	-0.9267043	0	0	0.38
3.4000415970957464e-09	0.07136629	-0.17760253	-0.92479235	0	0	0.38
3.41003910283603e-09	0.051377423	-0.18882331	-0.92001075	0	0	0.38
3.420026715397711e-09	0.03698275	-0.19598456	-0.91869605	0	0	0.38
3.430022458487371e-09	0.05079282	-0.20746462	-0.9189596	0	0	0.38
3.4400177400549498e-09	0.045021683	-0.209412	-0.9161807	0	0	0.38
3.4500134190272762e-09	0.05978719	-0.21855888	-0.9136716	0	0	0.38
3.460013547007639e-09	0.059883464	-0.22380061	-0.9182813	0	0	0.38
3.470007376362475e-09	0.05974129	-0.21939361	-0.9183145	0	0	0.38
3.4800316648759075e-09	0.060109116	-0.21130472	-0.9187079	0	0	0.38
3.4900414716785325e-09	0.05836911	-0.21432352	-0.9173101	0	0	0.38
3.500025117836259e-09	0.060490962	-0.21836932	-0.91926724	0	0	0.38
3.5100061608717762e-09	0.05490666	-0.2295145	-0.91846627	0	0	0.38
3.520062023027006e-09	0.0511714	-0.22626339	-0.9206891	0	0	0.38
3.5300461296517852e-09	0.038105402	-0.23501675	-0.92048794	0	0	0.38
3.540015456916654e-09	0.041657425	-0.21647938	-0.9199041	0	0	0.38
3.5500472375713566e-09	0.035781093	-0.21883664	-0.91752875	0	0	0.38
3.5600255197963825e-09	0.0482617	-0.22974204	-0.91950566	0	0	0.38
3.570026443727681e-09	0.06122225	-0.22739317	-0.91294837	0	0	0.38
3.580029378218277e-09	0.065834105	-0.2260024	-0.9153171	0	0	0.38
3.5900457250052442e-09	0.07401021	-0.25004217	-0.91180444	0	0	0.38
3.600045263562125e-09	0.06917145	-0.25931928	-0.9124822	0	0	0.38
3.610036455180764e-09	0.07034927	-0.27114123	-0.9100874	0	0	0.38
3.6200471737904796e-09	0.042095814	-0.2688075	-0.90995616	0	0	0.38
3.630034076365228e-09	0.020868076	-0.25652987	-0.90798527	0	0	0.38
3.6400340095344377e-09	0.021247637	-0.250364	-0.91262126	0	0	0.38
3.6500546796298933e-09	-0.00037333296	-0.24618042	-0.9085532	0	0	0.38
3.660044802082511e-09	0.00022794695	-0.23325378	-0.90973574	0	0	0.38
3.6700665595514347e-09	0.002409148	-0.24916466	-0.91045517	0	0	0.38
3.6800052975251593e-09	-0.0027772523	-0.25856677	-0.91181165	0	0	0.38
3.6900091618677793e-09	-0.007879245	-0.28293204	-0.9077321	0	0	0.38
3.7000448927418453e-09	-0.01695663	-0.29563212	-0.906415	0	0	0.38
3.710017604039295e-09	-0.025835307	-0.29292023	-0.9109328	0	0	0.38
3.720025350324141e-09	-0.04118052	-0.29499626	-0.9044182	0	0	0.38
3.730041108625713e-09	-0.03815206	-0.2894741	-0.90324897	0	0	0.38
3.740017365553596e-09	-0.045160525	-0.28922713	-0.8974328	0	0	0.38
3.750033411177104e-09	-0.04792714	-0.28227043	-0.90093285	0	0	0.38
3.760015536248672e-09	-0.034779254	-0.28465745	-0.9030474	0	0	0.38
3.770031790170988e-09	-0.021826796	-0.28147888	-0.9008784	0	0	0.38
3.780034465405986e-09	-0.0119188195	-0.285906	-0.9004052	0	0	0.38
3.7900081664320434e-09	-0.0010873907	-0.3020551	-0.8922858	0	0	0.38
3.800039750978522e-09	-0.011968713	-0.3150311	-0.8892593	0	0	0.38
3.810043339936747e-09	-0.022775175	-0.31514338	-0.8992344	0	0	0.38
3.820001743973852e-09	-0.04030515	-0.30586758	-0.8978998	0	0	0.38
3.8300439229090766e-09	-0.051053137	-0.30312932	-0.9022809	0	0	0.38
3.84006496288544e-09	-0.05057395	-0.3092347	-0.9049869	0	0	0.38
3.850014824365777e-09	-0.058747794	-0.28485096	-0.9068166	0	0	0.38
3.8600010663380635e-09	-0.06749017	-0.2678991	-0.90993464	0	0	0.38
3.870046263439072e-09	-0.08462859	-0.258716	-0.90874004	0	0	0.38
3.880050292091538e-09	-0.08910726	-0.24848133	-0.91300553	0	0	0.38
3.890054390692293e-09	-0.05814085	-0.24911094	-0.91342807	0	0	0.38
3.900024759334846e-09	-0.043040834	-0.26250222	-0.9119246	0	0	0.38
3.91002967795011e-09	-0.058360405	-0.26721388	-0.91008765	0	0	0.38
3.920061462365262e-09	-0.055080976	-0.26519948	-0.90920234	0	0	0.38
3.930007071644799e-09	-0.052951556	-0.28499028	-0.90585566	0	0	0.38
3.940003947758215e-09	-0.081295505	-0.28274316	-0.8992557	0	0	0.38
3.9500032204345425e-09	-0.08476699	-0.27738506	-0.90101904	0	0	0.38
3.960050520356544e-09	-0.09793135	-0.26234218	-0.9055815	0	0	0.38
3.970055107984597e-09	-0.10706181	-0.2482148	-0.9073979	0	0	0.38
3.980036597606844e-09	-0.120950595	-0.23772348	-0.90743375	0	0	0.38
3.990062734051151e-09	-0.11556826	-0.24683455	-0.90427643	0	0	0.38
4.000010248981858e-09	-0.13497011	-0.24659579	-0.90149033	0	0	0.38
4.010013924255439e-09	-0.12987696	-0.23147725	-0.90885496	0	0	0.38
4.0200548367769594e-09	-0.13812664	-0.25236773	-0.90349114	0	0	0.38
4.030026029000227e-09	-0.15594038	-0.252299	-0.8977989	0	0	0.38
4.040034052187069e-09	-0.15342566	-0.26750174	-0.8953104	0	0	0.38
4.050037246434999e-09	-0.15160817	-0.2755468	-0.89828163	0	0	0.38
4.060001702499924e-09	-0.18169534	-0.28150794	-0.8954951	0	0	0.38
4.070049790313721e-09	-0.20216864	-0.28492728	-0.88352036	0	0	0.38
4.080023788629499e-09	-0.19527581	-0.2755139	-0.88292974	0	0	0.38
4.090031231032589e-09	-0.21274097	-0.26755932	-0.87867755	0	0	0.38
4.100036488109152e-09	-0.19710281	-0.25809002	-0.87601405	0	0	0.38
4.110035098485468e-09	-0.17762719	-0.26029697	-0.86847705	0	0	0.38
4.120014912205021e-09	-0.1627265	-0.25832936	-0.86768705	0	0	0.38
4.130025615822873e-09	-0.1496496	-0.27561837	-0.86707264	0	0	0.38
4.140055973933577e-09	-0.1295923	-0.26681104	-0.87350285	0	0	0.38
4.150043135984987e-09	-0.10647774	-0.28529283	-0.8826368	0	0	0.38
4.160038750628754e-09	-0.08682165	-0.30576134	-0.87726194	0	0	0.38
4.170031216673919e-09	-0.102638125	-0.31551567	-0.8683158	0	0	0.38
4.1800105576831274e-09	-0.09535405	-0.32766807	-0.86069536	0	0	0.38
4.1900120813895235e-09	-0.08479526	-0.3309073	-0.8662709	0	0	0.38
4.20003338397352e-09	-0.06330408	-0.33798206	-0.86672956	0	0	0.38
4.210037430275902e-09	-0.039138578	-0.35886928	-0.85937	0	0	0.38
4.220050106824375e-09	-0.02612851	-0.35190022	-0.86582035	0	0	0.38
4.23003165803495e-09	-0.0062194527	-0.3607885	-0.8626091	0	0	0.38
4.240008677093176e-09	0.0059674857	-0.36632663	-0.8647305	0	0	0.38
4.250016188824124e-09	0.037135825	-0.37074724	-0.8625345	0	0	0.38
4.260023152908369e-09	0.04393568	-0.38244784	-0.8600673	0	0	0.38
4.270058987929226e-09	0.060658094	-0.40645385	-0.8490194	0	0	0.38
4.280029565793306e-09	0.08097659	-0.41427192	-0.8451231	0	0	0.38
4.290006908025979e-09	0.08946959	-0.4058426	-0.846338	0	0	0.38
4.300035886358835e-09	0.09721072	-0.3851698	-0.8458189	0	0	0.38
4.310027427243903e-09	0.11159033	-0.36912695	-0.8492489	0	0	0.38
4.320040814735755e-09	0.14656407	-0.34278995	-0.8472553	0	0	0.38
4.33005322440347e-09	0.17212662	-0.33090082	-0.8443756	0	0	0.38
4.340055899408936e-09	0.19462796	-0.33595553	-0.8431238	0	0	0.38
4.350009190270422e-09	0.19862245	-0.32857332	-0.8489221	0	0	0.38
4.360031651197455e-09	0.20117782	-0.30697167	-0.84756297	0	0	0.38
4.370060690230739e-09	0.23427892	-0.28958273	-0.8433759	0	0	0.38
4.380041859305451e-09	0.2539825	-0.2753686	-0.8454325	0	0	0.38
4.390033847132021e-09	0.26443347	-0.27175713	-0.8409227	0	0	0.38
4.400054522725082e-09	0.28226152	-0.26305386	-0.83607936	0	0	0.38
4.410063136018162e-09	0.30871508	-0.25026417	-0.8293256	0	0	0.38
4.420058233828024e-09	0.32396004	-0.21324474	-0.8340935	0	0	0.38
4.430023114597622e-09	0.3339611	-0.18479574	-0.8337176	0	0	0.38
4.44001916535585e-09	0.34075132	-0.13759845	-0.8340699	0	0	0.38
4.45005661885256e-09	0.35723907	-0.0967595	-0.82964665	0	0	0.38
4.460049903163422e-09	0.3754584	-0.051792942	-0.82963496	0	0	0.38
4.470036237541277e-09	0.38256565	-0.0310692	-0.8250444	0	0	0.38
4.480034811073135e-09	0.3953426	0.004514559	-0.81685096	0	0	0.38
4.490057190916201e-09	0.37257236	0.06311828	-0.8198319	0	0	0.38
4.5000489009041635e-09	0.3461917	0.12800932	-0.799495	0	0	0.38
4.510001447027482e-09	0.28553694	0.20745444	-0.79237115	0	0	0.38
4.520056891310192e-09	0.2206667	0.24881968	-0.7873832	0	0	0.38
4.5300459520554045e-09	0.11674002	0.27315372	-0.78924304	0	0	0.38
4.5400245800022544e-09	0.03635935	0.28397307	-0.7817202	0	0	0.38
4.5500003084092044e-09	-0.043203212	0.25020072	-0.77401406	0	0	0.38
4.560045020407394e-09	-0.112825535	0.17580692	-0.76837415	0	0	0.38
4.5700475398093276e-09	-0.16588925	0.09247402	-0.7610675	0	0	0.38
4.580058761759284e-09	-0.16014841	-0.014017025	-0.741045	0	0	0.38
4.590056092038062e-09	-0.0998177	-0.121545576	-0.7163467	0	0	0.38
4.60006455975276e-09	0.042166583	-0.19920729	-0.6979878	0	0	0.38
4.610053850664442e-09	0.17877893	-0.19976571	-0.6831533	0	0	0.38
4.6200341522893476e-09	0.2847958	-0.16579022	-0.6683465	0	0	0.38
4.630031846936342e-09	0.36793795	-0.10390174	-0.677952	0	0	0.38
4.6400243611160725e-09	0.4052087	0.0125304395	-0.67648107	0	0	0.38
4.6500311188496655e-09	0.37820008	0.12349885	-0.6839704	0	0	0.38
4.660014120366604e-09	0.31531116	0.24390952	-0.6803491	0	0	0.38
4.670042517760934e-09	0.20054725	0.31650412	-0.6685245	0	0	0.38
4.680029020687346e-09	0.053115886	0.32379135	-0.6534894	0	0	0.38
4.690009434494599e-09	-0.05122028	0.22742529	-0.6673817	0	0	0.38
4.70006671377348e-09	-0.09645094	0.09450791	-0.66214937	0	0	0.38
4.7100635396339984e-09	-0.11222938	-0.028573276	-0.6591494	0	0	0.38
4.720034210288035e-09	-0.120103575	-0.1458173	-0.6550809	0	0	0.38
4.73006216551054e-09	-0.03431056	-0.24346559	-0.65600437	0	0	0.38
4.740019564705217e-09	0.087173894	-0.2942322	-0.64683497	0	0	0.38
4.750059390474159e-09	0.24096939	-0.27789912	-0.63761216	0	0	0.38
4.760008842014731e-09	0.39059418	-0.19982322	-0.6214853	0	0	0.38
4.770053618789477e-09	0.4896624	-0.03650502	-0.60663694	0	0	0.38
4.7800324607900525e-09	0.4746641	0.09471056	-0.6032891	0	0	0.38
4.790010709538258e-09	0.39543828	0.2041697	-0.59778684	0	0	0.38
4.800018725947004e-09	0.25646588	0.2915873	-0.59443843	0	0	0.38
4.810031215052422e-09	0.056086294	0.28683215	-0.5879669	0	0	0.38
4.82000466202901e-09	-0.09392824	0.18354821	-0.59573424	0	0	0.38
4.830002403892865e-09	-0.1720274	0.06858927	-0.60184747	0	0	0.38
4.840028453910303e-09	-0.17039333	-0.076890126	-0.6015376	0	0	0.38
4.8500555292101875e-09	-0.10624449	-0.22988445	-0.5951852	0	0	0.38
4.860063997283891e-09	0.040561687	-0.34405202	-0.58176386	0	0	0.38
4.870050106432363e-09	0.22814007	-0.34931087	-0.5616429	0	0	0.38
4.880034412043239e-09	0.37055248	-0.21564427	-0.5538554	0	0	0.38
4.890039634008235e-09	0.39040956	-0.06675708	-0.54962504	0	0	0.38
4.900053327304171e-09	0.3290779	0.06779173	-0.5373593	0	0	0.38
4.910061418932002e-09	0.19881108	0.18111801	-0.5117412	0	0	0.38
4.920052010738564e-09	-0.016340608	0.22165628	-0.4877197	0	0	0.38
4.9300134257746644e-09	-0.21814841	0.15973341	-0.47538814	0	0	0.38
4.940042730011724e-09	-0.38694364	0.053116567	-0.45419863	0	0	0.38
4.95005187572126e-09	-0.46004006	-0.10465518	-0.43866274	0	0	0.38
4.960001408591724e-09	-0.4455955	-0.30764744	-0.4353119	0	0	0.38
4.970022645211189e-09	-0.27900794	-0.44692594	-0.41296145	0	0	0.38
4.980024849391344e-09	-0.0493284	-0.447147	-0.40296692	0	0	0.38
4.9900023265872395e-09	0.15228909	-0.31339383	-0.40575686	0	0	0.38
5.000002237494996e-09	0.2465837	-0.11384619	-0.40648538	0	0	0.38
5.010050935256111e-09	0.18126266	0.10351893	-0.4043241	0	0	0.38
5.0200434813003235e-09	0.044427037	0.23486693	-0.39079472	0	0	0.38
5.030032052859336e-09	-0.13223653	0.31468284	-0.374435	0	0	0.38
5.040029910556581e-09	-0.34602603	0.28084317	-0.35068434	0	0	0.38
5.050045648937491e-09	-0.49093172	0.08889899	-0.33338153	0	0	0.38
5.060051129776328e-09	-0.4653378	-0.14825279	-0.31614092	0	0	0.38
5.07002245817168e-09	-0.274626	-0.28631407	-0.30629203	0	0	0.38
5.080006473143936e-09	-0.029781483	-0.2906408	-0.2833813	0	0	0.38
5.090035700020996e-09	0.17871384	-0.21152678	-0.26558352	0	0	0.38
5.100039047251401e-09	0.34584737	-0.075718716	-0.23898755	0	0	0.38
5.1100478825024205e-09	0.41462722	0.12958841	-0.2340324	0	0	0.38
5.120009977801589e-09	0.33212775	0.3413028	-0.22658129	0	0	0.38
5.130045083311396e-09	0.101299874	0.47661504	-0.2138726	0	0	0.38
5.140023575687044e-09	-0.17068632	0.40012074	-0.20151289	0	0	0.38
5.1500367684973e-09	-0.31858528	0.1764541	-0.19587158	0	0	0.38
5.1600504487857476e-09	-0.26897606	-0.08203072	-0.19557859	0	0	0.38
5.1700157403038e-09	-0.10603041	-0.26726884	-0.1836841	0	0	0.38
5.1800170541853415e-09	0.12495011	-0.34014305	-0.17421243	0	0	0.38
5.1900410729359676e-09	0.3499582	-0.2698021	-0.16139454	0	0	0.38
5.2000474333457636e-09	0.4836889	-0.0686872	-0.16128547	0	0	0.38
5.210052157077054e-09	0.4195197	0.158811	-0.15206356	0	0	0.38
5.220052124657225e-09	0.19209547	0.24609664	-0.1321545	0	0	0.38
5.230009816475821e-09	-0.022862364	0.21463472	-0.109417096	0	0	0.38
5.240054758122615e-09	-0.23258536	0.16550519	-0.08633915	0	0	0.38
5.250036303658551e-09	-0.41546202	0.009494641	-0.06908599	0	0	0.38
5.26001432661129e-09	-0.46051112	-0.24884026	-0.06420175	0	0	0.38
5.270022188491828e-09	-0.28283933	-0.47123432	-0.036954794	0	0	0.38
5.280019851797809e-09	-0.014744127	-0.4712794	-0.027488258	0	0	0.38
5.290031653266817e-09	0.19623442	-0.33338133	-0.030711245	0	0	0.38
5.300016345591978e-09	0.27598193	-0.06523803	-0.028672203	0	0	0.38
5.310053385302897e-09	0.18856452	0.17410387	-0.039485764	0	0	0.38
5.320038870820958e-09	0.020962672	0.3161625	-0.03224126	0	0	0.38
5.330065639696323e-09	-0.21949032	0.36437547	-0.022677023	0	0	0.38
5.340043072675329e-09	-0.436635	0.22764651	-0.0061014486	0	0	0.38
5.350062215310108e-09	-0.51059896	-0.06478134	0.0024659669	0	0	0.38
5.360065111256841e-09	-0.29594794	-0.30255044	0.027534861	0	0	0.38
5.370024840635444e-09	7.925127e-05	-0.29509416	0.033472635	0	0	0.38
5.380032615729203e-09	0.19337295	-0.15427814	0.04738241	0	0	0.38
5.3900016686453205e-09	0.30835482	-0.017818376	0.056830928	0	0	0.38
5.400019929163742e-09	0.37905523	0.16256945	0.0784184	0	0	0.38
5.4100247074185955e-09	0.31242108	0.3989167	0.0960329	0	0	0.38
5.420051998622266e-09	-0.0121909175	0.5116867	0.11675702	0	0	0.38
5.430048924193241e-09	-0.33081844	0.2790357	0.13780034	0	0	0.38
5.440020166832149e-09	-0.35208815	-0.045082007	0.1528097	0	0	0.38
5.45005466069481e-09	-0.21727575	-0.19508591	0.14791308	0	0	0.38
5.460005020410671e-09	-0.120944954	-0.25257403	0.1586404	0	0	0.38
5.470011176189091e-09	0.07613065	-0.3273298	0.17126171	0	0	0.38
5.480009745921827e-09	0.35501212	-0.2082911	0.18862893	0	0	0.38
5.4900219424741464e-09	0.45603785	0.11233886	0.2018382	0	0	0.38
5.500064750356619e-09	0.2383132	0.3627871	0.21468428	0	0	0.38
5.510058464418379e-09	-0.024515005	0.35365522	0.22176035	0	0	0.38
5.5200337553872395e-09	-0.23226222	0.21146186	0.2477024	0	0	0.38
5.530053550783602e-09	-0.3200373	-0.009825552	0.261953	0	0	0.38
5.540012418241593e-09	-0.28623727	-0.21515577	0.26233503	0	0	0.38
5.55006337832891e-09	-0.089772075	-0.38433003	0.2736836	0	0	0.38
5.560060075900385e-09	0.23724854	-0.34060088	0.291295	0	0	0.38
5.5700265005112354e-09	0.41055545	-0.07566419	0.30462167	0	0	0.38
5.5800175839855625e-09	0.33881637	0.18514259	0.3251348	0	0	0.38
5.590044553503801e-09	0.15590668	0.30448982	0.32568753	0	0	0.38
5.6000605510408885e-09	-0.073420264	0.3032909	0.3434682	0	0	0.38
5.610053259438274e-09	-0.25074083	0.18906872	0.36358628	0	0	0.38
5.620033761653287e-09	-0.33618942	-0.002581756	0.3808483	0	0	0.38
5.630063287460337e-09	-0.3125736	-0.21669616	0.38020712	0	0	0.38
5.640035651413543e-09	-0.10183954	-0.38562846	0.36992326	0	0	0.38
5.650042844090121e-09	0.20695217	-0.3047449	0.3956938	0	0	0.38
5.660003831295784e-09	0.3490379	-0.02636978	0.40410903	0	0	0.38
5.6700086689796235e-09	0.2632093	0.17725301	0.4123033	0	0	0.38
5.680060875474187e-09	0.11907237	0.28054813	0.4179476	0	0	0.38
5.690010364704923e-09	-0.09075099	0.30170068	0.43457958	0	0	0.38
5.70004535170115e-09	-0.34954998	0.1514542	0.44586748	0	0	0.38
5.710016766867749e-09	-0.36325112	-0.13084438	0.45343006	0	0	0.38
5.720055406296072e-09	-0.17292924	-0.31779462	0.45605543	0	0	0.38
5.730007416291563e-09	0.09995357	-0.29179394	0.474673	0	0	0.38
5.740041019667176e-09	0.2917113	-0.13224506	0.48526448	0	0	0.38
5.750013172134951e-09	0.32250968	0.081335634	0.49344075	0	0	0.38
5.760048037837366e-09	0.1895791	0.24307278	0.50607866	0	0	0.38
5.770015666194726e-09	0.011122222	0.30164036	0.5165077	0	0	0.38
5.780050763104986e-09	-0.22654817	0.25624597	0.53307325	0	0	0.38
5.790053187220048e-09	-0.36015996	-0.041186627	0.54479134	0	0	0.38
5.800011325445499e-09	-0.21084651	-0.28072935	0.5508732	0	0	0.38
5.810041261033023e-09	0.042888276	-0.32369912	0.5625129	0	0	0.38
5.820042705224027e-09	0.25148854	-0.19965212	0.5744912	0	0	0.38
5.830026069030791e-09	0.3122936	0.036357664	0.5878943	0	0	0.38
5.840049303348546e-09	0.17363544	0.23448697	0.5935801	0	0	0.38
5.8500450229864275e-09	-0.056245252	0.29225272	0.6040479	0	0	0.38
5.860049135723252e-09	-0.2726479	0.166488	0.61901623	0	0	0.38
5.870004828812518e-09	-0.3160353	-0.0788699	0.6167436	0	0	0.38
5.880011907703606e-09	-0.16260521	-0.25635472	0.62117255	0	0	0.38
5.890013705164242e-09	0.072539434	-0.2540929	0.62526745	0	0	0.38
5.90002610420416e-09	0.24621646	-0.11194054	0.6293628	0	0	0.38
5.910064313088184e-09	0.2504047	0.061926037	0.636523	0	0	0.38
5.920009733805299e-09	0.15122175	0.20996131	0.6455953	0	0	0.38
5.930029933616899e-09	-0.050153106	0.25326225	0.6565845	0	0	0.38
5.94004911561267e-09	-0.27009818	0.14870475	0.67290133	0	0	0.38
5.950041561215466e-09	-0.29126224	-0.12232237	0.6804964	0	0	0.38
5.960052178894634e-09	-0.07583661	-0.2985137	0.68202037	0	0	0.38
5.970027454663126e-09	0.18216555	-0.22113432	0.6842129	0	0	0.38
5.980064364616425e-09	0.23673761	-0.015382222	0.6975383	0	0	0.38
5.9900006702350956e-09	0.17574137	0.14128178	0.69539505	0	0	0.38
6.000026175840693e-09	0.020489853	0.22703618	0.69929165	0	0	0.38
6.0100478294080915e-09	-0.1486993	0.18533121	0.7012507	0	0	0.38
6.020055911110596e-09	-0.26441175	0.017742619	0.70976716	0	0	0.38
6.030007242218709e-09	-0.19150037	-0.18606618	0.7206263	0	0	0.38
6.0400007253281165e-09	0.007715405	-0.2695679	0.7234757	0	0	0.38
6.050053163446745e-09	0.20917287	-0.13379104	0.73760295	0	0	0.38
6.060056243673657e-09	0.24740984	0.06993642	0.7471052	0	0	0.38
6.070008934966951e-09	0.103868544	0.23509488	0.7486474	0	0	0.38
6.080047063762952e-09	-0.10461562	0.22017147	0.7541409	0	0	0.38
6.090045677682449e-09	-0.23490292	0.068665035	0.7648021	0	0	0.38
6.1000013899132716e-09	-0.17439725	-0.15534115	0.7714555	0	0	0.38
6.110011403194915e-09	0.0021604258	-0.2286828	0.7759497	0	0	0.38
6.120005354294207e-09	0.17289089	-0.15749277	0.7876856	0	0	0.38
6.130002986568518e-09	0.23722269	0.044388577	0.79683214	0	0	0.38
6.140019150378777e-09	0.09350971	0.22972892	0.79761	0	0	0.38
6.150016206243374e-09	-0.1579828	0.20870902	0.8002031	0	0	0.38
6.160036157550671e-09	-0.27114016	-0.00021187542	0.80595607	0	0	0.38
6.170026061521076e-09	-0.13060188	-0.23419152	0.81967074	0	0	0.38
6.180048910371878e-09	0.14136137	-0.22129844	0.82654834	0	0	0.38
6.190006265930461e-09	0.2523529	0.018750839	0.83428127	0	0	0.38
6.200038695865616e-09	0.088933006	0.22559534	0.84454817	0	0	0.38
6.2100230517055684e-09	-0.13334039	0.18089074	0.84533155	0	0	0.38
6.22001221789897e-09	-0.21520959	-0.014612458	0.8479578	0	0	0.38
6.230057175671564e-09	-0.11123289	-0.19302711	0.85736173	0	0	0.38
6.240029398755656e-09	0.11907618	-0.18865283	0.8622621	0	0	0.38
6.250001872596241e-09	0.2259267	0.008244749	0.86702794	0	0	0.38
6.260052775862126e-09	0.094448745	0.20892747	0.8787312	0	0	0.38
6.2700642044764226e-09	-0.1426439	0.15944451	0.8840626	0	0	0.38
6.280033890557393e-09	-0.19647548	-0.083429806	0.89497083	0	0	0.38
6.290002656705567e-09	0.0136015145	-0.19817847	0.9051493	0	0	0.38
6.300041011578341e-09	0.19052607	-0.034927186	0.9134622	0	0	0.38
6.31006109244014e-09	0.067209385	0.18075362	0.9197063	0	0	0.38
6.320046877230505e-09	-0.17901094	0.10482138	0.9234927	0	0	0.38
6.330000672675548e-09	-0.12644675	-0.12922643	0.9295181	0	0	0.38
6.3400558338605305e-09	0.08245167	-0.13667527	0.93400204	0	0	0.38
6.3500594962158966e-09	0.13468415	0.0448854	0.9414037	0	0	0.38
6.360017869723649e-09	-0.013121174	0.13761827	0.94436	0	0	0.38
6.370022591114901e-09	-0.14768024	0.021731105	0.9490155	0	0	0.38
6.380011602960909e-09	-0.042518605	-0.14498918	0.95068556	0	0	0.38
6.390046206751585e-09	0.14083007	-0.0563308	0.95133156	0	0	0.38
6.4000255294298265e-09	0.06281623	0.10971336	0.95745355	0	0	0.38
6.410000288222458e-09	-0.08692577	0.062356807	0.96028626	0	0	0.38
6.420060451513226e-09	-0.062534705	-0.07608338	0.95877373	0	0	0.38
6.430016094279473e-09	0.05931156	-0.07078807	0.955538	0	0	0.38
6.440003412208363e-09	0.06412714	0.034857042	0.9600412	0	0	0.38
6.450011954026421e-09	-0.048541393	0.071124844	0.9595504	0	0	0.38
6.4600240920378786e-09	-0.0733419	-0.032108396	0.96146584	0	0	0.38
6.4700517288053325e-09	0.016429055	-0.06301267	0.9622653	0	0	0.38
6.48000683179476e-09	0.056723014	0.009544994	0.9623177	0	0	0.38
6.4900599932350934e-09	-0.011152524	0.061706413	0.96376055	0	0	0.38
6.50005800988335e-09	-0.061702393	-0.010162908	0.9613921	0	0	0.38
6.510002051672499e-09	-0.004871514	-0.082892805	0.9621616	0	0	0.38
6.5200266302255725e-09	0.07343874	-0.016686669	0.96002865	0	0	0.38
6.530052274656274e-09	0.027853895	0.06693124	0.96371204	0	0	0.38
6.54004278393295e-09	-0.0530719	0.035501525	0.96231395	0	0	0.38
6.550038844454242e-09	-0.050241306	-0.048882358	0.96057296	0	0	0.38
6.560050939176627e-09	0.030410102	-0.052503295	0.960299	0	0	0.38
6.57000698655962e-09	0.047494426	0.005527055	0.96236557	0	0	0.38
6.580028870579163e-09	-0.005874511	0.063747555	0.9619656	0	0	0.38
6.5900079252714e-09	-0.053921066	-0.00049771875	0.9616583	0	0	0.38
6.600037559972594e-09	-0.010389237	-0.05325886	0.96388435	0	0	0.38
6.610061190646165e-09	0.05277428	-0.023057839	0.96419233	0	0	0.38
6.620030299295091e-09	0.011041798	0.048092254	0.96402496	0	0	0.38
6.630036937668347e-09	-0.025906097	0.032260768	0.9643779	0	0	0.38
6.640017292885113e-09	-0.01221852	-0.017310197	0.96242654	0	0	0.38
6.650027580298955e-09	0.0181134	0.0060120663	0.9642044	0	0	0.38
6.660030389194475e-09	-0.014394437	0.022564799	0.96433675	0	0	0.38
6.670020461930332e-09	-0.03797603	-0.010720977	0.9644005	0	0	0.38
6.680052205327558e-09	0.0048060194	-0.04423897	0.95932025	0	0	0.38
6.690037053685303e-09	0.042972226	-0.008840501	0.95884264	0	0	0.38
6.70002496845587e-09	-0.014697624	0.03890827	0.9648386	0	0	0.38
6.71000150231874e-09	-0.045717943	-0.0031949987	0.96580046	0	0	0.38
6.720018343745871e-09	-0.0043237703	-0.043858882	0.96493244	0	0	0.38
6.730047700579064e-09	0.057562623	-0.0059860065	0.9616588	0	0	0.38
6.740047649835366e-09	0.01533241	0.063932076	0.9628691	0	0	0.38
6.750025071069976e-09	-0.05791893	0.029084427	0.96546847	0	0	0.38
6.760052313826831e-09	-0.019338321	-0.050409213	0.9671213	0	0	0.38
6.77000616958207e-09	0.051370237	-0.015564402	0.965843	0	0	0.38
6.7800280077708895e-09	0.026512783	0.050000906	0.96660537	0	0	0.38
6.790029815785775e-09	-0.046297025	0.027780063	0.9641072	0	0	0.38
6.80001696807935e-09	-0.0276141	-0.042983267	0.96373695	0	0	0.38
6.810029195051088e-09	0.021975113	-0.046018522	0.9653262	0	0	0.38
6.820037734105004e-09	0.0367042	0.016052153	0.96788	0	0	0.38
6.830034941450911e-09	-0.014816923	0.037816186	0.9657441	0	0	0.38
6.840004239140179e-09	-0.037142575	-0.016978897	0.9658244	0	0	0.38
6.850047111989608e-09	0.0064185313	-0.03735983	0.9635723	0	0	0.38
6.860065126743586e-09	0.02468136	0.012168471	0.9647997	0	0	0.38
6.870041235143648e-09	-0.010469503	0.035727248	0.96084833	0	0	0.38
6.8800568453587146e-09	-0.032177776	-0.008680411	0.96284014	0	0	0.38
6.890051373117e-09	0.017229384	-0.049156893	0.95987725	0	0	0.38
6.900006248358718e-09	0.045558475	0.01279463	0.96316165	0	0	0.38
6.910047815592344e-09	0.019501857	0.061861705	0.96498406	0	0	0.38
6.920052652022659e-09	-0.07511969	0.013862436	0.9619599	0	0	0.38
6.930002967887344e-09	-0.038154792	-0.06370997	0.9639795	0	0	0.38
6.940041567577579e-09	0.052584745	-0.04180259	0.96786267	0	0	0.38
6.950035380487452e-09	0.047429893	0.050792284	0.9648316	0	0	0.38
6.960002670928859e-09	-0.03081356	0.055260442	0.96365565	0	0	0.38
6.970030055125864e-09	-0.05388946	-0.023320675	0.9636524	0	0	0.38
6.980037301906076e-09	-0.005565513	-0.05585181	0.9651463	0	0	0.38
6.990056246539836e-09	0.048484746	-0.028834587	0.96633446	0	0	0.38
7.000013295968963e-09	0.053553633	0.046877734	0.96517897	0	0	0.38
7.010037393179046e-09	-0.036580082	0.06648083	0.9660778	0	0	0.38
7.020005998256962e-09	-0.056578368	-0.020762289	0.9659145	0	0	0.38
7.030012520074452e-09	0.026067987	-0.07126216	0.9642343	0	0	0.38
7.040035443259368e-09	0.072852336	0.023935294	0.964606	0	0	0.38
7.050041089214489e-09	-0.017593835	0.085151844	0.9591511	0	0	0.38
7.060037895475313e-09	-0.074843615	0.009542102	0.9629064	0	0	0.38
7.070056856270841e-09	-0.012648442	-0.06520277	0.9664943	0	0	0.38
7.0800283565579585e-09	0.06715523	-0.022016259	0.96311796	0	0	0.38
7.090013826190697e-09	0.015062624	0.044747226	0.9661413	0	0	0.38
7.1000411402030165e-09	-0.030243672	0.014563286	0.9675996	0	0	0.38
7.110047008206756e-09	-0.030662445	-0.02256661	0.96546674	0	0	0.38
7.120004621313508e-09	0.028109508	-0.021200433	0.9640679	0	0	0.38
7.130056932493307e-09	0.030437028	0.019855155	0.9651817	0	0	0.38
7.140008204112212e-09	-0.021701504	0.030286359	0.9657319	0	0	0.38
7.15003298203737e-09	-0.022384277	-0.02016745	0.9656709	0	0	0.38
7.160050970477499e-09	0.009796885	-0.015009032	0.9656275	0	0	0.38
7.170020341310795e-09	0.019740922	0.01702429	0.9646476	0	0	0.38
7.180037141096082e-09	-0.02035874	0.018904096	0.96544343	0	0	0.38
7.190020439957152e-09	-0.020366155	-0.012619976	0.96597934	0	0	0.38
7.200016749239943e-09	0.018509364	-0.039727982	0.96608573	0	0	0.38
7.2100015229654705e-09	0.06039115	-0.0016003494	0.9663749	0	0	0.38
7.2200090608333296e-09	0.005166135	0.04984362	0.96363264	0	0	0.38
7.230030764461333e-09	-0.048688643	0.02000334	0.96347874	0	0	0.38
7.240060809182202e-09	-0.017757678	-0.04451885	0.9663327	0	0	0.38
7.250040487608818e-09	0.029910108	-0.023689603	0.96728307	0	0	0.38
7.260061229467888e-09	0.027256813	0.012345441	0.9662966	0	0	0.38
7.2700031862171114e-09	-0.01531846	0.03851243	0.9640662	0	0	0.38
7.280039409492891e-09	-0.050396387	-0.0132758515	0.96388793	0	0	0.38
7.290024594083212e-09	-0.010887987	-0.05639541	0.9622684	0	0	0.38
7.300064088503185e-09	0.035114534	-0.009275657	0.96407783	0	0	0.38
7.310046892343235e-09	0.020936927	0.018249748	0.9656566	0	0	0.38
7.320045626002246e-09	-0.0028042658	0.025832158	0.96517056	0	0	0.38
7.3300186598770356e-09	-0.01804052	-0.007970055	0.96591103	0	0	0.38
7.3400463492146406e-09	-0.0047065476	-0.019280443	0.9649385	0	0	0.38
7.350002596524056e-09	0.012550247	-0.014230104	0.96317804	0	0	0.38
7.360026821421254e-09	0.008588607	0.029797986	0.9657126	0	0	0.38
7.370021944855055e-09	-0.021105146	0.015594891	0.96512914	0	0	0.38
7.380042294343809e-09	-0.0034179946	-0.03611828	0.96507436	0	0	0.38
7.390021485517145e-09	0.025437418	-0.010301337	0.96831316	0	0	0.38
7.400018210014565e-09	0.016763687	-0.0024124132	0.96792316	0	0	0.38
7.410045948304856e-09	0.008870754	0.01127215	0.9688145	0	0	0.38
7.420056636814285e-09	0.010619166	0.008733932	0.96930593	0	0	0.38
7.430043745448385e-09	0.008640083	0.0076039406	0.9687294	0	0	0.38
7.440044228757445e-09	-0.022383392	0.028550806	0.9667916	0	0	0.38
7.450050664687852e-09	-0.051322043	-0.005496553	0.9657211	0	0	0.38
7.460042597930534e-09	-0.00047470315	-0.049822804	0.96370274	0	0	0.38
7.470046361992634e-09	0.036279567	-0.01952703	0.9628738	0	0	0.38
7.480001275452319e-09	0.038754858	0.036788248	0.9616573	0	0	0.38
7.490061905016486e-09	-0.019059353	0.04713609	0.9619351	0	0	0.38
7.500034667999337e-09	-0.040060993	-0.03796917	0.96380043	0	0	0.38
7.510039361459338e-09	0.031139508	-0.051287718	0.9622828	0	0	0.38
7.520002783223444e-09	0.04446497	0.030762076	0.9656734	0	0	0.38
7.530004382975255e-09	-0.019796928	0.033510998	0.96497935	0	0	0.38
7.540035885617624e-09	-0.03404309	-0.0039760214	0.9659491	0	0	0.38
7.550012026864759e-09	-0.0069706216	-0.03213841	0.9649203	0	0	0.38
7.560016982241522e-09	0.025306595	-0.029944004	0.9650539	0	0	0.38
7.570017224789468e-09	0.03231096	0.0025814706	0.9654294	0	0	0.38
7.580058769928552e-09	-0.014247089	0.019419411	0.9654019	0	0	0.38
7.590055604898224e-09	-0.011388964	0.0045188107	0.9664667	0	0	0.38
7.600010310834652e-09	-0.01594353	-0.004958418	0.96624064	0	0	0.38
7.610036003293302e-09	0.002032064	-0.014608914	0.96558076	0	0	0.38
7.62003298664883e-09	0.013355697	-0.013378277	0.9639631	0	0	0.38
7.630039212458833e-09	-0.0010947465	0.011462642	0.9656769	0	0	0.38
7.64002654113308e-09	0.0018418601	-0.0063758777	0.96474165	0	0	0.38
7.650028267755555e-09	-0.010425105	0.014320179	0.966101	0	0	0.38
7.660040756249628e-09	-0.009705374	-0.00798103	0.9687052	0	0	0.38
7.670003565695703e-09	0.0014623947	0.004152088	0.96777225	0	0	0.38
7.680034045500695e-09	-0.003636588	-0.0016133694	0.96683943	0	0	0.38
7.690039840089973e-09	0.016323958	-0.0178393	0.9692029	0	0	0.38
7.700014130829267e-09	0.0059981653	0.010402266	0.96793836	0	0	0.38
7.710018574165608e-09	-0.01273026	0.0057556885	0.96505094	0	0	0.38
7.72002996520833e-09	0.010369538	-0.018439421	0.96487594	0	0	0.38
7.730061745504537e-09	0.02070544	0.01133433	0.9676712	0	0	0.38
7.740001215940534e-09	-0.011203679	0.017363261	0.96642715	0	0	0.38
7.750045439276588e-09	-0.019118233	-0.01810212	0.96551454	0	0	0.38
7.76001077696889e-09	0.02292173	-0.012216278	0.96675473	0	0	0.38
7.77000147007622e-09	0.022865081	0.012546849	0.96694565	0	0	0.38
7.780020379483541e-09	-0.005996779	0.013478342	0.9649677	0	0	0.38
7.79002364842683e-09	-0.0052265595	0.0021897561	0.96319973	0	0	0.38
7.800025425850112e-09	-0.0029506283	-0.017755885	0.9663215	0	0	0.38
7.810003147785535e-09	0.02417542	0.0016372557	0.9667291	0	0	0.38
7.820039306071232e-09	-0.0008403374	0.007341635	0.9650618	0	0	0.38
7.830025846312914e-09	-0.0047751195	0.005476599	0.96533054	0	0	0.38
7.84000041950821e-09	-0.0037701377	-0.011152798	0.9630278	0	0	0.38
7.85002999390147e-09	0.019537713	-0.00922523	0.9613284	0	0	0.38
7.860024338113985e-09	0.0084727965	0.0126019865	0.96307296	0	0	0.38
7.870049700453483e-09	0.007450211	0.019571582	0.96314025	0	0	0.38
7.880005795739046e-09	-0.019056814	-0.001087177	0.96242124	0	0	0.38
7.890039076614237e-09	-0.009580526	-0.034795385	0.9639346	0	0	0.38
7.900050785010372e-09	0.030884301	-0.01599026	0.9641991	0	0	0.38
7.910018519482053e-09	0.02560309	0.028035926	0.9625387	0	0	0.38
7.920050354475892e-09	-0.0015123126	0.02409548	0.96024144	0	0	0.38
7.930048607109977e-09	-0.02620538	0.0018670782	0.9604541	0	0	0.38
7.94005388152251e-09	-0.012890771	-0.021135783	0.9621486	0	0	0.38
7.950001401650218e-09	0.026397975	-0.012977699	0.9612705	0	0	0.38
7.960022470935315e-09	0.018707905	0.03714835	0.9625486	0	0	0.38
7.970060642225892e-09	-0.02073405	0.036710523	0.9611705	0	0	0.38
7.980013051920972e-09	-0.029061323	-0.022612257	0.9633568	0	0	0.38
7.990005905800461e-09	0.031775765	-0.035879362	0.9638896	0	0	0.38
8.000009438214792e-09	0.050246477	0.031051664	0.9634933	0	0	0.38
8.010056232977613e-09	0.0024938749	0.042180907	0.96352005	0	0	0.38
8.02005185981493e-09	-0.05380476	0.002768601	0.96491486	0	0	0.38
8.030023916482061e-09	-0.0071961517	-0.047023993	0.9673529	0	0	0.38
8.040002526490693e-09	0.05056113	-0.016452553	0.9675308	0	0	0.38
8.050016867087952e-09	0.02957013	0.039929576	0.9672322	0	0	0.38
8.060038348673643e-09	-0.02928322	0.044633932	0.9661793	0	0	0.38
8.070043800789355e-09	-0.066312835	-0.01820541	0.96490705	0	0	0.38
8.080006566409741e-09	0.0037524307	-0.062542506	0.96673447	0	0	0.38
8.09004722896544e-09	0.033501107	-0.0055997423	0.96622086	0	0	0.38
8.100016757359156e-09	0.0028697334	0.043090243	0.9629458	0	0	0.38
8.110041323517105e-09	-0.03772768	0.002479743	0.963181	0	0	0.38
8.120021414343654e-09	-0.014338777	-0.044385683	0.9620886	0	0	0.38
8.130031560450696e-09	0.053432886	-0.02157755	0.9641318	0	0	0.38
8.140010005056926e-09	0.034907438	0.04198393	0.9627481	0	0	0.38
8.150021364406103e-09	-0.036741436	0.019791855	0.9617906	0	0	0.38
8.160002329416184e-09	-0.033239614	-0.032091815	0.9605981	0	0	0.38
8.170026415752766e-09	0.011995055	-0.033930145	0.9648392	0	0	0.38
8.180065669253803e-09	0.024276517	0.0108459955	0.96581304	0	0	0.38
8.19002823317023e-09	0.001301446	0.019035378	0.9670557	0	0	0.38
8.200049608529244e-09	-0.0023219127	0.009782305	0.9684615	0	0	0.38
8.2100348552347e-09	-0.012262039	-0.012573027	0.967563	0	0	0.38
8.220052969829382e-09	0.018791942	-0.010671855	0.9651048	0	0	0.38
8.230048042743367e-09	0.002697689	0.018530542	0.9671927	0	0	0.38
8.24003134508872e-09	0.010090777	0.020142987	0.9637613	0	0	0.38
8.250055563940653e-09	-0.013141973	0.02523516	0.96781147	0	0	0.38
8.260037094297387e-09	-0.029853525	-0.03984987	0.9650301	0	0	0.38
8.270021136664639e-09	0.042968538	-0.03731049	0.96357733	0	0	0.38
8.280006307335078e-09	0.026537275	0.036240052	0.9616218	0	0	0.38
8.290052201991012e-09	-0.027530184	0.03780104	0.96233344	0	0	0.38
8.300034997078659e-09	-0.026453458	-0.011552214	0.962922	0	0	0.38
8.31001758536587e-09	0.00946502	-0.022550907	0.960531	0	0	0.38
8.320012259354457e-09	0.02816329	-0.0036385253	0.960939	0	0	0.38
8.330039356420512e-09	-0.0037884554	0.022700813	0.96195227	0	0	0.38
8.340051155000066e-09	-0.026194328	0.0028001822	0.96175	0	0	0.38
8.350009397947298e-09	-0.00069996406	-0.028573891	0.96000445	0	0	0.38
8.360052635527841e-09	0.01917804	-0.005996349	0.96233976	0	0	0.38
8.370020961918828e-09	-0.01495647	0.01774864	0.96401304	0	0	0.38
8.380022715833908e-09	-0.015265141	-0.02578932	0.96451896	0	0	0.38
8.390029472018605e-09	0.034209993	-0.0015045856	0.96079904	0	0	0.38
8.400057741763002e-09	-0.0015416921	0.018434227	0.96193194	0	0	0.38
8.410003563521218e-09	-0.008770056	0.010254107	0.963841	0	0	0.38
8.420061186943923e-09	0.01189476	-0.0043695713	0.9644593	0	0	0.38
8.430049661990251e-09	0.0050121634	0.012884636	0.9675499	0	0	0.38
8.440044304770472e-09	-0.0015799095	-0.0013567967	0.96426225	0	0	0.38
8.450050824915717e-09	0.0136515135	0.024072092	0.9632887	0	0	0.38
8.460045471626162e-09	-0.044573233	0.025787003	0.9625789	0	0	0.38
8.470016111828722e-09	-0.021672755	-0.035712674	0.9636578	0	0	0.38
8.480036726166119e-09	0.007772028	-0.014750387	0.96479875	0	0	0.38
8.490010028880088e-09	0.009325871	-0.002587402	0.96255916	0	0	0.38
8.500013791799867e-09	0.010041285	0.0065581105	0.9657722	0	0	0.38
8.51001392721446e-09	-0.007777245	0.030040534	0.96582633	0	0	0.38
8.520050875397338e-09	-0.02625368	-0.0022967248	0.9658073	0	0	0.38
8.530042832414488e-09	0.014584565	-0.035469383	0.9641785	0	0	0.38
8.54005048221496e-09	0.024645848	0.012266759	0.963806	0	0	0.38
8.550049887008943e-09	-0.014000998	0.042155363	0.9642486	0	0	0.38
8.56004418637742e-09	-0.039440084	-0.012323267	0.96293104	0	0	0.38
8.57003489136275e-09	0.004414013	-0.024650495	0.96544236	0	0	0.38
8.580045072536999e-09	0.01788157	-0.0012941443	0.9652809	0	0	0.38
8.590009862603084e-09	0.0061333114	0.020847907	0.9683125	0	0	0.38
8.600028248270485e-09	-0.01448562	0.0016579516	0.9682713	0	0	0.38
8.610023086068025e-09	-0.0100446455	-0.020710934	0.966133	0	0	0.38
8.620062976414084e-09	0.024995355	-0.026968246	0.9635563	0	0	0.38
8.630033813740492e-09	0.028397344	0.011970727	0.96177506	0	0	0.38
8.640060872366605e-09	0.0016327645	0.028195217	0.9635477	0	0	0.38
8.65003262240741e-09	-0.023214405	0.0035512594	0.9631224	0	0	0.38
8.660058667720395e-09	0.0054603224	-0.024511896	0.9662501	0	0	0.38
8.6700512615762e-09	0.021468729	-0.004943367	0.9666536	0	0	0.38
8.680037396897918e-09	0.0062797	0.006928383	0.9667912	0	0	0.38
8.690046035011326e-09	-0.02078373	0.013386503	0.96806604	0	0	0.38
8.700009118654565e-09	-0.019002507	-0.012464293	0.9641444	0	0	0.38
8.7100404038096e-09	0.0044330624	-0.022560222	0.9669281	0	0	0.38
8.720048105244977e-09	0.016618825	0.011918395	0.9629784	0	0	0.38
8.730063303734737e-09	-0.017186508	0.006047782	0.9635197	0	0	0.38
8.740022902970005e-09	-0.010104819	-0.0015432647	0.9636605	0	0	0.38
8.750017109135169e-09	-0.010225463	-0.014636157	0.9648336	0	0	0.38
8.760050320107553e-09	0.014687691	-0.01684601	0.9637229	0	0	0.38
8.770059483568649e-09	0.025829993	0.015177418	0.96366155	0	0	0.38
8.780016046519609e-09	-0.027775416	0.039837673	0.9643603	0	0	0.38
8.790047641009775e-09	-0.03481914	-0.029213846	0.9627732	0	0	0.38
8.800001727815933e-09	0.014139976	-0.041023906	0.96376705	0	0	0.38
8.810012653202343e-09	0.033759262	-0.004329391	0.9640209	0	0	0.38
8.820049273336726e-09	-0.0035517646	0.01788637	0.96232057	0	0	0.38
8.830019205840363e-09	-0.004337575	0.0006898652	0.96346563	0	0	0.38
8.84003139032851e-09	-0.0107973665	0.0055542933	0.96317655	0	0	0.38
8.850000493962508e-09	-0.02920354	-0.0018847667	0.96238613	0	0	0.38
8.860042987284538e-09	0.00231117	-0.04431739	0.96266603	0	0	0.38
8.870040302592524e-09	0.04597584	0.004961527	0.9642194	0	0	0.38
8.8800303236731e-09	-0.0127317235	0.037750233	0.96248674	0	0	0.38
8.890009745132813e-09	-0.015467649	0.005797443	0.96059746	0	0	0.38
8.900040720143658e-09	-0.014718915	-0.021850858	0.96345925	0	0	0.38
8.910043730634549e-09	0.024013417	-0.019414783	0.9634468	0	0	0.38
8.920048635952158e-09	0.011953843	0.028993499	0.9637972	0	0	0.38
8.930046474993458e-09	-0.039459646	0.024749506	0.9661226	0	0	0.38
8.940061853274406e-09	-0.02312088	-0.029418575	0.967624	0	0	0.38
8.95003278926006e-09	0.024002533	-0.017521905	0.96735173	0	0	0.38
8.960028983604276e-09	0.02953463	0.024989756	0.96728235	0	0	0.38
8.970046172207312e-09	-0.00890493	0.018004593	0.9640758	0	0	0.38
8.980010351968107e-09	-0.011756446	-0.012017381	0.9653108	0	0	0.38
8.990029669798507e-09	0.0019862778	-0.009438658	0.9643666	0	0	0.38
9.000007579751168e-09	0.009387656	-0.008768827	0.9674496	0	0	0.38
9.010032713627069e-09	0.007834653	0.01995916	0.9645377	0	0	0.38
9.020030541169784e-09	-0.021971272	0.007643797	0.96729475	0	0	0.38
9.030014886483047e-09	-0.023589252	-0.009874815	0.96923834	0	0	0.38
9.040022361681532e-09	0.008858052	-0.03410335	0.96782845	0	0	0.38
9.05005061852385e-09	0.027084552	0.008806246	0.9662688	0	0	0.38
9.060039073888132e-09	-0.008928112	0.051733073	0.9640744	0	0	0.38
9.070059238600769e-09	-0.046687827	0.013701877	0.96514493	0	0	0.38
9.080054189547e-09	-0.026394384	-0.033936404	0.96628374	0	0	0.38
9.090028136177503e-09	0.031504933	-0.028021384	0.9626415	0	0	0.38
9.100036219137443e-09	0.018520908	0.010696498	0.95989734	0	0	0.38
9.110043811538065e-09	-0.0053312927	0.03562044	0.96265775	0	0	0.38
9.120028256881494e-09	-0.04120327	-0.017004754	0.9611774	0	0	0.38
9.130003045394228e-09	0.015057172	-0.04072736	0.9626519	0	0	0.38
9.14002735790475e-09	0.03702843	0.014076326	0.96510166	0	0	0.38
9.150058840719224e-09	0.0049855895	0.054434508	0.9629879	0	0	0.38
9.16004261555368e-09	-0.06601339	0.0064523644	0.9638107	0	0	0.38
9.170026223861063e-09	-0.019330064	-0.058514055	0.9649693	0	0	0.38
9.180010067100996e-09	0.056440845	-0.026178177	0.96563524	0	0	0.38
9.190023178830713e-09	0.038083658	0.05386304	0.9629949	0	0	0.38
9.200000755774693e-09	-0.046117537	0.029097162	0.96361315	0	0	0.38
9.210010196972737e-09	-0.030143164	-0.023675134	0.96386075	0	0	0.38
9.220057599550925e-09	0.029118253	-0.031101264	0.96510255	0	0	0.38
9.230008055578993e-09	0.03617355	0.009878267	0.96398354	0	0	0.38
9.240062807195474e-09	0.00034464317	0.04001581	0.96700895	0	0	0.38
9.250039786226312e-09	-0.027169805	-0.009123356	0.96776825	0	0	0.38
9.260052810192128e-09	0.006506374	-0.018592896	0.9644753	0	0	0.38
9.270006943158402e-09	0.002720137	-0.014902735	0.9655261	0	0	0.38
9.280058136009056e-09	0.02914034	-0.013311295	0.9670422	0	0	0.38
9.290023016454942e-09	0.022664763	0.03839619	0.9636243	0	0	0.38
9.300025093032213e-09	-0.010663676	0.029331703	0.966689	0	0	0.38
9.310027980767006e-09	-0.015492353	-0.014547496	0.96371007	0	0	0.38
9.320058961425197e-09	0.0017230241	-0.010691694	0.96893567	0	0	0.38
9.33001830751587e-09	0.012885996	-0.00028359523	0.9672118	0	0	0.38
9.340020433025238e-09	0.004924418	0.018814147	0.9657399	0	0	0.38
9.350022188403677e-09	-0.009382369	-0.00091306155	0.9679818	0	0	0.38
9.360008328664328e-09	-0.007832585	0.003085861	0.9678521	0	0	0.38
9.370032849521605e-09	0.0060941433	-0.005432372	0.96662	0	0	0.38
9.38002114504923e-09	0.005234557	0.02396384	0.9667788	0	0	0.38
9.390030751212679e-09	-0.04369548	0.0048760544	0.9658191	0	0	0.38
9.40000155247479e-09	0.0018178547	-0.048260137	0.96645033	0	0	0.38
9.410065298248004e-09	0.046597794	-0.01135808	0.965009	0	0	0.38
9.420042920957216e-09	0.0075289817	0.050658934	0.96572846	0	0	0.38
9.430055793963931e-09	-0.04518813	0.017128637	0.9650286	0	0	0.38
9.440003968552597e-09	-0.017746987	-0.03346839	0.9639561	0	0	0.38
9.450028123931504e-09	0.037076168	-0.00094151613	0.96569353	0	0	0.38
9.460041573071296e-09	0.009821741	0.020531612	0.96396303	0	0	0.38
9.470044029743569e-09	-0.023239529	0.0074253012	0.9666178	0	0	0.38
9.480051209869015e-09	-0.00807953	-0.010923164	0.9676795	0	0	0.38
9.49004814757531e-09	0.020400265	-0.0090018455	0.9671771	0	0	0.38
9.500029475397462e-09	-0.0021491263	0.027928578	0.9636853	0	0	0.38
9.510003980433814e-09	-0.048390158	-0.017562648	0.96344924	0	0	0.38
9.52005759558628e-09	0.0022151857	-0.04141287	0.9643266	0	0	0.38
9.530026836218588e-09	0.035279978	-0.011778336	0.9617207	0	0	0.38
9.540034386449697e-09	0.024356076	0.020590054	0.9645461	0	0	0.38
9.550004351625944e-09	-0.021111414	0.03996462	0.96431756	0	0	0.38
9.5600615695894e-09	-0.049906652	-0.010428068	0.9672567	0	0	0.38
9.570008069536548e-09	-0.001813941	-0.046817183	0.9670201	0	0	0.38
9.580046023859866e-09	0.05079707	-0.017179063	0.967689	0	0	0.38
9.59000420154536e-09	0.014008823	0.05381557	0.96461594	0	0	0.38
9.600009526742494e-09	-0.05379864	0.02634887	0.9654244	0	0	0.38
9.610009236198048e-09	-0.012725209	-0.029641997	0.96434474	0	0	0.38
9.620003244339669e-09	0.022946293	0.00046183146	0.9635653	0	0	0.38
9.630041054046971e-09	0.008827751	0.019010274	0.96572983	0	0	0.38
9.640052023725394e-09	0.0040725605	0.017031474	0.9657023	0	0	0.38
9.650047905297077e-09	-0.024414903	0.00726487	0.96623427	0	0	0.38
9.660058973425763e-09	0.008249287	-0.00801358	0.9652781	0	0	0.38
9.67004020673526e-09	-0.007969105	0.021980383	0.96452695	0	0	0.38
9.680049744237736e-09	-0.016480304	-0.01143595	0.9653114	0	0	0.38
9.690053041189404e-09	0.006777016	-0.030101692	0.9642242	0	0	0.38
9.700003611280234e-09	0.047413766	-0.004392174	0.96228737	0	0	0.38
9.710002090364841e-09	0.0034847206	0.011975138	0.96516454	0	0	0.38
9.720053204363e-09	-0.010444177	-0.0061169025	0.96541965	0	0	0.38
9.730002670960944e-09	0.02038968	0.0045617935	0.96298486	0	0	0.38
9.74002065070555e-09	-0.0060811825	0.023801306	0.96174717	0	0	0.38
9.750052283159855e-09	-0.010204946	-0.00953517	0.9612502	0	0	0.38
9.760033823279222e-09	0.022328576	-0.0007308839	0.9653735	0	0	0.38
9.770033002157313e-09	0.019737145	0.015315042	0.96250623	0	0	0.38
9.780036538129293e-09	-0.012699309	0.015863327	0.963461	0	0	0.38
9.790055810198409e-09	-0.016158665	0.0069119507	0.96349674	0	0	0.38
9.800062925706775e-09	-0.003987455	-0.012119863	0.96856946	0	0	0.38
9.810031583763053e-09	0.009274904	-0.013455627	0.96736526	0	0	0.38
9.820064129671301e-09	0.020703677	0.0046178442	0.9667774	0	0	0.38
9.830010195814874e-09	0.0023681025	0.012950474	0.9660789	0	0	0.38
9.84005910914274e-09	-0.0019120404	-0.0009934632	0.9664676	0	0	0.38
9.850011324653366e-09	-0.00046447286	-0.018218499	0.96936953	0	0	0.38
9.8600210269217e-09	0.009131745	-0.0020823209	0.9663654	0	0	0.38
9.870042608484385e-09	-0.0014304501	0.009537297	0.96904796	0	0	0.38
9.880036027888988e-09	-0.017730188	0.010161488	0.964888	0	0	0.38
9.890043590233118e-09	-0.007791892	-0.015153939	0.965998	0	0	0.38
9.900034550207754e-09	0.013012493	0.0004104681	0.9633483	0	0	0.38
9.910004474891805e-09	-0.011755175	0.02353246	0.96177214	0	0	0.38
9.920000665016336e-09	-0.032240264	-0.016176661	0.963165	0	0	0.38
9.930018369545155e-09	0.026720408	-0.03539361	0.96316767	0	0	0.38
9.940004093230494e-09	0.023190785	0.024762522	0.96694076	0	0	0.38
9.95001712694792e-09	-0.018095536	0.019838434	0.9650858	0	0	0.38
9.960057628910496e-09	-0.033920564	-0.0121682985	0.96507	0	0	0.38
9.970050730729989e-09	0.004600785	-0.020009654	0.967482	0	0	0.38
9.980002896656844e-09	0.016558317	-0.0005922523	0.96493167	0	0	0.38
9.990062213337424e-09	0.012547896	0.01225503	0.96419317	0	0	0.38
1e-08	-0.01265761	0.04117354	0.9623954	0	0	0.38
