# t (s)	mx ()	my ()	mz ()	B_extx (T)	B_exty (T)	B_extz (T)	E_total (J)
0	0	0	-1	0	0	0.38	1.0996098e-18
1.0022444434318092e-11	-0.011806683	-0.0014728919	-0.9751676	0	0	0.38	4.703246e-18
2.0041316083299595e-11	-0.019040974	-0.025827197	-0.9700833	0	0	0.38	5.0139172e-18
3.004334731101523e-11	-0.01154153	-0.02480452	-0.96489704	0	0	0.38	4.476727e-18
4.004829861367482e-11	-0.013596319	0.00038138282	-0.96522987	0	0	0.38	4.4634414e-18
5.004409321559908e-11	-0.00019153762	-0.0047308886	-0.9635635	0	0	0.38	5.111676e-18
6.003856958127393e-11	0.015089089	0.008202039	-0.9637425	0	0	0.38	4.247386e-18
7.006294128918575e-11	0.025511127	0.0021441488	-0.96537906	0	0	0.38	4.377743e-18
8.006225958201577e-11	0.0267581	0.012298294	-0.9616824	0	0	0.38	4.3521376e-18
9.00038717736327e-11	0.029273033	0.00659753	-0.9613389	0	0	0.38	4.516349e-18
1.0002344713537505e-10	0.010678646	0.027733441	-0.95882285	0	0	0.38	4.790165e-18
1.100147231237312e-10	0.005312202	0.03450036	-0.9569956	0	0	0.38	4.5834326e-18
1.2004039081404334e-10	0.022810288	0.033892978	-0.9531077	0	0	0.38	4.6076843e-18
1.300114222952935e-10	0.01658996	0.049240243	-0.95207506	0	0	0.38	4.863226e-18
1.40050303053122e-10	0.027997985	0.06424746	-0.9509842	0	0	0.38	3.869595e-18
1.5004581615546937e-10	0.035784073	0.06564692	-0.9472073	0	0	0.38	5.2732826e-18
1.6001001426072158e-10	0.03514174	0.07799486	-0.94838077	0	0	0.38	4.911398e-18
1.7000643239174772e-10	0.035732616	0.06675024	-0.9521613	0	0	0.38	4.006343e-18
1.8005757573451818e-10	0.048891548	0.055654574	-0.95312726	0	0	0.38	4.097755e-18
1.900164765572116e-10	0.0499553	0.057341628	-0.9489669	0	0	0.38	5.236226e-18
2.0003260672239733e-10	0.047233883	0.064803675	-0.9536773	0	0	0.38	3.9544105e-18
2.100567340496948e-10	0.060877133	0.04237923	-0.9537498	0	0	0.38	4.9762267e-18
2.200033762690709e-10	0.05697605	0.04549048	-0.9525965	0	0	0.38	4.4659576e-18
2.3001277657895699e-10	0.06303482	0.056378294	-0.94732875	0	0	0.38	4.6293473e-18
2.4004407778638585e-10	0.06529502	0.05504934	-0.94473976	0	0	0.38	4.149097e-18
2.500560413143506e-10	0.07463318	0.048738126	-0.9451936	0	0	0.38	3.792397e-18
2.600460804785836e-10	0.07414083	0.03486489	-0.94829	0	0	0.38	3.9075615e-18
2.7002222643433165e-10	0.08262826	0.038857292	-0.94628036	0	0	0.38	4.312564e-18
2.800218226834613e-10	0.07576686	0.033236723	-0.94539	0	0	0.38	5.3527354e-18
2.900522765547986e-10	0.07636207	0.031466424	-0.9500782	0	0	0.38	5.5247976e-18
3.0000323685229204e-10	0.09874374	0.013005423	-0.9511459	0	0	0.38	4.0222245e-18
3.10051189419379e-10	0.09806896	-0.0078853825	-0.94556373	0	0	0.38	4.614136e-18
3.2004181410336727e-10	0.11727683	-0.024784818	-0.9417666	0	0	0.38	4.0266623e-18
3.30013844056216e-10	0.12583867	-0.04759742	-0.9406291	0	0	0.38	3.9453384e-18
3.40023813433923e-10	0.119597286	-0.043488912	-0.9415248	0	0	0.38	4.733796e-18
3.5000513953316907e-10	0.10547054	-0.058287315	-0.93976176	0	0	0.38	4.5731495e-18
3.6001760645128885e-10	0.10843677	-0.076526694	-0.94251245	0	0	0.38	3.615009e-18
3.7002654777121964e-10	0.10111319	-0.07058321	-0.93935573	0	0	0.38	4.0249653e-18
3.800069655031198e-10	0.08989542	-0.06988911	-0.9424444	0	0	0.38	4.1571463e-18
3.9001980072760694e-10	0.086349465	-0.09284631	-0.9397623	0	0	0.38	4.651568e-18
4.0004129668643187e-10	0.07844915	-0.08206804	-0.9398377	0	0	0.38	5.0041486e-18
4.100203016118547e-10	0.07178869	-0.09110512	-0.9450625	0	0	0.38	4.361754e-18
4.2004747934256513e-10	0.062233113	-0.084262736	-0.9419176	0	0	0.38	4.7486594e-18
4.3006051663710534e-10	0.07227044	-0.09268587	-0.94207513	0	0	0.38	3.851569e-18
4.4000317635758294e-10	0.06015322	-0.095856324	-0.94638497	0	0	0.38	3.7391624e-18
4.5006174081609737e-10	0.052010287	-0.11203034	-0.94432795	0	0	0.38	4.4125784e-18
4.600169921580916e-10	0.05178288	-0.11366355	-0.9429243	0	0	0.38	5.108741e-18
4.700596519007007e-10	0.04380683	-0.11093731	-0.9416026	0	0	0.38	4.1082847e-18
4.800327855103933e-10	0.029671004	-0.106912926	-0.94358915	0	0	0.38	4.1398177e-18
4.900012720850767e-10	0.01635029	-0.10556276	-0.93367887	0	0	0.38	4.394736e-18
5.000337765338357e-10	0.0282611	-0.10628507	-0.9283989	0	0	0.38	4.781319e-18
5.100655663617001e-10	0.013035953	-0.101543576	-0.9357115	0	0	0.38	5.46742e-18
5.200656637136357e-10	0.014739191	-0.0995144	-0.93715125	0	0	0.38	4.095358e-18
5.300238138253245e-10	0.02134752	-0.09487962	-0.9378598	0	0	0.38	4.807943e-18
5.40045384230307e-10	0.011773424	-0.09866237	-0.94192195	0	0	0.38	4.9256575e-18
5.500205558060568e-10	0.009208176	-0.09498701	-0.942178	0	0	0.38	4.879472e-18
5.600360235398332e-10	-0.0045684427	-0.11051746	-0.9460699	0	0	0.38	5.0084326e-18
5.700533768628038e-10	-0.0053677475	-0.10402774	-0.9478812	0	0	0.38	4.0956206e-18
5.800335044070319e-10	-0.023318546	-0.098677084	-0.94628954	0	0	0.38	4.388663e-18
5.900472183044138e-10	-0.037375905	-0.11172478	-0.93989044	0	0	0.38	5.1663464e-18
6.000325830431076e-10	-0.055859584	-0.1222049	-0.93411964	0	0	0.38	4.9748574e-18
6.100372865023501e-10	-0.05503737	-0.113139145	-0.92675734	0	0	0.38	5.5074574e-18
6.200438428546693e-10	-0.05273806	-0.11574576	-0.92439675	0	0	0.38	5.414637e-18
6.300314283696668e-10	-0.0465693	-0.12113621	-0.92882717	0	0	0.38	4.168808e-18
6.400192926309797e-10	-0.0648117	-0.12081704	-0.9310783	0	0	0.38	5.0370895e-18
6.500054665327544e-10	-0.08806545	-0.12638088	-0.9263754	0	0	0.38	3.9921585e-18
6.600633004627991e-10	-0.09136552	-0.11483693	-0.92885107	0	0	0.38	3.885201e-18
6.70049805019625e-10	-0.09596941	-0.081422746	-0.93504727	0	0	0.38	4.6218245e-18
6.800399193914e-10	-0.09508562	-0.06871107	-0.93918973	0	0	0.38	4.720009e-18
6.900044230698777e-10	-0.10988533	-0.05411548	-0.93739724	0	0	0.38	5.0336116e-18
7.000437159319795e-10	-0.11344244	-0.033717945	-0.93968236	0	0	0.38	4.3540132e-18
7.100124272243377e-10	-0.12577325	-0.038180016	-0.94153035	0	0	0.38	3.8226903e-18
7.200435499651015e-10	-0.121014625	-0.022232218	-0.94034326	0	0	0.38	3.9687956e-18
7.300280840630482e-10	-0.12438051	-0.0049382583	-0.9404852	0	0	0.38	3.6575346e-18
7.400596480283347e-10	-0.13045734	0.01863264	-0.93761665	0	0	0.38	4.4128365e-18
7.500242989482211e-10	-0.121693544	0.0228826	-0.93501014	0	0	0.38	4.5117533e-18
7.600286679853428e-10	-0.12704612	0.024868514	-0.9347728	0	0	0.38	4.5311118e-18
7.700104600820047e-10	-0.12628308	0.021168625	-0.93805456	0	0	0.38	4.9717273e-18
7.800458855545726e-10	-0.123871855	0.02827377	-0.93587565	0	0	0.38	4.4984216e-18
7.900128932568137e-10	-0.12347682	0.05843481	-0.9380462	0	0	0.38	3.5683728e-18
8.000575898436086e-10	-0.11866306	0.060408738	-0.9380217	0	0	0.38	5.2179393e-18
8.100134387231125e-10	-0.1285842	0.06230776	-0.93623793	0	0	0.38	4.085993e-18
8.200202800855875e-10	-0.11310519	0.06544164	-0.9389153	0	0	0.38	4.4289537e-18
8.300523620511379e-10	-0.11916824	0.07112703	-0.9375349	0	0	0.38	4.2630535e-18
8.400539292565291e-10	-0.12257967	0.08079397	-0.9351252	0	0	0.38	5.321484e-18
8.500348890052065e-10	-0.12233284	0.07977252	-0.9366003	0	0	0.38	5.2354763e-18
8.600461593263106e-10	-0.1060412	0.09140809	-0.9348091	0	0	0.38	4.049701e-18
8.700453771372417e-10	-0.092234895	0.10940851	-0.9342253	0	0	0.38	5.001704e-18
8.800397196226637e-10	-0.07728364	0.11813345	-0.93594223	0	0	0.38	4.5828432e-18
8.900223806901118e-10	-0.06808046	0.094298586	-0.9407883	0	0	0.38	5.341654e-18
9.000589217105398e-10	-0.073483415	0.09864632	-0.9411671	0	0	0.38	5.0873655e-18
9.100485963712568e-10	-0.08043282	0.1128594	-0.94259346	0	0	0.38	5.2191767e-18
9.200008531804143e-10	-0.08141141	0.119557366	-0.93784636	0	0	0.38	4.29137e-18
9.300622161277155e-10	-0.07031833	0.11670767	-0.94084924	0	0	0.38	4.4527012e-18
9.400173523783397e-10	-0.061646122	0.116565704	-0.9405956	0	0	0.38	4.492922e-18
9.500240300876526e-10	-0.041937456	0.13657355	-0.9381956	0	0	0.38	4.6733992e-18
9.600246623420794e-10	-0.039743315	0.13232672	-0.9340457	0	0	0.38	5.1196983e-18
9.700495361170448e-10	-0.042834725	0.15554848	-0.9358156	0	0	0.38	5.1717086e-18
9.800371692414016e-10	-0.03130103	0.14837505	-0.93707794	0	0	0.38	5.0436804e-18
9.900496202205794e-10	-0.023456555	0.15533347	-0.9380731	0	0	0.38	4.2904816e-18
1.0000221713912115e-09	-0.008872614	0.15844409	-0.9371123	0	0	0.38	3.89305e-18
1.01001355428696e-09	0.011476183	0.15579826	-0.93993086	0	0	0.38	4.0553985e-18
1.0200628875986495e-09	0.032113656	0.15133187	-0.93932754	0	0	0.38	5.5884264e-18
1.030062460008159e-09	0.035379168	0.14510274	-0.9403664	0	0	0.38	4.484529e-18
1.040058912747634e-09	0.025433613	0.14207421	-0.9420187	0	0	0.38	4.5029454e-18
1.0500605754033775e-09	0.028261969	0.12731846	-0.9404323	0	0	0.38	4.5429595e-18
1.0600128404030388e-09	0.03914878	0.12774652	-0.9413479	0	0	0.38	4.8966425e-18
1.0700368966281777e-09	0.038933598	0.12253825	-0.9433191	0	0	0.38	4.399272e-18
1.0800066696590576e-09	0.062302817	0.1123848	-0.94370395	0	0	0.38	4.089967e-18
1.0900250881368287e-09	0.063543156	0.110397056	-0.9444198	0	0	0.38	3.90845e-18
1.1000068236079713e-09	0.07456363	0.095403284	-0.94607484	0	0	0.38	4.737861e-18
1.11003144924981e-09	0.066795416	0.08007413	-0.94761115	0	0	0.38	3.984371e-18
1.1200162768785494e-09	0.06917907	0.0728786	-0.9482806	0	0	0.38	4.2646885e-18
1.1300065087739672e-09	0.088139996	0.06570326	-0.9455689	0	0	0.38	3.8225625e-18
1.1400336695360313e-09	0.078888774	0.07196863	-0.94724137	0	0	0.38	4.667603e-18
1.1500387414430708e-09	0.09131867	0.06384136	-0.94757867	0	0	0.38	3.4333837e-18
1.160000892890946e-09	0.09246573	0.06532456	-0.94565254	0	0	0.38	4.3639754e-18
1.170003543888276e-09	0.10559452	0.05965264	-0.943755	0	0	0.38	4.7039e-18
1.1800001949946723e-09	0.13323729	0.05007929	-0.9428789	0	0	0.38	4.74928e-18
1.1900633341426995e-09	0.13383146	0.042919874	-0.94069713	0	0	0.38	4.7882367e-18
1.2000154305470899e-09	0.15233381	0.03507289	-0.9354798	0	0	0.38	4.0465523e-18
1.2100124340242843e-09	0.14622805	0.016546916	-0.9383665	0	0	0.38	5.0675615e-18
1.220058433956942e-09	0.13608696	0.0037708564	-0.93656886	0	0	0.38	4.3705366e-18
1.2300161277715839e-09	0.123635754	-0.008610374	-0.93570125	0	0	0.38	4.4380424e-18
1.2400013792664591e-09	0.11645281	-0.014323726	-0.93523777	0	0	0.38	4.589584e-18
1.250011193796368e-09	0.10916728	-0.023958582	-0.9348747	0	0	0.38	4.212216e-18
1.2600446570787064e-09	0.1257258	-0.015077534	-0.93449277	0	0	0.38	4.7060844e-18
1.2700481750263831e-09	0.13558547	-0.0036648617	-0.93709207	0	0	0.38	3.5219762e-18
1.280006850267922e-09	0.13788511	-0.007529079	-0.94231594	0	0	0.38	4.431353e-18
1.2900387469067122e-09	0.13896623	-0.0135466	-0.946475	0	0	0.38	4.067587e-18
1.3000179881631296e-09	0.13686742	-0.03828021	-0.94487727	0	0	0.38	4.4274094e-18
1.31005816717243e-09	0.12841879	-0.06625667	-0.94317883	0	0	0.38	5.806238e-18
1.3200538370380866e-09	0.11481248	-0.06277361	-0.9457381	0	0	0.38	4.1502935e-18
1.3300438626749453e-09	0.11012253	-0.050480064	-0.94135666	0	0	0.38	5.049304e-18
1.3400042372533015e-09	0.09548663	-0.050313767	-0.9401446	0	0	0.38	4.5409676e-18
1.3500402405630588e-09	0.11181936	-0.048529968	-0.9316826	0	0	0.38	4.10417e-18
1.360042634087047e-09	0.099938475	-0.071960784	-0.9308707	0	0	0.38	4.0535783e-18
1.370039549133593e-09	0.0922655	-0.07714973	-0.9296991	0	0	0.38	4.203451e-18
1.3800431899479506e-09	0.0825248	-0.0946407	-0.9298861	0	0	0.38	4.8385793e-18
1.390001090307795e-09	0.08126369	-0.09242298	-0.93541795	0	0	0.38	4.196261e-18
1.4000507734646367e-09	0.078703545	-0.092703454	-0.9390501	0	0	0.38	4.122997e-18
1.4100454618061341e-09	0.071042895	-0.099827796	-0.939369	0	0	0.38	5.3957293e-18
1.420011839296871e-09	0.07235234	-0.10386587	-0.9385988	0	0	0.38	4.764376e-18
1.4300546892446983e-09	0.07092592	-0.102251776	-0.9425299	0	0	0.38	4.5109182e-18
1.4400533731945741e-09	0.06215411	-0.11048922	-0.9410477	0	0	0.38	4.6658735e-18
1.4500007730960467e-09	0.029186942	-0.09901043	-0.9420508	0	0	0.38	5.0266223e-18
1.4600569053018705e-09	0.022680659	-0.10243128	-0.9374388	0	0	0.38	4.8452307e-18
1.4700121700835325e-09	0.0071051745	-0.1104125	-0.934532	0	0	0.38	4.8045305e-18
1.4800303375090004e-09	0.021004887	-0.102781646	-0.9290525	0	0	0.38	4.0364875e-18
1.4900249749754035e-09	0.02718524	-0.10035968	-0.93162847	0	0	0.38	4.9813797e-18
1.5000608567050793e-09	0.027199825	-0.10871319	-0.9348758	0	0	0.38	4.6680048e-18
1.5100273638764016e-09	0.021325642	-0.11261268	-0.9402665	0	0	0.38	5.000375e-18
1.5200436476343873e-09	0.017203413	-0.11026322	-0.940016	0	0	0.38	5.3460195e-18
1.5300240002900235e-09	0.0027417855	-0.10426895	-0.9431979	0	0	0.38	4.582904e-18
1.540046732833717e-09	-0.0021032905	-0.08680708	-0.9457095	0	0	0.38	4.6928185e-18
1.5500201963440446e-09	-0.0039807744	-0.08930353	-0.9444132	0	0	0.38	4.547515e-18
1.5600040060107522e-09	-0.02545013	-0.10128283	-0.9402917	0	0	0.38	4.4548825e-18
1.57002489333994e-09	0.005844633	-0.09822247	-0.94108725	0	0	0.38	5.535186e-18
1.580030893139287e-09	-0.0012177787	-0.11467104	-0.9328168	0	0	0.38	5.0781536e-18
1.5900611646993764e-09	-0.009186615	-0.11757102	-0.93746376	0	0	0.38	4.684784e-18
1.6000335143294168e-09	-0.0027778654	-0.12870549	-0.93695086	0	0	0.38	5.2427634e-18
1.6100278517528367e-09	-0.0038928022	-0.13813049	-0.93570906	0	0	0.38	4.9587617e-18
1.6200632011949806e-09	-0.020555014	-0.14488626	-0.9338367	0	0	0.38	4.8417342e-18
1.6300395937969122e-09	-0.04379809	-0.14208409	-0.9365693	0	0	0.38	4.5921023e-18
1.6400535446220483e-09	-0.06895731	-0.1307621	-0.9363392	0	0	0.38	3.548302e-18
1.6500545968159115e-09	-0.06228837	-0.1492296	-0.93703485	0	0	0.38	4.5318355e-18
1.6600566674789595e-09	-0.06278683	-0.16101715	-0.93800986	0	0	0.38	4.122817e-18
1.6700486833082747e-09	-0.076457396	-0.15212162	-0.9383088	0	0	0.38	5.4609935e-18
1.6800215765251484e-09	-0.08897274	-0.14589888	-0.9363282	0	0	0.38	4.794884e-18
1.6900311828940091e-09	-0.102854915	-0.15589833	-0.9360718	0	0	0.38	4.4197273e-18
1.700048091338729e-09	-0.11193636	-0.17217311	-0.92710686	0	0	0.38	4.1953976e-18
1.7100231495407247e-09	-0.11605378	-0.15024328	-0.931795	0	0	0.38	5.4009166e-18
1.7200243986005599e-09	-0.114915095	-0.15833162	-0.93049306	0	0	0.38	4.42608e-18
1.7300167557736983e-09	-0.12210158	-0.13647908	-0.9295706	0	0	0.38	4.07087e-18
1.7400011741204203e-09	-0.14357536	-0.12792028	-0.9269869	0	0	0.38	4.5229537e-18
1.750051644418582e-09	-0.13424334	-0.1254696	-0.93049777	0	0	0.38	4.8572517e-18
1.7600533283828628e-09	-0.15057383	-0.12414961	-0.9296159	0	0	0.38	5.5795946e-18
1.7700318325691994e-09	-0.1562702	-0.11789412	-0.92802495	0	0	0.38	4.311966e-18
1.7800143329551795e-09	-0.15306716	-0.11934722	-0.9281673	0	0	0.38	4.3581268e-18
1.79005299162916e-09	-0.15034984	-0.13218696	-0.93005496	0	0	0.38	4.13528e-18
1.8000524862690361e-09	-0.1523397	-0.12563786	-0.93230146	0	0	0.38	4.8275605e-18
1.8100272215223488e-09	-0.16934659	-0.11760871	-0.9270587	0	0	0.38	3.549433e-18
1.8200408995420947e-09	-0.1687592	-0.099840336	-0.9343875	0	0	0.38	3.4604913e-18
1.8300302926024425e-09	-0.18513836	-0.08671527	-0.93356836	0	0	0.38	5.289996e-18
1.8400007160700897e-09	-0.18074693	-0.064416066	-0.93127984	0	0	0.38	4.2900316e-18
1.8500303203623457e-09	-0.1821476	-0.04182177	-0.9291773	0	0	0.38	4.5894818e-18
1.8600112443334824e-09	-0.1795156	-0.047969453	-0.9262203	0	0	0.38	4.590305e-18
1.870000156916347e-09	-0.16869986	-0.0481967	-0.91730565	0	0	0.38	4.3335674e-18
1.8800367687430175e-09	-0.17177632	-0.088686846	-0.910318	0	0	0.38	4.195502e-18
1.890031437406322e-09	-0.19684707	-0.08495873	-0.9119543	0	0	0.38	4.256045e-18
1.900066977211188e-09	-0.2105617	-0.08314284	-0.9089952	0	0	0.38	4.017319e-18
1.910056156073062e-09	-0.22684714	-0.08596986	-0.9082178	0	0	0.38	5.6291866e-18
1.920056417883767e-09	-0.23813678	-0.06374433	-0.91083604	0	0	0.38	4.277761e-18
1.9300533532861146e-09	-0.23461843	-0.056858588	-0.9113266	0	0	0.38	5.0456694e-18
1.9400116246655158e-09	-0.22460657	-0.051370744	-0.91213435	0	0	0.38	5.0522963e-18
1.9500307194107116e-09	-0.22569947	-0.039938137	-0.91903204	0	0	0.38	4.136892e-18
1.960017501944239e-09	-0.21001254	-0.025661247	-0.9217792	0	0	0.38	3.554716e-18
1.970028352916204e-09	-0.20358671	-0.01466917	-0.92624646	0	0	0.38	6.11926e-18
1.9800126764079512e-09	-0.2075063	0.003681272	-0.92205715	0	0	0.38	4.687848e-18
1.990057149989015e-09	-0.18538545	0.0005161868	-0.9261975	0	0	0.38	4.8299113e-18
2.000061471756373e-09	-0.19286385	-0.0037322303	-0.9243307	0	0	0.38	4.4262807e-18
2.0100595769941603e-09	-0.1892445	0.0035648204	-0.9252775	0	0	0.38	4.989218e-18
2.0200634116216332e-09	-0.20456357	0.026240723	-0.9170694	0	0	0.38	3.78662e-18
2.0300606094352866e-09	-0.18994577	0.028146734	-0.92045987	0	0	0.38	5.923316e-18
2.0400393812956006e-09	-0.20758411	0.021595763	-0.9169332	0	0	0.38	4.632835e-18
2.0500619818103327e-09	-0.19546378	0.011899097	-0.9161532	0	0	0.38	4.3450565e-18
2.060046588592497e-09	-0.2003607	0.01962282	-0.91367847	0	0	0.38	5.092966e-18
2.070049167080804e-09	-0.18462054	0.025073241	-0.9153869	0	0	0.38	4.5883696e-18
2.080020644015572e-09	-0.18666689	0.02849293	-0.91519606	0	0	0.38	4.5811947e-18
2.0900047560115313e-09	-0.20100084	0.024410151	-0.9135924	0	0	0.38	4.222164e-18
2.1000510557351872e-09	-0.22608115	0.028434828	-0.9131902	0	0	0.38	4.413663e-18
2.1100640232801427e-09	-0.23716551	0.038308192	-0.91248333	0	0	0.38	5.3906202e-18
2.120037428589651e-09	-0.23410425	0.059479482	-0.91183	0	0	0.38	4.6206698e-18
2.13006558244559e-09	-0.21960182	0.061630335	-0.912545	0	0	0.38	4.582225e-18
2.140047023381226e-09	-0.20596498	0.06323716	-0.9090289	0	0	0.38	5.073953e-18
2.150010872574924e-09	-0.20122933	0.055415805	-0.9124538	0	0	0.38	4.802212e-18
2.1600512155553657e-09	-0.20156765	0.053995136	-0.91284496	0	0	0.38	4.0519963e-18
2.1700438809210172e-09	-0.20582114	0.054511722	-0.91088384	0	0	0.38	5.213026e-18
2.1800049325936576e-09	-0.19848357	0.06749004	-0.91261154	0	0	0.38	4.7189587e-18
2.190013655860469e-09	-0.21060568	0.067597196	-0.912594	0	0	0.38	4.3192923e-18
2.2000450754106486e-09	-0.22054103	0.05827419	-0.9085232	0	0	0.38	4.0882082e-18
2.210026009317429e-09	-0.23442931	0.06847018	-0.90585893	0	0	0.38	4.4852128e-18
2.2200320056235357e-09	-0.23880856	0.07399633	-0.90688616	0	0	0.38	4.8514482e-18
2.2300591189331875e-09	-0.25054473	0.09676643	-0.90895337	0	0	0.38	3.75074e-18
2.2400096457492916e-09	-0.23411374	0.10466439	-0.9187136	0	0	0.38	4.8581955e-18
2.2500025590960534e-09	-0.21999785	0.119402975	-0.9140565	0	0	0.38	4.4374443e-18
2.260000822832164e-09	-0.22412561	0.11306996	-0.91240567	0	0	0.38	3.6610232e-18
2.2700627848333043e-09	-0.22482525	0.1128855	-0.9173124	0	0	0.38	4.7865567e-18
2.280041294923251e-09	-0.21667598	0.11772307	-0.91569406	0	0	0.38	3.6685795e-18
2.2900567003343522e-09	-0.23763102	0.13663432	-0.90823454	0	0	0.38	4.393345e-18
2.3000286179821926e-09	-0.21613492	0.15077275	-0.9087076	0	0	0.38	5.5620543e-18
2.3100342599460625e-09	-0.22595689	0.16591404	-0.9067959	0	0	0.38	4.8820018e-18
2.3200077566258985e-09	-0.22524309	0.16475543	-0.9065287	0	0	0.38	4.649942e-18
2.330049879345688e-09	-0.21940583	0.16449805	-0.9092777	0	0	0.38	4.829521e-18
2.340029775058289e-09	-0.22173895	0.1689928	-0.90380424	0	0	0.38	4.4465594e-18
2.3500368629065195e-09	-0.21465985	0.1444066	-0.90696245	0	0	0.38	3.8145397e-18
2.36003839686601e-09	-0.22955853	0.13632104	-0.90303063	0	0	0.38	4.259315e-18
2.3700222774195037e-09	-0.23107754	0.13474928	-0.9085252	0	0	0.38	3.8714365e-18
2.3800471589756667e-09	-0.23272897	0.13469471	-0.9075737	0	0	0.38	4.8131973e-18
2.390042693028892e-09	-0.2424404	0.12977105	-0.90864855	0	0	0.38	5.065786e-18
2.4000455721053365e-09	-0.24549441	0.1432531	-0.9050884	0	0	0.38	4.8621705e-18
2.4100504211339507e-09	-0.24702498	0.12797213	-0.91026366	0	0	0.38	4.518148e-18
2.4200324582944377e-09	-0.24452455	0.13000208	-0.9094089	0	0	0.38	3.922883e-18
2.4300079389942806e-09	-0.24119872	0.13508269	-0.902076	0	0	0.38	4.969871e-18
2.4400004611297888e-09	-0.22440979	0.10804846	-0.9066533	0	0	0.38	5.56021e-18
2.4500173177661804e-09	-0.22415623	0.105209105	-0.9007773	0	0	0.38	5.0360187e-18
2.4600141809042574e-09	-0.24806337	0.105515845	-0.9065063	0	0	0.38	4.6843755e-18
2.470047700513516e-09	-0.24600399	0.11752257	-0.9032337	0	0	0.38	5.021676e-18
2.4800383357869347e-09	-0.25023058	0.12296128	-0.9021817	0	0	0.38	4.23504e-18
2.490062396868759e-09	-0.2563469	0.15293609	-0.90426165	0	0	0.38	4.8796997e-18
2.500046781225411e-09	-0.24626008	0.17762087	-0.90045875	0	0	0.38	3.7834757e-18
2.5100353105191486e-09	-0.2188552	0.1942565	-0.90256065	0	0	0.38	4.292247e-18
2.5200596861373707e-09	-0.21157728	0.18899983	-0.9053019	0	0	0.38	4.5504678e-18
2.530032672839231e-09	-0.2237626	0.17925987	-0.90407866	0	0	0.38	4.454792e-18
2.540039934914705e-09	-0.23286162	0.18744907	-0.8993705	0	0	0.38	4.727799e-18
2.5500184357794114e-09	-0.23986463	0.18703847	-0.89271957	0	0	0.38	4.5306965e-18
2.5600333754698863e-09	-0.24236947	0.17414755	-0.8935428	0	0	0.38	4.176476e-18
2.570044526675939e-09	-0.24986179	0.15514043	-0.8922569	0	0	0.38	4.227114e-18
2.58006450660372e-09	-0.25713	0.16684452	-0.88958216	0	0	0.38	4.3714287e-18
2.5900665534628804e-09	-0.2575752	0.17022686	-0.8905196	0	0	0.38	5.015947e-18
2.6000085684992392e-09	-0.26037794	0.17466807	-0.8968235	0	0	0.38	3.823566e-18
2.6100196281968967e-09	-0.24863794	0.19337441	-0.8960456	0	0	0.38	3.520839e-18
2.6200616137854875e-09	-0.2472092	0.19539702	-0.8960473	0	0	0.38	4.149017e-18
2.6300021530933934e-09	-0.22989763	0.20723769	-0.8934174	0	0	0.38	4.0021653e-18
2.6400041378080465e-09	-0.20870878	0.19445983	-0.89857984	0	0	0.38	4.8872635e-18
2.650054842614121e-09	-0.18572158	0.18002117	-0.89807564	0	0	0.38	5.1805987e-18
2.6600056423804755e-09	-0.20161061	0.18272798	-0.8920545	0	0	0.38	5.0885227e-18
2.670057425355282e-09	-0.21429004	0.19584794	-0.8823873	0	0	0.38	3.8803514e-18
2.680060926532434e-09	-0.21707274	0.21064457	-0.8860944	0	0	0.38	5.300277e-18
2.6900238989445194e-09	-0.22968833	0.24474125	-0.8800994	0	0	0.38	4.6976025e-18
2.7000223029308683e-09	-0.24197061	0.25911394	-0.87849164	0	0	0.38	3.9129994e-18
2.7100511768438283e-09	-0.23536934	0.2682125	-0.88240767	0	0	0.38	4.556783e-18
2.720020167336271e-09	-0.21155944	0.27929822	-0.88427794	0	0	0.38	4.5156398e-18
2.7300594268777478e-09	-0.21088202	0.2811031	-0.87829876	0	0	0.38	4.814565e-18
2.7400463387634987e-09	-0.18591891	0.27361146	-0.8755096	0	0	0.38	4.126555e-18
2.7500420531856636e-09	-0.18366174	0.24847792	-0.87778914	0	0	0.38	4.652897e-18
2.7600313294209007e-09	-0.18565995	0.24066444	-0.8839866	0	0	0.38	4.3035118e-18
2.7700007838919376e-09	-0.20572951	0.21954708	-0.87951136	0	0	0.38	5.2586655e-18
2.7800639422172462e-09	-0.21849814	0.22626582	-0.8803078	0	0	0.38	3.8672307e-18
2.790022846127877e-09	-0.22606133	0.23195036	-0.87682146	0	0	0.38	4.7140378e-18
2.800027997489885e-09	-0.22618945	0.2507213	-0.8741616	0	0	0.38	5.9257093e-18
2.8100497185212767e-09	-0.22269368	0.2571294	-0.87858206	0	0	0.38	4.8976384e-18
2.8200020372373534e-09	-0.22397526	0.27876797	-0.8755755	0	0	0.38	4.9789585e-18
2.8300037553539703e-09	-0.20739785	0.2805748	-0.8792633	0	0	0.38	4.15681e-18
2.840032813086309e-09	-0.20401445	0.28083256	-0.87685233	0	0	0.38	3.878647e-18
2.850036315311281e-09	-0.19605732	0.26070747	-0.8788816	0	0	0.38	4.4623094e-18
2.860063423755227e-09	-0.19284315	0.2534222	-0.87595516	0	0	0.38	4.6654426e-18
2.8700584288170326e-09	-0.19426087	0.24309577	-0.8745108	0	0	0.38	4.260256e-18
2.8800446712634868e-09	-0.22112334	0.21566355	-0.8780635	0	0	0.38	3.7969315e-18
2.8900150031057335e-09	-0.2531317	0.20954314	-0.88040835	0	0	0.38	4.0175732e-18
2.900035129829865e-09	-0.27390647	0.20937708	-0.8734209	0	0	0.38	4.6915637e-18
2.91005623271122e-09	-0.3024136	0.21391796	-0.87013936	0	0	0.38	5.132972e-18
2.9200614245307743e-09	-0.28478998	0.2045735	-0.878656	0	0	0.38	4.771345e-18
2.9300474470617852e-09	-0.28687268	0.18811977	-0.87899935	0	0	0.38	4.4104323e-18
2.940040539297746e-09	-0.28201377	0.17694151	-0.8818688	0	0	0.38	4.5205698e-18
2.9500261708594685e-09	-0.275427	0.17276312	-0.877904	0	0	0.38	4.389037e-18
2.9600490465158665e-09	-0.2608411	0.1653328	-0.8774092	0	0	0.38	4.3327654e-18
2.9700251938733396e-09	-0.26908776	0.14237458	-0.873707	0	0	0.38	3.6372885e-18
2.9800070570382303e-09	-0.28935346	0.13032441	-0.872311	0	0	0.38	4.7915823e-18
2.9900370194035193e-09	-0.28845972	0.14230126	-0.8757653	0	0	0.38	4.6934414e-18
3.0000127990135126e-09	-0.29920566	0.1300365	-0.87207633	0	0	0.38	4.5294247e-18
3.010000472486754e-09	-0.3099391	0.13248074	-0.8726326	0	0	0.38	4.704797e-18
3.0200365261591377e-09	-0.30299577	0.13891122	-0.87725186	0	0	0.38	3.8091874e-18
3.030056867917228e-09	-0.30345115	0.13225226	-0.8746015	0	0	0.38	4.328376e-18
3.0400358193093916e-09	-0.32058907	0.12892129	-0.8716843	0	0	0.38	4.9635026e-18
3.0500138317103884e-09	-0.3374482	0.12870981	-0.87080127	0	0	0.38	4.8502265e-18
3.0600623611853792e-09	-0.33234522	0.13147593	-0.87544537	0	0	0.38	4.126522e-18
3.070006714701219e-09	-0.33509436	0.11528869	-0.8730958	0	0	0.38	4.7011354e-18
3.0800346648727347e-09	-0.34740746	0.07867517	-0.87091607	0	0	0.38	5.2639342e-18
3.09001500891394e-09	-0.35250235	0.07264106	-0.8683873	0	0	0.38	4.5762332e-18
3.100025715654376e-09	-0.36883554	0.068869874	-0.85497236	0	0	0.38	4.2489497e-18
3.1100341113327813e-09	-0.37815744	0.0467015	-0.8516604	0	0	0.38	4.576998e-18
3.120030050022725e-09	-0.3689951	0.05201313	-0.85562396	0	0	0.38	4.9814864e-18
3.130025564404143e-09	-0.36833423	0.037868164	-0.8590247	0	0	0.38	3.973483e-18
3.140054141248329e-09	-0.36985907	0.018711079	-0.8572087	0	0	0.38	4.7671436e-18
3.1500576326028828e-09	-0.3579999	0.0137191145	-0.858938	0	0	0.38	5.1016294e-18
3.1600508389198267e-09	-0.36096412	-0.005683545	-0.86112237	0	0	0.38	3.4920687e-18
3.1700064431824378e-09	-0.36623147	-0.032270182	-0.86191547	0	0	0.38	4.4551315e-18
3.180059300103556e-09	-0.37144327	-0.048199	-0.867959	0	0	0.38	4.197644e-18
3.1900415885087275e-09	-0.38108194	-0.05588622	-0.8648242	0	0	0.38	4.2671018e-18
3.200062311908274e-09	-0.37613127	-0.059810236	-0.8655103	0	0	0.38	4.232978e-18
3.210047326132113e-09	-0.3572187	-0.08063711	-0.8717107	0	0	0.38	4.616046e-18
3.2200477608803053e-09	-0.34273213	-0.087305255	-0.8747529	0	0	0.38	4.1199186e-18
3.2300250372351688e-09	-0.34042865	-0.09916946	-0.870564	0	0	0.38	4.2027645e-18
3.2400053496247454e-09	-0.34200174	-0.100623876	-0.87363213	0	0	0.38	3.9759412e-18
3.2500073314629813e-09	-0.3347685	-0.09570247	-0.8784131	0	0	0.38	5.1927094e-18
3.2600560248969424e-09	-0.32517758	-0.09891154	-0.8745501	0	0	0.38	5.0564765e-18
3.2700424235003356e-09	-0.33332467	-0.08338321	-0.8802729	0	0	0.38	4.903921e-18
3.2800002016902587e-09	-0.3299595	-0.09650338	-0.87855464	0	0	0.38	4.5574066e-18
3.2900211029541772e-09	-0.32410344	-0.10629773	-0.87884206	0	0	0.38	5.098558e-18
3.3000536060706627e-09	-0.3267089	-0.1244895	-0.8781671	0	0	0.38	4.770118e-18
3.3100503469223172e-09	-0.32410708	-0.15254925	-0.8805978	0	0	0.38	4.47554e-18
3.3200589504052464e-09	-0.32266313	-0.13319539	-0.8823714	0	0	0.38	5.3791067e-18
3.330022613015733e-09	-0.31870085	-0.13225722	-0.886259	0	0	0.38	5.005128e-18
3.340042988853682e-09	-0.31494483	-0.12430577	-0.8864913	0	0	0.38	3.9721147e-18
3.350004573696177e-09	-0.32370767	-0.11037817	-0.8936738	0	0	0.38	4.2314408e-18
3.360026204112697e-09	-0.32270098	-0.10507392	-0.8945174	0	0	0.38	4.0760983e-18
3.3700458768671752e-09	-0.31481123	-0.0921461	-0.896977	0	0	0.38	5.5901424e-18
3.3800292116363464e-09	-0.32342643	-0.08643999	-0.8889054	0	0	0.38	4.4836725e-18
3.390063014277121e-09	-0.3131818	-0.088422894	-0.8874598	0	0	0.38	4.6961202e-18
3.4000393207698703e-09	-0.3248068	-0.0818253	-0.8855649	0	0	0.38	4.8823087e-18
3.410001598145838e-09	-0.30828205	-0.08436155	-0.88319165	0	0	0.38	3.8590705e-18
3.4200511915992608e-09	-0.30989173	-0.08294563	-0.88529855	0	0	0.38	3.4687453e-18
3.430048480043574e-09	-0.3236312	-0.09610564	-0.8829973	0	0	0.38	3.858686e-18
3.4400193234944234e-09	-0.3380052	-0.09018555	-0.8812883	0	0	0.38	4.8874678e-18
3.4500549736282207e-09	-0.33042404	-0.08808034	-0.8822772	0	0	0.38	4.6918772e-18
3.460000608191918e-09	-0.33620366	-0.09925173	-0.87424475	0	0	0.38	3.477723e-18
3.4700561569262826e-09	-0.31219372	-0.099250264	-0.87320465	0	0	0.38	4.6704983e-18
3.4800146070227023e-09	-0.28075135	-0.09927628	-0.8859923	0	0	0.38	3.949755e-18
3.490033233684275e-09	-0.26729903	-0.11020606	-0.8885473	0	0	0.38	4.195471e-18
3.5000593049742004e-09	-0.25158283	-0.13872041	-0.8922245	0	0	0.38	3.4860696e-18
3.510033723939486e-09	-0.24173127	-0.1497385	-0.8952216	0	0	0.38	5.055419e-18
3.5200131972583205e-09	-0.23955627	-0.18454476	-0.8939445	0	0	0.38	3.988605e-18
3.530054400278771e-09	-0.24315387	-0.17560534	-0.8960263	0	0	0.38	3.7047753e-18
3.540001758840483e-09	-0.24933437	-0.17629576	-0.90134376	0	0	0.38	4.713161e-18
3.5500416518290845e-09	-0.2486179	-0.14922133	-0.9006665	0	0	0.38	4.587974e-18
3.5600002670510807e-09	-0.25021863	-0.16034311	-0.9038003	0	0	0.38	5.4464487e-18
3.5700462720794483e-09	-0.25093716	-0.14572465	-0.9046082	0	0	0.38	5.251568e-18
3.5800553684342687e-09	-0.25184444	-0.13444243	-0.90087306	0	0	0.38	6.181985e-18
3.5900092287804063e-09	-0.23695366	-0.1350629	-0.90257555	0	0	0.38	4.7294717e-18
3.60006510488029e-09	-0.22300205	-0.14093986	-0.90664357	0	0	0.38	3.7721185e-18
3.6100096232678283e-09	-0.22493905	-0.14106315	-0.90577763	0	0	0.38	4.8103477e-18
3.620029007043871e-09	-0.22936602	-0.1356982	-0.9056754	0	0	0.38	5.4655872e-18
3.630012658235523e-09	-0.23163424	-0.1328854	-0.90645117	0	0	0.38	4.698108e-18
3.640058056242366e-09	-0.24812561	-0.12871067	-0.9010345	0	0	0.38	5.3441972e-18
3.65002663005335e-09	-0.24195464	-0.116404906	-0.901598	0	0	0.38	5.618858e-18
3.6600420222993756e-09	-0.23061949	-0.12702867	-0.89879096	0	0	0.38	4.3086395e-18
3.6700293604939514e-09	-0.22344756	-0.12738591	-0.90851355	0	0	0.38	4.5337203e-18
3.68003010906443e-09	-0.23796086	-0.11473692	-0.90655065	0	0	0.38	4.1012186e-18
3.6900635766500995e-09	-0.23582128	-0.08908602	-0.9098143	0	0	0.38	4.2543268e-18
3.700028280603259e-09	-0.23958752	-0.0744914	-0.9139635	0	0	0.38	3.9370447e-18
3.7100153894398258e-09	-0.257147	-0.0699316	-0.9080746	0	0	0.38	4.2102865e-18
3.7200436889361196e-09	-0.2422091	-0.06324736	-0.9159513	0	0	0.38	4.7010267e-18
3.730035505241979e-09	-0.24284227	-0.059060976	-0.91703075	0	0	0.38	5.5777293e-18
3.740042766132487e-09	-0.24202938	-0.05712327	-0.91805315	0	0	0.38	3.893789e-18
3.7500088308874295e-09	-0.24358507	-0.065480575	-0.9145739	0	0	0.38	5.018047e-18
3.760046632031427e-09	-0.25096086	-0.052827496	-0.9133669	0	0	0.38	4.6003956e-18
3.770043453913616e-09	-0.25177008	-0.033126127	-0.91344416	0	0	0.38	4.464179e-18
3.780044195511481e-09	-0.24839841	-0.023612352	-0.91630006	0	0	0.38	4.4727885e-18
3.790033353150582e-09	-0.24390122	-0.027959913	-0.91384745	0	0	0.38	4.0295636e-18
3.800051552526814e-09	-0.23587345	-0.012217017	-0.91199356	0	0	0.38	5.186492e-18
3.810043776334704e-09	-0.2187185	0.001424268	-0.91613305	0	0	0.38	4.9118096e-18
3.8200056265814694e-09	-0.2074205	0.01846555	-0.91323197	0	0	0.38	4.990865e-18
3.8300268844736715e-09	-0.20807171	0.027684012	-0.9157473	0	0	0.38	4.891475e-18
3.840034342123576e-09	-0.22957239	0.03733581	-0.91610074	0	0	0.38	4.96963e-18
3.85006333386997e-09	-0.22147731	0.034166634	-0.9210036	0	0	0.38	4.782347e-18
3.860023770381251e-09	-0.2364084	0.034640174	-0.9219535	0	0	0.38	4.427476e-18
3.870009341252309e-09	-0.24424759	0.034708586	-0.920333	0	0	0.38	5.3864686e-18
3.880034269590724e-09	-0.24552265	0.03506625	-0.92288774	0	0	0.38	4.3489405e-18
3.890046173366864e-09	-0.24923074	0.040697075	-0.92027724	0	0	0.38	5.2308966e-18
3.900040231592761e-09	-0.23862967	0.051551387	-0.92329234	0	0	0.38	3.599688e-18
3.9100403518337655e-09	-0.22907597	0.07259101	-0.92463493	0	0	0.38	4.5776618e-18
3.920003576589252e-09	-0.2007568	0.08155782	-0.92921764	0	0	0.38	4.921002e-18
3.93005266649929e-09	-0.20384245	0.07769976	-0.93062055	0	0	0.38	4.66785e-18
3.940015679583481e-09	-0.18904468	0.074449405	-0.93152285	0	0	0.38	4.825538e-18
3.950022601337395e-09	-0.19155546	0.06865206	-0.9314528	0	0	0.38	3.888165e-18
3.96005389596901e-09	-0.2083938	0.0822388	-0.93155736	0	0	0.38	4.2928846e-18
3.970046617185303e-09	-0.19412576	0.0987755	-0.9354989	0	0	0.38	4.7543124e-18
3.980050217831909e-09	-0.20003717	0.11498897	-0.93168354	0	0	0.38	4.798672e-18
3.99003062936532e-09	-0.18571445	0.12509136	-0.93212694	0	0	0.38	3.7899426e-18
4.000002211334662e-09	-0.1614976	0.1435185	-0.9380072	0	0	0.38	4.4620914e-18
4.010037355443491e-09	-0.13902219	0.14070317	-0.93832046	0	0	0.38	4.5964276e-18
4.020045047324986e-09	-0.12102682	0.14451109	-0.93417704	0	0	0.38	3.5435975e-18
4.030004145032883e-09	-0.11847044	0.13469586	-0.9281227	0	0	0.38	3.895993e-18
4.040028521209376e-09	-0.11777268	0.11690064	-0.92843133	0	0	0.38	3.733231e-18
4.0500290799011e-09	-0.124506496	0.098837264	-0.93253917	0	0	0.38	4.0383628e-18
4.0600208191375006e-09	-0.15006459	0.10598069	-0.931044	0	0	0.38	3.8619624e-18
4.070041835702136e-09	-0.15924007	0.109305374	-0.9378136	0	0	0.38	4.5512904e-18
4.080024796559504e-09	-0.15821747	0.11874353	-0.93673265	0	0	0.38	4.534357e-18
4.090024197743616e-09	-0.15497847	0.14418632	-0.92720026	0	0	0.38	4.81073e-18
4.1000328153394036e-09	-0.13044861	0.14540805	-0.93158907	0	0	0.38	3.9393534e-18
4.110044678034874e-09	-0.10534685	0.14023714	-0.936862	0	0	0.38	5.1416294e-18
4.120039483340437e-09	-0.09620739	0.13299818	-0.93687457	0	0	0.38	4.4549673e-18
4.13006459515216e-09	-0.064758845	0.13713068	-0.93680274	0	0	0.38	4.3378638e-18
4.1400223129591415e-09	-0.036152195	0.1384685	-0.9354053	0	0	0.38	4.087224e-18
4.150005054137264e-09	-0.027790079	0.14230776	-0.93104583	0	0	0.38	5.0526438e-18
4.160043872815351e-09	-0.029962393	0.16297977	-0.92739993	0	0	0.38	5.601066e-18
4.170045803015731e-09	-0.025259659	0.16047524	-0.9294203	0	0	0.38	5.3206135e-18
4.180016477975972e-09	-0.027926136	0.15863807	-0.93212575	0	0	0.38	4.4723675e-18
4.190019363702015e-09	-0.046130612	0.17266046	-0.92861414	0	0	0.38	3.8727637e-18
4.200012060156922e-09	-0.033989158	0.19893774	-0.930463	0	0	0.38	4.9136646e-18
4.210018649199775e-09	-0.018292204	0.21273717	-0.93190956	0	0	0.38	3.9757696e-18
4.2200513936875066e-09	0.00050310546	0.2165294	-0.92948544	0	0	0.38	4.441807e-18
4.230057366565876e-09	0.023060251	0.21266729	-0.93077064	0	0	0.38	3.820864e-18
4.24000295911093e-09	0.042460147	0.19737056	-0.9340216	0	0	0.38	4.9512835e-18
4.2500050652060694e-09	0.055152796	0.1780323	-0.93319535	0	0	0.38	4.7962794e-18
4.260040271845631e-09	0.06064439	0.1658053	-0.93005306	0	0	0.38	5.3269898e-18
4.270058944327849e-09	0.04064954	0.16051266	-0.9274716	0	0	0.38	5.250277e-18
4.2800224189004945e-09	0.018086603	0.15864001	-0.92716944	0	0	0.38	4.5862413e-18
4.290061808238116e-09	-0.00035374035	0.17906098	-0.9260401	0	0	0.38	4.3886485e-18
4.30001094892093e-09	-0.0058994386	0.19430418	-0.92831784	0	0	0.38	4.6499904e-18
4.310024008859815e-09	0.0015632055	0.21162151	-0.9304467	0	0	0.38	4.0047192e-18
4.320044129282824e-09	0.030108487	0.21032917	-0.9263015	0	0	0.38	4.16033e-18
4.33004426558295e-09	0.05733601	0.20383447	-0.92548317	0	0	0.38	5.3221152e-18
4.340060770217751e-09	0.06423179	0.17659783	-0.92808527	0	0	0.38	4.524827e-18
4.350026639579542e-09	0.0502225	0.16715212	-0.92483294	0	0	0.38	4.7922357e-18
4.360031555375348e-09	0.031642836	0.1551577	-0.92551714	0	0	0.38	4.307835e-18
4.370034177920842e-09	0.019918881	0.15921208	-0.9263297	0	0	0.38	4.4961175e-18
4.380011673457922e-09	0.025361635	0.14897609	-0.9299858	0	0	0.38	6.0759576e-18
4.390017472089953e-09	0.022915352	0.1607845	-0.9328633	0	0	0.38	4.769195e-18
4.400013872680487e-09	0.04533515	0.16827415	-0.93355346	0	0	0.38	5.3665534e-18
4.410046535460853e-09	0.038992308	0.14789498	-0.94130164	0	0	0.38	4.74012e-18
4.42005171239174e-09	0.061947696	0.12509768	-0.9400827	0	0	0.38	5.1396077e-18
4.430033444745153e-09	0.074513935	0.107574396	-0.93957865	0	0	0.38	4.722981e-18
4.440055457515428e-09	0.06068644	0.082813434	-0.9434275	0	0	0.38	4.5691753e-18
4.450008040368422e-09	0.032476112	0.08695152	-0.94506747	0	0	0.38	4.609756e-18
4.460034899266075e-09	0.031226955	0.09477699	-0.9396189	0	0	0.38	5.170266e-18
4.4700296827330895e-09	0.01823448	0.11458264	-0.93792707	0	0	0.38	4.1397834e-18
4.4800497415754835e-09	0.042853396	0.12171242	-0.9409641	0	0	0.38	4.571102e-18
4.4900513870705556e-09	0.053334795	0.11604809	-0.94315284	0	0	0.38	4.6110766e-18
4.500043800071413e-09	0.05706323	0.11637127	-0.94297945	0	0	0.38	4.5812447e-18
4.51000802662489e-09	0.07367523	0.09951253	-0.94124615	0	0	0.38	4.440735e-18
4.520024607082771e-09	0.07953144	0.09143553	-0.9402678	0	0	0.38	4.1078612e-18
4.530004698519646e-09	0.07228295	0.10584073	-0.94165504	0	0	0.38	4.8851575e-18
4.54002817735997e-09	0.09929447	0.107423484	-0.93691117	0	0	0.38	4.3464185e-18
4.550037397185459e-09	0.11730745	0.11479321	-0.9358635	0	0	0.38	3.0309742e-18
4.560029953222914e-09	0.12152891	0.12201924	-0.93336517	0	0	0.38	5.2016926e-18
4.570011667019283e-09	0.14617775	0.12741879	-0.9321858	0	0	0.38	4.533793e-18
4.5800576041295285e-09	0.16057399	0.113899834	-0.9383136	0	0	0.38	4.3009144e-18
4.590060747671232e-09	0.17522033	0.09711398	-0.9381468	0	0	0.38	3.3133766e-18
4.600060690027915e-09	0.18206075	0.09729147	-0.938792	0	0	0.38	5.7530536e-18
4.6100292004825695e-09	0.18521397	0.08651083	-0.9332943	0	0	0.38	3.389608e-18
4.6200054204655454e-09	0.16259058	0.056209113	-0.93639255	0	0	0.38	4.3345583e-18
4.630066468038035e-09	0.1545469	0.068466686	-0.93504673	0	0	0.38	4.198287e-18
4.6400293179004e-09	0.14874312	0.061500754	-0.938329	0	0	0.38	3.941695e-18
4.6500367428900315e-09	0.13871801	0.051791035	-0.9394141	0	0	0.38	4.94318e-18
4.660057812605566e-09	0.14592461	0.04975776	-0.93816715	0	0	0.38	3.6217156e-18
4.670032890222213e-09	0.15183179	0.023427818	-0.93882155	0	0	0.38	4.0451353e-18
4.680063694218555e-09	0.15897043	0.015464193	-0.9390601	0	0	0.38	4.260065e-18
4.690039242532767e-09	0.15456614	0.0028109315	-0.94214445	0	0	0.38	4.893264e-18
4.700052281387623e-09	0.16295801	-0.011074461	-0.9415167	0	0	0.38	4.57588e-18
4.710039953156792e-09	0.1437976	-0.01629903	-0.9401458	0	0	0.38	4.6223684e-18
4.7200572096630795e-09	0.15241127	-0.015009319	-0.9400525	0	0	0.38	4.959892e-18
4.730021508458332e-09	0.15648767	-0.025261737	-0.94074255	0	0	0.38	4.233082e-18
4.740054944209926e-09	0.1548041	-0.04459601	-0.939057	0	0	0.38	4.7722196e-18
4.750022904385547e-09	0.182838	-0.039714217	-0.93483114	0	0	0.38	4.701706e-18
4.760023753385455e-09	0.19098102	-0.07132193	-0.93310547	0	0	0.38	4.411192e-18
4.770038704432843e-09	0.16771096	-0.10714533	-0.9360953	0	0	0.38	4.8165586e-18
4.780046107809415e-09	0.14477381	-0.11214393	-0.9357778	0	0	0.38	3.4583665e-18
4.790034628714771e-09	0.13128525	-0.12273825	-0.9336381	0	0	0.38	4.4182992e-18
4.800035201016832e-09	0.12773417	-0.1223193	-0.9359247	0	0	0.38	4.286095e-18
4.81006269305795e-09	0.10326545	-0.11525839	-0.93531114	0	0	0.38	4.8046505e-18
4.820057434392045e-09	0.10623279	-0.12331124	-0.93438095	0	0	0.38	4.7249355e-18
4.830006724457351e-09	0.10841128	-0.13853072	-0.9349269	0	0	0.38	4.6783412e-18
4.840015674589879e-09	0.092510045	-0.14800048	-0.93418473	0	0	0.38	4.877129e-18
4.850023425631494e-09	0.092128925	-0.1536511	-0.9376359	0	0	0.38	4.806e-18
4.860060650293353e-09	0.07667385	-0.16954978	-0.9355389	0	0	0.38	4.0339936e-18
4.870006312464884e-09	0.07007021	-0.17107782	-0.9347659	0	0	0.38	4.8555254e-18
4.880052141112335e-09	0.060133394	-0.16328792	-0.93175745	0	0	0.38	4.0260584e-18
4.8900414662615696e-09	0.06095643	-0.16740158	-0.92417824	0	0	0.38	4.5577036e-18
4.900036631514648e-09	0.043952312	-0.16140456	-0.9255779	0	0	0.38	4.422163e-18
4.910051484520429e-09	0.049303006	-0.15037546	-0.93032956	0	0	0.38	4.198845e-18
4.920056196641414e-09	0.0486262	-0.14581667	-0.9337347	0	0	0.38	4.3964666e-18
4.930040528166936e-09	0.035003565	-0.15924564	-0.929822	0	0	0.38	4.759371e-18
4.940059231045324e-09	0.022947133	-0.16027005	-0.9272092	0	0	0.38	4.302655e-18
4.950054203970773e-09	0.034378424	-0.17730653	-0.9224585	0	0	0.38	4.2746428e-18
4.960024143217363e-09	0.018379815	-0.17788	-0.9236074	0	0	0.38	4.5449803e-18
4.9700151923281e-09	0.017768573	-0.17510577	-0.92704564	0	0	0.38	4.873221e-18
4.98002146075976e-09	0.0013345897	-0.16886407	-0.92218214	0	0	0.38	4.3839638e-18
4.990002204314392e-09	-0.032509547	-0.15789191	-0.92325264	0	0	0.38	4.331121e-18
5.000044783009458e-09	-0.040719014	-0.14124021	-0.92271197	0	0	0.38	5.6055813e-18
5.010000990798649e-09	-0.06003516	-0.1581218	-0.92643744	0	0	0.38	4.078022e-18
5.020027910695241e-09	-0.06555315	-0.17516463	-0.926408	0	0	0.38	4.6076603e-18
5.030065732811294e-09	-0.060440186	-0.18638813	-0.9262335	0	0	0.38	4.2657762e-18
5.04003201665272e-09	-0.07891046	-0.1771592	-0.92914563	0	0	0.38	4.5474626e-18
5.050033950402798e-09	-0.085014604	-0.18050916	-0.9286658	0	0	0.38	4.2259975e-18
5.06000663725281e-09	-0.09541418	-0.1651745	-0.9299975	0	0	0.38	4.6984157e-18
5.070028027553227e-09	-0.09850283	-0.14597422	-0.93066984	0	0	0.38	4.0607157e-18
5.08004087731048e-09	-0.10201102	-0.14898595	-0.92613196	0	0	0.38	4.3079306e-18
5.090010521551155e-09	-0.11689301	-0.15208836	-0.9284565	0	0	0.38	4.0287646e-18
5.1000448648748726e-09	-0.10960193	-0.14417589	-0.9245474	0	0	0.38	5.0163276e-18
5.110011686277217e-09	-0.12572147	-0.14926426	-0.92383426	0	0	0.38	5.126577e-18
5.120056300738055e-09	-0.1536836	-0.14682318	-0.9196651	0	0	0.38	4.391961e-18
5.130064672499027e-09	-0.15767193	-0.14388996	-0.92049456	0	0	0.38	4.976421e-18
5.140017243369772e-09	-0.15828885	-0.14114013	-0.9225475	0	0	0.38	4.2192845e-18
5.150055628643279e-09	-0.17703727	-0.14674602	-0.9212887	0	0	0.38	4.132126e-18
5.1600496202838265e-09	-0.19519423	-0.13816403	-0.91953206	0	0	0.38	3.481813e-18
5.170006747409121e-09	-0.18963628	-0.12136201	-0.92253506	0	0	0.38	4.9083826e-18
5.180013161866878e-09	-0.19556002	-0.10740157	-0.9242756	0	0	0.38	4.690202e-18
5.190034766075566e-09	-0.17568831	-0.093009494	-0.93055344	0	0	0.38	3.713834e-18
5.200005443247118e-09	-0.16945218	-0.11741621	-0.92889166	0	0	0.38	4.0536797e-18
5.21003763545371e-09	-0.18392354	-0.10749871	-0.9295985	0	0	0.38	3.920487e-18
5.2200461477478945e-09	-0.18373978	-0.08869384	-0.93104464	0	0	0.38	3.9711535e-18
5.230022716040614e-09	-0.19362669	-0.09108849	-0.9275803	0	0	0.38	5.239801e-18
5.240018827375775e-09	-0.20479727	-0.09691464	-0.9272709	0	0	0.38	4.2982617e-18
5.250055586717391e-09	-0.19200787	-0.08560047	-0.9375379	0	0	0.38	3.5424626e-18
5.260015545253474e-09	-0.18623476	-0.06023805	-0.9373314	0	0	0.38	4.2317745e-18
5.2700525682332705e-09	-0.1732274	-0.044785343	-0.94240534	0	0	0.38	5.2713317e-18
5.280026647107079e-09	-0.17860106	-0.03673555	-0.9390663	0	0	0.38	4.420009e-18
5.2900363227587385e-09	-0.1731112	-0.02946483	-0.9396282	0	0	0.38	5.274751e-18
5.3000635605749275e-09	-0.18966423	-0.017289763	-0.93230766	0	0	0.38	4.4891783e-18
5.310016263545333e-09	-0.19751243	-0.008233806	-0.93493474	0	0	0.38	4.6774293e-18
5.32001556479373e-09	-0.19728447	-0.00012733549	-0.9340383	0	0	0.38	4.614761e-18
5.330061632529056e-09	-0.21335377	0.012226331	-0.9333923	0	0	0.38	4.167859e-18
5.340009459072207e-09	-0.20773128	0.01555794	-0.9342854	0	0	0.38	5.4122225e-18
5.350006967396756e-09	-0.18885003	0.017940186	-0.9408647	0	0	0.38	3.6529946e-18
5.360041416707759e-09	-0.1996581	0.046023186	-0.93576056	0	0	0.38	4.5951016e-18
5.370013193312415e-09	-0.20698851	0.028923819	-0.9253507	0	0	0.38	4.712408e-18
5.380013217032727e-09	-0.21229893	0.016951699	-0.9230116	0	0	0.38	4.659537e-18
5.390014044226682e-09	-0.21394299	0.030179681	-0.92299557	0	0	0.38	4.3588775e-18
5.400043910332279e-09	-0.21324664	0.037156735	-0.9210651	0	0	0.38	4.216968e-18
5.410016947451639e-09	-0.212975	0.036367904	-0.91794485	0	0	0.38	4.664156e-18
5.420053853300228e-09	-0.21913016	0.032972027	-0.9157455	0	0	0.38	3.9745073e-18
5.430051994695537e-09	-0.2145365	0.040910356	-0.9141412	0	0	0.38	4.3042484e-18
5.440064993248257e-09	-0.21274734	0.02520143	-0.917222	0	0	0.38	3.827415e-18
5.4500106969566976e-09	-0.23390183	0.008425357	-0.91306895	0	0	0.38	4.316911e-18
5.4600627904969404e-09	-0.24505529	0.018214269	-0.91010433	0	0	0.38	6.2693433e-18
5.470025867607174e-09	-0.24713272	0.03706104	-0.9121402	0	0	0.38	4.648807e-18
5.480031429639377e-09	-0.23882483	0.047969725	-0.9159519	0	0	0.38	5.317638e-18
5.490049076012331e-09	-0.24818198	0.054687515	-0.9074615	0	0	0.38	5.068142e-18
5.500026201747135e-09	-0.24918629	0.0695726	-0.90346336	0	0	0.38	3.997601e-18
5.5100456312417075e-09	-0.23329435	0.08288843	-0.9027067	0	0	0.38	4.194948e-18
5.520019769109032e-09	-0.20602235	0.08363759	-0.91109866	0	0	0.38	5.4048167e-18
5.530055930245504e-09	-0.1890531	0.067380235	-0.91506386	0	0	0.38	4.044257e-18
5.540030903066144e-09	-0.2154639	0.058463346	-0.90286523	0	0	0.38	4.4457877e-18
5.5500411093278675e-09	-0.24497998	0.06305092	-0.90084094	0	0	0.38	5.6630423e-18
5.560064099126707e-09	-0.24164875	0.073019005	-0.90338254	0	0	0.38	4.112898e-18
5.5700437233431215e-09	-0.2616638	0.07925904	-0.8965074	0	0	0.38	5.317094e-18
5.580018392719222e-09	-0.27810797	0.090604894	-0.89326495	0	0	0.38	3.9571324e-18
5.590030716832048e-09	-0.26983497	0.09946165	-0.8978559	0	0	0.38	4.2663184e-18
5.600067291796314e-09	-0.26979843	0.10875171	-0.89417356	0	0	0.38	2.897098e-18
5.610031344622586e-09	-0.27501604	0.11653904	-0.89194846	0	0	0.38	4.237133e-18
5.620018229858822e-09	-0.2372116	0.1102681	-0.9032446	0	0	0.38	5.1968507e-18
5.6300295251403565e-09	-0.2333973	0.11129883	-0.90600044	0	0	0.38	4.6547815e-18
5.640040552630658e-09	-0.22957592	0.09169243	-0.91235495	0	0	0.38	4.6765036e-18
5.650053124347434e-09	-0.22338022	0.10067187	-0.90827304	0	0	0.38	4.328567e-18
5.6600664946070905e-09	-0.21049789	0.08606447	-0.91059005	0	0	0.38	5.2818514e-18
5.6700048234686545e-09	-0.20646228	0.10833132	-0.91451037	0	0	0.38	5.0341765e-18
5.680041294201718e-09	-0.22752653	0.10363212	-0.91276	0	0	0.38	4.4937484e-18
5.690033434691169e-09	-0.21640125	0.12019574	-0.91414595	0	0	0.38	5.380301e-18
5.700049033337592e-09	-0.21350066	0.117923975	-0.9201036	0	0	0.38	5.3117167e-18
5.71001769463041e-09	-0.20047846	0.1297275	-0.9173756	0	0	0.38	4.377099e-18
5.720033426651074e-09	-0.18716419	0.12101555	-0.9182362	0	0	0.38	4.4317794e-18
5.730053756834383e-09	-0.19807714	0.12322968	-0.9094809	0	0	0.38	4.2726174e-18
5.740045991512946e-09	-0.21234217	0.11208873	-0.9103938	0	0	0.38	3.9994964e-18
5.750043409629356e-09	-0.21591394	0.11269732	-0.9113468	0	0	0.38	4.591853e-18
5.760009409734922e-09	-0.2265432	0.11112288	-0.9097265	0	0	0.38	4.7212822e-18
5.770003742586385e-09	-0.24879687	0.11017818	-0.9031007	0	0	0.38	4.3319374e-18
5.780058205295658e-09	-0.25883484	0.10753823	-0.9067071	0	0	0.38	3.5212342e-18
5.790010832731692e-09	-0.2582262	0.114048004	-0.9069089	0	0	0.38	3.808178e-18
5.800003521492035e-09	-0.25765982	0.13202626	-0.908453	0	0	0.38	4.5787557e-18
5.810007456917547e-09	-0.24086627	0.13186245	-0.9130323	0	0	0.38	4.0828283e-18
5.820017337294396e-09	-0.2305947	0.1352976	-0.91768265	0	0	0.38	4.164554e-18
5.830032006819553e-09	-0.20266557	0.15357234	-0.9170848	0	0	0.38	4.3337188e-18
5.840064723787016e-09	-0.19046055	0.15221775	-0.9154824	0	0	0.38	4.269208e-18
5.850006073971052e-09	-0.16976696	0.14150816	-0.9212539	0	0	0.38	4.3633744e-18
5.860046516744467e-09	-0.1720085	0.14453858	-0.92002356	0	0	0.38	4.1975623e-18
5.8700481510332365e-09	-0.20671919	0.15222332	-0.91197914	0	0	0.38	4.3223583e-18
5.880043129460564e-09	-0.21743906	0.19140102	-0.9049657	0	0	0.38	3.8978074e-18
5.890041863360263e-09	-0.21919735	0.18455613	-0.9054167	0	0	0.38	5.218126e-18
5.9000335296548235e-09	-0.21657209	0.1940879	-0.9045361	0	0	0.38	4.7412657e-18
5.910028453709903e-09	-0.21578833	0.1932997	-0.905105	0	0	0.38	4.260696e-18
5.92005932860928e-09	-0.22484569	0.21100898	-0.901272	0	0	0.38	4.072553e-18
5.9300607897028855e-09	-0.1923441	0.22179669	-0.90137637	0	0	0.38	4.196864e-18
5.94003444271664e-09	-0.18356897	0.24992351	-0.8976743	0	0	0.38	3.6195687e-18
5.950021067709019e-09	-0.17012382	0.23439895	-0.9007278	0	0	0.38	4.5741475e-18
5.960055033109356e-09	-0.18389499	0.22538614	-0.89779437	0	0	0.38	4.422063e-18
5.9700135231414646e-09	-0.18699728	0.23299837	-0.8946568	0	0	0.38	4.3493248e-18
5.9800126000262095e-09	-0.20223416	0.22721057	-0.89787066	0	0	0.38	4.774027e-18
5.990060664313138e-09	-0.19210412	0.2350048	-0.8986834	0	0	0.38	4.771827e-18
6.000057760987185e-09	-0.20534658	0.23617499	-0.897011	0	0	0.38	3.9949296e-18
6.010003984520899e-09	-0.2235633	0.24229	-0.8900092	0	0	0.38	5.2884837e-18
6.0200259151253e-09	-0.2200087	0.25196934	-0.88749176	0	0	0.38	4.229467e-18
6.0300569620712634e-09	-0.21058439	0.25776675	-0.8841371	0	0	0.38	5.2600084e-18
6.040052841207558e-09	-0.21569017	0.26175666	-0.8794041	0	0	0.38	4.6605233e-18
6.050046408007067e-09	-0.21383941	0.25371394	-0.88363993	0	0	0.38	3.4303428e-18
6.060035700243476e-09	-0.21394241	0.2646909	-0.87227654	0	0	0.38	4.2701756e-18
6.070005348071932e-09	-0.22636773	0.24769978	-0.8748077	0	0	0.38	4.772638e-18
6.080009039321759e-09	-0.23430201	0.25931087	-0.86623454	0	0	0.38	4.3762888e-18
6.0900573239399126e-09	-0.24401043	0.24194777	-0.86672145	0	0	0.38	3.8059407e-18
6.100030410481061e-09	-0.23658703	0.250089	-0.8712018	0	0	0.38	3.493343e-18
6.110036459874252e-09	-0.23369023	0.24935138	-0.8710703	0	0	0.38	4.9594792e-18
6.120045835923041e-09	-0.24521168	0.24798863	-0.86700934	0	0	0.38	4.6151e-18
6.130024106894309e-09	-0.27128762	0.23825403	-0.8638482	0	0	0.38	4.3975246e-18
6.14004248765545e-09	-0.27725232	0.21851353	-0.86731887	0	0	0.38	4.4441813e-18
6.150048224072638e-09	-0.28066584	0.20407507	-0.8776717	0	0	0.38	4.2499593e-18
6.160027112025084e-09	-0.2770572	0.20274204	-0.88110125	0	0	0.38	4.787081e-18
6.170036414171584e-09	-0.26391977	0.19117124	-0.88359964	0	0	0.38	4.831393e-18
6.180028887054953e-09	-0.26662096	0.17478365	-0.8889942	0	0	0.38	4.4353768e-18
6.19005699032082e-09	-0.2650423	0.16386673	-0.8927021	0	0	0.38	5.2251725e-18
6.200057364617609e-09	-0.27292204	0.14876573	-0.8916919	0	0	0.38	4.5551467e-18
6.210008362714954e-09	-0.28840244	0.17599194	-0.8827838	0	0	0.38	4.7439768e-18
6.220063234196458e-09	-0.2869046	0.1829819	-0.8835538	0	0	0.38	4.5399386e-18
6.2300026833214426e-09	-0.28099525	0.17830344	-0.88358265	0	0	0.38	3.668941e-18
6.240053577003376e-09	-0.29127923	0.19081546	-0.8827327	0	0	0.38	5.6669383e-18
6.250004380415485e-09	-0.27332246	0.18021165	-0.8847222	0	0	0.38	4.8906797e-18
6.2600504726405875e-09	-0.2588877	0.17217931	-0.889357	0	0	0.38	4.5421993e-18
6.270061141726336e-09	-0.2546678	0.1913775	-0.8910175	0	0	0.38	3.8631378e-18
6.2800214457667684e-09	-0.24578625	0.20109645	-0.8949741	0	0	0.38	4.449262e-18
6.290024122086912e-09	-0.22673447	0.20387882	-0.8960637	0	0	0.38	4.886955e-18
6.300010882561491e-09	-0.21514642	0.19226676	-0.89982265	0	0	0.38	4.491749e-18
6.3100347181000835e-09	-0.21990749	0.18664254	-0.895015	0	0	0.38	5.0722616e-18
6.320033936341045e-09	-0.2382434	0.1719841	-0.88970727	0	0	0.38	4.8575094e-18
6.330019041482953e-09	-0.26083794	0.1536227	-0.8908	0	0	0.38	4.9534594e-18
6.340020499301738e-09	-0.27326193	0.16200024	-0.8887596	0	0	0.38	4.114649e-18
6.350059969306088e-09	-0.29295924	0.1591805	-0.8886613	0	0	0.38	5.02815e-18
6.360030017196361e-09	-0.29963398	0.15947491	-0.8865454	0	0	0.38	3.931269e-18
6.370022641830234e-09	-0.30591363	0.16832358	-0.88715625	0	0	0.38	4.8749013e-18
6.380006527162808e-09	-0.27927965	0.1735153	-0.88992625	0	0	0.38	4.9109953e-18
6.390046124687532e-09	-0.25858864	0.17376709	-0.90015924	0	0	0.38	4.45642e-18
6.400014067438664e-09	-0.23803888	0.17782623	-0.89987093	0	0	0.38	4.2641748e-18
6.4100268818156935e-09	-0.22887297	0.19395146	-0.89698386	0	0	0.38	5.3228167e-18
6.420017193057565e-09	-0.24206775	0.19146194	-0.8960059	0	0	0.38	4.8497297e-18
6.430039542872489e-09	-0.24836344	0.18088627	-0.8948015	0	0	0.38	4.530876e-18
6.44001403532859e-09	-0.2426462	0.1675855	-0.8974174	0	0	0.38	4.0019556e-18
6.4500502353157725e-09	-0.23294473	0.16244859	-0.90410596	0	0	0.38	4.923268e-18
6.460026999279421e-09	-0.229874	0.16932453	-0.9042631	0	0	0.38	4.286209e-18
6.4700296803251706e-09	-0.23562789	0.17597467	-0.89931273	0	0	0.38	3.9060283e-18
6.480013816326086e-09	-0.23757389	0.1768338	-0.8964337	0	0	0.38	3.7826696e-18
6.490020732566285e-09	-0.24033771	0.16531906	-0.89305896	0	0	0.38	5.1609668e-18
6.5000611456537275e-09	-0.2479372	0.1576467	-0.8993587	0	0	0.38	4.073955e-18
6.5100053991776345e-09	-0.233343	0.16323283	-0.9022787	0	0	0.38	4.910653e-18
6.520062494199249e-09	-0.2400188	0.1683466	-0.89547706	0	0	0.38	3.970487e-18
6.530060938650594e-09	-0.22129485	0.16256338	-0.90063006	0	0	0.38	5.138137e-18
6.540015649843912e-09	-0.21774013	0.15496004	-0.8979918	0	0	0.38	4.789939e-18
6.5500448861295015e-09	-0.20630886	0.12664334	-0.90796936	0	0	0.38	4.816928e-18
6.560059834696359e-09	-0.2017003	0.13498165	-0.9136025	0	0	0.38	4.171046e-18
6.5700529036814e-09	-0.19809952	0.14879787	-0.9175429	0	0	0.38	4.72789e-18
6.580007653096021e-09	-0.18823388	0.1654134	-0.9152964	0	0	0.38	5.225192e-18
6.590040035045989e-09	-0.20697826	0.17964767	-0.9080373	0	0	0.38	4.53966e-18
6.60002110838807e-09	-0.18022949	0.20139459	-0.9087247	0	0	0.38	4.428299e-18
6.610004662946894e-09	-0.16399549	0.21007992	-0.910798	0	0	0.38	5.0842276e-18
6.620044088751288e-09	-0.14481856	0.20685472	-0.90870446	0	0	0.38	4.776149e-18
6.6300303159667e-09	-0.1304125	0.20067678	-0.91325426	0	0	0.38	3.63457e-18
6.6400127892118875e-09	-0.11917203	0.20975976	-0.91174316	0	0	0.38	4.7683922e-18
6.650043351798981e-09	-0.12555233	0.21839531	-0.9102536	0	0	0.38	5.656676e-18
6.660041850798461e-09	-0.1108884	0.227379	-0.91477036	0	0	0.38	4.4750798e-18
6.670021561217361e-09	-0.10910209	0.245208	-0.9088001	0	0	0.38	4.45347e-18
6.680010874064218e-09	-0.085836254	0.27001145	-0.9073777	0	0	0.38	4.2668834e-18
6.690008180208273e-09	-0.0694666	0.27192932	-0.903366	0	0	0.38	4.891915e-18
6.7000403095090955e-09	-0.06163052	0.25590974	-0.9053252	0	0	0.38	4.5917317e-18
6.7100618717783404e-09	-0.06198241	0.25708097	-0.90509844	0	0	0.38	5.2893452e-18
6.720013705823614e-09	-0.063406006	0.24437629	-0.9030452	0	0	0.38	3.487039e-18
6.730059383560191e-09	-0.08053653	0.24777201	-0.904575	0	0	0.38	4.227672e-18
6.740014310549348e-09	-0.06350834	0.26005563	-0.9060016	0	0	0.38	4.438103e-18
6.750013445903394e-09	-0.049755275	0.2604083	-0.909831	0	0	0.38	4.5815276e-18
6.760033977033658e-09	-0.028075302	0.28633195	-0.91029954	0	0	0.38	3.9308388e-18
6.770049497257738e-09	-0.009970453	0.3073779	-0.90080523	0	0	0.38	4.5331727e-18
6.780006536566347e-09	0.009047355	0.31408334	-0.89630365	0	0	0.38	4.3560175e-18
6.790011506943578e-09	0.010666783	0.3119936	-0.8953198	0	0	0.38	3.8511846e-18
6.800049197240415e-09	0.01760985	0.28523254	-0.90278405	0	0	0.38	3.9573565e-18
6.8100181186787625e-09	0.022117013	0.27252743	-0.90221554	0	0	0.38	4.4148635e-18
6.8200477176061335e-09	0.004440876	0.28458118	-0.90179205	0	0	0.38	4.584032e-18
6.83004207630404e-09	-0.005459673	0.28329667	-0.8981735	0	0	0.38	3.8592124e-18
6.840046507422537e-09	-0.0026247443	0.2900574	-0.8989339	0	0	0.38	5.555276e-18
6.8500424346533715e-09	0.026353605	0.30294055	-0.89765126	0	0	0.38	4.0786804e-18
6.860043086392924e-09	0.034034334	0.32240123	-0.8996439	0	0	0.38	4.3384308e-18
6.870037503336816e-09	0.056213465	0.33690527	-0.89484495	0	0	0.38	3.271082e-18
6.8800107220249365e-09	0.07939187	0.32576007	-0.8927875	0	0	0.38	4.7343434e-18
6.890045320958078e-09	0.077866256	0.31480733	-0.89413404	0	0	0.38	4.02304e-18
6.900014208429876e-09	0.07183288	0.300674	-0.8956749	0	0	0.38	4.760606e-18
6.9100342949524435e-09	0.060785335	0.29496655	-0.89282316	0	0	0.38	3.8168822e-18
6.920021989705526e-09	0.03526587	0.28076938	-0.89490354	0	0	0.38	4.119918e-18
6.930065065753803e-09	0.018005611	0.27212292	-0.89444196	0	0	0.38	2.5636346e-18
6.94001295968238e-09	0.013084776	0.30212966	-0.887171	0	0	0.38	3.8290236e-18
6.950020848822975e-09	-0.008357138	0.3167736	-0.88553315	0	0	0.38	3.915981e-18
6.960052209214739e-09	0.007330904	0.3287451	-0.88195807	0	0	0.38	3.8754615e-18
6.9700389017576865e-09	0.018318541	0.32916117	-0.88132113	0	0	0.38	5.7199883e-18
6.980021697052992e-09	0.021464113	0.33417875	-0.88725287	0	0	0.38	4.4297747e-18
6.990012533832963e-09	0.053354725	0.33433133	-0.88739353	0	0	0.38	4.2970416e-18
7.000055790253608e-09	0.048207406	0.32289353	-0.89382666	0	0	0.38	4.4870094e-18
7.010061249241579e-09	0.047636304	0.31012076	-0.89070797	0	0	0.38	4.314562e-18
7.020006107911465e-09	0.047711894	0.3005905	-0.8916599	0	0	0.38	5.218543e-18
7.0300444128633046e-09	0.026815124	0.30655572	-0.88932884	0	0	0.38	4.7954717e-18
7.0400427991443256e-09	0.012807199	0.31370977	-0.88761216	0	0	0.38	3.2166488e-18
7.0500624665369786e-09	0.016128294	0.326485	-0.8857479	0	0	0.38	4.8430875e-18
7.060025373385644e-09	-0.007559095	0.3331816	-0.8825957	0	0	0.38	3.1555377e-18
7.0700355516454305e-09	-0.015346649	0.3391181	-0.88004863	0	0	0.38	5.022767e-18
7.080062130817539e-09	-0.021981915	0.35442686	-0.87638503	0	0	0.38	4.256421e-18
7.090021412316998e-09	-0.029123168	0.34786946	-0.8773934	0	0	0.38	4.673077e-18
7.100029066231354e-09	-0.0444232	0.34508917	-0.8779429	0	0	0.38	4.2583246e-18
7.110027429018222e-09	-0.03151584	0.3287007	-0.88328403	0	0	0.38	4.945233e-18
7.120025382008959e-09	-0.009988069	0.32189354	-0.8806392	0	0	0.38	4.1114297e-18
7.13005496634465e-09	-0.011397922	0.33312744	-0.8794254	0	0	0.38	4.3256724e-18
7.140043371764215e-09	-0.028050989	0.32071126	-0.8800782	0	0	0.38	4.830473e-18
7.1500290964774155e-09	-0.040344905	0.32174915	-0.88129616	0	0	0.38	4.2666245e-18
7.1600113873912665e-09	-0.052869845	0.33517876	-0.8731577	0	0	0.38	4.386677e-18
7.170005183447318e-09	-0.07725009	0.35200545	-0.8619632	0	0	0.38	5.8794972e-18
7.180022344250425e-09	-0.09023023	0.3487013	-0.858648	0	0	0.38	5.101008e-18
7.190023025932209e-09	-0.08591041	0.31819698	-0.86321706	0	0	0.38	3.91169e-18
7.200028298045313e-09	-0.10092834	0.31282386	-0.8551598	0	0	0.38	5.1794584e-18
7.21003215026898e-09	-0.118145645	0.30996108	-0.8394655	0	0	0.38	5.016561e-18
7.220045715265089e-09	-0.16188541	0.28646165	-0.82615834	0	0	0.38	4.7415478e-18
7.2300544691816335e-09	-0.20013213	0.25888366	-0.81726044	0	0	0.38	5.3418038e-18
7.240019699696505e-09	-0.23095617	0.21728583	-0.7992626	0	0	0.38	5.0329457e-18
7.250015175051704e-09	-0.23955585	0.13290499	-0.78454036	0	0	0.38	4.5938307e-18
7.2600088395076446e-09	-0.23864941	0.03601475	-0.7656552	0	0	0.38	4.660103e-18
7.27001803627565e-09	-0.22584072	-0.060519062	-0.7579382	0	0	0.38	3.7223454e-18
7.280063069046679e-09	-0.156186	-0.15000582	-0.7585645	0	0	0.38	4.7082136e-18
7.290036895031347e-09	-0.08837334	-0.21391921	-0.765858	0	0	0.38	4.714567e-18
7.300043134031218e-09	-0.002256431	-0.23999177	-0.7572208	0	0	0.38	3.7690485e-18
7.310064303265511e-09	0.119676396	-0.22182718	-0.743114	0	0	0.38	4.3772967e-18
7.320012344046141e-09	0.22261623	-0.16072206	-0.72024286	0	0	0.38	5.0123733e-18
7.330047225516746e-09	0.27132756	-0.049408272	-0.6920966	0	0	0.38	4.168481e-18
7.340028377485468e-09	0.26530153	0.105168395	-0.67218727	0	0	0.38	4.152569e-18
7.350059588374449e-09	0.19292149	0.24177834	-0.66178423	0	0	0.38	4.6904284e-18
7.360063828656118e-09	0.0682147	0.30665094	-0.64047444	0	0	0.38	4.946307e-18
7.3700573036083455e-09	-0.06694261	0.32892224	-0.634124	0	0	0.38	5.05192e-18
7.380032055104783e-09	-0.19612941	0.28034732	-0.6271287	0	0	0.38	4.697356e-18
7.3900651403195785e-09	-0.28379732	0.17211369	-0.6208976	0	0	0.38	3.8928116e-18
7.400036402780411e-09	-0.3172664	0.0037236754	-0.6110402	0	0	0.38	3.540875e-18
7.410048462684977e-09	-0.24947593	-0.16511872	-0.614289	0	0	0.38	5.251787e-18
7.420004352906615e-09	-0.101092	-0.28191212	-0.62465644	0	0	0.38	4.9883412e-18
7.430045443182652e-09	0.04965955	-0.2964897	-0.6282392	0	0	0.38	3.7220398e-18
7.440036112237956e-09	0.16662365	-0.2375848	-0.6301496	0	0	0.38	4.773357e-18
7.450052054396693e-09	0.23782375	-0.13433221	-0.6222794	0	0	0.38	3.8422817e-18
7.460051450477645e-09	0.25118417	0.026374808	-0.60525835	0	0	0.38	4.2519027e-18
7.470061863562204e-09	0.19571665	0.1814015	-0.601437	0	0	0.38	4.2662816e-18
7.480046308979341e-09	0.053991377	0.29437634	-0.6023921	0	0	0.38	4.0930646e-18
7.490005506380383e-09	-0.063193776	0.3255592	-0.616376	0	0	0.38	5.4641545e-18
7.500053573372151e-09	-0.22556256	0.26629418	-0.6185273	0	0	0.38	4.7087496e-18
7.510010185567628e-09	-0.3144579	0.114433676	-0.615306	0	0	0.38	3.4155142e-18
7.520035432646819e-09	-0.32549262	-0.05745621	-0.59824646	0	0	0.38	3.578921e-18
7.530064386403532e-09	-0.2642074	-0.22202615	-0.5864027	0	0	0.38	4.8135373e-18
7.540018120530043e-09	-0.107808664	-0.31016698	-0.5720879	0	0	0.38	3.7730917e-18
7.550003556702616e-09	0.058670454	-0.31458744	-0.56712943	0	0	0.38	4.178973e-18
7.56001097270386e-09	0.21944927	-0.23279819	-0.5629577	0	0	0.38	3.6717617e-18
7.570045989195162e-09	0.30271095	-0.059416484	-0.5456926	0	0	0.38	3.685724e-18
7.580063992826574e-09	0.2914704	0.15400319	-0.5156423	0	0	0.38	4.686967e-18
7.59004943883542e-09	0.17254047	0.31548145	-0.50441444	0	0	0.38	4.457295e-18
7.60001042591166e-09	-0.023529101	0.3786004	-0.5082594	0	0	0.38	4.3395955e-18
7.610058174207215e-09	-0.19815454	0.3295936	-0.49761924	0	0	0.38	4.5804126e-18
7.62006220882159e-09	-0.31513605	0.17535119	-0.49084678	0	0	0.38	3.6069244e-18
7.63005206206352e-09	-0.3322116	-0.025847895	-0.46051174	0	0	0.38	4.4300795e-18
7.640046730945491e-09	-0.23262326	-0.23232569	-0.43826145	0	0	0.38	3.825874e-18
7.650054553624392e-09	-0.04367659	-0.3629181	-0.43484986	0	0	0.38	3.432149e-18
7.660060764600478e-09	0.1591735	-0.32436275	-0.43164146	0	0	0.38	3.8699562e-18
7.670003752930554e-09	0.31007883	-0.19091597	-0.40703017	0	0	0.38	4.2174267e-18
7.680030872857474e-09	0.35934353	0.008610128	-0.39694068	0	0	0.38	2.390633e-18
7.690026373977076e-09	0.22352448	0.21370317	-0.3870351	0	0	0.38	3.0678154e-18
7.700044140306372e-09	0.051811725	0.337181	-0.37312376	0	0	0.38	3.187948e-18
7.710024440883048e-09	-0.13465948	0.3761893	-0.37397692	0	0	0.38	4.1204145e-18
7.72002376018502e-09	-0.31865206	0.27129954	-0.3547096	0	0	0.38	2.7866489e-18
7.730041252243125e-09	-0.3738671	0.064968914	-0.34453943	0	0	0.38	3.247837e-18
7.740009312200072e-09	-0.30245972	-0.17197476	-0.33624455	0	0	0.38	3.8299873e-18
7.750042611605152e-09	-0.11349743	-0.3206478	-0.33157605	0	0	0.38	4.0884944e-18
7.760053938092475e-09	0.11941931	-0.35527143	-0.32775488	0	0	0.38	3.3921525e-18
7.770002122601496e-09	0.31916007	-0.25314435	-0.31320038	0	0	0.38	3.7915982e-18
7.780040816668856e-09	0.38795763	-0.054407876	-0.29869297	0	0	0.38	3.9190742e-18
7.790018553082276e-09	0.31102374	0.17549883	-0.2853607	0	0	0.38	3.53834e-18
7.800044195148206e-09	0.13566245	0.32131243	-0.27600121	0	0	0.38	3.590466e-18
7.810018071720552e-09	-0.10919561	0.35559672	-0.27634895	0	0	0.38	2.7840848e-18
7.82002238281509e-09	-0.31875584	0.24809574	-0.27361098	0	0	0.38	3.526481e-18
7.830057464445297e-09	-0.38777545	0.04701712	-0.26827583	0	0	0.38	3.0970411e-18
7.840010454218666e-09	-0.327641	-0.16825344	-0.2527425	0	0	0.38	2.5183532e-18
7.850010490246757e-09	-0.17505209	-0.34824917	-0.24350588	0	0	0.38	2.4378644e-18
7.860005995242662e-09	0.044584945	-0.4135214	-0.23592031	0	0	0.38	2.7466646e-18
7.870039007123366e-09	0.26732028	-0.31099847	-0.23061451	0	0	0.38	2.9448544e-18
7.880053412583671e-09	0.36938012	-0.0782037	-0.21521702	0	0	0.38	2.7387861e-18
7.890037651100416e-09	0.28932503	0.18907583	-0.21436821	0	0	0.38	2.2918883e-18
7.90002372234273e-09	0.1194937	0.32651904	-0.1943908	0	0	0.38	2.9783982e-18
7.910007162526743e-09	-0.073153436	0.35588366	-0.18666463	0	0	0.38	2.7445983e-18
7.92002983989997e-09	-0.27459416	0.30187953	-0.19467543	0	0	0.38	2.6212758e-18
7.930030612723932e-09	-0.43826994	0.06572452	-0.1794729	0	0	0.38	3.15737e-18
7.94005399401041e-09	-0.35118335	-0.25547835	-0.14387798	0	0	0.38	3.5709234e-18
7.9500095869432e-09	-0.07018353	-0.41572052	-0.13175312	0	0	0.38	3.7331033e-18
7.960022425642948e-09	0.17035216	-0.3754407	-0.11838971	0	0	0.38	2.4284923e-18
7.970041067825028e-09	0.34569094	-0.25864306	-0.1050388	0	0	0.38	2.2399135e-18
7.980057661665998e-09	0.4028893	0.0025449714	-0.09201441	0	0	0.38	3.1474177e-18
7.990040036191536e-09	0.2621309	0.23027389	-0.06390702	0	0	0.38	2.901434e-18
8.00003031363459e-09	-0.009781125	0.3435955	-0.055923067	0	0	0.38	3.2365309e-18
8.010048368325636e-09	-0.23983356	0.31175673	-0.04259692	0	0	0.38	2.107167e-18
8.020007994002508e-09	-0.4007204	0.18162487	-0.044399373	0	0	0.38	2.1013601e-18
8.03005979099142e-09	-0.45610842	-0.047777265	-0.026363429	0	0	0.38	2.8715608e-18
8.040003010322452e-09	-0.30644745	-0.31316394	-0.01633303	0	0	0.38	1.9437355e-18
8.050042859123326e-09	0.022916218	-0.40021297	0.004825592	0	0	0.38	2.6491952e-18
8.060034092262223e-09	0.26579836	-0.2958172	0.0148880305	0	0	0.38	2.462846e-18
8.070030982139679e-09	0.3698296	-0.11294581	0.021944243	0	0	0.38	3.0549749e-18
8.080037221269233e-09	0.33711252	0.12716791	0.039191935	0	0	0.38	3.837288e-18
8.09003579799702e-09	0.16727369	0.34777614	0.054030865	0	0	0.38	2.7636456e-18
8.100006608850636e-09	-0.112861164	0.39976025	0.05956178	0	0	0.38	2.207258e-18
8.110039628226803e-09	-0.3277722	0.27162817	0.0658528	0	0	0.38	2.8971651e-18
8.120022508629611e-09	-0.41799828	0.02545479	0.079849094	0	0	0.38	1.3505347e-18
8.130001209661616e-09	-0.32452378	-0.24065289	0.10388834	0	0	0.38	1.8271444e-18
8.140053535381131e-09	-0.09948392	-0.3865878	0.119032614	0	0	0.38	2.0546488e-18
8.150023176902863e-09	0.17266078	-0.37538433	0.1275838	0	0	0.38	2.817889e-18
8.160021083146112e-09	0.36220223	-0.18092145	0.13624911	0	0	0.38	1.1608946e-18
8.170047856198009e-09	0.3863019	0.05129085	0.14961897	0	0	0.38	2.7803354e-18
8.1800286284795e-09	0.24122971	0.2723905	0.15910812	0	0	0.38	3.2997173e-18
8.190043751849633e-09	0.0037850277	0.36972636	0.17743567	0	0	0.38	1.794003e-18
8.20002002925707e-09	-0.22398494	0.33299112	0.18346244	0	0	0.38	1.5481869e-18
8.210059867274036e-09	-0.40665412	0.13554384	0.1960857	0	0	0.38	2.1389296e-18
8.220015419831573e-09	-0.3685817	-0.18612248	0.21583422	0	0	0.38	1.8818853e-18
8.230063643512187e-09	-0.12351244	-0.39001223	0.23609462	0	0	0.38	2.07084e-18
8.240048045619085e-09	0.14348921	-0.35121498	0.24517654	0	0	0.38	2.2708953e-18
8.250023270088708e-09	0.2918421	-0.17235999	0.24339408	0	0	0.38	1.7356193e-18
8.26003929242224e-09	0.3197683	0.023572244	0.26229805	0	0	0.38	6.263441e-20
8.270061679278092e-09	0.23860055	0.2416428	0.27468815	0	0	0.38	1.5120672e-18
8.28001132926546e-09	-0.030001543	0.3962758	0.28919646	0	0	0.38	3.0252623e-18
8.290005968289663e-09	-0.31828254	0.30129427	0.30336577	0	0	0.38	1.2021024e-18
8.300048910833506e-09	-0.42393813	0.006391765	0.30820557	0	0	0.38	-3.8626052e-19
8.310036553775302e-09	-0.26129782	-0.25479606	0.34126872	0	0	0.38	1.2853122e-18
8.320023083019148e-09	0.0011173986	-0.34928098	0.3553781	0	0	0.38	1.3158851e-18
8.330016483516004e-09	0.23576103	-0.2659432	0.3641976	0	0	0.38	6.9575025e-19
8.340014143945327e-09	0.3186782	-0.07942124	0.3721669	0	0	0.38	2.489569e-19
8.350046945320482e-09	0.27802205	0.14177983	0.39370772	0	0	0.38	2.5688073e-18
8.360051866905242e-09	0.08485226	0.31368127	0.4125953	0	0	0.38	2.1332992e-18
8.370046223937164e-09	-0.15309599	0.3249838	0.41598347	0	0	0.38	1.1875765e-18
8.380054856543485e-09	-0.34892333	0.15197547	0.42365563	0	0	0.38	1.4269432e-18
8.390009452955008e-09	-0.37166983	-0.13760154	0.42952752	0	0	0.38	1.4065948e-18
8.40005709736887e-09	-0.14312178	-0.36019987	0.44864005	0	0	0.38	1.9279367e-18
8.410052877820188e-09	0.13491489	-0.33651435	0.46880814	0	0	0.38	1.3519458e-18
8.420034677566931e-09	0.29436842	-0.12332922	0.46810696	0	0	0.38	1.4763595e-18
8.430016032196235e-09	0.24290349	0.08947894	0.48430362	0	0	0.38	2.6280647e-19
8.44004983098904e-09	0.15569465	0.2479107	0.49747398	0	0	0.38	4.5723913e-19
8.450042908897618e-09	-0.05463027	0.36729762	0.50624	0	0	0.38	1.7695083e-18
8.460052111193854e-09	-0.3267179	0.22087196	0.5128692	0	0	0.38	1.2227164e-18
8.47000530810414e-09	-0.34731165	-0.10220586	0.52813226	0	0	0.38	5.5973663e-19
8.480019111645702e-09	-0.14842835	-0.3239835	0.5432558	0	0	0.38	9.404177e-19
8.490013469760528e-09	0.115618154	-0.32492486	0.5550751	0	0	0.38	6.116685e-19
8.500010515536445e-09	0.2965673	-0.15959825	0.5589462	0	0	0.38	4.709816e-19
8.510002106381204e-09	0.2746375	0.08674939	0.5680877	0	0	0.38	2.306822e-19
8.520007489852053e-09	0.12074693	0.22639175	0.5954141	0	0	0.38	1.3846745e-18
8.53006183917422e-09	-0.042565703	0.2845473	0.60631365	0	0	0.38	1.1402881e-18
8.540037304434612e-09	-0.24657635	0.20577537	0.61458784	0	0	0.38	1.3875042e-18
8.550053997851667e-09	-0.308063	-0.09212871	0.625536	0	0	0.38	2.2852803e-19
8.56000930855516e-09	-0.14589459	-0.30587915	0.6427391	0	0	0.38	6.294912e-19
8.570016998216015e-09	0.17343953	-0.30408293	0.6477431	0	0	0.38	3.2916998e-19
8.58004191197818e-09	0.3021471	-0.093097545	0.64639896	0	0	0.38	1.4894673e-18
8.590047509632333e-09	0.24027497	0.13997023	0.65412265	0	0	0.38	-9.818421e-20
8.600058667260846e-09	0.06829604	0.24158888	0.67017835	0	0	0.38	3.6664956e-19
8.61002885680592e-09	-0.12868044	0.24129681	0.68341124	0	0	0.38	5.7760497e-19
8.620012852512202e-09	-0.30967018	0.08321266	0.69249195	0	0	0.38	-1.6621495e-19
8.63004789473001e-09	-0.25223836	-0.19172092	0.7054864	0	0	0.38	-4.272406e-20
8.64002177122848e-09	0.007095955	-0.3207854	0.71574885	0	0	0.38	3.8688266e-19
8.650010938069462e-09	0.24329816	-0.17896868	0.7306755	0	0	0.38	-2.261044e-19
8.660025362645778e-09	0.26161325	0.06439729	0.7307861	0	0	0.38	2.8385408e-19
8.670019540713178e-09	0.096291855	0.22816873	0.73789525	0	0	0.38	2.1305118e-19
8.680033863032494e-09	-0.08844881	0.20939185	0.7560999	0	0	0.38	-2.8303181e-19
8.690037199066276e-09	-0.20694223	0.09499183	0.7579746	0	0	0.38	-1.8082353e-19
8.700052576147915e-09	-0.22926337	-0.09458489	0.7630699	0	0	0.38	-1.0963064e-18
8.71003047478184e-09	-0.07487041	-0.23669557	0.7806628	0	0	0.38	-1.8021425e-19
8.72001114557708e-09	0.14908075	-0.21033095	0.78187335	0	0	0.38	-3.541504e-20
8.730002054058255e-09	0.26247466	0.007544917	0.7874568	0	0	0.38	-3.0375109e-19
8.740019704781506e-09	0.1481875	0.22161676	0.8001544	0	0	0.38	-1.0536025e-18
8.7500545591366e-09	-0.108622216	0.23749983	0.8144862	0	0	0.38	-1.0398931e-18
8.760035550720634e-09	-0.26415873	0.029757706	0.810923	0	0	0.38	-1.0910238e-18
8.770045768236843e-09	-0.1672472	-0.20481648	0.8189147	0	0	0.38	1.4300343e-18
8.780031474284573e-09	0.07267341	-0.23576806	0.83775246	0	0	0.38	-8.755947e-19
8.790025002363823e-09	0.23703383	-0.061554294	0.8340594	0	0	0.38	-3.190451e-20
8.800042271037635e-09	0.15261991	0.15730946	0.8476765	0	0	0.38	-4.7854596e-19
8.810040939896976e-09	-0.048089746	0.21414652	0.8587276	0	0	0.38	-4.5814577e-19
8.820045720703603e-09	-0.20557275	0.06841014	0.861954	0	0	0.38	-4.418985e-19
8.830052659677717e-09	-0.15516262	-0.16498351	0.8729492	0	0	0.38	-3.2287667e-19
8.840033232483665e-09	0.103812054	-0.20973085	0.87143326	0	0	0.38	-9.787395e-19
8.850026337552832e-09	0.22404025	0.019962149	0.8758815	0	0	0.38	-1.1431856e-18
8.860032221823671e-09	0.054284487	0.22340633	0.8840718	0	0	0.38	-1.4974823e-18
8.870019197454877e-09	-0.18006916	0.13051641	0.89084303	0	0	0.38	-8.171591e-19
8.880018788598985e-09	-0.17703173	-0.12951443	0.89682835	0	0	0.38	-4.7775936e-19
8.890051565852908e-09	0.07553662	-0.204583	0.8975848	0	0	0.38	-1.14571e-18
8.900041878924797e-09	0.20338452	0.01118077	0.91011393	0	0	0.38	6.680676e-20
8.91003282431598e-09	0.049576454	0.19231276	0.91617167	0	0	0.38	-5.392245e-19
8.920049379912212e-09	-0.16389428	0.09821831	0.9285928	0	0	0.38	-1.0748195e-18
8.930029184927168e-09	-0.11383477	-0.14063913	0.9291538	0	0	0.38	-1.8728682e-18
8.940052531434527e-09	0.10355761	-0.12840933	0.9336925	0	0	0.38	-1.6923721e-18
8.950039897984269e-09	0.13289501	0.0809916	0.9372712	0	0	0.38	-9.156583e-19
8.960003567782956e-09	-0.05121352	0.12767872	0.9415199	0	0	0.38	-1.5161048e-19
8.970005510300303e-09	-0.11825566	-0.029887516	0.9466538	0	0	0.38	-1.0765042e-18
8.980056964722004e-09	-0.0057107406	-0.10675304	0.95179003	0	0	0.38	-1.4393946e-18
8.990043596428969e-09	0.10646851	-0.022799706	0.95191574	0	0	0.38	-1.4210555e-18
9.000004278710961e-09	0.038932145	0.09858624	0.95453054	0	0	0.38	-1.0934992e-18
9.010021602395627e-09	-0.10289147	0.055424634	0.9552232	0	0	0.38	-1.3639494e-18
9.020042055727514e-09	-0.05977648	-0.109574944	0.9540833	0	0	0.38	-1.2136795e-18
9.030053149633303e-09	0.0950609	-0.081275895	0.95454234	0	0	0.38	-1.0142943e-18
9.04006131352335e-09	0.082067125	0.092163816	0.95352226	0	0	0.38	-1.0750987e-18
9.050043735421456e-09	-0.0675608	0.09015296	0.95850676	0	0	0.38	-1.5914437e-18
9.060021062107968e-09	-0.09064418	-0.05496935	0.9597719	0	0	0.38	-1.7726094e-18
9.070003654870995e-09	0.022250813	-0.100448385	0.95715815	0	0	0.38	-1.6934242e-18
9.080055017876991e-09	0.09371144	-0.009793613	0.9577541	0	0	0.38	-6.971086e-19
9.090009333233935e-09	0.020987729	0.08861724	0.9598215	0	0	0.38	-2.1038985e-18
9.100037710021693e-09	-0.09632093	0.03365724	0.9606242	0	0	0.38	-1.0168554e-18
9.110046671424659e-09	-0.035389673	-0.08635913	0.96359056	0	0	0.38	-1.7663906e-18
9.120027686989955e-09	0.055486117	-0.04818702	0.9627328	0	0	0.38	3.3652502e-19
9.130062141807683e-09	0.036522854	0.045563128	0.9624205	0	0	0.38	-5.7503037e-19
9.140015190194465e-09	-0.046326894	0.031549077	0.96142375	0	0	0.38	-1.3836828e-18
9.150025004646994e-09	-0.038890485	-0.039148062	0.9613386	0	0	0.38	-2.2229974e-18
9.160030059445658e-09	0.028079504	-0.04374333	0.9628446	0	0	0.38	-1.1937167e-18
9.170024068269198e-09	0.042682238	0.021733949	0.96163	0	0	0.38	-1.4006608e-19
9.18004666085996e-09	-0.013722462	0.05225468	0.9623335	0	0	0.38	-9.927018e-19
9.190057874128448e-09	-0.030748576	-0.009298712	0.96209353	0	0	0.38	-9.560998e-19
9.200033699784747e-09	0.0070753945	-0.017658079	0.9642357	0	0	0.38	-9.619693e-19
9.21005972281025e-09	0.020703247	0.012715349	0.9650332	0	0	0.38	-1.119325e-18
9.220036101689585e-09	-0.01120529	0.0024722845	0.9637503	0	0	0.38	-1.3010638e-18
9.23003770304923e-09	-0.0008647941	-0.0023798002	0.9653265	0	0	0.38	-1.9831823e-18
9.240053639716021e-09	-0.0006399061	-9.406024e-05	0.9645052	0	0	0.38	-2.555699e-18
9.250030098036346e-09	-0.01268142	-0.011116501	0.96300375	0	0	0.38	-1.0811936e-18
9.260044922227077e-09	-0.0006568949	-0.006236618	0.96527064	0	0	0.38	-2.0798646e-18
9.270055013660945e-09	0.0010426685	-0.006833283	0.96392536	0	0	0.38	-2.1720055e-18
9.280048756385504e-09	0.014201758	-0.0077385525	0.9624158	0	0	0.38	-6.1498454e-19
9.290021170055429e-09	0.006689574	-0.005406938	0.9666029	0	0	0.38	-3.826438e-19
9.300062140084455e-09	0.013733067	0.012626921	0.968416	0	0	0.38	-1.5687365e-18
9.310019240632222e-09	-0.0038918792	0.010095721	0.967013	0	0	0.38	-1.7049947e-18
9.320056682272343e-09	0.012079004	-0.0077153402	0.9638749	0	0	0.38	-9.939803e-19
9.330019274568517e-09	0.008169813	0.009961204	0.96422106	0	0	0.38	-1.3704858e-18
9.340023240460984e-09	0.010242974	-0.008282873	0.96391845	0	0	0.38	-1.0438866e-18
9.350011397069079e-09	0.0037720387	0.023835551	0.9656442	0	0	0.38	-9.031409e-19
9.360021886572724e-09	-0.018461496	-0.010979296	0.9627208	0	0	0.38	-5.067715e-19
9.370061922069604e-09	0.016450757	-0.009661132	0.9654738	0	0	0.38	-2.4374967e-18
9.38004491124653e-09	0.0035019296	0.0028318688	0.96271676	0	0	0.38	-1.932586e-18
9.390045696054595e-09	0.00036840193	-0.0084867	0.9660934	0	0	0.38	-1.1540655e-18
9.400001523549189e-09	0.011135123	-0.0006892824	0.96854764	0	0	0.38	-1.3965414e-18
9.410051785710347e-09	-0.014735312	0.015941825	0.9645519	0	0	0.38	-5.5273677e-19
9.42003771087854e-09	-0.024490373	-0.016834566	0.96498567	0	0	0.38	-1.0466084e-19
9.430018456689731e-09	0.02335388	-0.026659496	0.9655178	0	0	0.38	-2.577892e-19
9.440043701182062e-09	0.031701032	0.011663666	0.9678184	0	0	0.38	-2.4319493e-19
9.450045725886268e-09	0.00016866904	0.04197121	0.96428514	0	0	0.38	-1.1908612e-18
9.460002485334237e-09	-0.031815544	0.008497287	0.9679493	0	0	0.38	-2.2197137e-18
9.470045025645667e-09	-0.013891105	-0.022003084	0.96796644	0	0	0.38	-2.1281552e-18
9.480010723086142e-09	0.022762513	-0.01687674	0.96627223	0	0	0.38	-1.0813765e-18
9.490000676828712e-09	0.008439009	0.013934772	0.969253	0	0	0.38	-1.0196292e-18
9.500002364636679e-09	-0.019570623	0.004502807	0.9679911	0	0	0.38	-9.503868e-19
9.51003790701915e-09	-0.00160243	-0.024067992	0.96663415	0	0	0.38	-1.1836794e-18
9.520047999256948e-09	0.026503095	-0.022088915	0.966938	0	0	0.38	-1.185343e-18
9.530039329667368e-09	0.02817499	0.0069897408	0.9643242	0	0	0.38	-1.0042636e-18
9.54003700295191e-09	-0.007577518	0.021922663	0.9654475	0	0	0.38	-1.5656882e-18
9.550003404532828e-09	-0.017207732	-0.015853189	0.96456355	0	0	0.38	-1.8400438e-18
9.560037392425432e-09	0.014044898	-0.0057915044	0.9633245	0	0	0.38	-1.1134178e-18
9.570050620323641e-09	0.008682922	0.006767953	0.96371555	0	0	0.38	-1.0299248e-18
9.5800405610943e-09	-0.010133851	0.009114892	0.9644206	0	0	0.38	-1.571392e-18
9.590033482238236e-09	-0.008854267	0.008313347	0.9639285	0	0	0.38	-1.6461842e-18
9.600027305292309e-09	-0.0054099327	-0.00922402	0.96304095	0	0	0.38	-1.0957809e-18
9.610021935990332e-09	0.0072679874	-0.0012980464	0.9628901	0	0	0.38	-1.2412546e-18
9.62005751536608e-09	-0.0026598012	0.0051903585	0.96560216	0	0	0.38	-1.2605111e-18
9.630024921353759e-09	0.0036790553	-0.001037452	0.9636276	0	0	0.38	-1.3797575e-18
9.640058469702352e-09	0.006850401	0.0147194555	0.9659665	0	0	0.38	-1.5072234e-18
9.650024528710872e-09	-0.013017128	-0.0016451763	0.96726817	0	0	0.38	-9.431184e-19
9.660000433839129e-09	0.0045772786	-0.013759996	0.9692434	0	0	0.38	-1.7944815e-18
9.67004953665514e-09	0.00020346325	0.0008586968	0.9689185	0	0	0.38	-1.5716118e-18
9.680002670418167e-09	-0.0008559591	0.0076261708	0.96872836	0	0	0.38	-1.2955409e-18
9.690043933666023e-09	0.0021451118	0.007350631	0.96713203	0	0	0.38	-1.4868889e-18
9.700033889073639e-09	0.0076717064	0.0056289686	0.96375656	0	0	0.38	-1.085618e-18
9.710018580056543e-09	-0.008634121	0.0010476218	0.96464854	0	0	0.38	-8.964094e-19
9.72003759355898e-09	0.0085487	-0.00034989393	0.9664702	0	0	0.38	-5.5486185e-19
9.730029008483681e-09	0.0021585643	0.022469083	0.96454287	0	0	0.38	-1.6707076e-18
9.740059578149565e-09	-0.025087679	-0.025650384	0.9662953	0	0	0.38	-1.6412511e-18
9.750005346762998e-09	0.028380295	-0.022282239	0.9672598	0	0	0.38	-1.0068531e-18
9.76002383609444e-09	0.0034815914	0.034327924	0.96748954	0	0	0.38	-1.5569158e-18
9.770032286888518e-09	-0.019892693	-0.016346294	0.96674687	0	0	0.38	-8.904982e-19
9.780019094732251e-09	0.021457868	-0.03510491	0.9648702	0	0	0.38	-1.007073e-18
9.790011661192372e-09	0.043814175	0.03778578	0.96257615	0	0	0.38	-8.805522e-19
9.800008744551137e-09	-0.03516581	0.04631987	0.963358	0	0	0.38	-9.325937e-19
9.810060754528468e-09	-0.047889348	-0.035294197	0.9627332	0	0	0.38	-1.1138051e-18
9.820009517402232e-09	0.026035396	-0.048874464	0.9603776	0	0	0.38	-1.6679804e-18
9.83003904274523e-09	0.053270172	0.00959897	0.9613465	0	0	0.38	-6.236889e-19
9.840053603120656e-09	0.013261131	0.04944492	0.9586775	0	0	0.38	-1.2057513e-18
9.85004234230216e-09	-0.035764273	0.03081159	0.961424	0	0	0.38	-1.2465601e-18
9.860051168607439e-09	-0.042820446	-0.016141366	0.96147895	0	0	0.38	-1.5688691e-18
9.870016459887336e-09	0.025483293	-0.04116154	0.962793	0	0	0.38	-1.892311e-18
9.880009394895928e-09	0.040224828	0.014699775	0.96203095	0	0	0.38	-1.8457082e-18
9.890006856222644e-09	-0.009070483	0.050211906	0.9616543	0	0	0.38	-5.5346774e-19
9.900003020565494e-09	-0.04371876	-0.004570165	0.962257	0	0	0.38	-1.4238792e-18
9.910037611945101e-09	0.0026930366	-0.031876847	0.9639263	0	0	0.38	-2.2458289e-18
9.920066136232159e-09	0.022176014	0.005404962	0.96378994	0	0	0.38	-6.9061697e-19
9.930026902574046e-09	-0.01000573	0.030519461	0.96329516	0	0	0.38	-1.3069459e-18
9.940009863555944e-09	-0.040405676	-0.0073347925	0.9630273	0	0	0.38	-1.8439324e-18
9.950021694179837e-09	-0.022995133	-0.04589343	0.9609811	0	0	0.38	-6.4504816e-19
9.96004789621653e-09	0.03345793	-0.026916912	0.96617377	0	0	0.38	-4.3120003e-19
9.970010352152577e-09	0.032753516	0.031130753	0.9656421	0	0	0.38	-1.013486e-18
9.98002617775044e-09	-0.016282639	0.022652723	0.96127456	0	0	0.38	-7.9863497e-19
9.99006096271878e-09	-0.041384786	-0.010198282	0.9619694	0	0	0.38	-1.2828448e-18
1e-08	0.0066032526	-0.028750852	0.96386665	0	0	0.38	-2.189812e-18
