# t (s)	mx ()	my ()	mz ()	B_extx (T)	B_exty (T)	B_extz (T)
0	0	0	-1	0	0	0.34
1.0019951673663454e-11	0.009794669	6.7212895e-05	-0.9748434	0	0	0.34
2.005095285231608e-11	0.018756757	-0.005485209	-0.9672282	0	0	0.34
3.0011120178197835e-11	0.029145932	-0.031241108	-0.9645208	0	0	0.34
4.0065085420019e-11	0.018793851	-0.033688467	-0.9631417	0	0	0.34
5.002825493953297e-11	-0.0010069462	-0.024772216	-0.96249026	0	0	0.34
6.004958712856822e-11	-0.015741473	-0.018898493	-0.9585131	0	0	0.34
7.001912365104987e-11	-0.013084508	-0.027898349	-0.9580291	0	0	0.34
8.005542379614474e-11	0.010101823	-0.019004019	-0.9554268	0	0	0.34
9.002891520377097e-11	0.016855221	-0.02829522	-0.9543452	0	0	0.34
1.0003182559312238e-10	0.009911096	-0.032664027	-0.9535344	0	0	0.34
1.1004587593746429e-10	0.0049208915	-0.027900785	-0.9549864	0	0	0.34
1.2005972097511725e-10	-0.0022226002	-0.03141577	-0.9542609	0	0	0.34
1.3003609670963553e-10	0.016829416	-0.028694581	-0.95749444	0	0	0.34
1.4004474149932665e-10	0.006216587	-0.031474095	-0.9609236	0	0	0.34
1.5002714690826485e-10	0.003175426	-0.045366846	-0.96158826	0	0	0.34
1.6005380575143349e-10	-0.0059864977	-0.035898205	-0.961769	0	0	0.34
1.7004807530650772e-10	-0.013747106	-0.042566966	-0.958127	0	0	0.34
1.8005399085002062e-10	-0.02788024	-0.04211113	-0.9559799	0	0	0.34
1.9003961138123892e-10	-0.030610165	-0.027108228	-0.9567155	0	0	0.34
2.0001270897346047e-10	-0.028175408	-0.019038593	-0.9577826	0	0	0.34
2.1003387343072163e-10	-0.019393273	0.0036554278	-0.9526498	0	0	0.34
2.2004562812095752e-10	-0.011466548	-0.0038453282	-0.9552342	0	0	0.34
2.300459551516681e-10	-0.021076104	-0.019688895	-0.95589036	0	0	0.34
2.4000854735545435e-10	-0.0074524535	-0.029610097	-0.95785344	0	0	0.34
2.5001961820180633e-10	-0.023121333	-0.038652077	-0.95637685	0	0	0.34
2.600075717371385e-10	-0.035514638	-0.025441194	-0.9577692	0	0	0.34
2.7000358024655795e-10	-0.043522324	-0.009139004	-0.9567759	0	0	0.34
2.800498616352266e-10	-0.039840847	-0.008088615	-0.9524493	0	0	0.34
2.900083515352113e-10	-0.016008424	-0.0025476306	-0.9524058	0	0	0.34
3.000445784043508e-10	-0.0053710258	0.005919272	-0.9511313	0	0	0.34
3.100022174461532e-10	0.0030986005	-0.008814664	-0.951902	0	0	0.34
3.2004995636458673e-10	-0.02280917	-0.020294115	-0.94880015	0	0	0.34
3.300036222739348e-10	-0.03251092	-0.015779542	-0.95110327	0	0	0.34
3.4001675545705596e-10	-0.0273365	-0.012987978	-0.9519797	0	0	0.34
3.5002541081140623e-10	-0.022852696	-0.0015070074	-0.9540272	0	0	0.34
3.600076709967584e-10	-0.015487339	0.005843397	-0.95444465	0	0	0.34
3.7004636244940163e-10	0.009387912	0.017884742	-0.95763934	0	0	0.34
3.8003987825818086e-10	0.009904066	0.012108138	-0.9566022	0	0	0.34
3.9000809886875136e-10	0.025916686	0.00929866	-0.9586843	0	0	0.34
4.000264880240063e-10	0.038821332	0.0099275075	-0.9544854	0	0	0.34
4.100274557066939e-10	0.012784818	-0.00072142144	-0.9556847	0	0	0.34
4.200553580025562e-10	0.018776888	-0.0021209428	-0.9556085	0	0	0.34
4.30019537625897e-10	0.011865602	-0.0050342977	-0.95622206	0	0	0.34
4.4004233825774426e-10	0.02760119	-0.011349672	-0.9552964	0	0	0.34
4.500610271826753e-10	0.035958134	-0.014888893	-0.9577184	0	0	0.34
4.6004032729163187e-10	0.051012438	-0.048925307	-0.9525503	0	0	0.34
4.700183339892277e-10	0.034832023	-0.08105407	-0.9510892	0	0	0.34
4.800188724361637e-10	0.0070921765	-0.082043245	-0.94893926	0	0	0.34
4.900282391974128e-10	-0.021003928	-0.069602184	-0.95143896	0	0	0.34
5.000179191902362e-10	-0.02156408	-0.070509166	-0.9480315	0	0	0.34
5.100474190736814e-10	-0.036209524	-0.046550084	-0.95019495	0	0	0.34
5.200079405195427e-10	-0.028717255	-0.04697558	-0.9463331	0	0	0.34
5.300338609883009e-10	-0.032152306	-0.055910468	-0.9444381	0	0	0.34
5.400546902344137e-10	-0.058054157	-0.05062451	-0.9442185	0	0	0.34
5.500639525580974e-10	-0.07077089	-0.032975353	-0.948984	0	0	0.34
5.600375902938893e-10	-0.0711967	0.0053679217	-0.9471387	0	0	0.34
5.700476873686845e-10	-0.07366093	0.038174786	-0.9480179	0	0	0.34
5.800504698428398e-10	-0.07494217	0.055410244	-0.94985616	0	0	0.34
5.900206997791986e-10	-0.054651745	0.07573473	-0.9509142	0	0	0.34
6.000519980756483e-10	-0.030436348	0.080355294	-0.9499305	0	0	0.34
6.100676979480568e-10	-0.025396755	0.07287016	-0.95140135	0	0	0.34
6.20042541244069e-10	-0.018717378	0.07768463	-0.94397336	0	0	0.34
6.300481716930475e-10	-0.03833385	0.0668858	-0.943987	0	0	0.34
6.400570695903944e-10	-0.03203533	0.08743596	-0.9442585	0	0	0.34
6.50025468779056e-10	-0.007556223	0.093401894	-0.9433099	0	0	0.34
6.600474354520699e-10	0.0017449938	0.0884444	-0.9431533	0	0	0.34
6.700178747179849e-10	0.029081434	0.06997378	-0.94365853	0	0	0.34
6.800404781869088e-10	0.045327436	0.06326232	-0.9413288	0	0	0.34
6.900536497186929e-10	0.040843174	0.05269934	-0.9444107	0	0	0.34
7.000209295295717e-10	0.051645447	0.066252574	-0.94241756	0	0	0.34
7.100483118868733e-10	0.06883876	0.063586906	-0.94034666	0	0	0.34
7.20011291353672e-10	0.057924546	0.05359042	-0.9426865	0	0	0.34
7.300020152064064e-10	0.058703236	0.031258706	-0.9446356	0	0	0.34
7.400528851431456e-10	0.06470685	-0.00028447446	-0.94552046	0	0	0.34
7.500006258522852e-10	0.064692155	-0.0164303	-0.94446117	0	0	0.34
7.600163604197771e-10	0.055530112	-0.022221815	-0.94388646	0	0	0.34
7.7006023307643e-10	0.04529721	-0.019311108	-0.9404769	0	0	0.34
7.800643261551342e-10	0.02696118	-0.0025645595	-0.9378088	0	0	0.34
7.900038945005086e-10	0.03423098	0.006997975	-0.93791294	0	0	0.34
8.000322191055327e-10	0.03552729	0.011282634	-0.9348086	0	0	0.34
8.100441284155773e-10	0.051018663	0.01200717	-0.93098426	0	0	0.34
8.20021978439e-10	0.06312264	0.0062283482	-0.9264498	0	0	0.34
8.300041570368816e-10	0.0724817	0.00022167525	-0.9308912	0	0	0.34
8.400174297768265e-10	0.06437907	-0.02745911	-0.9339619	0	0	0.34
8.500448669548659e-10	0.037204713	-0.022364438	-0.93381774	0	0	0.34
8.600660985570243e-10	0.009884586	-0.011117556	-0.9400206	0	0	0.34
8.700554497163001e-10	0.008788686	0.0047565387	-0.9433219	0	0	0.34
8.800054327759359e-10	-0.0010745279	-0.0062022186	-0.9482441	0	0	0.34
8.900322021096069e-10	-0.0018269558	-0.009134114	-0.94953066	0	0	0.34
9.00019260717482e-10	-0.0026295837	-0.003828448	-0.9477279	0	0	0.34
9.100284642987814e-10	0.0026839683	-0.00010251529	-0.9506339	0	0	0.34
9.200635150906678e-10	-0.008328036	-0.0084013725	-0.9474104	0	0	0.34
9.300236082508452e-10	-0.002825938	-0.0008846316	-0.9466133	0	0	0.34
9.400105424716662e-10	-0.010365249	0.01199112	-0.94440943	0	0	0.34
9.500040248399251e-10	-0.025412103	0.02233167	-0.94710296	0	0	0.34
9.600084520863367e-10	-0.018569523	0.020126598	-0.9483554	0	0	0.34
9.700453329782564e-10	-0.01591936	0.015140889	-0.9486475	0	0	0.34
9.80039135488612e-10	-0.0049124984	0.005635884	-0.9523056	0	0	0.34
9.900239787822925e-10	0.006143086	-0.008998551	-0.95258343	0	0	0.34
1.00002713779735e-09	0.0051179766	-0.017271293	-0.9519088	0	0	0.34
1.0100177446761962e-09	-0.010446828	-0.016748404	-0.95416105	0	0	0.34
1.0200263948281681e-09	-0.0006500958	-0.01459366	-0.9522306	0	0	0.34
1.0300127532860028e-09	0.010258618	-0.008610707	-0.9482102	0	0	0.34
1.0400211195906928e-09	0.016594853	-0.010133388	-0.9458128	0	0	0.34
1.0500472813784334e-09	0.02322118	-0.025522862	-0.94338584	0	0	0.34
1.0600218917275694e-09	-0.0039895414	-0.049571835	-0.94265825	0	0	0.34
1.0700593742514027e-09	-0.04027353	-0.059052255	-0.94411117	0	0	0.34
1.080055406888952e-09	-0.05305326	-0.04158702	-0.95059067	0	0	0.34
1.0900551920464582e-09	-0.058849033	-0.016654758	-0.94513947	0	0	0.34
1.100004424881161e-09	-0.04954412	-0.015103434	-0.94949025	0	0	0.34
1.11005291866885e-09	-0.053838983	0.0037204598	-0.9475299	0	0	0.34
1.120009007711702e-09	-0.043241967	0.013122909	-0.94901186	0	0	0.34
1.1300336790947682e-09	-0.047689203	0.019290913	-0.9482175	0	0	0.34
1.1400138199896486e-09	-0.033944044	0.018734777	-0.9490818	0	0	0.34
1.150054164738108e-09	-0.030470185	0.022544945	-0.95035416	0	0	0.34
1.1600275808177828e-09	-0.02071494	-0.0029880307	-0.9577429	0	0	0.34
1.1700284436540447e-09	-0.019395089	0.00026140542	-0.95809877	0	0	0.34
1.1800625130474403e-09	-0.012316006	-0.0010376822	-0.95756876	0	0	0.34
1.1900325704940088e-09	-0.030206494	-0.0034808102	-0.9565716	0	0	0.34
1.2000063208151323e-09	-0.037385054	0.0051277378	-0.9548521	0	0	0.34
1.2100422171667938e-09	-0.02560395	0.017167773	-0.95226556	0	0	0.34
1.2200146685000975e-09	0.0011205627	0.022272352	-0.9519533	0	0	0.34
1.2300385033609363e-09	0.0036062608	0.011352504	-0.951536	0	0	0.34
1.240010500048374e-09	0.006161375	-0.00065470254	-0.9517673	0	0	0.34
1.2500170908737824e-09	0.014010284	-0.013143639	-0.9536611	0	0	0.34
1.2600562499990648e-09	0.0036159384	0.0004440552	-0.9538559	0	0	0.34
1.270014439975449e-09	-0.01249665	-0.0017619885	-0.95249	0	0	0.34
1.2800586853155302e-09	-0.015817525	0.022345383	-0.94967514	0	0	0.34
1.290018605216748e-09	-0.0014891915	0.03278937	-0.94602585	0	0	0.34
1.3000358762841037e-09	-0.0020568008	0.031207517	-0.94518876	0	0	0.34
1.3100185985874416e-09	-0.0054546213	0.03317703	-0.9481352	0	0	0.34
1.320006799158834e-09	0.0025990421	0.019366749	-0.9491006	0	0	0.34
1.3300020967233684e-09	-0.009574072	0.0014165281	-0.951729	0	0	0.34
1.3400047559485405e-09	-0.0072820294	0.00014440766	-0.95331424	0	0	0.34
1.35000364126252e-09	0.00076414214	-0.0018524512	-0.9561209	0	0	0.34
1.3600212972335158e-09	-0.005226725	-0.0001651125	-0.95477444	0	0	0.34
1.3700333339953051e-09	-0.007276794	0.00042649911	-0.9521492	0	0	0.34
1.3800406828382701e-09	-0.0023028392	0.01568714	-0.95287013	0	0	0.34
1.390044937568917e-09	0.008847673	0.006711516	-0.9542889	0	0	0.34
1.4000525864699634e-09	0.021849882	0.0153669	-0.9553827	0	0	0.34
1.410003398059706e-09	0.0216627	0.0029538113	-0.95288455	0	0	0.34
1.4200160270575177e-09	0.016906226	0.0061522806	-0.9534975	0	0	0.34
1.4300435954058884e-09	0.02033363	0.0025690466	-0.9556261	0	0	0.34
1.4400385762600902e-09	0.014732673	-0.00060001615	-0.9526207	0	0	0.34
1.4500314131850733e-09	-0.0020128964	-0.0020560408	-0.955107	0	0	0.34
1.4600285692618642e-09	0.0027617915	-0.006197403	-0.9539771	0	0	0.34
1.4700515658713975e-09	0.020194413	-0.010650297	-0.9522795	0	0	0.34
1.4800069487229225e-09	0.025934102	-0.009930481	-0.95321983	0	0	0.34
1.490038618666733e-09	0.028161922	-0.0020097524	-0.95175517	0	0	0.34
1.5000544681051419e-09	0.037046786	-0.028248345	-0.9495812	0	0	0.34
1.510009793814693e-09	0.048130985	-0.029311627	-0.94883406	0	0	0.34
1.5200158828249359e-09	0.048541795	-0.028178213	-0.9457909	0	0	0.34
1.5300535548945863e-09	0.031130236	-0.025398381	-0.94941103	0	0	0.34
1.5400291726430655e-09	0.011746961	-0.00588478	-0.95305735	0	0	0.34
1.550010920617307e-09	0.024545914	0.01977229	-0.95371205	0	0	0.34
1.5600195186949684e-09	0.02048291	0.0023567565	-0.95328915	0	0	0.34
1.5700615899303862e-09	0.027102869	-0.012792919	-0.9527799	0	0	0.34
1.5800014432805498e-09	0.019369744	-0.023572545	-0.9570437	0	0	0.34
1.5900330219529907e-09	0.014677665	-0.027617557	-0.9528449	0	0	0.34
1.6000020061606376e-09	0.005878392	-0.02783629	-0.9472942	0	0	0.34
1.6100503312133175e-09	-0.0043687094	-0.032849625	-0.95014757	0	0	0.34
1.6200344895438463e-09	-0.012699348	-0.011190905	-0.9529932	0	0	0.34
1.6300358136472453e-09	-0.0069882716	0.0041807685	-0.9533914	0	0	0.34
1.6400458824009939e-09	-0.010518013	0.017668039	-0.95369613	0	0	0.34
1.6500538307321775e-09	-0.0046919063	0.03610786	-0.95414335	0	0	0.34
1.660022079452875e-09	-0.006893594	0.029359551	-0.95240116	0	0	0.34
1.6700367387489662e-09	-0.023186326	0.02224863	-0.9529512	0	0	0.34
1.6800124453437565e-09	-0.013250455	0.024986498	-0.9526283	0	0	0.34
1.6900044643138368e-09	-0.02173079	0.031905066	-0.951695	0	0	0.34
1.7000532624429418e-09	-0.033122968	0.030483706	-0.9486783	0	0	0.34
1.7100215919550775e-09	-0.009014715	0.045707025	-0.9498763	0	0	0.34
1.7200403203177612e-09	0.01255049	0.05265155	-0.9525029	0	0	0.34
1.7300229638390572e-09	0.029048102	0.047435593	-0.95224196	0	0	0.34
1.7400191749010265e-09	0.029912919	0.061424475	-0.94735324	0	0	0.34
1.7500549794470368e-09	0.037207246	0.053801477	-0.95318496	0	0	0.34
1.760058458362334e-09	0.01831857	0.05617045	-0.95749307	0	0	0.34
1.7700179878768416e-09	0.027676892	0.047931492	-0.95814145	0	0	0.34
1.7800522147901355e-09	0.02312178	0.01876	-0.955638	0	0	0.34
1.7900531948052526e-09	0.013838655	0.01738409	-0.9538048	0	0	0.34
1.8000456938294798e-09	0.021666793	0.014059976	-0.95435065	0	0	0.34
1.8100454859354458e-09	0.005630459	0.0018721792	-0.9592941	0	0	0.34
1.8200434183004743e-09	0.0037762423	0.007615309	-0.9546649	0	0	0.34
1.8300206675541104e-09	0.016069649	0.016506234	-0.9552863	0	0	0.34
1.8400445354513813e-09	0.010631273	0.015904322	-0.9549776	0	0	0.34
1.8500188513185754e-09	0.026101142	0.005273444	-0.9563245	0	0	0.34
1.8600550037728183e-09	0.025360523	-0.0008758806	-0.95774955	0	0	0.34
1.870003341855716e-09	0.023725215	0.002445363	-0.9605145	0	0	0.34
1.8800363068668735e-09	0.016570166	0.00022613592	-0.96041644	0	0	0.34
1.890055602310776e-09	0.017457448	-0.008520488	-0.95803285	0	0	0.34
1.900020724732946e-09	0.01709403	-0.0025732676	-0.95709825	0	0	0.34
1.9100409830581198e-09	0.021833066	-0.008908719	-0.9525328	0	0	0.34
1.9200015111509998e-09	0.028549317	-0.022262445	-0.9514725	0	0	0.34
1.930035851518671e-09	0.01889529	-0.03626848	-0.9551066	0	0	0.34
1.94005948596909e-09	0.027818821	-0.05876887	-0.9567778	0	0	0.34
1.9500157878119343e-09	0.017177723	-0.06296778	-0.9522383	0	0	0.34
1.960013838116422e-09	0.01345556	-0.076470934	-0.95329094	0	0	0.34
1.9700130641512033e-09	0.007605132	-0.065243386	-0.95936185	0	0	0.34
1.9800337165690325e-09	-0.0024896325	-0.04539803	-0.9577196	0	0	0.34
1.990023512175473e-09	0.0020043815	-0.041796844	-0.95890653	0	0	0.34
2.0000261950920924e-09	-0.020185456	-0.025729368	-0.95895475	0	0	0.34
2.0100016706759746e-09	-0.019156365	-0.013018508	-0.96016073	0	0	0.34
2.020057909752591e-09	-0.03329713	-0.028725756	-0.9551449	0	0	0.34
2.0300004225424145e-09	-0.062225755	-0.027710706	-0.95746315	0	0	0.34
2.0400120408630077e-09	-0.06485721	-0.022337938	-0.957147	0	0	0.34
2.050007982483593e-09	-0.06809407	-0.009515509	-0.95554763	0	0	0.34
2.0600370070193944e-09	-0.058876075	0.0111544235	-0.95919687	0	0	0.34
2.0700504151405514e-09	-0.07138587	0.0135446945	-0.95481545	0	0	0.34
2.0800453468823656e-09	-0.06952758	0.02220466	-0.9546229	0	0	0.34
2.0900258855397004e-09	-0.06533936	0.04684713	-0.9516662	0	0	0.34
2.100009244894242e-09	-0.06722419	0.049630243	-0.95266503	0	0	0.34
2.110051507046148e-09	-0.058613762	0.036133505	-0.9578474	0	0	0.34
2.120030233554358e-09	-0.066748165	0.035497528	-0.9604895	0	0	0.34
2.1300199469421453e-09	-0.058632124	0.0503718	-0.9589273	0	0	0.34
2.1400322559845504e-09	-0.048395157	0.059580967	-0.95815784	0	0	0.34
2.150056284638367e-09	-0.038507994	0.06365807	-0.958976	0	0	0.34
2.1600383908489263e-09	-0.041132852	0.07158103	-0.9574011	0	0	0.34
2.1700239603126153e-09	-0.03065918	0.070150964	-0.95685875	0	0	0.34
2.1800084867914407e-09	-0.022038484	0.07087484	-0.9566513	0	0	0.34
2.190037219219281e-09	0.003494125	0.07147143	-0.95808524	0	0	0.34
2.2000351083756668e-09	0.0005326729	0.06866415	-0.9548508	0	0	0.34
2.210046753141167e-09	0.0051368563	0.0631326	-0.95174146	0	0	0.34
2.2200002082080407e-09	0.022500377	0.07652518	-0.9504169	0	0	0.34
2.230035422646055e-09	0.027685165	0.079877734	-0.9496386	0	0	0.34
2.2400110960230024e-09	0.025827091	0.067168266	-0.95150036	0	0	0.34
2.2500316257890294e-09	0.027394878	0.058579553	-0.95581996	0	0	0.34
2.2600635199496124e-09	0.040983655	0.050891895	-0.95150757	0	0	0.34
2.270003171916364e-09	0.039640784	0.04481881	-0.94962347	0	0	0.34
2.2800211865944018e-09	0.051112123	0.04744343	-0.95064074	0	0	0.34
2.2900381329727513e-09	0.0752391	0.04888447	-0.9519589	0	0	0.34
2.3000393128472734e-09	0.07473509	0.042354517	-0.9546901	0	0	0.34
2.3100619300094934e-09	0.089198716	0.022353433	-0.95252186	0	0	0.34
2.3200540985214566e-09	0.09232486	0.00725019	-0.9525679	0	0	0.34
2.3300546946466435e-09	0.08788013	-0.011701553	-0.9534386	0	0	0.34
2.340050610068868e-09	0.08087353	-0.0016190066	-0.9506755	0	0	0.34
2.350000808832946e-09	0.07900843	-0.036653068	-0.95059514	0	0	0.34
2.3600045229164316e-09	0.06781862	-0.032990143	-0.95562744	0	0	0.34
2.3700466046025262e-09	0.07379445	-0.050860327	-0.94952184	0	0	0.34
2.380029636770243e-09	0.05818659	-0.060618315	-0.95016915	0	0	0.34
2.3900129033679016e-09	0.03947415	-0.062142882	-0.9492905	0	0	0.34
2.4000575232063074e-09	0.02377287	-0.048948966	-0.94446725	0	0	0.34
2.410043566057123e-09	0.028320594	-0.04108258	-0.94729865	0	0	0.34
2.4200564680080976e-09	0.026743278	-0.057959154	-0.9424251	0	0	0.34
2.430032581179912e-09	0.014407389	-0.06698251	-0.9444657	0	0	0.34
2.440021606967378e-09	0.0063042273	-0.087480545	-0.94346225	0	0	0.34
2.4500287497913314e-09	-0.012415576	-0.08785734	-0.94688225	0	0	0.34
2.4600419329275645e-09	-0.016788347	-0.069479264	-0.9511525	0	0	0.34
2.470001407166006e-09	-0.034609776	-0.04669858	-0.9525336	0	0	0.34
2.480011917335323e-09	-0.03656584	-0.051944286	-0.9564902	0	0	0.34
2.490002005429194e-09	-0.054799102	-0.04239307	-0.9544523	0	0	0.34
2.5000450600114095e-09	-0.060877457	-0.024601622	-0.9532399	0	0	0.34
2.510038702666909e-09	-0.044728093	-0.020158531	-0.95455223	0	0	0.34
2.5200488402028044e-09	-0.032793134	-0.012850864	-0.9553977	0	0	0.34
2.5300063536121924e-09	-0.04261684	0.00896339	-0.9516486	0	0	0.34
2.5400416528372088e-09	-0.06618071	0.008209327	-0.95076716	0	0	0.34
2.5500500934818283e-09	-0.059921972	0.017695244	-0.95114434	0	0	0.34
2.560018112087682e-09	-0.060822472	0.044948038	-0.950981	0	0	0.34
2.570027103339946e-09	-0.058633465	0.054803763	-0.95265204	0	0	0.34
2.5800110958950174e-09	-0.06610442	0.067430705	-0.94981855	0	0	0.34
2.590009177684757e-09	-0.038115166	0.07121915	-0.9501719	0	0	0.34
2.6000287946857262e-09	-0.020424033	0.070152	-0.9485984	0	0	0.34
2.6100041646033364e-09	-0.003937038	0.07752299	-0.9465415	0	0	0.34
2.6200660487143434e-09	0.0055612777	0.0900776	-0.9461481	0	0	0.34
2.6300314440863228e-09	0.022580076	0.08376969	-0.95129347	0	0	0.34
2.6400027838124696e-09	0.055429056	0.08392941	-0.9532465	0	0	0.34
2.650000652770775e-09	0.06399665	0.07042076	-0.9540547	0	0	0.34
2.6600003876139464e-09	0.06749413	0.070104875	-0.95612025	0	0	0.34
2.670023365094689e-09	0.08388433	0.057924457	-0.95055854	0	0	0.34
2.6800172680402293e-09	0.088443436	0.040615212	-0.95075834	0	0	0.34
2.690063119892631e-09	0.1022138	0.029090298	-0.9479802	0	0	0.34
2.7000001092791593e-09	0.103467785	0.02176962	-0.9460314	0	0	0.34
2.710034237612094e-09	0.100010544	0.0053097107	-0.9452949	0	0	0.34
2.7200258026800847e-09	0.08591093	-0.005266981	-0.9477703	0	0	0.34
2.7300206586103143e-09	0.08973587	-0.01143722	-0.94583285	0	0	0.34
2.7400138813391982e-09	0.07374468	-0.015450015	-0.94692075	0	0	0.34
2.7500427863426234e-09	0.07006442	-0.03180517	-0.9479929	0	0	0.34
2.760027622302571e-09	0.05031822	-0.04393051	-0.9520256	0	0	0.34
2.7700407360709e-09	0.05365091	-0.053160727	-0.95159143	0	0	0.34
2.7800009711096648e-09	0.038211476	-0.08073209	-0.948811	0	0	0.34
2.7900218777201367e-09	0.020158796	-0.08630728	-0.9490945	0	0	0.34
2.8000577299420675e-09	0.014242263	-0.072554804	-0.9502903	0	0	0.34
2.810020757554938e-09	0.0076614916	-0.07752661	-0.9484981	0	0	0.34
2.820025699146732e-09	0.014562946	-0.08912645	-0.9472959	0	0	0.34
2.8300208624775737e-09	0.012159432	-0.099219374	-0.9489132	0	0	0.34
2.8400613565386674e-09	-0.0038536505	-0.11455748	-0.94901097	0	0	0.34
2.8500624430148505e-09	-0.008541022	-0.09700069	-0.9523269	0	0	0.34
2.8600042697517654e-09	-0.014727974	-0.12015325	-0.95256644	0	0	0.34
2.870033321810395e-09	-0.05074603	-0.123715945	-0.94909036	0	0	0.34
2.8800348565246778e-09	-0.049076673	-0.11585839	-0.95118564	0	0	0.34
2.8900434731613594e-09	-0.057802293	-0.11149947	-0.95360684	0	0	0.34
2.90006515021713e-09	-0.063398354	-0.10005637	-0.955386	0	0	0.34
2.910065763144819e-09	-0.06585548	-0.0982038	-0.95505244	0	0	0.34
2.9200201194485916e-09	-0.060277384	-0.07173597	-0.9530029	0	0	0.34
2.9300204084282606e-09	-0.0645366	-0.06769277	-0.951423	0	0	0.34
2.9400467370567784e-09	-0.058663227	-0.04940732	-0.9521851	0	0	0.34
2.950031071742042e-09	-0.056983627	-0.050051037	-0.9510588	0	0	0.34
2.9600605375392983e-09	-0.0779624	-0.034929156	-0.95424616	0	0	0.34
2.9700323046119714e-09	-0.09920549	-0.026121816	-0.9497765	0	0	0.34
2.9800213026336085e-09	-0.10326363	-0.010085429	-0.94763935	0	0	0.34
2.990063872059969e-09	-0.08422363	0.013332439	-0.94971704	0	0	0.34
3.0000245566254304e-09	-0.09730322	0.018570237	-0.94930285	0	0	0.34
3.010029236976792e-09	-0.05364839	0.032677278	-0.9546629	0	0	0.34
3.0200258629478423e-09	-0.061922323	0.048862543	-0.95212233	0	0	0.34
3.0300218204820206e-09	-0.05773008	0.068431094	-0.9548096	0	0	0.34
3.040023853023446e-09	-0.04296981	0.0817161	-0.95462924	0	0	0.34
3.05001268169681e-09	-0.044224933	0.09202788	-0.95198554	0	0	0.34
3.0600200369237167e-09	-0.03682524	0.12199865	-0.94614565	0	0	0.34
3.0700323248462266e-09	-0.027521413	0.11672397	-0.9462395	0	0	0.34
3.0800191978744565e-09	-0.0078112176	0.116313465	-0.9429812	0	0	0.34
3.090048769715706e-09	0.010194009	0.10276777	-0.94817543	0	0	0.34
3.100043459431132e-09	0.01239499	0.08132246	-0.95172197	0	0	0.34
3.110020365339566e-09	0.029771056	0.10117513	-0.94801325	0	0	0.34
3.1200046855917514e-09	0.051133968	0.09497571	-0.9483414	0	0	0.34
3.1300457733807024e-09	0.057512358	0.091362394	-0.9526984	0	0	0.34
3.1400219096783038e-09	0.07799003	0.06835513	-0.9499979	0	0	0.34
3.1500269246958854e-09	0.08698774	0.0432155	-0.95316696	0	0	0.34
3.1600091137021896e-09	0.096116975	0.028163496	-0.94887847	0	0	0.34
3.170015873946157e-09	0.07995153	0.01992099	-0.94436616	0	0	0.34
3.1800037037921468e-09	0.07545366	0.0012998965	-0.9475216	0	0	0.34
3.190026639488395e-09	0.06327663	0.002914149	-0.9496857	0	0	0.34
3.200059079316106e-09	0.0734373	-0.015277378	-0.94679236	0	0	0.34
3.210054177102169e-09	0.07944568	-0.03297347	-0.9471406	0	0	0.34
3.2200113434569575e-09	0.056124214	-0.047620505	-0.9442366	0	0	0.34
3.2300066087452544e-09	0.06064435	-0.0520059	-0.94273466	0	0	0.34
3.240059821520235e-09	0.04046152	-0.07424243	-0.94198734	0	0	0.34
3.250057140350861e-09	0.034837537	-0.09121489	-0.94293797	0	0	0.34
3.2600575545557126e-09	0.01512083	-0.09385388	-0.9423927	0	0	0.34
3.2700426251492048e-09	-0.0039064754	-0.095930934	-0.9432635	0	0	0.34
3.280017871287859e-09	-0.008376148	-0.10120044	-0.9461691	0	0	0.34
3.290032186410539e-09	-0.023959095	-0.09906215	-0.9458006	0	0	0.34
3.300037162577357e-09	-0.047567505	-0.09301803	-0.9467321	0	0	0.34
3.3100286669975255e-09	-0.058806263	-0.09430958	-0.94428504	0	0	0.34
3.3200564216948492e-09	-0.040031504	-0.07228486	-0.9465539	0	0	0.34
3.330017860397885e-09	-0.055709995	-0.06361308	-0.9415414	0	0	0.34
3.340060890316597e-09	-0.06251656	-0.05635475	-0.94422185	0	0	0.34
3.3500488455334245e-09	-0.086448304	-0.051101863	-0.94269687	0	0	0.34
3.3600179743020208e-09	-0.09914192	-0.03600791	-0.9348184	0	0	0.34
3.3700350008833674e-09	-0.113201685	-0.03146591	-0.93214816	0	0	0.34
3.3800387470907692e-09	-0.12542614	-0.01128702	-0.93196255	0	0	0.34
3.390006361994414e-09	-0.1164313	0.0023834764	-0.93446374	0	0	0.34
3.4000223324454084e-09	-0.1074427	-0.0022967039	-0.9316985	0	0	0.34
3.4100281613467974e-09	-0.11174778	-0.0016007001	-0.92862135	0	0	0.34
3.420049591100128e-09	-0.10409931	-0.018828815	-0.9280631	0	0	0.34
3.4300148736510567e-09	-0.106581755	-0.0045940136	-0.9294238	0	0	0.34
3.440032120297213e-09	-0.09013752	0.010207956	-0.93475807	0	0	0.34
3.4500651675165085e-09	-0.08451238	0.01684685	-0.9370351	0	0	0.34
3.460003289733265e-09	-0.07653341	0.036259394	-0.9371015	0	0	0.34
3.470036413671306e-09	-0.060205568	0.0441813	-0.93202263	0	0	0.34
3.480033436176848e-09	-0.062453914	0.058502346	-0.93200606	0	0	0.34
3.4900385094630993e-09	-0.03962999	0.03761053	-0.93455136	0	0	0.34
3.5000298788640567e-09	-0.035275012	0.03205906	-0.9381683	0	0	0.34
3.510046627461926e-09	-0.030650262	0.021981502	-0.938433	0	0	0.34
3.5200517001651576e-09	-0.034267098	0.022796668	-0.9420308	0	0	0.34
3.530061622864744e-09	-0.020163404	0.048160594	-0.9412407	0	0	0.34
3.5400203746068304e-09	-0.013035086	0.048000026	-0.9385126	0	0	0.34
3.550014314105428e-09	0.023540858	0.04303637	-0.94229984	0	0	0.34
3.5600187209347815e-09	0.031989973	0.040192742	-0.94020236	0	0	0.34
3.570061662404422e-09	0.04978067	0.042036287	-0.93959564	0	0	0.34
3.580056910673027e-09	0.05387728	0.019574516	-0.9416515	0	0	0.34
3.5900461937562873e-09	0.06188727	-0.017465126	-0.9393249	0	0	0.34
3.6000297367140686e-09	0.0631511	-0.015279373	-0.940529	0	0	0.34
3.6100161766024188e-09	0.05473488	-0.017477466	-0.94111353	0	0	0.34
3.6200027031520664e-09	0.057208527	-0.017333085	-0.9443221	0	0	0.34
3.6300050349371714e-09	0.05549237	-0.016470442	-0.94752824	0	0	0.34
3.6400280206890027e-09	0.052946772	-0.016484287	-0.94271094	0	0	0.34
3.650048691079817e-09	0.039400384	-0.02064739	-0.9425899	0	0	0.34
3.6600188378537576e-09	0.04145394	-0.041002613	-0.94153523	0	0	0.34
3.670025226237537e-09	0.010800308	-0.056488276	-0.9474194	0	0	0.34
3.6800562652637937e-09	0.009187961	-0.06087055	-0.94541043	0	0	0.34
3.690046398329073e-09	-0.015817454	-0.062290214	-0.9417967	0	0	0.34
3.700061294224223e-09	-0.00825356	-0.060645033	-0.9425028	0	0	0.34
3.7100341059427632e-09	-0.012757024	-0.05353266	-0.9457572	0	0	0.34
3.720040081900411e-09	0.0061062262	-0.059951548	-0.9416849	0	0	0.34
3.730025778681884e-09	0.002739676	-0.0746454	-0.9393837	0	0	0.34
3.740010060059581e-09	-0.0048318272	-0.08989769	-0.93602085	0	0	0.34
3.7500327193001695e-09	-0.02590104	-0.097309604	-0.94256127	0	0	0.34
3.76000603336266e-09	-0.039474122	-0.087454446	-0.9439121	0	0	0.34
3.770023550179334e-09	-0.05481182	-0.06657621	-0.9419523	0	0	0.34
3.780010469886386e-09	-0.05893518	-0.06087848	-0.9410293	0	0	0.34
3.7900593371093e-09	-0.051199853	-0.061687674	-0.9374379	0	0	0.34
3.800018579373088e-09	-0.0585765	-0.062420823	-0.944131	0	0	0.34
3.810034555840818e-09	-0.06045417	-0.04962522	-0.94407916	0	0	0.34
3.820017584520888e-09	-0.075347796	-0.051124014	-0.9422188	0	0	0.34
3.8300180340714075e-09	-0.07311242	-0.05273626	-0.94768167	0	0	0.34
3.840000661102703e-09	-0.06552967	-0.023506612	-0.943691	0	0	0.34
3.850034361140963e-09	-0.06930943	-0.0019042104	-0.94704175	0	0	0.34
3.860024039283456e-09	-0.07101905	0.02368461	-0.9413611	0	0	0.34
3.8700005950375295e-09	-0.06961458	0.038528387	-0.9396038	0	0	0.34
3.880008515098379e-09	-0.046281327	0.052946355	-0.94162816	0	0	0.34
3.890053589391369e-09	-0.013788646	0.04100053	-0.93974745	0	0	0.34
3.900056406321011e-09	-0.013336217	0.029432205	-0.9370556	0	0	0.34
3.910047751879453e-09	-0.007141827	0.023101786	-0.93296266	0	0	0.34
3.920033092732078e-09	-0.0012701274	0.0066785226	-0.92776036	0	0	0.34
3.93005189375219e-09	-0.012759835	0.019762786	-0.92444134	0	0	0.34
3.940021889689988e-09	-0.004495796	0.030735238	-0.9256803	0	0	0.34
3.950034956532427e-09	0.009114674	0.0354834	-0.93281674	0	0	0.34
3.960058567746961e-09	0.011167108	0.044434037	-0.9342602	0	0	0.34
3.970032696917015e-09	0.007271447	0.044738837	-0.93632245	0	0	0.34
3.9800292539186285e-09	0.006637108	0.03619255	-0.9361388	0	0	0.34
3.990014448596166e-09	-0.009898905	0.029487878	-0.9316175	0	0	0.34
4.000057583395528e-09	0.00092378154	0.049075264	-0.9263435	0	0	0.34
4.010026155715414e-09	-0.010856755	0.02986588	-0.9213421	0	0	0.34
4.020032664619538e-09	-0.014793896	0.024523854	-0.92059386	0	0	0.34
4.030021024303823e-09	-0.026399866	0.017731467	-0.9215605	0	0	0.34
4.04005862686916e-09	-0.016282989	0.013472256	-0.92835575	0	0	0.34
4.0500409327051346e-09	-0.03449069	0.0010310347	-0.9350317	0	0	0.34
4.060015210934622e-09	-0.04610844	-0.0046907035	-0.93741024	0	0	0.34
4.070006484915806e-09	-0.037164893	-0.001052901	-0.93678683	0	0	0.34
4.080006470334653e-09	-0.063658565	0.011877325	-0.93467945	0	0	0.34
4.090047102940062e-09	-0.05749142	0.014878313	-0.9349213	0	0	0.34
4.100029810611068e-09	-0.056423802	0.03319758	-0.92111236	0	0	0.34
4.110002860054006e-09	-0.045994744	0.04281883	-0.9180865	0	0	0.34
4.12001340726127e-09	-0.044390783	0.02602735	-0.91177744	0	0	0.34
4.130040218563711e-09	-0.03323513	0.039337773	-0.9189543	0	0	0.34
4.140058062976496e-09	-0.026435154	0.041523397	-0.92485595	0	0	0.34
4.150038968713015e-09	-0.0072292965	0.03527313	-0.9246682	0	0	0.34
4.160058326691005e-09	-0.03987429	0.039172005	-0.9275319	0	0	0.34
4.1700650035742395e-09	-0.029126275	0.044446934	-0.93059385	0	0	0.34
4.1800285722410256e-09	-0.0110203875	0.056899793	-0.9361702	0	0	0.34
4.190045554259406e-09	0.004183769	0.05372614	-0.92752105	0	0	0.34
4.200050470581214e-09	0.031658057	0.03573984	-0.92334694	0	0	0.34
4.210021113513455e-09	0.038526382	0.03022425	-0.924761	0	0	0.34
4.220021622747456e-09	0.036360465	0.013321	-0.92556876	0	0	0.34
4.230049798140165e-09	0.018460132	-0.010291816	-0.93111455	0	0	0.34
4.240029392488218e-09	0.01382049	-0.006225167	-0.9364203	0	0	0.34
4.250003669955441e-09	0.0015522792	-0.01740135	-0.936621	0	0	0.34
4.2600316499399e-09	-0.001768953	-0.032729197	-0.9347567	0	0	0.34
4.270054015020846e-09	0.015658708	-0.038830988	-0.9392011	0	0	0.34
4.2800203116858005e-09	0.012592896	-0.041360207	-0.94283706	0	0	0.34
4.2900568743521706e-09	0.018662957	-0.031264756	-0.9395853	0	0	0.34
4.300040492581493e-09	0.014102447	-0.030240493	-0.9402101	0	0	0.34
4.31001169812117e-09	0.01945993	-0.026430564	-0.9437075	0	0	0.34
4.320010634220716e-09	0.007896585	-0.02524632	-0.9434608	0	0	0.34
4.330038553781843e-09	-0.00093157537	-0.038240366	-0.94388545	0	0	0.34
4.340001988790155e-09	-0.03340942	-0.030424202	-0.94008064	0	0	0.34
4.350027128918895e-09	-0.05602413	-0.015225591	-0.9382799	0	0	0.34
4.360010647753045e-09	-0.047733665	-0.010358059	-0.93679315	0	0	0.34
4.3700203420806285e-09	-0.04391084	-0.005314182	-0.9416316	0	0	0.34
4.38002565776512e-09	-0.036990035	-0.00024471217	-0.9395178	0	0	0.34
4.390004096211033e-09	-0.027195482	-0.0116007915	-0.9377141	0	0	0.34
4.400032291314562e-09	-0.018510947	-0.018299585	-0.9372504	0	0	0.34
4.410019887066292e-09	-0.033072308	0.005547885	-0.9403073	0	0	0.34
4.420052990961702e-09	-0.040332716	0.0124355	-0.93768823	0	0	0.34
4.4300383053461605e-09	-0.049754288	0.041053377	-0.93586594	0	0	0.34
4.440016057850883e-09	-0.052962936	0.056586362	-0.94127774	0	0	0.34
4.450035602747217e-09	-0.04120713	0.07136337	-0.941841	0	0	0.34
4.460011724786996e-09	-0.035710283	0.06656574	-0.94393724	0	0	0.34
4.470051987917554e-09	-0.02606837	0.037734363	-0.9460575	0	0	0.34
4.48001087386298e-09	-0.040611908	0.045515265	-0.940556	0	0	0.34
4.490008037930349e-09	-0.043921433	0.06013116	-0.9411629	0	0	0.34
4.500055374445036e-09	-0.051865075	0.07818573	-0.93669814	0	0	0.34
4.5100219708935755e-09	-0.03843666	0.094282195	-0.93366057	0	0	0.34
4.520004319801605e-09	-0.04061035	0.094597034	-0.9376151	0	0	0.34
4.530058399710006e-09	-0.022286035	0.1242815	-0.9360126	0	0	0.34
4.54004572444149e-09	0.007024337	0.124209985	-0.9341106	0	0	0.34
4.550002707260338e-09	0.014085499	0.117215365	-0.93704313	0	0	0.34
4.56000179279186e-09	0.017671645	0.12588121	-0.9390314	0	0	0.34
4.5700064748799775e-09	0.03437736	0.11797195	-0.9335267	0	0	0.34
4.580027355840774e-09	0.03580405	0.12656043	-0.93000185	0	0	0.34
4.590054852250972e-09	0.06319954	0.1361903	-0.9231061	0	0	0.34
4.600059640966783e-09	0.08385474	0.12536217	-0.9243749	0	0	0.34
4.610038280448061e-09	0.09464526	0.117113896	-0.9224687	0	0	0.34
4.620016980264841e-09	0.09742643	0.101135544	-0.93044955	0	0	0.34
4.630022050950966e-09	0.1100937	0.081227824	-0.9308396	0	0	0.34
4.640062737450724e-09	0.0891833	0.06204206	-0.9367127	0	0	0.34
4.650000616370382e-09	0.08775024	0.04494966	-0.93394375	0	0	0.34
4.660023134781192e-09	0.09319057	0.03992603	-0.9379628	0	0	0.34
4.670041609495994e-09	0.090543605	0.042716775	-0.93712205	0	0	0.34
4.680040345492292e-09	0.12109281	0.026330845	-0.9366147	0	0	0.34
4.690046581045644e-09	0.11397779	0.010859531	-0.93307376	0	0	0.34
4.700033415731818e-09	0.11486312	0.010676213	-0.9324347	0	0	0.34
4.710001665195271e-09	0.096256666	0.0066382936	-0.93180925	0	0	0.34
4.720007040851213e-09	0.11494604	0.021122588	-0.93071276	0	0	0.34
4.730002944235735e-09	0.10950142	0.015809651	-0.93145645	0	0	0.34
4.74003831702282e-09	0.10270472	0.025197048	-0.9344813	0	0	0.34
4.750018429833547e-09	0.115370765	0.01716448	-0.936081	0	0	0.34
4.760032738635892e-09	0.1259033	0.013063236	-0.93951434	0	0	0.34
4.770032347349993e-09	0.1307747	-0.0016775666	-0.9407875	0	0	0.34
4.7800268401310304e-09	0.1278204	-0.02076427	-0.94119835	0	0	0.34
4.7900013259275145e-09	0.110423476	-0.037058577	-0.9424177	0	0	0.34
4.800045392287086e-09	0.10442328	-0.021575224	-0.940576	0	0	0.34
4.810009504537456e-09	0.10663692	-0.015013225	-0.93731844	0	0	0.34
4.820023795663271e-09	0.101633005	-0.0087098	-0.93916124	0	0	0.34
4.830022111347474e-09	0.12321505	-0.0063526738	-0.9363915	0	0	0.34
4.840037856261818e-09	0.1341873	-0.017748363	-0.93331134	0	0	0.34
4.8500517773291065e-09	0.1347325	-0.052979503	-0.94015306	0	0	0.34
4.860061526946851e-09	0.100367635	-0.098714076	-0.9397087	0	0	0.34
4.8700028285007686e-09	0.08536768	-0.100064605	-0.93850857	0	0	0.34
4.880030175647315e-09	0.0709912	-0.112146206	-0.9338851	0	0	0.34
4.890065797259484e-09	0.045432404	-0.118538186	-0.9370356	0	0	0.34
4.900025929829597e-09	0.02399261	-0.10979736	-0.9336589	0	0	0.34
4.910039833534286e-09	0.009009317	-0.10980388	-0.9352895	0	0	0.34
4.920063608622271e-09	0.0021887578	-0.10894931	-0.9355183	0	0	0.34
4.9300298807832425e-09	-0.027911305	-0.10384348	-0.9362368	0	0	0.34
4.940051030733582e-09	-0.035400473	-0.103320606	-0.94009393	0	0	0.34
4.950043311440869e-09	-0.060912043	-0.09996806	-0.9413461	0	0	0.34
4.960011848038355e-09	-0.08140782	-0.09213469	-0.935817	0	0	0.34
4.970000364736765e-09	-0.094191276	-0.073613845	-0.9352569	0	0	0.34
4.980028616821529e-09	-0.09508026	-0.04920878	-0.93402356	0	0	0.34
4.990042000851071e-09	-0.092824176	-0.028270196	-0.9354756	0	0	0.34
5.0000357535554604e-09	-0.077418104	-0.023802534	-0.93465257	0	0	0.34
5.010044823919548e-09	-0.08678265	-0.01550168	-0.9364319	0	0	0.34
5.020049561901154e-09	-0.078276046	-0.013197375	-0.9362392	0	0	0.34
5.030032705405895e-09	-0.08727303	-0.002547438	-0.9360629	0	0	0.34
5.0400006065741e-09	-0.09503329	0.020672878	-0.9397555	0	0	0.34
5.050034035485693e-09	-0.100550376	0.04999056	-0.93990636	0	0	0.34
5.060034901401979e-09	-0.096933834	0.077291	-0.9417361	0	0	0.34
5.070010743450978e-09	-0.08984854	0.09027793	-0.9386275	0	0	0.34
5.080046131572033e-09	-0.086593695	0.08993171	-0.9391611	0	0	0.34
5.090018153117811e-09	-0.057700284	0.10762379	-0.93954813	0	0	0.34
5.100039548522143e-09	-0.05356892	0.10368678	-0.9352887	0	0	0.34
5.110023731546152e-09	-0.0514729	0.1179328	-0.9351106	0	0	0.34
5.120054976989494e-09	-0.04822437	0.12559459	-0.9390634	0	0	0.34
5.13002238683479e-09	-0.04199036	0.14303738	-0.9397616	0	0	0.34
5.1400234292372456e-09	-0.016795961	0.14661594	-0.9409707	0	0	0.34
5.150010441305043e-09	0.008594894	0.11988712	-0.9455966	0	0	0.34
5.160064595984637e-09	0.020511251	0.13038623	-0.94580483	0	0	0.34
5.170043202077998e-09	0.044988446	0.12507918	-0.943906	0	0	0.34
5.180021586027544e-09	0.049166318	0.12336786	-0.9382145	0	0	0.34
5.190041808995707e-09	0.07608876	0.12249493	-0.93483096	0	0	0.34
5.200049307086434e-09	0.085861996	0.101000145	-0.9337673	0	0	0.34
5.2100475689514145e-09	0.0907891	0.07901326	-0.9366051	0	0	0.34
5.220002508780087e-09	0.08399313	0.067990266	-0.9392321	0	0	0.34
5.230001099002568e-09	0.098084316	0.0668916	-0.93686426	0	0	0.34
5.240000187958536e-09	0.111335255	0.048421144	-0.9435178	0	0	0.34
5.250057345289362e-09	0.11667981	0.035759695	-0.9400649	0	0	0.34
5.2600201623838056e-09	0.11130146	0.018433118	-0.94313085	0	0	0.34
5.2700054939760906e-09	0.10874259	0.021493481	-0.944996	0	0	0.34
5.280036426815001e-09	0.11588435	-0.004382314	-0.94425935	0	0	0.34
5.290022162011818e-09	0.094825156	-0.02292707	-0.9454501	0	0	0.34
5.300052931806906e-09	0.083560735	-0.023493692	-0.94060206	0	0	0.34
5.310000387131929e-09	0.084945604	-0.040783066	-0.9407397	0	0	0.34
5.32002354911742e-09	0.080037884	-0.044711404	-0.945645	0	0	0.34
5.330013245524602e-09	0.0755009	-0.039652705	-0.94859713	0	0	0.34
5.340017057290398e-09	0.07273746	-0.048010033	-0.94558764	0	0	0.34
5.350023948738305e-09	0.06487466	-0.06598159	-0.94328773	0	0	0.34
5.360053091394009e-09	0.0461438	-0.060644925	-0.948727	0	0	0.34
5.370005845343332e-09	0.032754682	-0.05576645	-0.9466547	0	0	0.34
5.380050767532744e-09	0.007487957	-0.06924575	-0.9484961	0	0	0.34
5.390035832180631e-09	0.005904794	-0.08033345	-0.94398177	0	0	0.34
5.4000284330074085e-09	0.006566644	-0.066621274	-0.9490056	0	0	0.34
5.4100341557848565e-09	0.0040038675	-0.077751	-0.94669825	0	0	0.34
5.420060831691608e-09	-0.0038613451	-0.08338368	-0.94916195	0	0	0.34
5.430013035942205e-09	-0.016716478	-0.06682769	-0.9503206	0	0	0.34
5.440059908946602e-09	-0.024161048	-0.05081849	-0.9525386	0	0	0.34
5.4500081891517555e-09	-0.03576494	-0.03612207	-0.9526319	0	0	0.34
5.460054549250989e-09	-0.026597908	-0.035829604	-0.95289457	0	0	0.34
5.47004199135577e-09	-0.03957728	-0.05901113	-0.94843537	0	0	0.34
5.480054617328255e-09	-0.047193106	-0.061462168	-0.94492984	0	0	0.34
5.490042128406017e-09	-0.044769324	-0.05443281	-0.9449779	0	0	0.34
5.500052676070074e-09	-0.054834288	-0.035017848	-0.94818574	0	0	0.34
5.5100621305652874e-09	-0.04487764	-0.014301032	-0.9484697	0	0	0.34
5.520063434790899e-09	-0.038612258	0.02011836	-0.9479833	0	0	0.34
5.530062997163953e-09	-0.043780603	0.034800954	-0.9467574	0	0	0.34
5.540049476085165e-09	-0.03544964	0.042838383	-0.9451868	0	0	0.34
5.550001050323148e-09	-0.029477274	0.05360055	-0.9474614	0	0	0.34
5.560058411597097e-09	-0.01772129	0.04593445	-0.94705886	0	0	0.34
5.570031313495301e-09	-0.015058809	0.04093867	-0.9465359	0	0	0.34
5.580008664809769e-09	-0.030458277	0.042472944	-0.9399734	0	0	0.34
5.590024882437409e-09	-0.015791144	0.056693673	-0.9424083	0	0	0.34
5.600058901277751e-09	-0.012109527	0.0730627	-0.9410984	0	0	0.34
5.610027285301897e-09	0.006547809	0.08079989	-0.9435005	0	0	0.34
5.62005406201437e-09	0.04604332	0.080093525	-0.94303256	0	0	0.34
5.6300601466816475e-09	0.070024386	0.07091338	-0.93661547	0	0	0.34
5.640005304959358e-09	0.09262082	0.053627666	-0.9394108	0	0	0.34
5.650026522140218e-09	0.064276546	0.017561797	-0.93929845	0	0	0.34
5.660022120212793e-09	0.051107004	0.020676656	-0.94306546	0	0	0.34
5.670057507856567e-09	0.054106988	0.030745266	-0.9420957	0	0	0.34
5.68003952008295e-09	0.06403427	0.0376049	-0.94505835	0	0	0.34
5.690011650246999e-09	0.09128174	0.03743668	-0.9424539	0	0	0.34
5.700039087799438e-09	0.12057363	0.050236292	-0.9415614	0	0	0.34
5.710043982431149e-09	0.13626355	0.02737042	-0.939807	0	0	0.34
5.7200385390361205e-09	0.11891488	-0.0049903053	-0.9392957	0	0	0.34
5.730020970330754e-09	0.120041	-0.022528462	-0.94013506	0	0	0.34
5.740032633582988e-09	0.09720059	-0.035301547	-0.9379914	0	0	0.34
5.7500039950133e-09	0.09067485	-0.04920364	-0.9351703	0	0	0.34
5.760033811128504e-09	0.071674965	-0.047317926	-0.93979365	0	0	0.34
5.7700451419682475e-09	0.057461236	-0.039572768	-0.9394617	0	0	0.34
5.78003311809304e-09	0.0634784	-0.03890212	-0.94471073	0	0	0.34
5.790051828070243e-09	0.060884133	-0.04879309	-0.9499241	0	0	0.34
5.800011482169734e-09	0.051716164	-0.060209297	-0.9492582	0	0	0.34
5.810001509510671e-09	0.036840934	-0.089531705	-0.94819385	0	0	0.34
5.820034120230327e-09	0.011471932	-0.11147389	-0.94518864	0	0	0.34
5.830051729097864e-09	-0.011238558	-0.09260332	-0.9479175	0	0	0.34
5.840031256605009e-09	-0.030738024	-0.08815032	-0.9418925	0	0	0.34
5.850032398011456e-09	-0.03863694	-0.075034715	-0.94110656	0	0	0.34
5.860042319045667e-09	-0.028391244	-0.06989846	-0.94762313	0	0	0.34
5.870049468376705e-09	-0.027498445	-0.057693012	-0.9506073	0	0	0.34
5.880036640579335e-09	-0.027016075	-0.05539293	-0.9492746	0	0	0.34
5.890046383593182e-09	-0.029963491	-0.053314734	-0.9485651	0	0	0.34
5.900042982775133e-09	-0.04396411	-0.054771084	-0.9516658	0	0	0.34
5.910039824907533e-09	-0.061917122	-0.048112277	-0.95181555	0	0	0.34
5.920028648167141e-09	-0.069446474	-0.026571471	-0.9526428	0	0	0.34
5.9300229947050216e-09	-0.07605916	-0.013213747	-0.95210546	0	0	0.34
5.94001758941001e-09	-0.076333754	0.009576293	-0.95629144	0	0	0.34
5.950038654665369e-09	-0.066182435	0.03438616	-0.9539668	0	0	0.34
5.960038320254806e-09	-0.060077086	0.052088037	-0.9530537	0	0	0.34
5.970062649536694e-09	-0.06427398	0.047193345	-0.9510002	0	0	0.34
5.980053038207464e-09	-0.08364529	0.0474395	-0.94864476	0	0	0.34
5.990025064804578e-09	-0.07827136	0.044909373	-0.9525167	0	0	0.34
6.0000389006885244e-09	-0.07613446	0.053534504	-0.9534391	0	0	0.34
6.010062647123659e-09	-0.053876985	0.05317549	-0.9554083	0	0	0.34
6.020012657629138e-09	-0.04709698	0.06813027	-0.9537788	0	0	0.34
6.030018917627748e-09	-0.03278532	0.073255256	-0.95144904	0	0	0.34
6.040028564626647e-09	-0.025505662	0.05937945	-0.95402753	0	0	0.34
6.050008917728264e-09	-0.040643044	0.05944921	-0.955955	0	0	0.34
6.060057946903634e-09	-0.029693881	0.05627458	-0.95638365	0	0	0.34
6.070060116958183e-09	-0.016638234	0.07579566	-0.95595366	0	0	0.34
6.0800265757439095e-09	-0.0011135454	0.08255738	-0.95687973	0	0	0.34
6.090036280435664e-09	0.018361967	0.08966782	-0.95897996	0	0	0.34
6.100047568531113e-09	0.02775374	0.07698045	-0.9553852	0	0	0.34
6.110031045442117e-09	0.04399696	0.06456221	-0.9535647	0	0	0.34
6.12005629859793e-09	0.05269618	0.05159565	-0.95221776	0	0	0.34
6.130022499120333e-09	0.044592466	0.035335228	-0.9518963	0	0	0.34
6.140039897740839e-09	0.032180972	0.02900922	-0.95280313	0	0	0.34
6.150008894262497e-09	0.02307324	0.0047292956	-0.94748425	0	0	0.34
6.1600275245995274e-09	0.022532275	-0.0015230754	-0.95102185	0	0	0.34
6.170043875145251e-09	0.019023698	0.006882379	-0.9537474	0	0	0.34
6.180043826354621e-09	0.01815646	0.0024226476	-0.9494242	0	0	0.34
6.190002150094873e-09	0.023645347	-0.0073865205	-0.94848394	0	0	0.34
6.200057646587253e-09	0.02912271	-0.025782183	-0.9527358	0	0	0.34
6.210012905443901e-09	0.034287926	-0.034757897	-0.95081306	0	0	0.34
6.22001950009729e-09	0.021331824	-0.069814794	-0.9556693	0	0	0.34
6.230028356624567e-09	0.0012993783	-0.055414107	-0.9531449	0	0	0.34
6.24000526624272e-09	0.001027052	-0.032161128	-0.9554807	0	0	0.34
6.2500121748003665e-09	-0.0003638009	-0.024517871	-0.95418704	0	0	0.34
6.260038040519452e-09	0.00050774816	-0.022806942	-0.94925743	0	0	0.34
6.270048244095814e-09	-0.008974525	-0.012967653	-0.95148593	0	0	0.34
6.280029805727881e-09	-0.011799939	-0.026062606	-0.9573772	0	0	0.34
6.290042179404025e-09	-0.017424967	-0.032750938	-0.95716226	0	0	0.34
6.3000300419326405e-09	-0.031156303	-0.04296909	-0.9553333	0	0	0.34
6.310052037713895e-09	-0.046132896	-0.027050326	-0.95565134	0	0	0.34
6.320058540827548e-09	-0.051540505	-0.030006353	-0.95676315	0	0	0.34
6.330002689414758e-09	-0.04759107	-0.02250755	-0.9563947	0	0	0.34
6.3400395129310864e-09	-0.027350897	-0.022914002	-0.95471644	0	0	0.34
6.350049332109576e-09	-0.034659542	-0.037707422	-0.9510383	0	0	0.34
6.36002632472214e-09	-0.04883655	-0.032665458	-0.9456267	0	0	0.34
6.370015689787792e-09	-0.04212001	-0.04722075	-0.9476914	0	0	0.34
6.380022547515286e-09	-0.06027494	-0.031730365	-0.95319355	0	0	0.34
6.390062542544993e-09	-0.06835628	-0.0056619775	-0.9494157	0	0	0.34
6.40004351466148e-09	-0.050530538	0.019727604	-0.9529836	0	0	0.34
6.4100560942274106e-09	-0.030412251	0.034954507	-0.951088	0	0	0.34
6.4200059219921095e-09	-0.017475773	0.04050248	-0.9485114	0	0	0.34
6.430016111994578e-09	-0.014857837	0.04064107	-0.9491526	0	0	0.34
6.440047248751168e-09	-0.008980646	0.022282645	-0.9511739	0	0	0.34
6.450048826649418e-09	0.0052086627	0.0053906604	-0.9545755	0	0	0.34
6.460065066285248e-09	0.002755279	0.00036305864	-0.95568705	0	0	0.34
6.470056247256944e-09	-0.011490156	0.00066080707	-0.95189315	0	0	0.34
6.480048529129101e-09	-0.004239505	0.0075867493	-0.950157	0	0	0.34
6.490012006650769e-09	-0.0005835124	-0.005768527	-0.948925	0	0	0.34
6.500029159720401e-09	0.015823716	-0.0090033	-0.9483039	0	0	0.34
6.510043583717141e-09	0.030215869	-0.0041653877	-0.9473333	0	0	0.34
6.520026727979902e-09	0.028526379	-0.01569166	-0.9503698	0	0	0.34
6.530039859648369e-09	0.007843382	-0.010721233	-0.94913954	0	0	0.34
6.5400027183240765e-09	0.010425415	-0.004566829	-0.9516229	0	0	0.34
6.550030606180756e-09	0.021755788	0.0016342008	-0.94942635	0	0	0.34
6.560034599562629e-09	0.036572922	0.0019323908	-0.95326513	0	0	0.34
6.570053823696224e-09	0.054160498	-0.0071833194	-0.9536041	0	0	0.34
6.580063873807723e-09	0.039497137	-0.043574084	-0.9549944	0	0	0.34
6.5900447592868155e-09	0.033961803	-0.048523664	-0.95547813	0	0	0.34
6.60002587859941e-09	0.03347901	-0.0646068	-0.95004743	0	0	0.34
6.610011764269169e-09	0.0135001	-0.04988165	-0.9538448	0	0	0.34
6.620032842801581e-09	0.021083705	-0.049957287	-0.9555529	0	0	0.34
6.630061886948947e-09	-0.011791162	-0.040980197	-0.9538428	0	0	0.34
6.6400153474022676e-09	-0.02219057	-0.01532471	-0.9528065	0	0	0.34
6.650001052366028e-09	-0.03768671	-0.010056284	-0.9525925	0	0	0.34
6.660029012558075e-09	-0.03418357	-0.026007967	-0.95492345	0	0	0.34
6.670028887441668e-09	-0.031876653	-0.041046694	-0.953148	0	0	0.34
6.680046454692779e-09	-0.024385165	-0.04451232	-0.95149	0	0	0.34
6.690007840522943e-09	-0.04308487	-0.024857474	-0.94864607	0	0	0.34
6.700000276909872e-09	-0.039447438	-0.034825712	-0.9490739	0	0	0.34
6.710035785854137e-09	-0.026317297	-0.019309102	-0.9455259	0	0	0.34
6.720053222156792e-09	-0.02232231	-0.022190947	-0.94843125	0	0	0.34
6.730057759072152e-09	-0.0379359	-0.025381692	-0.94758344	0	0	0.34
6.740008706836162e-09	-0.050865117	-0.020956064	-0.9461944	0	0	0.34
6.750040287902284e-09	-0.06615638	-0.029678512	-0.9429276	0	0	0.34
6.7600531122195035e-09	-0.07833388	-0.010751971	-0.9455409	0	0	0.34
6.77002560057986e-09	-0.089334235	-0.010605082	-0.943556	0	0	0.34
6.780016834523591e-09	-0.09692774	0.017655183	-0.9424032	0	0	0.34
6.79000320142967e-09	-0.08402151	0.024107404	-0.9475705	0	0	0.34
6.800026916549483e-09	-0.080711514	0.036366224	-0.9413616	0	0	0.34
6.810001258489808e-09	-0.056614716	0.042039815	-0.9424541	0	0	0.34
6.820012515942627e-09	-0.035381276	0.035167653	-0.9446949	0	0	0.34
6.830010035869882e-09	-0.03290961	0.03484792	-0.9457605	0	0	0.34
6.840011235596364e-09	-0.022237455	0.039200824	-0.94740814	0	0	0.34
6.8500416742861636e-09	-0.02679517	0.05040257	-0.9460759	0	0	0.34
6.860021216076406e-09	-0.02436099	0.06463346	-0.9425162	0	0	0.34
6.870011496311609e-09	-0.016788725	0.05844212	-0.94275314	0	0	0.34
6.880011989455733e-09	0.0037722483	0.057270363	-0.94474447	0	0	0.34
6.890002928160614e-09	0.009257234	0.079483025	-0.9473632	0	0	0.34
6.900003403144396e-09	0.012379879	0.07907792	-0.94218767	0	0	0.34
6.9100640303436815e-09	0.013495095	0.085231274	-0.9409631	0	0	0.34
6.920043606959296e-09	0.01704986	0.06401287	-0.9428263	0	0	0.34
6.930056936426645e-09	0.013507925	0.05514152	-0.9414001	0	0	0.34
6.940006690590335e-09	0.025401726	0.05430134	-0.94338405	0	0	0.34
6.950058128864855e-09	0.021520069	0.041816033	-0.9481052	0	0	0.34
6.9600544909634885e-09	0.039584246	0.03745201	-0.94666773	0	0	0.34
6.970054799324571e-09	0.03026362	0.009707963	-0.9439508	0	0	0.34
6.9800605157464704e-09	0.02671153	0.0023063885	-0.9470198	0	0	0.34
6.990058237419768e-09	0.038504463	-0.010372867	-0.9446498	0	0	0.34
7.000006294970721e-09	0.027672436	0.0034859003	-0.94441646	0	0	0.34
7.010033921404045e-09	0.015230224	0.008259731	-0.94711536	0	0	0.34
7.0200138598398995e-09	0.014145548	0.0063038673	-0.9426683	0	0	0.34
7.0300471864098e-09	0.016128015	-0.001308783	-0.9467814	0	0	0.34
7.040054231589971e-09	0.028826607	0.014464686	-0.9480812	0	0	0.34
7.0500069981649064e-09	0.03146627	0.0011182019	-0.94606566	0	0	0.34
7.060043386829564e-09	0.030630615	-0.010980831	-0.9438182	0	0	0.34
7.070015940903134e-09	0.01516962	-0.025934244	-0.9408163	0	0	0.34
7.080037810863704e-09	-0.004470576	-0.025329731	-0.9402075	0	0	0.34
7.09004188485027e-09	-0.023465486	-0.011537965	-0.94000125	0	0	0.34
7.100045931743528e-09	-0.0017917708	0.0037177748	-0.9391534	0	0	0.34
7.110008161825664e-09	-0.0028365233	0.01026998	-0.9381831	0	0	0.34
7.120022501875729e-09	0.003160082	-0.012443193	-0.94210184	0	0	0.34
7.130019035223348e-09	-0.0119386725	-0.011633004	-0.9463749	0	0	0.34
7.14005126066332e-09	-0.017326703	-0.021660049	-0.94621503	0	0	0.34
7.150040535192927e-09	-0.014614204	-0.022698708	-0.9470229	0	0	0.34
7.160055825604392e-09	-0.030966042	-0.01135097	-0.95132387	0	0	0.34
7.170056416261787e-09	-0.039741028	-0.005658422	-0.94720685	0	0	0.34
7.180038106654632e-09	-0.049744263	-0.006942507	-0.9474265	0	0	0.34
7.190022066363464e-09	-0.03869652	0.0003132726	-0.94802076	0	0	0.34
7.2000072886931266e-09	-0.030451514	-0.002755697	-0.94838923	0	0	0.34
7.210061914856769e-09	-0.020278255	0.012366105	-0.95294064	0	0	0.34
7.220008250413216e-09	-0.017360149	0.027875943	-0.95035917	0	0	0.34
7.230020968197474e-09	-0.016600337	0.017302636	-0.9511341	0	0	0.34
7.240015614336037e-09	-0.022775937	0.017653257	-0.947101	0	0	0.34
7.2500299257670955e-09	-0.03057782	0.024892593	-0.9477724	0	0	0.34
7.26004103768483e-09	-0.014422886	0.047189806	-0.94787806	0	0	0.34
7.270044378117444e-09	0.011212826	0.054885704	-0.94910765	0	0	0.34
7.280009414167743e-09	0.019672455	0.04270199	-0.9523709	0	0	0.34
7.290056327342931e-09	0.04081305	0.028834319	-0.95094836	0	0	0.34
7.300029267401887e-09	0.06353424	0.00015340767	-0.9491824	0	0	0.34
7.310049816242969e-09	0.06344283	-0.01976708	-0.9527517	0	0	0.34
7.320028383149319e-09	0.062068	-0.018925805	-0.9459863	0	0	0.34
7.330022578157489e-09	0.046778835	-0.020306436	-0.9509202	0	0	0.34
7.340013084035006e-09	0.043809727	-0.022310665	-0.95143765	0	0	0.34
7.350060270889415e-09	0.037587017	-0.009272755	-0.9491612	0	0	0.34
7.360065233352848e-09	0.056043733	-0.027923321	-0.94895613	0	0	0.34
7.370040313647692e-09	0.048226736	-0.04902604	-0.9507191	0	0	0.34
7.3800488155697125e-09	0.023860376	-0.06698356	-0.94806343	0	0	0.34
7.390054755032996e-09	0.02447831	-0.07904283	-0.95188755	0	0	0.34
7.400052856273786e-09	-0.008770939	-0.08406741	-0.9546021	0	0	0.34
7.41002843253975e-09	-0.01918515	-0.06269616	-0.95639795	0	0	0.34
7.420003283797974e-09	-0.0234935	-0.03933459	-0.9552511	0	0	0.34
7.430004648467586e-09	-0.028232483	-0.01129818	-0.95611286	0	0	0.34
7.440021824282027e-09	-0.020976732	0.003782466	-0.95705736	0	0	0.34
7.450027171238982e-09	-0.038496666	-0.015932707	-0.9538863	0	0	0.34
7.460006413669938e-09	-0.045532316	-0.0363466	-0.9573005	0	0	0.34
7.470013131996493e-09	-0.033911027	-0.031367954	-0.95271856	0	0	0.34
7.480020534472171e-09	-0.04662987	-0.022410998	-0.9497737	0	0	0.34
7.49002673055547e-09	-0.047977503	-0.011864757	-0.9532292	0	0	0.34
7.500028664321968e-09	-0.065651074	0.010318946	-0.9523035	0	0	0.34
7.510047214144695e-09	-0.049614813	0.029766334	-0.9544028	0	0	0.34
7.520018799645781e-09	-0.037087698	0.04403895	-0.95691955	0	0	0.34
7.530049496937325e-09	-0.03129087	0.038840972	-0.9563555	0	0	0.34
7.540011886705863e-09	-0.025041273	0.0370959	-0.9583053	0	0	0.34
7.550049825301424e-09	-0.02351114	0.04602497	-0.95673853	0	0	0.34
7.560055956397488e-09	-0.031232296	0.04605534	-0.9574396	0	0	0.34
7.570051591221181e-09	-0.020857196	0.063603915	-0.9528953	0	0	0.34
7.580062588758601e-09	0.008226898	0.07463242	-0.95247686	0	0	0.34
7.59004222345583e-09	0.0431052	0.087207854	-0.9520089	0	0	0.34
7.600033283039493e-09	0.07319428	0.08049846	-0.9516317	0	0	0.34
7.610046200725503e-09	0.061949115	0.058991734	-0.9565571	0	0	0.34
7.6200071845288e-09	0.06293968	0.021813976	-0.9579117	0	0	0.34
7.630037209552392e-09	0.06677101	0.011427527	-0.95675516	0	0	0.34
7.640046937671791e-09	0.066753075	0.012154778	-0.957227	0	0	0.34
7.650051557682392e-09	0.07858718	-0.0077926004	-0.9572372	0	0	0.34
7.660008766706485e-09	0.05677289	-0.019787628	-0.95210063	0	0	0.34
7.67002153442976e-09	0.055175867	-0.017367128	-0.954355	0	0	0.34
7.68002240359123e-09	0.052310634	-0.022230007	-0.95204365	0	0	0.34
7.69003389921858e-09	0.04802544	-0.038002968	-0.95355654	0	0	0.34
7.700006574901785e-09	0.044514712	-0.0427471	-0.95548415	0	0	0.34
7.710003644380859e-09	0.032960527	-0.045990698	-0.95618594	0	0	0.34
7.720063028400802e-09	0.028650645	-0.051410604	-0.95385534	0	0	0.34
7.730017018686558e-09	0.026657358	-0.053488366	-0.9503333	0	0	0.34
7.740004145243087e-09	0.016585656	-0.05037547	-0.95067614	0	0	0.34
7.750034707735395e-09	0.0095251445	-0.05873433	-0.95206946	0	0	0.34
7.760057350477357e-09	0.007525775	-0.039258353	-0.9599902	0	0	0.34
7.77002844649299e-09	0.008920841	-0.03592719	-0.95809245	0	0	0.34
7.780057420751418e-09	-0.007071473	-0.040689833	-0.9602971	0	0	0.34
7.790003565992074e-09	-0.016043734	-0.0233913	-0.95759326	0	0	0.34
7.800055052882751e-09	-0.012322278	-0.020828381	-0.95583963	0	0	0.34
7.810041116175323e-09	-0.024110496	-0.009255352	-0.9577945	0	0	0.34
7.820018696165759e-09	-0.020479484	-0.0008404548	-0.95564115	0	0	0.34
7.83005974952557e-09	-0.03549676	-0.0046555926	-0.952679	0	0	0.34
7.840055548002087e-09	-0.022671666	0.0010187221	-0.95207965	0	0	0.34
7.850041350625173e-09	-0.022651304	0.01593043	-0.95457363	0	0	0.34
7.860020878721674e-09	-0.017270647	0.009094525	-0.954679	0	0	0.34
7.870010691122819e-09	-0.012216508	0.02921321	-0.9586553	0	0	0.34
7.880063998195716e-09	5.9956987e-05	0.036462355	-0.9574469	0	0	0.34
7.89001517931351e-09	-0.007063591	0.045238376	-0.95917344	0	0	0.34
7.900009506731625e-09	0.0088457195	0.045853037	-0.95838726	0	0	0.34
7.910066955814914e-09	0.02579339	0.040488273	-0.9601875	0	0	0.34
7.920044937706921e-09	0.03631845	0.040035017	-0.9582055	0	0	0.34
7.93002530616271e-09	0.04202778	0.025677638	-0.95399016	0	0	0.34
7.94002198026362e-09	0.023309117	0.039078314	-0.95620185	0	0	0.34
7.950029889893383e-09	0.03206815	0.044602405	-0.95379716	0	0	0.34
7.960063549719315e-09	0.0490719	0.03486182	-0.95493215	0	0	0.34
7.970016816127496e-09	0.052352294	0.030443203	-0.95314723	0	0	0.34
7.980058432709795e-09	0.04103068	0.034627117	-0.95423543	0	0	0.34
7.990056065438245e-09	0.04268639	0.025711933	-0.95092314	0	0	0.34
8.000045503620452e-09	0.035684492	0.03448864	-0.9481022	0	0	0.34
8.010013700765755e-09	0.034531552	0.021842195	-0.9472139	0	0	0.34
8.02006549518306e-09	0.028444406	0.032860458	-0.9466599	0	0	0.34
8.030044199930572e-09	0.032801814	0.05173413	-0.9450796	0	0	0.34
8.040033785025642e-09	0.027951203	0.039622396	-0.944285	0	0	0.34
8.050034721001944e-09	0.03869833	0.043282304	-0.94749707	0	0	0.34
8.060002436752387e-09	0.04336258	0.055160455	-0.947923	0	0	0.34
8.07004450391652e-09	0.05829951	0.05969313	-0.9468626	0	0	0.34
8.080000014539915e-09	0.058221895	0.05999437	-0.9485143	0	0	0.34
8.090001044233527e-09	0.071595035	0.030142922	-0.9496365	0	0	0.34
8.100050904963872e-09	0.07327683	0.008684639	-0.9515474	0	0	0.34
8.110056669310138e-09	0.05741551	-0.012922771	-0.9489725	0	0	0.34
8.120055804241687e-09	0.058820903	-0.025016347	-0.9464328	0	0	0.34
8.130054308049901e-09	0.062893264	-0.03319918	-0.94038856	0	0	0.34
8.140031672385343e-09	0.08331701	-0.03159223	-0.9411095	0	0	0.34
8.150061775016644e-09	0.09886065	-0.04750835	-0.9429301	0	0	0.34
8.160024631117105e-09	0.09063337	-0.06257123	-0.9413861	0	0	0.34
8.170060408834849e-09	0.07248175	-0.070614375	-0.94183457	0	0	0.34
8.180013872022585e-09	0.06317134	-0.07914317	-0.9423194	0	0	0.34
8.190037300462076e-09	0.054596744	-0.07387351	-0.94619316	0	0	0.34
8.200045007729725e-09	0.05528213	-0.08258639	-0.9463671	0	0	0.34
8.210030470539114e-09	0.033705033	-0.07935895	-0.94117796	0	0	0.34
8.220046285297766e-09	0.034481667	-0.07076193	-0.9417993	0	0	0.34
8.230032114292718e-09	0.026664669	-0.069634914	-0.9452068	0	0	0.34
8.240040316226004e-09	0.03884757	-0.079554975	-0.94094867	0	0	0.34
8.250015154117174e-09	0.020498417	-0.095557004	-0.93694985	0	0	0.34
8.260016187246224e-09	0.007406676	-0.10956339	-0.9360636	0	0	0.34
8.270022773656557e-09	-0.019260379	-0.099515334	-0.9353519	0	0	0.34
8.280014160650108e-09	-0.042621482	-0.087607324	-0.9366725	0	0	0.34
8.290059911429971e-09	-0.038433995	-0.06546512	-0.9400788	0	0	0.34
8.300057772129064e-09	-0.028567826	-0.05039449	-0.94093347	0	0	0.34
8.310046785178263e-09	-0.02596013	-0.04619152	-0.9447435	0	0	0.34
8.320039197439615e-09	-0.02176522	-0.05614536	-0.9457904	0	0	0.34
8.330043016268571e-09	-0.039998755	-0.050822254	-0.948003	0	0	0.34
8.340062535980443e-09	-0.050170366	-0.056957953	-0.9489349	0	0	0.34
8.350051860195378e-09	-0.063059635	-0.058332954	-0.94971454	0	0	0.34
8.360054414209763e-09	-0.0706515	-0.042659596	-0.9484566	0	0	0.34
8.370046496717102e-09	-0.086212136	-0.035315022	-0.9441703	0	0	0.34
8.380025016146939e-09	-0.08416517	-0.007822191	-0.944444	0	0	0.34
8.390040578563221e-09	-0.07730825	-0.0067160847	-0.9428215	0	0	0.34
8.400001940012728e-09	-0.06597816	-0.01161436	-0.94853246	0	0	0.34
8.410054924234972e-09	-0.045993794	-0.00015862	-0.9504671	0	0	0.34
8.420048616828747e-09	-0.049984824	0.005169946	-0.95137256	0	0	0.34
8.430011223237115e-09	-0.07101004	0.020367745	-0.9493012	0	0	0.34
8.44000736897845e-09	-0.066307046	0.023718184	-0.95109385	0	0	0.34
8.450015668221211e-09	-0.07375658	0.05476496	-0.9469098	0	0	0.34
8.460028440409374e-09	-0.070685364	0.06735164	-0.94498056	0	0	0.34
8.470032810192648e-09	-0.06649187	0.075807594	-0.93789	0	0	0.34
8.480026087741857e-09	-0.04979924	0.09559573	-0.93697095	0	0	0.34
8.490035567128522e-09	-0.05176816	0.056981757	-0.9455563	0	0	0.34
8.500018241244945e-09	-0.04886375	0.04817004	-0.9466906	0	0	0.34
8.510004436810826e-09	-0.052375633	0.054286	-0.94705695	0	0	0.34
8.520053615580145e-09	-0.03862631	0.060702033	-0.9505803	0	0	0.34
8.530039459869947e-09	-0.006472353	0.07955263	-0.94951963	0	0	0.34
8.540036124189114e-09	-0.0023585164	0.07186004	-0.94937134	0	0	0.34
8.550004832839989e-09	-0.00019467641	0.0609921	-0.9517836	0	0	0.34
8.560010858289522e-09	0.0029316982	0.07410545	-0.9510239	0	0	0.34
8.570011445441427e-09	0.010009582	0.07222178	-0.9497909	0	0	0.34
8.580037307787247e-09	0.009952028	0.063693546	-0.9526293	0	0	0.34
8.59001212409926e-09	0.0369135	0.04102137	-0.9545389	0	0	0.34
8.600008820043568e-09	0.036892984	0.03459611	-0.95538104	0	0	0.34
8.610001340662789e-09	0.04235388	0.023960799	-0.9562905	0	0	0.34
8.620057850882143e-09	0.048842575	0.009040109	-0.95543367	0	0	0.34
8.630043731970725e-09	0.053030163	0.0073546353	-0.95592856	0	0	0.34
8.640012182382662e-09	0.056590114	-0.005826302	-0.9567272	0	0	0.34
8.65000653667823e-09	0.06046935	-0.008955205	-0.9553064	0	0	0.34
8.660032624278406e-09	0.060551062	-0.010579145	-0.95198953	0	0	0.34
8.67001671586714e-09	0.05061233	0.0012153299	-0.9482925	0	0	0.34
8.680000008126018e-09	0.051904857	0.0049339375	-0.9501387	0	0	0.34
8.69005209550825e-09	0.059640564	0.014911098	-0.9501456	0	0	0.34
8.70001366369841e-09	0.06725562	0.0016884123	-0.9545363	0	0	0.34
8.710024240723312e-09	0.071270876	-0.017022777	-0.9572136	0	0	0.34
8.720029535622562e-09	0.07174214	-0.030024184	-0.9534025	0	0	0.34
8.73002379050056e-09	0.06516554	-0.049944036	-0.95316225	0	0	0.34
8.740000514239076e-09	0.048068352	-0.07352893	-0.9524947	0	0	0.34
8.750025625272168e-09	0.04367819	-0.06827103	-0.9506116	0	0	0.34
8.760039813401332e-09	0.031238584	-0.07593397	-0.94925195	0	0	0.34
8.770060044191004e-09	0.026060734	-0.08233487	-0.9498455	0	0	0.34
8.780065488594998e-09	0.021989005	-0.090934746	-0.94740534	0	0	0.34
8.790014177256865e-09	0.026801584	-0.0892306	-0.95155054	0	0	0.34
8.800026393467911e-09	0.0135691585	-0.106179334	-0.9572863	0	0	0.34
8.810060109529419e-09	-0.00795436	-0.10878135	-0.9551097	0	0	0.34
8.820040538124445e-09	-0.028428853	-0.12765352	-0.94975245	0	0	0.34
8.830060820590517e-09	-0.050179403	-0.11661648	-0.94812876	0	0	0.34
8.84004161166162e-09	-0.04679412	-0.108188406	-0.9467877	0	0	0.34
8.850035228806506e-09	-0.051439382	-0.09926051	-0.9444063	0	0	0.34
8.860037338316736e-09	-0.050225962	-0.0909886	-0.94550633	0	0	0.34
8.870047247898563e-09	-0.06394116	-0.0829625	-0.9466598	0	0	0.34
8.880020395468212e-09	-0.057407293	-0.08441654	-0.9412286	0	0	0.34
8.890009821187467e-09	-0.06859339	-0.098771304	-0.9434786	0	0	0.34
8.900006373001224e-09	-0.08402307	-0.0937527	-0.94192266	0	0	0.34
8.910035358730634e-09	-0.0826665	-0.0816279	-0.94521916	0	0	0.34
8.920044002767524e-09	-0.089277916	-0.07866911	-0.9392274	0	0	0.34
8.930024741060664e-09	-0.1113798	-0.063655674	-0.94155097	0	0	0.34
8.940048850420649e-09	-0.10817345	-0.04828103	-0.94101393	0	0	0.34
8.950018160105198e-09	-0.116294935	-0.03820574	-0.9389947	0	0	0.34
8.960049484745548e-09	-0.115807444	-0.026280617	-0.9401204	0	0	0.34
8.970061705025622e-09	-0.103064924	-0.025840662	-0.93700254	0	0	0.34
8.980006060219518e-09	-0.12413888	-0.018836608	-0.9364948	0	0	0.34
8.990061361128172e-09	-0.12609136	-0.00095346523	-0.93759066	0	0	0.34
9.000020613606679e-09	-0.13299572	0.027316956	-0.9389401	0	0	0.34
9.010027290305587e-09	-0.12127372	0.041704956	-0.93883187	0	0	0.34
9.020048007040251e-09	-0.116379604	0.062025953	-0.939424	0	0	0.34
9.030028549098312e-09	-0.099900216	0.066194646	-0.9393894	0	0	0.34
9.040050218876504e-09	-0.0996239	0.066445395	-0.9368058	0	0	0.34
9.050010869426245e-09	-0.110799946	0.072495684	-0.9358005	0	0	0.34
9.060061721821024e-09	-0.10825075	0.09526023	-0.9314619	0	0	0.34
9.070002332363073e-09	-0.08876293	0.09562963	-0.93640107	0	0	0.34
9.080005735597333e-09	-0.06714505	0.11015733	-0.9371731	0	0	0.34
9.090062200993863e-09	-0.048712227	0.10680535	-0.9435267	0	0	0.34
9.100050856238779e-09	-0.03910668	0.11785017	-0.9413001	0	0	0.34
9.110056862141604e-09	-0.039483067	0.0977639	-0.9424545	0	0	0.34
9.120012019708297e-09	-0.031149052	0.0937212	-0.9416301	0	0	0.34
9.130022652340906e-09	-0.0057998947	0.09445137	-0.9444347	0	0	0.34
9.140043741001103e-09	-0.00026018397	0.085859336	-0.94152397	0	0	0.34
9.150040384828987e-09	0.011315062	0.072817735	-0.94000137	0	0	0.34
9.160029580669898e-09	0.022505337	0.06256064	-0.9399678	0	0	0.34
9.170021640796989e-09	0.027693585	0.082890384	-0.935432	0	0	0.34
9.180007671955228e-09	0.036896586	0.07898484	-0.92745674	0	0	0.34
9.190053264018246e-09	0.027040904	0.08201618	-0.9246359	0	0	0.34
9.200030383662665e-09	0.036443535	0.06279794	-0.92750895	0	0	0.34
9.210061525465118e-09	0.04573354	0.05927428	-0.9262659	0	0	0.34
9.220022528988015e-09	0.050845284	0.06426588	-0.930399	0	0	0.34
9.230025341704968e-09	0.051977374	0.05185979	-0.9348815	0	0	0.34
9.240034911058713e-09	0.055464093	0.043014724	-0.9397915	0	0	0.34
9.250002390263496e-09	0.070539996	0.054660983	-0.9387964	0	0	0.34
9.260034144458792e-09	0.0803027	0.040402632	-0.9334329	0	0	0.34
9.27000396371672e-09	0.0807403	0.03212936	-0.9302838	0	0	0.34
9.280061305364067e-09	0.08926346	0.030136604	-0.930074	0	0	0.34
9.290025501331877e-09	0.09243507	0.020706564	-0.92949104	0	0	0.34
9.300017812788678e-09	0.0918326	0.020458268	-0.9287455	0	0	0.34
9.310039180136387e-09	0.08517792	0.020509992	-0.92843693	0	0	0.34
9.32003040636644e-09	0.11273434	0.029679256	-0.9292476	0	0	0.34
9.330028916167759e-09	0.10840123	0.0364422	-0.93159574	0	0	0.34
9.340004873511433e-09	0.102370635	0.022578817	-0.9349555	0	0	0.34
9.350013038402305e-09	0.099902414	0.021713976	-0.93594813	0	0	0.34
9.360010098001914e-09	0.09861827	0.022119226	-0.93478966	0	0	0.34
9.370017701910755e-09	0.09923788	-0.0014007408	-0.92772055	0	0	0.34
9.38001549609246e-09	0.09642217	-0.0036375346	-0.9237014	0	0	0.34
9.390060118262025e-09	0.08338608	-0.0046797786	-0.91817605	0	0	0.34
9.400001921726123e-09	0.0828993	0.0034994327	-0.9195925	0	0	0.34
9.41001828729527e-09	0.08318551	-0.010981818	-0.9228344	0	0	0.34
9.420064062634448e-09	0.084671	-0.011683629	-0.9243182	0	0	0.34
9.43002828828741e-09	0.07647261	-0.031486697	-0.92994577	0	0	0.34
9.440032320719567e-09	0.0964582	-0.057630774	-0.92871034	0	0	0.34
9.450039624989761e-09	0.09038918	-0.053452674	-0.9267106	0	0	0.34
9.460033769875868e-09	0.07263496	-0.06672049	-0.92419	0	0	0.34
9.47001976601212e-09	0.06076627	-0.0734459	-0.92169166	0	0	0.34
9.480009524923775e-09	0.066918194	-0.09294388	-0.91692	0	0	0.34
9.49000178034688e-09	0.034210008	-0.10250616	-0.9224746	0	0	0.34
9.500060785603423e-09	0.01117656	-0.10388832	-0.9227165	0	0	0.34
9.510005447653484e-09	-0.0020323691	-0.10038735	-0.93209374	0	0	0.34
9.520054692310517e-09	-0.0029286423	-0.09373683	-0.93252265	0	0	0.34
9.53004119617057e-09	-0.017980553	-0.09215942	-0.9312741	0	0	0.34
9.540053614776634e-09	-0.032861497	-0.08020348	-0.93613595	0	0	0.34
9.55005490927038e-09	-0.037511684	-0.08254145	-0.9306372	0	0	0.34
9.560047858530112e-09	-0.027958142	-0.08760381	-0.9267317	0	0	0.34
9.570032389535897e-09	-0.019817982	-0.09212678	-0.9278421	0	0	0.34
9.580039410516566e-09	-0.026664944	-0.09095681	-0.9305356	0	0	0.34
9.59006535334983e-09	-0.043206576	-0.093459696	-0.93678504	0	0	0.34
9.600016256159138e-09	-0.057499908	-0.09854803	-0.94151646	0	0	0.34
9.61002561043843e-09	-0.07535059	-0.07841997	-0.944141	0	0	0.34
9.620006520884016e-09	-0.07544798	-0.06775855	-0.945873	0	0	0.34
9.630064386269101e-09	-0.06968121	-0.06269444	-0.94579077	0	0	0.34
9.640028373153403e-09	-0.066308394	-0.056464866	-0.9449791	0	0	0.34
9.650044922723219e-09	-0.08399925	-0.053110328	-0.94201195	0	0	0.34
9.660057349268805e-09	-0.10381933	-0.03917928	-0.94109267	0	0	0.34
9.670034222495864e-09	-0.10797796	-0.027571285	-0.93885165	0	0	0.34
9.68001220048581e-09	-0.123358056	-0.02972975	-0.93339574	0	0	0.34
9.690042469495236e-09	-0.1534415	-0.016958207	-0.9212673	0	0	0.34
9.70005555262894e-09	-0.16411042	0.012529667	-0.9245327	0	0	0.34
9.71005848106585e-09	-0.16272299	0.029330881	-0.9276132	0	0	0.34
9.72002915309512e-09	-0.16353321	0.05382972	-0.9289166	0	0	0.34
9.730037687334004e-09	-0.1418463	0.051474497	-0.93163866	0	0	0.34
9.74004881892975e-09	-0.1317666	0.07872753	-0.9319458	0	0	0.34
9.750017089231728e-09	-0.108208135	0.105334915	-0.9295663	0	0	0.34
9.760019439734857e-09	-0.08017705	0.11890598	-0.93385786	0	0	0.34
9.770016664030132e-09	-0.051869586	0.13217779	-0.93705684	0	0	0.34
9.780030240691873e-09	-0.03825053	0.13310787	-0.93617374	0	0	0.34
9.790049984105863e-09	-0.04839493	0.13354859	-0.93432164	0	0	0.34
9.800010393125353e-09	-0.046146795	0.1475655	-0.9332716	0	0	0.34
9.810040397570221e-09	-0.048128296	0.17317234	-0.93065953	0	0	0.34
9.820047269969747e-09	-0.03238859	0.19674933	-0.9292881	0	0	0.34
9.830034522039199e-09	-0.008027711	0.21759202	-0.93028384	0	0	0.34
9.840040214381733e-09	0.033116877	0.19986436	-0.934516	0	0	0.34
9.850045104522651e-09	0.058796555	0.17769365	-0.93099374	0	0	0.34
9.860047434534652e-09	0.06567255	0.14561835	-0.93580335	0	0	0.34
9.870018201780151e-09	0.07011348	0.15365379	-0.9311352	0	0	0.34
9.880030367796856e-09	0.075737506	0.16629657	-0.9302985	0	0	0.34
9.890005981218522e-09	0.09170317	0.17897715	-0.9281269	0	0	0.34
9.900057033472118e-09	0.11747146	0.18173209	-0.92921305	0	0	0.34
9.910050210459964e-09	0.15757824	0.17797007	-0.92457265	0	0	0.34
9.920060241349715e-09	0.18270735	0.1532041	-0.9244169	0	0	0.34
9.93005010234334e-09	0.19977923	0.10420804	-0.9280566	0	0	0.34
9.940057437156955e-09	0.19983585	0.077528596	-0.926647	0	0	0.34
9.95000881972578e-09	0.19107807	0.07238798	-0.9284043	0	0	0.34
9.960067046936378e-09	0.2009713	0.03893734	-0.9296854	0	0	0.34
9.970038640341142e-09	0.2139906	0.0062397406	-0.92707014	0	0	0.34
9.980037472321648e-09	0.22689313	-0.00614318	-0.92565316	0	0	0.34
9.990034230549426e-09	0.22193901	-0.028089823	-0.92761713	0	0	0.34
1e-08	0.23239689	-0.04593865	-0.9276049	0	0	0.34
