# t (s)	mx ()	my ()	mz ()	B_extx (T)	B_exty (T)	B_extz (T)
0	0	0	-1	0	0	0.3675
1.0031499622217725e-11	-0.004078894	0.014753962	-0.9744469	0	0	0.3675
2.006490222979097e-11	-0.012402669	0.010129959	-0.9692616	0	0	0.3675
3.002874065820084e-11	-0.004015582	0.0067974944	-0.9658535	0	0	0.3675
4.004257638151953e-11	-0.0068539972	0.011086176	-0.9604846	0	0	0.3675
5.000018602123032e-11	-0.023738716	0.0013095898	-0.9598595	0	0	0.3675
6.003929408690743e-11	-0.017170805	-5.2781234e-05	-0.960333	0	0	0.3675
7.004693546971654e-11	0.0038498512	0.009960905	-0.9574254	0	0	0.3675
8.00445531900444e-11	0.011506078	0.017083365	-0.959623	0	0	0.3675
9.00520104955942e-11	0.026061274	0.022730915	-0.95835894	0	0	0.3675
1.0002188049329642e-10	0.017496688	0.017210769	-0.95817333	0	0	0.3675
1.1000024637250337e-10	0.031241551	0.001229514	-0.95935607	0	0	0.3675
1.2001503470044724e-10	0.011735679	-0.0015617817	-0.9569894	0	0	0.3675
1.3003008584266668e-10	0.023192735	0.004843378	-0.9576607	0	0	0.3675
1.4002559800624267e-10	0.03841325	0.003996913	-0.95914006	0	0	0.3675
1.5003228634924888e-10	0.021733744	-0.010576537	-0.95543605	0	0	0.3675
1.6000980806136376e-10	0.028915795	-0.008160302	-0.95285183	0	0	0.3675
1.7003849713483894e-10	0.032567132	-0.019230396	-0.95222855	0	0	0.3675
1.8005105897364878e-10	0.028228687	-0.021969171	-0.95888275	0	0	0.3675
1.900040868577463e-10	0.019991182	-0.017915396	-0.9601218	0	0	0.3675
2.0000814505000374e-10	0.024743099	-0.03629769	-0.9523903	0	0	0.3675
2.1003562133305926e-10	0.018181195	-0.040766772	-0.9547387	0	0	0.3675
2.2002993285323802e-10	0.02010814	-0.031468127	-0.95532435	0	0	0.3675
2.3002226535436596e-10	0.019779861	-0.009836903	-0.95847654	0	0	0.3675
2.4005367105855815e-10	0.027796041	-0.01017107	-0.95872414	0	0	0.3675
2.5002400008955193e-10	0.03310693	-0.022051103	-0.9552315	0	0	0.3675
2.6002940488276045e-10	0.039878488	-0.022330074	-0.9509045	0	0	0.3675
2.7003679808522303e-10	0.018930014	-0.027417846	-0.9542528	0	0	0.3675
2.800463124271915e-10	0.014074259	-0.037848417	-0.9538805	0	0	0.3675
2.900181215073988e-10	-0.0018233771	-0.039563105	-0.95303637	0	0	0.3675
3.000322470869301e-10	0.005379356	-0.021495773	-0.95015365	0	0	0.3675
3.1002206502507833e-10	0.009667218	-0.019109087	-0.9512811	0	0	0.3675
3.2001466835688754e-10	-0.0077647483	-0.023059307	-0.95274377	0	0	0.3675
3.300536344085854e-10	0.0032699849	-0.0098824715	-0.95375615	0	0	0.3675
3.4001311272698204e-10	0.014345974	-0.027700542	-0.9580299	0	0	0.3675
3.500573821246176e-10	-0.008239639	-0.030876493	-0.9571098	0	0	0.3675
3.600514098450625e-10	-0.019949904	-0.011906354	-0.9577043	0	0	0.3675
3.700564614896413e-10	-0.015267256	-0.014574662	-0.95928556	0	0	0.3675
3.8001760158279424e-10	-0.018147111	0.00031564388	-0.9607766	0	0	0.3675
3.9000537070618253e-10	-0.006967344	0.007960087	-0.95771945	0	0	0.3675
4.000278288007716e-10	-0.009208186	0.008443488	-0.957962	0	0	0.3675
4.1001760369162746e-10	-0.0011030441	-0.008529961	-0.9595818	0	0	0.3675
4.2000328211721534e-10	-0.0020725832	0.012066161	-0.9579935	0	0	0.3675
4.30007808287815e-10	0.0182036	0.024556465	-0.9532077	0	0	0.3675
4.4006114003769875e-10	0.0086829625	0.025245292	-0.95627236	0	0	0.3675
4.500448992285616e-10	0.012674358	0.05138123	-0.95505613	0	0	0.3675
4.6002347294382447e-10	0.0146784065	0.04330216	-0.95467556	0	0	0.3675
4.700374270139876e-10	0.025160845	0.035783157	-0.95290333	0	0	0.3675
4.800210799120271e-10	0.031088391	0.028435346	-0.95437336	0	0	0.3675
4.900194017355057e-10	0.029832581	0.009282739	-0.95563096	0	0	0.3675
5.000553469598791e-10	0.009347686	0.026501745	-0.9547234	0	0	0.3675
5.100614988823083e-10	0.009848287	0.03259437	-0.957097	0	0	0.3675
5.200229430838048e-10	0.010889594	0.04151769	-0.9598823	0	0	0.3675
5.300414680448854e-10	0.0039856117	0.040774424	-0.9561371	0	0	0.3675
5.400194494110052e-10	0.01953554	0.05853775	-0.9572506	0	0	0.3675
5.500454051379216e-10	0.018207408	0.055551425	-0.95534635	0	0	0.3675
5.600199807287635e-10	0.023919366	0.040686145	-0.9558773	0	0	0.3675
5.700608188841828e-10	0.013474195	0.04178826	-0.9532125	0	0	0.3675
5.800148563902281e-10	0.0043473667	0.023236088	-0.95411515	0	0	0.3675
5.900562815985603e-10	0.0053029493	0.020154513	-0.956351	0	0	0.3675
6.000421130002011e-10	-0.013358544	0.024338158	-0.9559896	0	0	0.3675
6.10000467914051e-10	0.01552159	0.03470621	-0.95433885	0	0	0.3675
6.200204362801205e-10	0.016379014	0.041829016	-0.95353353	0	0	0.3675
6.300237898778527e-10	0.018346699	0.046364933	-0.95213294	0	0	0.3675
6.400021339802178e-10	0.031291418	0.05137733	-0.95087427	0	0	0.3675
6.500619747428391e-10	0.035622478	0.055553783	-0.9502241	0	0	0.3675
6.60024433377862e-10	0.03165	0.033630405	-0.95170546	0	0	0.3675
6.700431483402867e-10	0.011911227	0.022550115	-0.95188713	0	0	0.3675
6.800057650940159e-10	-0.0014990891	0.01842372	-0.9522245	0	0	0.3675
6.900613287132563e-10	-0.007790838	0.022786975	-0.9533849	0	0	0.3675
7.000574924266544e-10	-0.012828385	0.035268065	-0.9535966	0	0	0.3675
7.100104373720066e-10	0.011483985	0.04203941	-0.95415336	0	0	0.3675
7.200207914790104e-10	0.028436655	0.050515287	-0.95052606	0	0	0.3675
7.300165691826924e-10	0.03919152	0.047086325	-0.9542708	0	0	0.3675
7.400284560350418e-10	0.036374256	0.03452363	-0.9505166	0	0	0.3675
7.50059142104959e-10	0.017097313	0.040649947	-0.94843996	0	0	0.3675
7.600385507065185e-10	0.019817846	0.04447653	-0.9460659	0	0	0.3675
7.700113424600488e-10	0.02972065	0.060459465	-0.94334036	0	0	0.3675
7.800572593143954e-10	0.027449284	0.0551304	-0.94639325	0	0	0.3675
7.900297446052866e-10	0.05068603	0.073986046	-0.94477344	0	0	0.3675
8.000076857766863e-10	0.059754394	0.06980728	-0.9464588	0	0	0.3675
8.100631476913134e-10	0.080219604	0.0465229	-0.94617337	0	0	0.3675
8.200231706949833e-10	0.064729415	0.03691671	-0.9386913	0	0	0.3675
8.300191653166243e-10	0.072259136	0.024386503	-0.9355509	0	0	0.3675
8.400544546616698e-10	0.08065072	0.025204035	-0.93258023	0	0	0.3675
8.500300202687177e-10	0.08130947	0.020200444	-0.9313604	0	0	0.3675
8.600310166152263e-10	0.08327651	0.026230283	-0.9323868	0	0	0.3675
8.700000266688559e-10	0.10105047	0.037529424	-0.9300071	0	0	0.3675
8.800200354817279e-10	0.114368364	0.033114	-0.9284829	0	0	0.3675
8.900398775283916e-10	0.10315342	0.011313614	-0.9305632	0	0	0.3675
9.000307137115571e-10	0.117479764	0.0043178685	-0.93583274	0	0	0.3675
9.100238950798287e-10	0.119083084	-0.016008485	-0.94001204	0	0	0.3675
9.200430499700683e-10	0.12234249	-0.032758724	-0.9390902	0	0	0.3675
9.300616307508135e-10	0.111349225	-0.040503122	-0.9410256	0	0	0.3675
9.400546211993356e-10	0.09870433	-0.046433832	-0.9414758	0	0	0.3675
9.50024529362688e-10	0.097343795	-0.04530855	-0.9393706	0	0	0.3675
9.60003081536521e-10	0.096733	-0.046968546	-0.93767273	0	0	0.3675
9.700496898886297e-10	0.093317285	-0.05283883	-0.9372604	0	0	0.3675
9.800154979141256e-10	0.11097934	-0.061608903	-0.93363553	0	0	0.3675
9.900536413178062e-10	0.10371241	-0.054023664	-0.9400629	0	0	0.3675
1.0000461918591119e-09	0.09078206	-0.06906392	-0.9440696	0	0	0.3675
1.0100194110361563e-09	0.08798766	-0.060057834	-0.94223046	0	0	0.3675
1.020032209091017e-09	0.07212093	-0.052994046	-0.9435021	0	0	0.3675
1.0300553150244783e-09	0.07344055	-0.042764783	-0.9411048	0	0	0.3675
1.0400221007358555e-09	0.06017313	-0.037052605	-0.94614714	0	0	0.3675
1.0500225640014536e-09	0.07812753	-0.03949705	-0.94488716	0	0	0.3675
1.0600504091331743e-09	0.06828211	-0.055379614	-0.94289273	0	0	0.3675
1.0700487799473681e-09	0.058092564	-0.06718343	-0.9380424	0	0	0.3675
1.0800379662445216e-09	0.04062446	-0.06555887	-0.9378887	0	0	0.3675
1.0900429424953218e-09	0.024023121	-0.0697815	-0.94468844	0	0	0.3675
1.1000306675839713e-09	0.0075866436	-0.0712841	-0.9454723	0	0	0.3675
1.1100635152023197e-09	-0.0045179077	-0.0669742	-0.94023716	0	0	0.3675
1.1200380492117901e-09	0.006329769	-0.054033734	-0.9407482	0	0	0.3675
1.1300554704993359e-09	-0.008097364	-0.0461679	-0.93623465	0	0	0.3675
1.1400460895041966e-09	-0.008852269	-0.044372942	-0.9440907	0	0	0.3675
1.1500203096057052e-09	-0.00997591	-0.04840701	-0.94113594	0	0	0.3675
1.1600294037139495e-09	-0.02708256	-0.06720976	-0.9350834	0	0	0.3675
1.1700259196215274e-09	-0.054270577	-0.08432573	-0.93046606	0	0	0.3675
1.1800260542841015e-09	-0.07159556	-0.09109552	-0.931708	0	0	0.3675
1.190017092779474e-09	-0.097201325	-0.083835445	-0.9281096	0	0	0.3675
1.2000074770672446e-09	-0.09654084	-0.06632419	-0.9316304	0	0	0.3675
1.210015882149621e-09	-0.09931682	-0.06071567	-0.93030083	0	0	0.3675
1.2200611699297602e-09	-0.09890196	-0.043056816	-0.92685837	0	0	0.3675
1.230019923530615e-09	-0.110397115	-0.05453804	-0.9245253	0	0	0.3675
1.2400480004719624e-09	-0.13637544	-0.056733586	-0.9262347	0	0	0.3675
1.2500523718729047e-09	-0.1364763	-0.04540364	-0.93045557	0	0	0.3675
1.2600489436825775e-09	-0.14163966	-0.009443637	-0.9343416	0	0	0.3675
1.2700151947106087e-09	-0.1466779	0.007625016	-0.9321911	0	0	0.3675
1.2800026806528784e-09	-0.1362636	0.012193672	-0.9325127	0	0	0.3675
1.2900152301117156e-09	-0.14578544	0.028764002	-0.9320134	0	0	0.3675
1.3000511217929215e-09	-0.1296811	0.022188429	-0.9313449	0	0	0.3675
1.31000816631536e-09	-0.14454502	0.02141886	-0.9327406	0	0	0.3675
1.3200397053101703e-09	-0.15663739	0.035864927	-0.92985815	0	0	0.3675
1.330020663948102e-09	-0.13789679	0.047989503	-0.92744744	0	0	0.3675
1.340061076873372e-09	-0.13461316	0.07167205	-0.9277323	0	0	0.3675
1.3500115553719368e-09	-0.12075772	0.08357923	-0.93189514	0	0	0.3675
1.3600232216757473e-09	-0.09560362	0.08539257	-0.9291457	0	0	0.3675
1.370021299531768e-09	-0.0808884	0.08824863	-0.92915064	0	0	0.3675
1.3800372192357115e-09	-0.05782205	0.10647892	-0.9295916	0	0	0.3675
1.3900314278924195e-09	-0.057090487	0.11322061	-0.9281886	0	0	0.3675
1.4000581549445623e-09	-0.04212022	0.12043092	-0.93250006	0	0	0.3675
1.4100663762583257e-09	-0.039871935	0.11583552	-0.9369806	0	0	0.3675
1.4200047771481898e-09	-0.037883263	0.12915245	-0.9348434	0	0	0.3675
1.4300606068894592e-09	-0.040036853	0.1408104	-0.9370802	0	0	0.3675
1.4400548426508223e-09	-0.02867984	0.1464492	-0.9346003	0	0	0.3675
1.4500421472866103e-09	-0.027750868	0.15366584	-0.93202925	0	0	0.3675
1.4600236876359608e-09	-0.02312004	0.14974113	-0.9353215	0	0	0.3675
1.4700101794033523e-09	-0.0059355656	0.1492389	-0.93449926	0	0	0.3675
1.4800593413142193e-09	-0.0027295887	0.1307333	-0.9399472	0	0	0.3675
1.4900078830384532e-09	0.012023998	0.10720594	-0.94248956	0	0	0.3675
1.5000413332674177e-09	0.021068536	0.10520158	-0.9384501	0	0	0.3675
1.5100159767351944e-09	0.01939789	0.122036375	-0.9426696	0	0	0.3675
1.5200372161649771e-09	0.014722869	0.11320197	-0.94171786	0	0	0.3675
1.5300052847428566e-09	0.034992646	0.13132341	-0.9428925	0	0	0.3675
1.5400594384338908e-09	0.048431665	0.1452864	-0.93930805	0	0	0.3675
1.5500300724550995e-09	0.07124523	0.13778429	-0.936982	0	0	0.3675
1.5600006638308802e-09	0.0863897	0.13538148	-0.9341171	0	0	0.3675
1.5700448837513047e-09	0.0860511	0.12019463	-0.93426627	0	0	0.3675
1.5800630411863099e-09	0.09918388	0.09820768	-0.9372616	0	0	0.3675
1.5900531685677555e-09	0.09157007	0.06989073	-0.93398374	0	0	0.3675
1.6000554679048504e-09	0.095872805	0.06587756	-0.92980534	0	0	0.3675
1.6100426798381788e-09	0.09197414	0.059838675	-0.9308477	0	0	0.3675
1.6200602154145258e-09	0.09868545	0.07356883	-0.9341984	0	0	0.3675
1.6300538312925196e-09	0.1275499	0.07451571	-0.9329839	0	0	0.3675
1.6400041058110027e-09	0.12701398	0.056722082	-0.93719953	0	0	0.3675
1.6500359339740326e-09	0.14160644	0.05290474	-0.93351793	0	0	0.3675
1.6600388098931054e-09	0.13873811	0.032267366	-0.9288223	0	0	0.3675
1.6700555174821239e-09	0.13437493	0.006792725	-0.92615557	0	0	0.3675
1.6800194085277672e-09	0.14578912	0.0044437796	-0.9144118	0	0	0.3675
1.6900146628953763e-09	0.13314714	-0.011756897	-0.9189769	0	0	0.3675
1.7000269195491116e-09	0.13421902	0.0048451447	-0.91933405	0	0	0.3675
1.7100124800843543e-09	0.1337458	0.008488358	-0.9186809	0	0	0.3675
1.7200420208712558e-09	0.14539804	0.011126877	-0.9183876	0	0	0.3675
1.7300210864350254e-09	0.15876302	0.022755982	-0.92100865	0	0	0.3675
1.7400365945302552e-09	0.15863785	0.02300681	-0.9267152	0	0	0.3675
1.7500131170145419e-09	0.16929987	-0.0021126182	-0.9303359	0	0	0.3675
1.7600057813070771e-09	0.16014265	-0.048029214	-0.9298484	0	0	0.3675
1.770033855396052e-09	0.14776173	-0.056763463	-0.93052566	0	0	0.3675
1.780060967652094e-09	0.13513818	-0.06941399	-0.92091167	0	0	0.3675
1.7900106824096832e-09	0.121344656	-0.06708081	-0.9236847	0	0	0.3675
1.8000045948737467e-09	0.13527066	-0.066668704	-0.921421	0	0	0.3675
1.810005329355827e-09	0.13317417	-0.058517136	-0.91970193	0	0	0.3675
1.8200579175708684e-09	0.13489267	-0.06919459	-0.92475975	0	0	0.3675
1.8300230378910079e-09	0.15363134	-0.08983159	-0.92255735	0	0	0.3675
1.840011168826905e-09	0.13655698	-0.1054878	-0.926825	0	0	0.3675
1.850047940490045e-09	0.13516831	-0.11617283	-0.9340399	0	0	0.3675
1.8600576167020169e-09	0.12394231	-0.1449905	-0.9303252	0	0	0.3675
1.8700037399920285e-09	0.08862135	-0.15444458	-0.93604904	0	0	0.3675
1.880052474191762e-09	0.076398805	-0.15123357	-0.93281245	0	0	0.3675
1.8900421297976683e-09	0.06054223	-0.14683393	-0.9353295	0	0	0.3675
1.900012956603267e-09	0.054344703	-0.1447532	-0.93299586	0	0	0.3675
1.9100055153711945e-09	0.039901193	-0.1547237	-0.9286792	0	0	0.3675
1.920003060399245e-09	0.043336976	-0.15950263	-0.92839855	0	0	0.3675
1.9300275657666376e-09	0.03657592	-0.16911162	-0.92361844	0	0	0.3675
1.9400313306599573e-09	0.026799433	-0.16522579	-0.92545193	0	0	0.3675
1.950052685086309e-09	0.010789186	-0.17731935	-0.9197797	0	0	0.3675
1.9600319886872713e-09	-0.013963127	-0.16894917	-0.9239	0	0	0.3675
1.9700122093900073e-09	-0.034074727	-0.16391683	-0.9205006	0	0	0.3675
1.9800333923050586e-09	-0.036574405	-0.16169941	-0.9164805	0	0	0.3675
1.9900053611259862e-09	-0.05950239	-0.15625943	-0.9174964	0	0	0.3675
2.0000178282542125e-09	-0.049767423	-0.15758142	-0.92583126	0	0	0.3675
2.010032522780365e-09	-0.04170134	-0.15739068	-0.93171656	0	0	0.3675
2.020028508629373e-09	-0.04737591	-0.16816472	-0.9248105	0	0	0.3675
2.030021491564907e-09	-0.03451679	-0.18321194	-0.9248846	0	0	0.3675
2.040036360733499e-09	-0.031187372	-0.17355324	-0.9243959	0	0	0.3675
2.0500364301708952e-09	-0.06432721	-0.1554181	-0.9203999	0	0	0.3675
2.060012488609002e-09	-0.074692294	-0.14640117	-0.9171467	0	0	0.3675
2.0700329535043675e-09	-0.08433878	-0.13178235	-0.92096746	0	0	0.3675
2.080044627157724e-09	-0.09202104	-0.12386641	-0.92030334	0	0	0.3675
2.090007114034791e-09	-0.08773803	-0.13541965	-0.91692376	0	0	0.3675
2.100005244062649e-09	-0.075839385	-0.13214707	-0.91542375	0	0	0.3675
2.1100334262006244e-09	-0.0733056	-0.12553501	-0.92018265	0	0	0.3675
2.120000709521805e-09	-0.07207047	-0.12440733	-0.9283931	0	0	0.3675
2.1300514104542173e-09	-0.072642535	-0.12092077	-0.9318165	0	0	0.3675
2.140037880077309e-09	-0.092178196	-0.13756746	-0.92698014	0	0	0.3675
2.1500613903422308e-09	-0.108322255	-0.13744226	-0.9224176	0	0	0.3675
2.1600007716067846e-09	-0.11885192	-0.12618789	-0.92156416	0	0	0.3675
2.1700383277312726e-09	-0.13844234	-0.11270268	-0.91745234	0	0	0.3675
2.1800030475366392e-09	-0.15312752	-0.06996114	-0.9187696	0	0	0.3675
2.1900051782813846e-09	-0.14941116	-0.0432776	-0.91565794	0	0	0.3675
2.200002338111679e-09	-0.13170953	-0.024320966	-0.9210633	0	0	0.3675
2.2100464756692408e-09	-0.13042346	-0.010777105	-0.9205035	0	0	0.3675
2.2200438990437942e-09	-0.14412871	0.008379915	-0.9224088	0	0	0.3675
2.230011239990726e-09	-0.15911582	0.01653591	-0.9202679	0	0	0.3675
2.240029134823082e-09	-0.15822257	0.019354409	-0.9204993	0	0	0.3675
2.2500531640210686e-09	-0.17060865	0.022620033	-0.9177905	0	0	0.3675
2.260008418084522e-09	-0.18683307	0.01605846	-0.91318274	0	0	0.3675
2.2700283983010953e-09	-0.18313493	0.036204018	-0.92053825	0	0	0.3675
2.2800173186631266e-09	-0.17137814	0.050851844	-0.9176673	0	0	0.3675
2.2900134507941797e-09	-0.17107202	0.05565651	-0.91944474	0	0	0.3675
2.3000365272862672e-09	-0.16737637	0.066844754	-0.9218679	0	0	0.3675
2.310038148266117e-09	-0.14016654	0.06454976	-0.92047405	0	0	0.3675
2.320007311721222e-09	-0.13932654	0.05057388	-0.9275412	0	0	0.3675
2.3300497038917216e-09	-0.14458884	0.041092813	-0.92860854	0	0	0.3675
2.340030424294731e-09	-0.13909201	0.04752022	-0.9327924	0	0	0.3675
2.3500234947231163e-09	-0.13348168	0.046821717	-0.9311952	0	0	0.3675
2.3600445429616437e-09	-0.12805343	0.057638314	-0.93916416	0	0	0.3675
2.3700532060994147e-09	-0.12927464	0.057008244	-0.93447727	0	0	0.3675
2.3800484731972453e-09	-0.1126334	0.05976999	-0.93645024	0	0	0.3675
2.3900215998919587e-09	-0.12265962	0.07442712	-0.9357222	0	0	0.3675
2.400002042456201e-09	-0.11233538	0.082425214	-0.9356647	0	0	0.3675
2.410006723840878e-09	-0.09970394	0.063680924	-0.9321467	0	0	0.3675
2.4200587386297313e-09	-0.10487244	0.051047157	-0.93467116	0	0	0.3675
2.430056266805107e-09	-0.10539832	0.043920647	-0.9355144	0	0	0.3675
2.440058943079327e-09	-0.104928926	0.036616303	-0.93418336	0	0	0.3675
2.450054290589374e-09	-0.13130456	0.039861817	-0.93415827	0	0	0.3675
2.4600274811217985e-09	-0.13535814	0.05481146	-0.93113416	0	0	0.3675
2.4700045320217304e-09	-0.13222136	0.064295776	-0.93130445	0	0	0.3675
2.4800521020837037e-09	-0.10841594	0.06531167	-0.93577105	0	0	0.3675
2.4900294729168455e-09	-0.10576049	0.07344414	-0.93064624	0	0	0.3675
2.5000069113793026e-09	-0.10166642	0.08735621	-0.92897975	0	0	0.3675
2.5100584162433914e-09	-0.11323426	0.101102255	-0.9233702	0	0	0.3675
2.520020936850521e-09	-0.10149581	0.11391341	-0.92293763	0	0	0.3675
2.5300431975557465e-09	-0.09902894	0.10836886	-0.91523945	0	0	0.3675
2.5400008395418556e-09	-0.107279785	0.13040541	-0.9158146	0	0	0.3675
2.5500612797546823e-09	-0.09245632	0.14750774	-0.9158205	0	0	0.3675
2.560064064084847e-09	-0.09943509	0.1716729	-0.91519904	0	0	0.3675
2.5700261909023935e-09	-0.10016608	0.1864028	-0.9131437	0	0	0.3675
2.58004227693667e-09	-0.11768448	0.19362246	-0.9135527	0	0	0.3675
2.590027104403586e-09	-0.1015637	0.20012842	-0.9155342	0	0	0.3675
2.6000520659792432e-09	-0.08619641	0.21960953	-0.9146768	0	0	0.3675
2.6100230670904036e-09	-0.093517736	0.21716926	-0.91363704	0	0	0.3675
2.620064460041113e-09	-0.076477215	0.21733876	-0.91429925	0	0	0.3675
2.6300594007461307e-09	-0.085342035	0.22787115	-0.9107338	0	0	0.3675
2.6400172170012657e-09	-0.057750203	0.22669163	-0.90806496	0	0	0.3675
2.6500119713967763e-09	-0.06817728	0.22213675	-0.9061592	0	0	0.3675
2.6600626787712625e-09	-0.057190895	0.24514726	-0.9029221	0	0	0.3675
2.6700123005755207e-09	-0.060246218	0.2614353	-0.9016291	0	0	0.3675
2.6800310762360475e-09	-0.03560145	0.26126	-0.9030975	0	0	0.3675
2.690007765841066e-09	-0.027480282	0.25787824	-0.9063862	0	0	0.3675
2.700001295260349e-09	-0.028539306	0.26297814	-0.90883064	0	0	0.3675
2.7100503868543546e-09	-0.011622023	0.28500947	-0.90436214	0	0	0.3675
2.720033063232174e-09	-0.014343621	0.26391074	-0.906601	0	0	0.3675
2.7300330640015593e-09	-0.004132225	0.2673897	-0.90630066	0	0	0.3675
2.7400340156349193e-09	0.014598742	0.25202882	-0.908085	0	0	0.3675
2.7500177561402106e-09	0.005908473	0.2640654	-0.9040395	0	0	0.3675
2.760026038365243e-09	0.0065394277	0.26771542	-0.9021197	0	0	0.3675
2.7700355469556642e-09	-0.001922911	0.26331058	-0.9035118	0	0	0.3675
2.780057137847012e-09	-0.0031429946	0.26544523	-0.9001784	0	0	0.3675
2.790054775137143e-09	-0.00034323818	0.29544514	-0.8862668	0	0	0.3675
2.800002672560167e-09	0.00990453	0.28875503	-0.89159226	0	0	0.3675
2.8100379547753626e-09	0.017383896	0.31090537	-0.8791832	0	0	0.3675
2.8200236950111735e-09	0.017522037	0.29844913	-0.87796664	0	0	0.3675
2.8300415638893534e-09	0.015476809	0.30404246	-0.8780426	0	0	0.3675
2.8400643579540554e-09	0.018660381	0.28976357	-0.8809542	0	0	0.3675
2.850009959843046e-09	0.04346996	0.2751019	-0.882461	0	0	0.3675
2.8600554084826395e-09	0.03331301	0.25305727	-0.8795118	0	0	0.3675
2.870057272488554e-09	-0.000120496516	0.24232808	-0.8768655	0	0	0.3675
2.880005204674299e-09	-0.021344354	0.22667277	-0.88177663	0	0	0.3675
2.8900029659172056e-09	-0.010242603	0.22641878	-0.8856049	0	0	0.3675
2.9000205943811688e-09	-0.02075299	0.24830252	-0.88808805	0	0	0.3675
2.9100352191458188e-09	-0.015110897	0.23948352	-0.8992614	0	0	0.3675
2.920049817184787e-09	-0.01606829	0.23824881	-0.9021817	0	0	0.3675
2.9300552453248135e-09	-0.012787194	0.22128725	-0.91037196	0	0	0.3675
2.9400108563995832e-09	0.0120092025	0.21802476	-0.9093401	0	0	0.3675
2.950045091838275e-09	0.009494528	0.20484287	-0.90996397	0	0	0.3675
2.960026828838815e-09	0.018597892	0.20589153	-0.9045006	0	0	0.3675
2.9700652973109595e-09	0.0153002385	0.18904056	-0.9050714	0	0	0.3675
2.98003131745841e-09	-0.0081483815	0.18604176	-0.9019004	0	0	0.3675
2.9900095162242725e-09	-0.022635883	0.19594024	-0.9065948	0	0	0.3675
3.000050254765625e-09	-0.011793766	0.19957429	-0.9086203	0	0	0.3675
3.010062376761462e-09	-0.0045272093	0.20080926	-0.90441555	0	0	0.3675
3.020055407894541e-09	0.027039275	0.20702456	-0.9024034	0	0	0.3675
3.0300561223498967e-09	0.061532363	0.1911031	-0.9027043	0	0	0.3675
3.040053242947644e-09	0.091806166	0.17685755	-0.8956028	0	0	0.3675
3.050024918279434e-09	0.091510594	0.1682324	-0.89853793	0	0	0.3675
3.060028230046069e-09	0.086847775	0.16385022	-0.8960133	0	0	0.3675
3.0700077880354156e-09	0.0813301	0.15721348	-0.90073675	0	0	0.3675
3.0800259629657167e-09	0.067883424	0.1621957	-0.90372556	0	0	0.3675
3.0900316203721818e-09	0.059422445	0.15887031	-0.90641433	0	0	0.3675
3.100050541830074e-09	0.053613935	0.17078498	-0.9077741	0	0	0.3675
3.1100600918404054e-09	0.05221124	0.16706547	-0.91239697	0	0	0.3675
3.120036411970371e-09	0.07232201	0.16175956	-0.91321164	0	0	0.3675
3.130017411367076e-09	0.1092854	0.16849074	-0.90320575	0	0	0.3675
3.140060090818078e-09	0.115888886	0.15308264	-0.90612656	0	0	0.3675
3.150021502433026e-09	0.124368474	0.13832267	-0.89830685	0	0	0.3675
3.1600028821610886e-09	0.1430169	0.13874185	-0.89569736	0	0	0.3675
3.1700465557384286e-09	0.14740592	0.12929605	-0.89954257	0	0	0.3675
3.1800568522454034e-09	0.13455382	0.13959919	-0.8978891	0	0	0.3675
3.190014414398014e-09	0.14260718	0.15380743	-0.89553314	0	0	0.3675
3.200027283609382e-09	0.1277034	0.17640465	-0.8955487	0	0	0.3675
3.210044188605976e-09	0.13272046	0.16768666	-0.9021492	0	0	0.3675
3.2200096909603046e-09	0.15440069	0.15190893	-0.9003802	0	0	0.3675
3.23003016074637e-09	0.15676276	0.12752865	-0.91027683	0	0	0.3675
3.240057595112851e-09	0.1606272	0.11748818	-0.91542906	0	0	0.3675
3.2500281984124866e-09	0.16113	0.100921385	-0.91765004	0	0	0.3675
3.2600141767872034e-09	0.14704303	0.111446604	-0.9236703	0	0	0.3675
3.270059401768453e-09	0.15028512	0.10855443	-0.92418665	0	0	0.3675
3.280010929221429e-09	0.1395727	0.10127133	-0.921002	0	0	0.3675
3.2900221209405806e-09	0.14473903	0.093802445	-0.9164891	0	0	0.3675
3.3000450466359533e-09	0.17471896	0.078931734	-0.91263354	0	0	0.3675
3.310022207310435e-09	0.18366185	0.07987991	-0.9122855	0	0	0.3675
3.320008211376649e-09	0.20152448	0.0772244	-0.9092156	0	0	0.3675
3.330046767604825e-09	0.21274582	0.048401047	-0.91087496	0	0	0.3675
3.3400122058682312e-09	0.22314091	0.035663836	-0.9076804	0	0	0.3675
3.3500189075911097e-09	0.22710125	0.01744188	-0.90855056	0	0	0.3675
3.3600597100331338e-09	0.23104241	-0.0057013514	-0.91187453	0	0	0.3675
3.370027654522902e-09	0.2335261	-0.02496741	-0.91247714	0	0	0.3675
3.380046656159714e-09	0.2176997	-0.019578023	-0.9179264	0	0	0.3675
3.3900444694121284e-09	0.22611907	-0.032616537	-0.9175974	0	0	0.3675
3.400029432370288e-09	0.2218669	-0.039129835	-0.91901547	0	0	0.3675
3.4100456627148265e-09	0.21344246	-0.026202979	-0.9220583	0	0	0.3675
3.4200038447457415e-09	0.22690101	-0.034194887	-0.9149432	0	0	0.3675
3.430051468445223e-09	0.21530715	-0.054704662	-0.9199532	0	0	0.3675
3.440021820240294e-09	0.20914903	-0.06567554	-0.91408116	0	0	0.3675
3.4500012286063187e-09	0.1842796	-0.0668461	-0.91570544	0	0	0.3675
3.4600457084216455e-09	0.17995632	-0.06543088	-0.91192925	0	0	0.3675
3.4700408262208967e-09	0.1727393	-0.06920215	-0.9168175	0	0	0.3675
3.480064391445634e-09	0.19526102	-0.07090809	-0.91186523	0	0	0.3675
3.4900184395234062e-09	0.19577594	-0.06717112	-0.91249496	0	0	0.3675
3.500020885814317e-09	0.19771944	-0.06756704	-0.9120197	0	0	0.3675
3.5100019630272558e-09	0.17860183	-0.08060923	-0.9187556	0	0	0.3675
3.520056169744729e-09	0.16235964	-0.10320667	-0.9219482	0	0	0.3675
3.5300464959293387e-09	0.13851798	-0.10249229	-0.9302826	0	0	0.3675
3.54006536239242e-09	0.14265053	-0.11295557	-0.93074906	0	0	0.3675
3.550038348757149e-09	0.1370614	-0.13539384	-0.92673403	0	0	0.3675
3.5600009631410383e-09	0.11659069	-0.13899793	-0.92739785	0	0	0.3675
3.5700450809260685e-09	0.11826189	-0.14418598	-0.9221961	0	0	0.3675
3.5800432349431475e-09	0.08458534	-0.15422876	-0.9236811	0	0	0.3675
3.590004551901216e-09	0.07695817	-0.16089807	-0.92485994	0	0	0.3675
3.6000627866534972e-09	0.085470915	-0.1569728	-0.92514294	0	0	0.3675
3.6100590365328742e-09	0.08336378	-0.17863712	-0.918595	0	0	0.3675
3.620033096603968e-09	0.06996854	-0.1646963	-0.92129654	0	0	0.3675
3.63000990024868e-09	0.063643485	-0.17035984	-0.917843	0	0	0.3675
3.6400517468404226e-09	0.048143554	-0.17398049	-0.9201691	0	0	0.3675
3.6500035909990643e-09	0.023589896	-0.17555849	-0.92101324	0	0	0.3675
3.660016239838489e-09	0.02289577	-0.1829138	-0.92041945	0	0	0.3675
3.670024149649997e-09	0.0036559997	-0.18584965	-0.92484546	0	0	0.3675
3.6800392512428436e-09	-0.014642431	-0.18388566	-0.92607313	0	0	0.3675
3.69004528617988e-09	-0.018828029	-0.18771933	-0.9256497	0	0	0.3675
3.700004183184141e-09	-0.02645264	-0.18949106	-0.9240683	0	0	0.3675
3.710021925524524e-09	-0.035516392	-0.20174675	-0.9220883	0	0	0.3675
3.720041663333231e-09	-0.055613767	-0.21794324	-0.9177306	0	0	0.3675
3.730014227400921e-09	-0.09481556	-0.19112238	-0.9118981	0	0	0.3675
3.7400029353396224e-09	-0.09147163	-0.18724509	-0.90327513	0	0	0.3675
3.750011602692013e-09	-0.10024384	-0.19509749	-0.90341425	0	0	0.3675
3.760016248765096e-09	-0.098018184	-0.1789646	-0.90099	0	0	0.3675
3.77000943711545e-09	-0.085892476	-0.1805621	-0.907556	0	0	0.3675
3.780036594553932e-09	-0.074442826	-0.169796	-0.9127322	0	0	0.3675
3.79004787183155e-09	-0.08440697	-0.17793316	-0.9141809	0	0	0.3675
3.800022005872508e-09	-0.08463654	-0.15719965	-0.9116117	0	0	0.3675
3.810024614049149e-09	-0.08362872	-0.1489969	-0.91139156	0	0	0.3675
3.820017336602953e-09	-0.068169184	-0.15143752	-0.917996	0	0	0.3675
3.830055475860189e-09	-0.05194498	-0.13773467	-0.92205346	0	0	0.3675
3.840041440556408e-09	-0.05931323	-0.143184	-0.9238914	0	0	0.3675
3.850056225411138e-09	-0.059415102	-0.14588791	-0.9265488	0	0	0.3675
3.860041361730945e-09	-0.10039632	-0.14960654	-0.92816055	0	0	0.3675
3.870061458274467e-09	-0.099964336	-0.13498877	-0.927582	0	0	0.3675
3.8800002345643274e-09	-0.087086886	-0.112760894	-0.92332613	0	0	0.3675
3.8900609458686555e-09	-0.10198695	-0.09973331	-0.9262361	0	0	0.3675
3.900044048289361e-09	-0.10627627	-0.10246475	-0.9235598	0	0	0.3675
3.910048437505437e-09	-0.089269914	-0.08827245	-0.9163824	0	0	0.3675
3.920031252082137e-09	-0.07270832	-0.08443382	-0.91570616	0	0	0.3675
3.9300060028308955e-09	-0.06548954	-0.103891484	-0.9150574	0	0	0.3675
3.940001012760542e-09	-0.082135014	-0.11985117	-0.9154089	0	0	0.3675
3.950061385070035e-09	-0.09888076	-0.119846344	-0.91555905	0	0	0.3675
3.960000451616762e-09	-0.13222732	-0.09773038	-0.91836524	0	0	0.3675
3.970060092024695e-09	-0.13157314	-0.057391886	-0.9258107	0	0	0.3675
3.980013453933091e-09	-0.1303703	-0.060668956	-0.9293362	0	0	0.3675
3.990023766793795e-09	-0.13604583	-0.057367552	-0.9361192	0	0	0.3675
4.0000398817142715e-09	-0.15047656	-0.041385435	-0.9368474	0	0	0.3675
4.010048461304558e-09	-0.15528016	-0.049662624	-0.9365178	0	0	0.3675
4.020001599989544e-09	-0.15500362	-0.038954936	-0.9335592	0	0	0.3675
4.0300135604576885e-09	-0.18271038	-0.03164554	-0.924608	0	0	0.3675
4.040015987597109e-09	-0.17451245	-0.019762613	-0.92614204	0	0	0.3675
4.05004459842864e-09	-0.16440785	-0.0050730905	-0.932682	0	0	0.3675
4.0600142348232334e-09	-0.1672744	0.004993776	-0.9332742	0	0	0.3675
4.070032501898102e-09	-0.15051123	0.035530977	-0.9355973	0	0	0.3675
4.0800094046604916e-09	-0.14595479	0.022142787	-0.93509275	0	0	0.3675
4.090029258020361e-09	-0.13746363	0.042755794	-0.9409234	0	0	0.3675
4.100027890199164e-09	-0.15440787	0.042897806	-0.9415793	0	0	0.3675
4.110026079647064e-09	-0.1752144	0.034803756	-0.931895	0	0	0.3675
4.120027113574358e-09	-0.16936001	0.046917733	-0.92948127	0	0	0.3675
4.13003474266964e-09	-0.16496001	0.06014683	-0.92977434	0	0	0.3675
4.140033643319983e-09	-0.15751304	0.06436575	-0.9325121	0	0	0.3675
4.150043454318208e-09	-0.16194116	0.07682078	-0.93248457	0	0	0.3675
4.160020036223254e-09	-0.16432643	0.08704143	-0.9329246	0	0	0.3675
4.170041357287471e-09	-0.16431044	0.10324047	-0.92907834	0	0	0.3675
4.180053932237844e-09	-0.1630452	0.12727892	-0.92318535	0	0	0.3675
4.190003199268815e-09	-0.15830216	0.12177889	-0.92775923	0	0	0.3675
4.200033005127932e-09	-0.13598746	0.13780858	-0.92861027	0	0	0.3675
4.2100067692258494e-09	-0.13137756	0.13966633	-0.931666	0	0	0.3675
4.2200063991261195e-09	-0.12959622	0.15398258	-0.9355204	0	0	0.3675
4.2300647483673155e-09	-0.12866187	0.16951004	-0.93264306	0	0	0.3675
4.240030931743815e-09	-0.123649634	0.19479182	-0.9288172	0	0	0.3675
4.250011959717436e-09	-0.11493963	0.1906539	-0.9339917	0	0	0.3675
4.260062428208057e-09	-0.097885996	0.19557191	-0.93499094	0	0	0.3675
4.27001643401684e-09	-0.06361952	0.20068106	-0.93345547	0	0	0.3675
4.280005446592528e-09	-0.04819908	0.18423845	-0.9327818	0	0	0.3675
4.290058701066312e-09	-0.047976084	0.17506014	-0.9354687	0	0	0.3675
4.300026938807208e-09	-0.0459433	0.17275116	-0.9366467	0	0	0.3675
4.310024282136868e-09	-0.02408061	0.19172078	-0.9327015	0	0	0.3675
4.320011736879405e-09	-0.0178144	0.20114699	-0.93538797	0	0	0.3675
4.3300136703887795e-09	0.011812438	0.18909128	-0.9375624	0	0	0.3675
4.340012589070251e-09	0.023906387	0.18938905	-0.93694866	0	0	0.3675
4.350051931322501e-09	0.05053425	0.17519005	-0.93977654	0	0	0.3675
4.360003669331775e-09	0.058916666	0.18681708	-0.9375319	0	0	0.3675
4.3700006607943304e-09	0.080764726	0.16995594	-0.94148064	0	0	0.3675
4.3800117892234966e-09	0.1047485	0.15793854	-0.9371607	0	0	0.3675
4.390034134390188e-09	0.113888785	0.1340121	-0.9405365	0	0	0.3675
4.400010421174829e-09	0.118994035	0.118994	-0.93858665	0	0	0.3675
4.410019189319099e-09	0.11667619	0.108549505	-0.9379249	0	0	0.3675
4.4200546569530495e-09	0.12125784	0.117240496	-0.9362473	0	0	0.3675
4.430016515041219e-09	0.13210891	0.09270701	-0.93697715	0	0	0.3675
4.440047785859971e-09	0.13336217	0.08289881	-0.94212765	0	0	0.3675
4.450006417194012e-09	0.1251724	0.049706444	-0.9489062	0	0	0.3675
4.4600297668770424e-09	0.13672474	0.0120528275	-0.9485887	0	0	0.3675
4.4700376874866906e-09	0.15272234	0.01952665	-0.9469211	0	0	0.3675
4.480049993204194e-09	0.15426187	0.00986069	-0.945825	0	0	0.3675
4.490053505460791e-09	0.15962256	-0.021457689	-0.9421191	0	0	0.3675
4.500054518019423e-09	0.15735994	-0.031715263	-0.9406381	0	0	0.3675
4.510033545126185e-09	0.17687024	-0.054600786	-0.9352771	0	0	0.3675
4.520002910564e-09	0.16156186	-0.047021817	-0.93646824	0	0	0.3675
4.5300347517054266e-09	0.17716694	-0.050265606	-0.9355628	0	0	0.3675
4.540008897334665e-09	0.1705367	-0.062244464	-0.93567014	0	0	0.3675
4.550005150590166e-09	0.17878976	-0.072203964	-0.9360536	0	0	0.3675
4.560059940829333e-09	0.18232062	-0.09599007	-0.93535596	0	0	0.3675
4.570004650123704e-09	0.16186605	-0.11014132	-0.9409003	0	0	0.3675
4.5800161984714915e-09	0.14898312	-0.13872789	-0.93442976	0	0	0.3675
4.590002280643816e-09	0.1367624	-0.15465742	-0.9356211	0	0	0.3675
4.600026719369564e-09	0.12407069	-0.16123077	-0.9302673	0	0	0.3675
4.6100091195266555e-09	0.120324485	-0.16262062	-0.93076086	0	0	0.3675
4.620064499839867e-09	0.10995149	-0.18394212	-0.92285204	0	0	0.3675
4.63006125305402e-09	0.104271874	-0.1851203	-0.9210823	0	0	0.3675
4.64001802903324e-09	0.09856036	-0.17917618	-0.92263883	0	0	0.3675
4.650060181815136e-09	0.0980791	-0.18255627	-0.9235204	0	0	0.3675
4.6600081377116945e-09	0.08627186	-0.17729785	-0.93162304	0	0	0.3675
4.670041149696837e-09	0.075607866	-0.19192268	-0.9305517	0	0	0.3675
4.680016798506286e-09	0.06354981	-0.22109388	-0.9246322	0	0	0.3675
4.69005223223331e-09	0.05018617	-0.23895508	-0.92088425	0	0	0.3675
4.700064183083184e-09	0.054160696	-0.23887661	-0.9195579	0	0	0.3675
4.710012415955431e-09	0.0504475	-0.2553414	-0.91208124	0	0	0.3675
4.720027772494726e-09	0.054374635	-0.2577176	-0.9113584	0	0	0.3675
4.730049920510202e-09	0.062107883	-0.25160187	-0.9091433	0	0	0.3675
4.740042191502222e-09	0.06413878	-0.26824337	-0.9081879	0	0	0.3675
4.750021648745657e-09	0.040311746	-0.26312074	-0.90947527	0	0	0.3675
4.760028489850702e-09	0.025168404	-0.28344002	-0.9001652	0	0	0.3675
4.770005981717683e-09	0.011212053	-0.29164183	-0.90010697	0	0	0.3675
4.78004154497826e-09	0.011082067	-0.28202406	-0.9001183	0	0	0.3675
4.790038203201509e-09	0.010186757	-0.27325383	-0.9088976	0	0	0.3675
4.800004067482904e-09	-0.0035767355	-0.28436577	-0.9099139	0	0	0.3675
4.810037835843837e-09	-0.0097699305	-0.2954737	-0.9054608	0	0	0.3675
4.820014055783817e-09	-0.020983834	-0.27895093	-0.909074	0	0	0.3675
4.830003781728964e-09	-0.044740807	-0.29340574	-0.9069519	0	0	0.3675
4.8400191165618674e-09	-0.060234748	-0.28636461	-0.906358	0	0	0.3675
4.850002730077137e-09	-0.07400072	-0.26456618	-0.90853417	0	0	0.3675
4.860063808087408e-09	-0.08839428	-0.27103448	-0.9042637	0	0	0.3675
4.870037944184024e-09	-0.104999445	-0.2882663	-0.8983964	0	0	0.3675
4.8800438139950915e-09	-0.11430549	-0.28112176	-0.90038806	0	0	0.3675
4.890024712233141e-09	-0.12907581	-0.27780524	-0.8969366	0	0	0.3675
4.900035842427913e-09	-0.13929915	-0.29683396	-0.88312984	0	0	0.3675
4.910004102952768e-09	-0.15334469	-0.27939227	-0.89053667	0	0	0.3675
4.920047448239555e-09	-0.14632703	-0.260691	-0.8966475	0	0	0.3675
4.930030691901905e-09	-0.13955207	-0.25927705	-0.9007637	0	0	0.3675
4.940050400079756e-09	-0.17081974	-0.24205273	-0.9050242	0	0	0.3675
4.950010594160069e-09	-0.17568421	-0.23010822	-0.90265644	0	0	0.3675
4.960026699953439e-09	-0.19415492	-0.22950324	-0.9018937	0	0	0.3675
4.97000727415859e-09	-0.18654868	-0.2086322	-0.89668906	0	0	0.3675
4.98005560520018e-09	-0.17831753	-0.21122244	-0.8974007	0	0	0.3675
4.990008200535996e-09	-0.16477147	-0.2246314	-0.9026444	0	0	0.3675
5.0000594913126846e-09	-0.17572625	-0.20284387	-0.9070015	0	0	0.3675
5.010029665294201e-09	-0.17471154	-0.1947493	-0.9076162	0	0	0.3675
5.0200234169404104e-09	-0.1764514	-0.18129236	-0.9119464	0	0	0.3675
5.030023669410588e-09	-0.19021842	-0.16722912	-0.9096654	0	0	0.3675
5.040052321109227e-09	-0.20690851	-0.15181762	-0.9116036	0	0	0.3675
5.0500138238708195e-09	-0.2060425	-0.1244533	-0.91575885	0	0	0.3675
5.060044041937183e-09	-0.2157649	-0.117905	-0.9149349	0	0	0.3675
5.0700499076658395e-09	-0.2135543	-0.12105236	-0.915764	0	0	0.3675
5.080060590626013e-09	-0.23462224	-0.103658676	-0.91502464	0	0	0.3675
5.0900431768678405e-09	-0.2535061	-0.089740545	-0.9155536	0	0	0.3675
5.100029834666876e-09	-0.2530017	-0.069735914	-0.91306114	0	0	0.3675
5.110057482318137e-09	-0.26054698	-0.058274757	-0.91066754	0	0	0.3675
5.12001253616817e-09	-0.26283377	-0.05140171	-0.9067375	0	0	0.3675
5.130056527032845e-09	-0.24558307	-0.03844846	-0.91223866	0	0	0.3675
5.140017163794178e-09	-0.23840761	-0.03459196	-0.9135648	0	0	0.3675
5.150039522184037e-09	-0.25670236	-0.042469632	-0.90646034	0	0	0.3675
5.160041526232074e-09	-0.2522577	-0.030990113	-0.9138961	0	0	0.3675
5.170028870923354e-09	-0.25181064	-0.011530083	-0.9179155	0	0	0.3675
5.180032271467891e-09	-0.2602822	-0.0010395796	-0.9215801	0	0	0.3675
5.190026826589726e-09	-0.2354577	0.033962786	-0.9243834	0	0	0.3675
5.200060925926141e-09	-0.236901	0.03113483	-0.9256521	0	0	0.3675
5.210029602549556e-09	-0.24365553	0.070812166	-0.9213344	0	0	0.3675
5.220014202698465e-09	-0.22198898	0.08792466	-0.9170045	0	0	0.3675
5.230023025511472e-09	-0.23129879	0.0978794	-0.9167378	0	0	0.3675
5.240032808675934e-09	-0.2266493	0.09343496	-0.9180608	0	0	0.3675
5.250006767969528e-09	-0.21911302	0.09152325	-0.9185448	0	0	0.3675
5.260031317167954e-09	-0.2058081	0.09958973	-0.9218574	0	0	0.3675
5.270062117984483e-09	-0.19872516	0.10947494	-0.9189939	0	0	0.3675
5.2800166771276855e-09	-0.17967863	0.1268801	-0.9175866	0	0	0.3675
5.2900003189740515e-09	-0.16923226	0.13995995	-0.9202893	0	0	0.3675
5.300035756822569e-09	-0.15934876	0.14779317	-0.9162638	0	0	0.3675
5.310052237998275e-09	-0.15928283	0.1553679	-0.9184778	0	0	0.3675
5.320028717289331e-09	-0.14693438	0.15552102	-0.9170254	0	0	0.3675
5.3300123366493415e-09	-0.13851692	0.16611424	-0.9193192	0	0	0.3675
5.340033522580042e-09	-0.12271744	0.17072593	-0.9219482	0	0	0.3675
5.350040678911724e-09	-0.11123675	0.1853676	-0.9223852	0	0	0.3675
5.360033205620892e-09	-0.103401184	0.19741838	-0.9204996	0	0	0.3675
5.370045099917533e-09	-0.090301275	0.2091222	-0.9235004	0	0	0.3675
5.3800181258973996e-09	-0.06582351	0.21327128	-0.9235747	0	0	0.3675
5.390052377962556e-09	-0.05870997	0.21532145	-0.92002517	0	0	0.3675
5.4000351965855465e-09	-0.04201267	0.20167592	-0.9200307	0	0	0.3675
5.410035915181159e-09	-0.033232912	0.20199636	-0.9179222	0	0	0.3675
5.4200518495656325e-09	-0.041513015	0.20975776	-0.9150296	0	0	0.3675
5.430058373571731e-09	-0.058645163	0.21160063	-0.9199315	0	0	0.3675
5.440039354309624e-09	-0.043439396	0.22890542	-0.9180621	0	0	0.3675
5.450046224643088e-09	-0.02684952	0.2475255	-0.91657203	0	0	0.3675
5.460032853987488e-09	0.0103950575	0.25742474	-0.9148683	0	0	0.3675
5.470041624636401e-09	0.04480257	0.25991544	-0.90322125	0	0	0.3675
5.480030225692682e-09	0.061753735	0.24299327	-0.9006773	0	0	0.3675
5.490009790156031e-09	0.06510057	0.21610539	-0.9081652	0	0	0.3675
5.500048863994712e-09	0.051986024	0.19442993	-0.90872884	0	0	0.3675
5.5100064942771904e-09	0.041334264	0.18673329	-0.9090153	0	0	0.3675
5.520065962453194e-09	0.028555607	0.20099936	-0.90757596	0	0	0.3675
5.530021997886364e-09	0.025048858	0.19657849	-0.9079276	0	0	0.3675
5.54001916446547e-09	0.015503268	0.2181441	-0.9047904	0	0	0.3675
5.55005994930298e-09	0.026567511	0.22684152	-0.91124386	0	0	0.3675
5.560062468651117e-09	0.04121554	0.22757967	-0.9128039	0	0	0.3675
5.570039749345459e-09	0.0474916	0.22529933	-0.90811455	0	0	0.3675
5.5800201565447514e-09	0.047913197	0.20719881	-0.91761184	0	0	0.3675
5.590017242934474e-09	0.054551437	0.20409319	-0.9134986	0	0	0.3675
5.600053515111756e-09	0.06268621	0.19324364	-0.9168211	0	0	0.3675
5.610012458990637e-09	0.06848056	0.18636443	-0.91506237	0	0	0.3675
5.6200387479409555e-09	0.065105915	0.19818743	-0.9166639	0	0	0.3675
5.630022640603092e-09	0.06644679	0.2039591	-0.91337925	0	0	0.3675
5.640030770797559e-09	0.064055465	0.20314436	-0.9145545	0	0	0.3675
5.650050162731928e-09	0.08577935	0.21492945	-0.91237485	0	0	0.3675
5.660019748899564e-09	0.09817166	0.22181614	-0.91298556	0	0	0.3675
5.6700063801089045e-09	0.11721787	0.23433468	-0.9081157	0	0	0.3675
5.680046668798984e-09	0.14417072	0.21545333	-0.9074511	0	0	0.3675
5.690004217694507e-09	0.15564938	0.21738765	-0.9044295	0	0	0.3675
5.700056393544704e-09	0.17746592	0.21471837	-0.898016	0	0	0.3675
5.710064936679733e-09	0.16984084	0.2049503	-0.89865655	0	0	0.3675
5.720004021095966e-09	0.171564	0.1997009	-0.8975832	0	0	0.3675
5.730001194110398e-09	0.15976873	0.19801469	-0.89972794	0	0	0.3675
5.740015823053312e-09	0.14715576	0.20827146	-0.89959943	0	0	0.3675
5.750045679072071e-09	0.14213431	0.21181582	-0.9005889	0	0	0.3675
5.760017985720073e-09	0.16116486	0.20925027	-0.9003434	0	0	0.3675
5.770002806055885e-09	0.18361467	0.20010047	-0.9010234	0	0	0.3675
5.7800379443971426e-09	0.20485494	0.19301102	-0.90231097	0	0	0.3675
5.790035054505828e-09	0.21454038	0.1698619	-0.90147555	0	0	0.3675
5.800049285316902e-09	0.22759815	0.15184455	-0.90084463	0	0	0.3675
5.810058541854631e-09	0.22225957	0.1429125	-0.9061912	0	0	0.3675
5.820053385753164e-09	0.2104459	0.13670862	-0.9167045	0	0	0.3675
5.830059961586087e-09	0.21916935	0.15877439	-0.9101316	0	0	0.3675
5.840019210540609e-09	0.21501407	0.13176057	-0.9127632	0	0	0.3675
5.850052203149e-09	0.22318348	0.10824899	-0.9122687	0	0	0.3675
5.860046424888304e-09	0.23146243	0.092479154	-0.9142957	0	0	0.3675
5.870030740556874e-09	0.24085492	0.08571124	-0.9159195	0	0	0.3675
5.880002654071795e-09	0.2516736	0.059552677	-0.9175901	0	0	0.3675
5.890064275915793e-09	0.26293436	0.042450473	-0.9186996	0	0	0.3675
5.9000356434814666e-09	0.2446382	0.022622006	-0.91906875	0	0	0.3675
5.910021051032661e-09	0.21906477	0.008728411	-0.92332476	0	0	0.3675
5.920005197272692e-09	0.20507	0.014410746	-0.92725897	0	0	0.3675
5.930052340358857e-09	0.17928676	0.017526863	-0.9305161	0	0	0.3675
5.9400567538449246e-09	0.17391764	0.007429734	-0.93556064	0	0	0.3675
5.950018594125448e-09	0.19098046	0.014730571	-0.92750096	0	0	0.3675
5.960047554612425e-09	0.20286462	-0.0025409337	-0.9290309	0	0	0.3675
5.970064540583621e-09	0.18703547	-0.0035507525	-0.9332327	0	0	0.3675
5.9800420665300264e-09	0.19133948	-0.011464153	-0.9300919	0	0	0.3675
5.990035514801775e-09	0.18521652	-0.019547734	-0.93208665	0	0	0.3675
6.0000149746649705e-09	0.16049135	-0.018278128	-0.93872434	0	0	0.3675
6.010004246531495e-09	0.16625278	-0.02651747	-0.9377076	0	0	0.3675
6.020058779468732e-09	0.15209824	-0.009502838	-0.9445387	0	0	0.3675
6.030007216130703e-09	0.16325471	-0.0072783404	-0.9443684	0	0	0.3675
6.040020967637992e-09	0.16277105	-0.037852302	-0.94533414	0	0	0.3675
6.050044238687774e-09	0.16266942	-0.06751971	-0.9428008	0	0	0.3675
6.060008431940694e-09	0.15056631	-0.082131356	-0.94341	0	0	0.3675
6.070046312926503e-09	0.13531892	-0.09276329	-0.9449377	0	0	0.3675
6.0800331409754805e-09	0.1292319	-0.08543314	-0.9459585	0	0	0.3675
6.090064537507671e-09	0.11826544	-0.093316995	-0.9425383	0	0	0.3675
6.100065304260622e-09	0.0924766	-0.08687203	-0.94475675	0	0	0.3675
6.110016136477737e-09	0.091643795	-0.081871726	-0.9448958	0	0	0.3675
6.1200072608302685e-09	0.092065625	-0.08530912	-0.944044	0	0	0.3675
6.13001381743026e-09	0.080715634	-0.09647838	-0.9448495	0	0	0.3675
6.1400292881538515e-09	0.06496498	-0.108433016	-0.94216853	0	0	0.3675
6.1500527065524615e-09	0.04593848	-0.10077703	-0.9482759	0	0	0.3675
6.160019226652339e-09	0.04412165	-0.11189863	-0.94957525	0	0	0.3675
6.170010520191008e-09	0.035545867	-0.109122396	-0.94784874	0	0	0.3675
6.180006355555758e-09	0.01949751	-0.117409125	-0.94613725	0	0	0.3675
6.1900111562713515e-09	-0.0007750178	-0.09007075	-0.9490057	0	0	0.3675
6.20002839317768e-09	-0.012093391	-0.07946891	-0.94813603	0	0	0.3675
6.2100025433866e-09	0.00036620977	-0.06950784	-0.9488773	0	0	0.3675
6.220022119239773e-09	-0.005187721	-0.073576994	-0.9458143	0	0	0.3675
6.2300456837777175e-09	0.0021356798	-0.07859256	-0.9479195	0	0	0.3675
6.240045764138832e-09	-0.01826669	-0.0726814	-0.9434473	0	0	0.3675
6.2500029323895595e-09	-0.050352085	-0.06687843	-0.9474173	0	0	0.3675
6.260053459023333e-09	-0.07551387	-0.06981444	-0.9444006	0	0	0.3675
6.270038916654022e-09	-0.07172754	-0.045335513	-0.9452998	0	0	0.3675
6.280038502922235e-09	-0.06817167	-0.019697098	-0.9504904	0	0	0.3675
6.290051196744373e-09	-0.065848574	0.008933737	-0.95202863	0	0	0.3675
6.300050219151237e-09	-0.05477796	0.020933352	-0.9533348	0	0	0.3675
6.310027841398386e-09	-0.0447843	-0.00024859307	-0.9533568	0	0	0.3675
6.32001092114339e-09	-0.043445144	-0.00625878	-0.95222723	0	0	0.3675
6.330055584895216e-09	-0.040684532	-0.021941734	-0.95580566	0	0	0.3675
6.340060334333881e-09	-0.052256383	-0.035404194	-0.9526301	0	0	0.3675
6.350014326064714e-09	-0.06612152	-0.012669055	-0.95100135	0	0	0.3675
6.3600550539364844e-09	-0.09221268	0.012920461	-0.9490707	0	0	0.3675
6.370056098607533e-09	-0.09166894	0.029001683	-0.949279	0	0	0.3675
6.3800309536373975e-09	-0.0725768	0.048091307	-0.9491517	0	0	0.3675
6.39004659455139e-09	-0.04938489	0.054789964	-0.95084804	0	0	0.3675
6.4000516389718016e-09	-0.04644214	0.048796732	-0.9572181	0	0	0.3675
6.4100566083625386e-09	-0.042255778	0.0434045	-0.9539588	0	0	0.3675
6.420067052012805e-09	-0.041614033	0.060046688	-0.95181334	0	0	0.3675
6.430032605120504e-09	-0.036931753	0.07469486	-0.94566983	0	0	0.3675
6.4400062135657575e-09	-0.028426098	0.08978854	-0.9476909	0	0	0.3675
6.45003155453176e-09	-0.028462669	0.101454675	-0.947888	0	0	0.3675
6.460018063458087e-09	-0.022275144	0.10468944	-0.95108455	0	0	0.3675
6.470066479750974e-09	-0.012945823	0.111115105	-0.9508049	0	0	0.3675
6.480046556834547e-09	0.010363705	0.10386564	-0.9499897	0	0	0.3675
6.490031908685517e-09	0.028472532	0.095027626	-0.9532603	0	0	0.3675
6.500054770628873e-09	0.0464248	0.082598336	-0.9548002	0	0	0.3675
6.5100585887521954e-09	0.035055235	0.071458176	-0.9565105	0	0	0.3675
6.520060786932349e-09	0.023957022	0.06743781	-0.95528215	0	0	0.3675
6.530022201119984e-09	0.030341173	0.06365797	-0.9550166	0	0	0.3675
6.540013508060621e-09	0.033594992	0.0653549	-0.9543446	0	0	0.3675
6.550026198948935e-09	0.041735664	0.07297969	-0.9543439	0	0	0.3675
6.560013068217381e-09	0.07066674	0.052425157	-0.951408	0	0	0.3675
6.5700090063752016e-09	0.0674644	0.037162703	-0.9481464	0	0	0.3675
6.580000212396915e-09	0.07639195	0.0152011085	-0.94442946	0	0	0.3675
6.590054065972435e-09	0.088947125	0.0010442581	-0.95200986	0	0	0.3675
6.600063395354061e-09	0.07051631	-0.0024907906	-0.95292836	0	0	0.3675
6.610053222153824e-09	0.049938474	0.009630269	-0.9472775	0	0	0.3675
6.620050389113529e-09	0.03767535	0.0057191257	-0.9431405	0	0	0.3675
6.630000035668195e-09	0.037280146	0.02017699	-0.94703406	0	0	0.3675
6.640033823774276e-09	0.043626223	0.026456404	-0.94745266	0	0	0.3675
6.650042745766109e-09	0.029791001	-0.0035414444	-0.9528719	0	0	0.3675
6.660046482273553e-09	0.015890298	0.0026079717	-0.9548102	0	0	0.3675
6.670019702268332e-09	0.009840968	0.010097266	-0.9549266	0	0	0.3675
6.680062377711166e-09	-0.0023538808	0.0069170375	-0.9573992	0	0	0.3675
6.690062915755588e-09	-0.0018713917	0.031096183	-0.95669556	0	0	0.3675
6.700063216532847e-09	0.011118327	0.051211197	-0.95465225	0	0	0.3675
6.710046146096795e-09	0.026039716	0.057433367	-0.9532689	0	0	0.3675
6.720042427026242e-09	0.019521534	0.044276364	-0.9509983	0	0	0.3675
6.730016872013235e-09	0.036193542	0.04848023	-0.9524643	0	0	0.3675
6.74005218800808e-09	0.0386492	0.037852705	-0.95347655	0	0	0.3675
6.750063902123456e-09	0.050912317	0.030841136	-0.95341784	0	0	0.3675
6.7600072630763834e-09	0.044162855	0.009801061	-0.954501	0	0	0.3675
6.770051159408146e-09	0.05637594	0.008765922	-0.9539556	0	0	0.3675
6.780062137531492e-09	0.04985907	0.003706912	-0.9553966	0	0	0.3675
6.790031637179904e-09	0.0569135	0.0027957268	-0.9553146	0	0	0.3675
6.800020583633144e-09	0.051211867	-0.008708696	-0.95243376	0	0	0.3675
6.810002712353232e-09	0.042360805	0.008132291	-0.95101905	0	0	0.3675
6.820047096575473e-09	0.045611743	-0.0067860857	-0.949454	0	0	0.3675
6.830053819372747e-09	0.058819506	-0.009818852	-0.9444022	0	0	0.3675
6.84004816929691e-09	0.079619355	-0.0090497	-0.9393602	0	0	0.3675
6.850031168139429e-09	0.0977777	-0.018110383	-0.9322388	0	0	0.3675
6.8600373766410434e-09	0.106189296	-0.03330471	-0.9336782	0	0	0.3675
6.870050337034584e-09	0.10250652	-0.064296596	-0.93803596	0	0	0.3675
6.8800409558141475e-09	0.09456113	-0.05919836	-0.9403804	0	0	0.3675
6.890027871066352e-09	0.096415326	-0.06833725	-0.94087887	0	0	0.3675
6.900040564708299e-09	0.0969267	-0.071660966	-0.9433464	0	0	0.3675
6.910008324476514e-09	0.07970116	-0.06430937	-0.941112	0	0	0.3675
6.9200642183913765e-09	0.086968236	-0.043976348	-0.94154376	0	0	0.3675
6.9300175567751614e-09	0.09018474	-0.053880986	-0.93912876	0	0	0.3675
6.94005127337069e-09	0.07640321	-0.0704513	-0.9434284	0	0	0.3675
6.950029724385385e-09	0.06324821	-0.07791904	-0.9440915	0	0	0.3675
6.960043026819427e-09	0.030696733	-0.08860337	-0.9464935	0	0	0.3675
6.970002256477922e-09	0.017321184	-0.08694668	-0.9457125	0	0	0.3675
6.980064534910877e-09	0.01426759	-0.10949956	-0.9438741	0	0	0.3675
6.990064958576714e-09	0.0051008784	-0.10719498	-0.9430429	0	0	0.3675
7.000027797498521e-09	-0.01345761	-0.08374352	-0.9470371	0	0	0.3675
7.010026551530636e-09	-0.012971429	-0.09007057	-0.94938546	0	0	0.3675
7.0200114871461225e-09	-0.024014656	-0.08781792	-0.9490397	0	0	0.3675
7.030012662488178e-09	-0.024682125	-0.07880545	-0.9511191	0	0	0.3675
7.040059412411477e-09	-0.021183731	-0.08400386	-0.94307125	0	0	0.3675
7.050017922429342e-09	-0.018058985	-0.06727741	-0.9453037	0	0	0.3675
7.060047956967271e-09	-0.0096179135	-0.057690997	-0.947109	0	0	0.3675
7.07003777205421e-09	-0.009934916	-0.041589204	-0.94752705	0	0	0.3675
7.080049193599754e-09	-0.021446759	-0.028847065	-0.94919574	0	0	0.3675
7.0900508556236095e-09	-0.019223772	-0.017012773	-0.9514983	0	0	0.3675
7.100002753585575e-09	-0.037430525	-0.015593087	-0.94916195	0	0	0.3675
7.110004172408903e-09	-0.0418284	0.009952272	-0.94770086	0	0	0.3675
7.1200206801607854e-09	-0.03822737	0.0033402115	-0.9465902	0	0	0.3675
7.130054871451268e-09	-0.02108556	-0.014168699	-0.9439721	0	0	0.3675
7.140051254195363e-09	-0.017964063	-0.028533056	-0.94248205	0	0	0.3675
7.150041050495359e-09	0.0007079834	-0.017754948	-0.94170487	0	0	0.3675
7.160016388703183e-09	-0.012740229	-0.025365848	-0.9450721	0	0	0.3675
7.170028844038195e-09	-0.023860319	-0.00044360888	-0.9516483	0	0	0.3675
7.180010871825053e-09	-0.019436223	0.015328435	-0.95435923	0	0	0.3675
7.1900611835319365e-09	-0.013108937	0.030937944	-0.9513732	0	0	0.3675
7.2000097102899165e-09	-0.011182296	0.026017431	-0.95100904	0	0	0.3675
7.210027770171226e-09	-0.008438465	0.023277743	-0.9505091	0	0	0.3675
7.2200053703397835e-09	-0.007352599	0.02286905	-0.95138407	0	0	0.3675
7.23004578951491e-09	-0.00064143055	0.015271175	-0.95126057	0	0	0.3675
7.2400227394973494e-09	0.003642646	0.028908843	-0.9499425	0	0	0.3675
7.250009049497471e-09	0.0067821066	0.043233145	-0.9493399	0	0	0.3675
7.2600215043502235e-09	-0.010554518	0.03264568	-0.9532894	0	0	0.3675
7.2700070327364094e-09	-0.008317885	0.0333997	-0.94912547	0	0	0.3675
7.280028212957641e-09	-0.018169519	0.029937359	-0.9540014	0	0	0.3675
7.290010625612523e-09	-0.033481404	0.034047265	-0.9508206	0	0	0.3675
7.300052174402212e-09	-0.033286907	0.04013037	-0.95456564	0	0	0.3675
7.3100135710554134e-09	-0.019174796	0.05274976	-0.9548601	0	0	0.3675
7.3200532350837605e-09	-0.017662693	0.04553608	-0.952085	0	0	0.3675
7.330023477572358e-09	-0.014326033	0.045555085	-0.953076	0	0	0.3675
7.340061857492203e-09	-0.016762644	0.053201232	-0.948845	0	0	0.3675
7.350065628381888e-09	-0.0018634185	0.057502635	-0.9512969	0	0	0.3675
7.360021994250474e-09	0.0016976577	0.058585566	-0.95255345	0	0	0.3675
7.370045766700017e-09	0.008244484	0.072021164	-0.950077	0	0	0.3675
7.380021305186761e-09	0.021250734	0.06637383	-0.94981605	0	0	0.3675
7.3900599055800136e-09	0.033687837	0.06382986	-0.95279825	0	0	0.3675
7.400034445905535e-09	0.020349212	0.050079755	-0.9519564	0	0	0.3675
7.410051991052726e-09	0.014542791	0.046708282	-0.9527162	0	0	0.3675
7.420057109294527e-09	0.016184436	0.012764912	-0.95088077	0	0	0.3675
7.430048166098696e-09	0.007274771	0.028018292	-0.95187527	0	0	0.3675
7.440055507645209e-09	0.004606747	0.027148653	-0.95207703	0	0	0.3675
7.450015768220536e-09	0.019460429	0.019233212	-0.95142645	0	0	0.3675
7.460015354585713e-09	0.035233803	0.0015345935	-0.95296216	0	0	0.3675
7.47005509971354e-09	0.05178185	-0.013704476	-0.95329684	0	0	0.3675
7.480058431871845e-09	0.041111086	-0.014893013	-0.9534213	0	0	0.3675
7.490035217675461e-09	0.029458947	-0.0139632495	-0.9552504	0	0	0.3675
7.500046045789204e-09	-0.0015664934	-0.01483925	-0.95425075	0	0	0.3675
7.510018291150794e-09	-0.03333518	-0.0006811255	-0.9493438	0	0	0.3675
7.520011982497448e-09	-0.03519616	-0.0014536933	-0.9492585	0	0	0.3675
7.530030925573101e-09	-0.05855991	0.011749588	-0.9454152	0	0	0.3675
7.540015037391712e-09	-0.0643959	0.021454344	-0.9482751	0	0	0.3675
7.550024436210573e-09	-0.06527837	0.017772278	-0.9467736	0	0	0.3675
7.560028143317048e-09	-0.049700506	-0.011178518	-0.9520338	0	0	0.3675
7.570001987622031e-09	-0.06087058	-0.013802874	-0.95152235	0	0	0.3675
7.58005504937034e-09	-0.06492765	-0.012631101	-0.95248306	0	0	0.3675
7.590026987960354e-09	-0.07172851	-0.010615997	-0.95497996	0	0	0.3675
7.600035585648312e-09	-0.06994128	0.019864913	-0.95752585	0	0	0.3675
7.610004369835891e-09	-0.0602824	0.031885706	-0.9497572	0	0	0.3675
7.620035783918462e-09	-0.03843515	0.038238917	-0.9506182	0	0	0.3675
7.63003797708285e-09	-0.04654771	0.025576195	-0.9530446	0	0	0.3675
7.640045362258408e-09	-0.037578776	0.025398903	-0.9548744	0	0	0.3675
7.650004494077842e-09	-0.044289198	0.029905807	-0.9524907	0	0	0.3675
7.660018147231424e-09	-0.06137033	0.052846983	-0.95356846	0	0	0.3675
7.670010199817504e-09	-0.063418336	0.06920038	-0.9489348	0	0	0.3675
7.680045834074509e-09	-0.059695188	0.0984297	-0.9487102	0	0	0.3675
7.69001701329137e-09	-0.048881806	0.10464239	-0.9504121	0	0	0.3675
7.70001295321406e-09	-0.03295232	0.11039485	-0.95031184	0	0	0.3675
7.710019326057153e-09	-0.009439581	0.082383856	-0.95340085	0	0	0.3675
7.720018570988195e-09	-0.008269841	0.095186725	-0.9538422	0	0	0.3675
7.730050246686532e-09	-0.019396218	0.104967766	-0.9507305	0	0	0.3675
7.740060259451826e-09	-0.024064656	0.108057	-0.9512755	0	0	0.3675
7.750045026362052e-09	-0.008292328	0.1379083	-0.9437566	0	0	0.3675
7.760023143856567e-09	0.025931941	0.14425091	-0.94283503	0	0	0.3675
7.77001129350771e-09	0.06598234	0.15578261	-0.936733	0	0	0.3675
7.780058648307349e-09	0.08577293	0.1422516	-0.9385736	0	0	0.3675
7.790060572367635e-09	0.098803364	0.12866955	-0.94175595	0	0	0.3675
7.80003069009673e-09	0.10070665	0.12298415	-0.9405748	0	0	0.3675
7.810047532546843e-09	0.10732477	0.10587002	-0.9393032	0	0	0.3675
7.820021853618853e-09	0.110482804	0.10094891	-0.9406416	0	0	0.3675
7.83005629078369e-09	0.12061706	0.09215636	-0.93823004	0	0	0.3675
7.840013737980607e-09	0.14638303	0.076199844	-0.93954116	0	0	0.3675
7.85003805528968e-09	0.1549521	0.07337953	-0.9358852	0	0	0.3675
7.860055610413284e-09	0.15972833	0.04775197	-0.9360792	0	0	0.3675
7.87002614951184e-09	0.14751615	0.039421942	-0.9377927	0	0	0.3675
7.88005989025855e-09	0.16206765	0.02970182	-0.93628824	0	0	0.3675
7.8900400060483e-09	0.18648973	0.017427713	-0.9330072	0	0	0.3675
7.900027727661735e-09	0.19139655	0.017731456	-0.92848504	0	0	0.3675
7.910005974294555e-09	0.19253142	0.013559916	-0.9258017	0	0	0.3675
7.92000866458191e-09	0.17664066	0.013432888	-0.92964554	0	0	0.3675
7.930052603643362e-09	0.18230566	0.007863921	-0.92948246	0	0	0.3675
7.940013643450892e-09	0.17988527	-0.0070539718	-0.92949384	0	0	0.3675
7.950028397105686e-09	0.18983687	-0.012317687	-0.9317295	0	0	0.3675
7.960044139482378e-09	0.19585863	-0.029738037	-0.92846185	0	0	0.3675
7.970014340108394e-09	0.20170319	-0.051512815	-0.93008655	0	0	0.3675
7.980018690708577e-09	0.21318299	-0.072899215	-0.924397	0	0	0.3675
7.99005577852388e-09	0.19022952	-0.101298094	-0.92624134	0	0	0.3675
8.000011812278734e-09	0.17533083	-0.09979166	-0.9259771	0	0	0.3675
8.01002108691628e-09	0.1656024	-0.11688495	-0.92660034	0	0	0.3675
8.020000369958066e-09	0.16747801	-0.12852891	-0.9242268	0	0	0.3675
8.030052892746207e-09	0.17398843	-0.13813013	-0.91928107	0	0	0.3675
8.040063293445561e-09	0.17192422	-0.13889548	-0.91737914	0	0	0.3675
8.050062732910148e-09	0.18655166	-0.13231033	-0.9175439	0	0	0.3675
8.060057908420579e-09	0.18754299	-0.15615486	-0.91780746	0	0	0.3675
8.070015804597497e-09	0.17932102	-0.17684373	-0.9145565	0	0	0.3675
8.080028336809125e-09	0.16505136	-0.1683323	-0.91833675	0	0	0.3675
8.090049366030896e-09	0.14540182	-0.18053295	-0.91919726	0	0	0.3675
8.100028623117912e-09	0.11793971	-0.18164141	-0.92611265	0	0	0.3675
8.11005429818716e-09	0.10403172	-0.17728992	-0.92678654	0	0	0.3675
8.120043041196865e-09	0.10206299	-0.17801136	-0.9291761	0	0	0.3675
8.130011311161836e-09	0.09407591	-0.18346019	-0.93038535	0	0	0.3675
8.140038157389807e-09	0.09621215	-0.18290524	-0.9307446	0	0	0.3675
8.150028738663126e-09	0.078192435	-0.2032205	-0.9331445	0	0	0.3675
8.160041049076531e-09	0.045737535	-0.20971204	-0.9334317	0	0	0.3675
8.170022243338434e-09	0.036602017	-0.20115286	-0.94032633	0	0	0.3675
8.180006622334207e-09	0.028598037	-0.19944966	-0.9384605	0	0	0.3675
8.190030053853649e-09	0.017308164	-0.20514262	-0.9328574	0	0	0.3675
8.200014218756524e-09	-0.0063096783	-0.19825283	-0.9390111	0	0	0.3675
8.210009410828408e-09	-0.013795003	-0.18427204	-0.9406122	0	0	0.3675
8.220045440695747e-09	-0.04545953	-0.17520998	-0.936965	0	0	0.3675
8.230026331031985e-09	-0.055707596	-0.1740083	-0.93736494	0	0	0.3675
8.240050796183436e-09	-0.070393264	-0.1689705	-0.937103	0	0	0.3675
8.250054322502734e-09	-0.08445355	-0.16859448	-0.9355935	0	0	0.3675
8.260055550499608e-09	-0.112987705	-0.14522293	-0.93972224	0	0	0.3675
8.270001609950284e-09	-0.116436034	-0.14306736	-0.9390854	0	0	0.3675
8.280042879405493e-09	-0.13707078	-0.13202146	-0.9373235	0	0	0.3675
8.290054668042477e-09	-0.14416178	-0.09599285	-0.94436646	0	0	0.3675
8.300034458517497e-09	-0.1478664	-0.0830429	-0.940917	0	0	0.3675
8.310050639348003e-09	-0.1492106	-0.06862196	-0.9435794	0	0	0.3675
8.32006518747381e-09	-0.15681037	-0.06849111	-0.9429253	0	0	0.3675
8.330031239354523e-09	-0.15766175	-0.06305165	-0.9438409	0	0	0.3675
8.34002472587881e-09	-0.16151704	-0.02535011	-0.946934	0	0	0.3675
8.350035257969312e-09	-0.15898426	-0.0074508656	-0.94835913	0	0	0.3675
8.360003088370656e-09	-0.13599606	-0.0020022918	-0.9509647	0	0	0.3675
8.370019124829157e-09	-0.13101508	-0.00860913	-0.94973785	0	0	0.3675
8.38005590997677e-09	-0.14789969	-0.0098876655	-0.9472255	0	0	0.3675
8.390012722224262e-09	-0.1370433	-0.006694342	-0.94935644	0	0	0.3675
8.4000192358227e-09	-0.13989066	0.0024839034	-0.9452857	0	0	0.3675
8.410009257917125e-09	-0.14130321	0.021916667	-0.94401526	0	0	0.3675
8.42005655675145e-09	-0.1363816	0.05528016	-0.94324106	0	0	0.3675
8.430019016095258e-09	-0.12470997	0.07340524	-0.9382756	0	0	0.3675
8.440004849216722e-09	-0.13109496	0.07533714	-0.9386033	0	0	0.3675
8.450052979295567e-09	-0.11329031	0.07232305	-0.94065315	0	0	0.3675
8.460058489953317e-09	-0.10899329	0.074180074	-0.94371235	0	0	0.3675
8.470019803324684e-09	-0.10950468	0.059335764	-0.95135003	0	0	0.3675
8.480050415078574e-09	-0.08256375	0.069433935	-0.9521137	0	0	0.3675
8.490048897406583e-09	-0.09293581	0.08564835	-0.9477001	0	0	0.3675
8.500003223879913e-09	-0.08861697	0.071350284	-0.95115715	0	0	0.3675
8.510061757494076e-09	-0.086229	0.070730485	-0.9487569	0	0	0.3675
8.520021895016331e-09	-0.09899395	0.086031646	-0.9456151	0	0	0.3675
8.530058927117535e-09	-0.08714344	0.09486446	-0.9459252	0	0	0.3675
8.540046464750837e-09	-0.081899576	0.09665229	-0.9422972	0	0	0.3675
8.550060843342036e-09	-0.0754203	0.092046596	-0.9449052	0	0	0.3675
8.560012041169743e-09	-0.07134315	0.10567026	-0.94645613	0	0	0.3675
8.570048832074055e-09	-0.07249703	0.11087759	-0.94291407	0	0	0.3675
8.580042292948553e-09	-0.062212873	0.12008648	-0.94459885	0	0	0.3675
8.590017238452298e-09	-0.05611004	0.11579859	-0.94904566	0	0	0.3675
8.600036993843494e-09	-0.041044507	0.11541575	-0.951542	0	0	0.3675
8.610063354300066e-09	-0.044760615	0.12911943	-0.95048255	0	0	0.3675
8.620056374352888e-09	-0.029985381	0.11201566	-0.95494026	0	0	0.3675
8.63003934533817e-09	-0.009792813	0.11965809	-0.95362306	0	0	0.3675
8.640014866071308e-09	-0.0067357244	0.11474452	-0.9572727	0	0	0.3675
8.650000705086625e-09	-0.0015741945	0.099786505	-0.95752466	0	0	0.3675
8.660015714333268e-09	0.017222183	0.10011654	-0.95801306	0	0	0.3675
8.670010214916757e-09	0.021736272	0.09734761	-0.9537472	0	0	0.3675
8.680021637893972e-09	0.019738864	0.1025643	-0.95229846	0	0	0.3675
8.690036226562464e-09	0.015892373	0.089620866	-0.95213234	0	0	0.3675
8.70003313104097e-09	0.029468123	0.0976544	-0.9486942	0	0	0.3675
8.71000992684997e-09	0.06844532	0.08336474	-0.9506789	0	0	0.3675
8.720014452800112e-09	0.06747355	0.07656174	-0.9501388	0	0	0.3675
8.730032061947149e-09	0.08104255	0.064573646	-0.95202214	0	0	0.3675
8.74000465593388e-09	0.09652653	0.02806742	-0.95315117	0	0	0.3675
8.750026135137473e-09	0.093138315	0.04319849	-0.95204604	0	0	0.3675
8.760004209952518e-09	0.09878292	0.03400813	-0.95187485	0	0	0.3675
8.770056976305666e-09	0.11277803	0.030055925	-0.9495715	0	0	0.3675
8.780046318684524e-09	0.1107214	0.01581768	-0.9503452	0	0	0.3675
8.790017832152504e-09	0.14474249	0.02021885	-0.9507227	0	0	0.3675
8.800003513908588e-09	0.15563251	-0.00024076166	-0.9501057	0	0	0.3675
8.810048365636038e-09	0.1503454	-0.032343548	-0.94617367	0	0	0.3675
8.820038561823621e-09	0.14226122	-0.046034206	-0.9458387	0	0	0.3675
8.830052299719067e-09	0.14604785	-0.06890629	-0.94298685	0	0	0.3675
8.84003441380671e-09	0.12264483	-0.09515783	-0.94311696	0	0	0.3675
8.85004063274394e-09	0.10708438	-0.08931347	-0.94412065	0	0	0.3675
8.86003527751999e-09	0.11614045	-0.11341744	-0.9410202	0	0	0.3675
8.870014595570162e-09	0.081700176	-0.1189875	-0.94140416	0	0	0.3675
8.880060550867351e-09	0.08110608	-0.10844037	-0.93989706	0	0	0.3675
8.890006178664842e-09	0.08860116	-0.10858551	-0.94032884	0	0	0.3675
8.900007251788293e-09	0.101207204	-0.12147343	-0.9383847	0	0	0.3675
8.9100611124862e-09	0.09830839	-0.13763587	-0.93802685	0	0	0.3675
8.920037825250547e-09	0.08850522	-0.1498581	-0.93811935	0	0	0.3675
8.930009319739321e-09	0.068239175	-0.16375364	-0.9391968	0	0	0.3675
8.940001057305625e-09	0.05284259	-0.16867054	-0.93541455	0	0	0.3675
8.950045859562818e-09	0.047637187	-0.1696267	-0.93722445	0	0	0.3675
8.96005375167334e-09	0.03817733	-0.17932642	-0.93614954	0	0	0.3675
8.970028563766597e-09	0.005296529	-0.17806338	-0.93184763	0	0	0.3675
8.980004663557089e-09	-0.012289752	-0.16554454	-0.9298171	0	0	0.3675
8.990010981013899e-09	-0.017416624	-0.17982626	-0.9277263	0	0	0.3675
9.000037700751899e-09	-0.035570063	-0.19486906	-0.92779994	0	0	0.3675
9.01003203578385e-09	-0.05515163	-0.18067901	-0.9295368	0	0	0.3675
9.020021021750412e-09	-0.077641815	-0.1744983	-0.9251847	0	0	0.3675
9.030043402513563e-09	-0.09739653	-0.18039726	-0.9244244	0	0	0.3675
9.0400394417259e-09	-0.10705059	-0.17882837	-0.92539006	0	0	0.3675
9.050048445880182e-09	-0.12824944	-0.16874586	-0.92562956	0	0	0.3675
9.060039204719926e-09	-0.12985137	-0.13855998	-0.92666537	0	0	0.3675
9.07003532027417e-09	-0.12681098	-0.14473356	-0.9235412	0	0	0.3675
9.0800100299312e-09	-0.13289931	-0.14533843	-0.91916317	0	0	0.3675
9.09003800240581e-09	-0.13725151	-0.15136646	-0.9234986	0	0	0.3675
9.100051769721595e-09	-0.15912388	-0.1382009	-0.9260815	0	0	0.3675
9.11001352994041e-09	-0.18184027	-0.12969944	-0.92507213	0	0	0.3675
9.120024971908797e-09	-0.19372468	-0.13430148	-0.9163068	0	0	0.3675
9.130011773146204e-09	-0.20236643	-0.11254738	-0.919178	0	0	0.3675
9.140050728104056e-09	-0.19917183	-0.096290804	-0.9182357	0	0	0.3675
9.150008909420939e-09	-0.20216939	-0.0868915	-0.9145735	0	0	0.3675
9.160032681202421e-09	-0.20233652	-0.086921446	-0.9108682	0	0	0.3675
9.17004832312562e-09	-0.19817293	-0.053707723	-0.91585445	0	0	0.3675
9.180023339992461e-09	-0.19299556	-0.06320306	-0.91542864	0	0	0.3675
9.190016463910585e-09	-0.17651181	-0.06268764	-0.9137408	0	0	0.3675
9.200052003909492e-09	-0.19281556	-0.06260018	-0.91691047	0	0	0.3675
9.210021582577144e-09	-0.1964371	-0.0675794	-0.91276675	0	0	0.3675
9.220027083939115e-09	-0.21140878	-0.06625169	-0.91583073	0	0	0.3675
9.230015895524798e-09	-0.21667115	-0.047688965	-0.9214593	0	0	0.3675
9.24000552737554e-09	-0.22465456	-0.014833521	-0.9229675	0	0	0.3675
9.250001611585954e-09	-0.22691163	-0.0076382076	-0.9181452	0	0	0.3675
9.260021251707791e-09	-0.23575923	-0.0059551746	-0.90936804	0	0	0.3675
9.270060191037206e-09	-0.231948	0.012396141	-0.9115953	0	0	0.3675
9.280064347896623e-09	-0.21666726	0.025380308	-0.91104	0	0	0.3675
9.290058665119269e-09	-0.19248013	0.031023765	-0.91050714	0	0	0.3675
9.300036410083066e-09	-0.21067889	0.009705907	-0.901418	0	0	0.3675
9.310064841163835e-09	-0.21370806	0.0031688379	-0.89804703	0	0	0.3675
9.32000410308619e-09	-0.21971908	-0.0061437003	-0.89611006	0	0	0.3675
9.330031084641795e-09	-0.21948108	-0.008794927	-0.9017661	0	0	0.3675
9.340009316481623e-09	-0.22365166	-0.0066401805	-0.9106048	0	0	0.3675
9.35000447624249e-09	-0.2221103	0.019913577	-0.912783	0	0	0.3675
9.36006458225236e-09	-0.22652006	0.038600087	-0.91540545	0	0	0.3675
9.370034757366191e-09	-0.23004933	0.041711554	-0.91893876	0	0	0.3675
9.3800316916269e-09	-0.21483183	0.03249023	-0.91395015	0	0	0.3675
9.390056833310039e-09	-0.21281454	0.03614291	-0.91257197	0	0	0.3675
9.400036123287455e-09	-0.19713938	0.034711495	-0.91223687	0	0	0.3675
9.410012329741509e-09	-0.1919855	0.04940128	-0.9140668	0	0	0.3675
9.420051232976578e-09	-0.19390994	0.06441062	-0.90972775	0	0	0.3675
9.430063184825528e-09	-0.19380923	0.09243171	-0.9088917	0	0	0.3675
9.440027291555901e-09	-0.18814957	0.10171402	-0.91303307	0	0	0.3675
9.450003524052958e-09	-0.17903669	0.105653	-0.91259766	0	0	0.3675
9.460016306413833e-09	-0.17557797	0.11612555	-0.9177909	0	0	0.3675
9.470055876242454e-09	-0.1444848	0.12618719	-0.92008436	0	0	0.3675
9.480056881432333e-09	-0.13456346	0.11948536	-0.91903025	0	0	0.3675
9.49004349500604e-09	-0.13546683	0.12537278	-0.9199699	0	0	0.3675
9.5000246858356e-09	-0.14213182	0.12806004	-0.9116713	0	0	0.3675
9.510051075269057e-09	-0.14739853	0.14407556	-0.9115728	0	0	0.3675
9.520061568927273e-09	-0.13913614	0.15515022	-0.9178216	0	0	0.3675
9.530003403751857e-09	-0.11687386	0.17079552	-0.91685104	0	0	0.3675
9.54004036707199e-09	-0.091938205	0.16910999	-0.9134059	0	0	0.3675
9.550035095679833e-09	-0.10056435	0.17449	-0.91519487	0	0	0.3675
9.560010950869547e-09	-0.087709345	0.17061982	-0.9181823	0	0	0.3675
9.570033745083378e-09	-0.0873086	0.1591074	-0.91906273	0	0	0.3675
9.58004073460447e-09	-0.07983347	0.17284814	-0.9258802	0	0	0.3675
9.590053082610515e-09	-0.09293965	0.18573505	-0.9153149	0	0	0.3675
9.600038238302845e-09	-0.07647503	0.21343547	-0.913607	0	0	0.3675
9.610045447231625e-09	-0.07510466	0.21460076	-0.91947794	0	0	0.3675
9.620060302557446e-09	-0.045078926	0.21130525	-0.9251563	0	0	0.3675
9.630003223766458e-09	-0.017927336	0.21846253	-0.920136	0	0	0.3675
9.640014157468307e-09	-0.011771705	0.2093167	-0.9198541	0	0	0.3675
9.650028732571823e-09	-0.00040634512	0.21834128	-0.91356874	0	0	0.3675
9.660027697602601e-09	-0.0008705543	0.23363566	-0.9096678	0	0	0.3675
9.670021157581174e-09	0.014609295	0.23832609	-0.90732247	0	0	0.3675
9.680032675252629e-09	0.024034683	0.253045	-0.9035159	0	0	0.3675
9.690032466087395e-09	0.027438948	0.27733123	-0.89877474	0	0	0.3675
9.700006814817465e-09	0.041268818	0.26989383	-0.90568894	0	0	0.3675
9.710019248932774e-09	0.05917194	0.27176273	-0.90568864	0	0	0.3675
9.720040845167147e-09	0.07593568	0.24561734	-0.9065298	0	0	0.3675
9.730056261959615e-09	0.09119265	0.24175884	-0.90605026	0	0	0.3675
9.740004813016021e-09	0.09618684	0.22836834	-0.91244656	0	0	0.3675
9.750000609552417e-09	0.10453364	0.22236672	-0.9085308	0	0	0.3675
9.760013998409693e-09	0.09607315	0.21010774	-0.9065142	0	0	0.3675
9.770019602238465e-09	0.09295149	0.2259078	-0.9035054	0	0	0.3675
9.780007495301098e-09	0.09967398	0.2313822	-0.89878064	0	0	0.3675
9.790011110292859e-09	0.116439894	0.24217777	-0.8966097	0	0	0.3675
9.80001201952949e-09	0.124953434	0.22424155	-0.90197384	0	0	0.3675
9.810057010170981e-09	0.12220312	0.22471474	-0.8968663	0	0	0.3675
9.820029928086351e-09	0.13301739	0.21612895	-0.8983525	0	0	0.3675
9.830061177177621e-09	0.1312936	0.22138867	-0.89485306	0	0	0.3675
9.840058118644938e-09	0.13799053	0.21100542	-0.8973792	0	0	0.3675
9.850019497237983e-09	0.14896518	0.21380435	-0.89298296	0	0	0.3675
9.860033984999754e-09	0.14864473	0.21104883	-0.8984184	0	0	0.3675
9.870026062530141e-09	0.16102499	0.19834001	-0.89583683	0	0	0.3675
9.880042943424597e-09	0.1621435	0.21962136	-0.8919508	0	0	0.3675
9.890056748356717e-09	0.16606449	0.21919829	-0.8933468	0	0	0.3675
9.900058392324523e-09	0.18909635	0.21975262	-0.8932524	0	0	0.3675
9.910048803178272e-09	0.19965793	0.22489773	-0.89038	0	0	0.3675
9.920061810013455e-09	0.21270819	0.21426027	-0.8892125	0	0	0.3675
9.930058879375561e-09	0.2071629	0.21302642	-0.8914936	0	0	0.3675
9.940023922851506e-09	0.19647089	0.21280058	-0.8913606	0	0	0.3675
9.950010715974436e-09	0.20000549	0.21190746	-0.8880409	0	0	0.3675
9.960052281082946e-09	0.20489107	0.21992075	-0.88391113	0	0	0.3675
9.97006408712282e-09	0.20955245	0.21094446	-0.88362706	0	0	0.3675
9.980054207531216e-09	0.20635156	0.21432762	-0.8818294	0	0	0.3675
9.9900017401187e-09	0.2175173	0.19482158	-0.8836417	0	0	0.3675
1e-08	0.20397474	0.17925912	-0.8861027	0	0	0.3675
