# t (s)	mx ()	my ()	mz ()	B_extx (T)	B_exty (T)	B_extz (T)
0	0	0	-1	0	0	0.36
1.0024565915278036e-11	0.009763073	0.00024895128	-0.97480977	0	0	0.36
2.0060547774453195e-11	0.018910613	-0.0047784555	-0.9671524	0	0	0.36
3.002585243009857e-11	0.030181805	-0.029836133	-0.9643981	0	0	0.36
4.001776638447096e-11	0.021772457	-0.032553706	-0.9631831	0	0	0.36
5.005156841087725e-11	0.0018974583	-0.023191424	-0.9622657	0	0	0.36
6.00157147491684e-11	-0.012192972	-0.016484996	-0.9583731	0	0	0.36
7.005309755573732e-11	-0.009256528	-0.027188992	-0.957738	0	0	0.36
8.002723425827431e-11	0.0147885075	-0.017207472	-0.95510805	0	0	0.36
9.00070772257168e-11	0.023451092	-0.026460305	-0.9547361	0	0	0.36
1.0001676346551726e-10	0.019652437	-0.03172977	-0.9543943	0	0	0.36
1.1003641084934672e-10	0.017181398	-0.028066067	-0.95531505	0	0	0.36
1.200522523805696e-10	0.009661214	-0.033953417	-0.95454943	0	0	0.36
1.300321798962075e-10	0.028738583	-0.03381615	-0.95746416	0	0	0.36
1.4004436374115764e-10	0.0148728555	-0.03631704	-0.9608644	0	0	0.36
1.500293035935612e-10	0.014054237	-0.05189207	-0.96165377	0	0	0.36
1.600535693628989e-10	0.0052632815	-0.041041948	-0.9620877	0	0	0.36
1.7005200275023806e-10	-0.0007229509	-0.049115505	-0.95952505	0	0	0.36
1.800545999444853e-10	-0.013614923	-0.05039823	-0.956699	0	0	0.36
1.9004555475448724e-10	-0.016459037	-0.04042123	-0.95674574	0	0	0.36
2.0002241956204607e-10	-0.016556194	-0.036909018	-0.95776856	0	0	0.36
2.1004644089252814e-10	-0.009875476	-0.014089793	-0.95333487	0	0	0.36
2.200636152406533e-10	-0.005390655	-0.021232579	-0.9544745	0	0	0.36
2.300006235697918e-10	-0.013847355	-0.039535988	-0.9552454	0	0	0.36
2.40034465425237e-10	-0.0021950325	-0.048105795	-0.95735765	0	0	0.36
2.500537152231719e-10	-0.01901805	-0.060367536	-0.9559881	0	0	0.36
2.6004264807016724e-10	-0.031195639	-0.051373787	-0.95771307	0	0	0.36
2.700442635567976e-10	-0.045360003	-0.037846867	-0.95618486	0	0	0.36
2.8002691164369727e-10	-0.045619134	-0.03506579	-0.9512979	0	0	0.36
2.900652064755986e-10	-0.024852691	-0.027887654	-0.95223576	0	0	0.36
3.000469042537822e-10	-0.016362676	-0.01862442	-0.9519097	0	0	0.36
3.100054065565098e-10	-0.00681907	-0.029280249	-0.9529084	0	0	0.36
3.200560550494272e-10	-0.029256644	-0.04272828	-0.949766	0	0	0.36
3.300124247955239e-10	-0.039488975	-0.042562127	-0.95043606	0	0	0.36
3.4003426976546075e-10	-0.04331692	-0.042114463	-0.95150995	0	0	0.36
3.500348124613281e-10	-0.03964622	-0.031996373	-0.95345616	0	0	0.36
3.600258729825935e-10	-0.03912193	-0.021687226	-0.9538451	0	0	0.36
3.700647214815754e-10	-0.018361416	-0.0045316196	-0.95665014	0	0	0.36
3.800029322728533e-10	-0.019539535	0.0016988436	-0.9550386	0	0	0.36
3.900414259196357e-10	-0.0038754418	0.0023965316	-0.9577604	0	0	0.36
4.0000751105992444e-10	0.011415379	0.0063602445	-0.95444417	0	0	0.36
4.100092252058508e-10	-0.012214181	-0.0061967187	-0.954674	0	0	0.36
4.200359046388865e-10	-0.009831949	-0.008803576	-0.9546617	0	0	0.36
4.300108195425733e-10	-0.02067924	-0.0126430495	-0.9553743	0	0	0.36
4.4004037215406125e-10	-0.009227132	-0.014684982	-0.9544418	0	0	0.36
4.5006332161992895e-10	-0.0030685791	-0.008665674	-0.9574323	0	0	0.36
4.6004921652334336e-10	0.017130634	-0.029082416	-0.95314604	0	0	0.36
4.700422423541076e-10	0.01384888	-0.058812343	-0.9523433	0	0	0.36
4.800457275659314e-10	-0.00574621	-0.056718037	-0.95048517	0	0	0.36
4.900617904748465e-10	-0.026413424	-0.050238058	-0.95368093	0	0	0.36
5.000516992808898e-10	-0.027432552	-0.057203423	-0.9517195	0	0	0.36
5.100246260691517e-10	-0.04291914	-0.035669528	-0.95238024	0	0	0.36
5.200415959450308e-10	-0.037367444	-0.03506407	-0.9489856	0	0	0.36
5.300046772069109e-10	-0.043077778	-0.04209143	-0.94794124	0	0	0.36
5.400287631291314e-10	-0.06231354	-0.03104789	-0.9446193	0	0	0.36
5.50050310611545e-10	-0.062913	-0.01708171	-0.94828373	0	0	0.36
5.600188890796546e-10	-0.06527719	0.016106319	-0.94586754	0	0	0.36
5.700320057089104e-10	-0.06721936	0.04170356	-0.94755805	0	0	0.36
5.800439111327257e-10	-0.07283735	0.053439405	-0.94945246	0	0	0.36
5.900192742996957e-10	-0.06014638	0.07154428	-0.9519842	0	0	0.36
6.00059567490073e-10	-0.04032274	0.07534372	-0.9503324	0	0	0.36
6.100173168574126e-10	-0.038962077	0.0740267	-0.9522408	0	0	0.36
6.20008050405247e-10	-0.030243047	0.079834394	-0.94388646	0	0	0.36
6.300164252430702e-10	-0.04919212	0.0647912	-0.9435096	0	0	0.36
6.400353396288651e-10	-0.040475193	0.08121862	-0.9429978	0	0	0.36
6.500010778643531e-10	-0.023358487	0.08404891	-0.93930525	0	0	0.36
6.600209186386534e-10	-0.020819625	0.082997404	-0.9379216	0	0	0.36
6.700067709631195e-10	-0.00036653978	0.06816834	-0.9375409	0	0	0.36
6.800408192048178e-10	0.008816997	0.06855608	-0.93189996	0	0	0.36
6.900565911850988e-10	-0.00067577924	0.06227446	-0.9346909	0	0	0.36
7.000298860179795e-10	0.010132893	0.08249023	-0.9352333	0	0	0.36
7.100047410753867e-10	0.026994705	0.08658416	-0.9395544	0	0	0.36
7.200555924171583e-10	0.01714891	0.08486418	-0.94085395	0	0	0.36
7.300467529216013e-10	0.021136472	0.067829035	-0.94426155	0	0	0.36
7.400580628380691e-10	0.034026906	0.043037545	-0.94461316	0	0	0.36
7.500176393904151e-10	0.040264525	0.032519776	-0.94176394	0	0	0.36
7.600366267910238e-10	0.034444075	0.025712267	-0.93683463	0	0	0.36
7.700469659266741e-10	0.0280667	0.037523594	-0.9306626	0	0	0.36
7.80054443422634e-10	0.023107924	0.056440286	-0.9283258	0	0	0.36
7.900132704387727e-10	0.02789558	0.06790247	-0.9300647	0	0	0.36
8.000499388801654e-10	0.032460418	0.07262584	-0.93163997	0	0	0.36
8.100235629146359e-10	0.061285876	0.07854367	-0.92780185	0	0	0.36
8.200034280121021e-10	0.074651696	0.07553742	-0.926466	0	0	0.36
8.300284206814172e-10	0.09178953	0.07198657	-0.9312051	0	0	0.36
8.400580544459552e-10	0.09520477	0.04707029	-0.9331838	0	0	0.36
8.500325426593201e-10	0.071618676	0.0466215	-0.9325225	0	0	0.36
8.600516225737262e-10	0.044801302	0.054399855	-0.93307185	0	0	0.36
8.700169465991725e-10	0.039566558	0.07350648	-0.9306998	0	0	0.36
8.800110034670231e-10	0.039577957	0.057983954	-0.93453056	0	0	0.36
8.900561815678413e-10	0.040378664	0.053830937	-0.9347125	0	0	0.36
9.000494573129488e-10	0.04745368	0.059846893	-0.93482643	0	0	0.36
9.100019204411013e-10	0.05850807	0.060371485	-0.935817	0	0	0.36
9.200430481445406e-10	0.056758057	0.048020575	-0.9319194	0	0	0.36
9.300441501281499e-10	0.070604	0.05267149	-0.9368749	0	0	0.36
9.400097751723268e-10	0.06834339	0.048738573	-0.93363065	0	0	0.36
9.500284063159454e-10	0.047679644	0.056128863	-0.935133	0	0	0.36
9.600571990162316e-10	0.051084723	0.048570722	-0.937816	0	0	0.36
9.70058984104113e-10	0.047798187	0.041720375	-0.9315162	0	0	0.36
9.800118801546153e-10	0.06276752	0.035666723	-0.93214303	0	0	0.36
9.900143194952796e-10	0.07768305	0.022040715	-0.9333279	0	0	0.36
1.0000175068955044e-09	0.07845889	0.0090616755	-0.9324455	0	0	0.36
1.0100597633924243e-09	0.07106132	-0.005255497	-0.937115	0	0	0.36
1.020006384760083e-09	0.07984995	-0.0067113396	-0.9372906	0	0	0.36
1.0300390568729047e-09	0.08441148	-0.020012992	-0.93814343	0	0	0.36
1.040035982365707e-09	0.08630219	-0.021719607	-0.9382791	0	0	0.36
1.0500539692020859e-09	0.08472105	-0.026483024	-0.93415797	0	0	0.36
1.0600477834536676e-09	0.071505316	-0.05974359	-0.9320022	0	0	0.36
1.07002566108258e-09	0.036380015	-0.073903665	-0.93176556	0	0	0.36
1.0800189686661782e-09	0.025675137	-0.06674469	-0.9415411	0	0	0.36
1.090038070956929e-09	0.022774868	-0.06268376	-0.94099057	0	0	0.36
1.1000621465471098e-09	0.029073628	-0.07363479	-0.9418464	0	0	0.36
1.1100568522804617e-09	0.015723825	-0.070194714	-0.9436266	0	0	0.36
1.1200524787729123e-09	0.009601016	-0.062323187	-0.9459131	0	0	0.36
1.130008620333022e-09	-0.0067770304	-0.06297902	-0.94771165	0	0	0.36
1.1400010092781207e-09	0.004836463	-0.063317396	-0.9506752	0	0	0.36
1.1500321596794228e-09	0.0036055748	-0.06091803	-0.9507223	0	0	0.36
1.16003052187942e-09	0.0024189656	-0.08219513	-0.95300686	0	0	0.36
1.1700298504129138e-09	0.004391945	-0.0956556	-0.9542534	0	0	0.36
1.18000497417625e-09	0.0046051173	-0.09373025	-0.95101357	0	0	0.36
1.1900321219846946e-09	-0.033881083	-0.10576579	-0.9482923	0	0	0.36
1.200037161977456e-09	-0.048129518	-0.0974628	-0.9447313	0	0	0.36
1.2100392341108556e-09	-0.0545876	-0.08663537	-0.9465911	0	0	0.36
1.2200288350943086e-09	-0.0333544	-0.064021826	-0.947944	0	0	0.36
1.2300387197507394e-09	-0.036872976	-0.06911081	-0.94473207	0	0	0.36
1.2400251654368055e-09	-0.03441973	-0.0758368	-0.9429184	0	0	0.36
1.2500402945191693e-09	-0.0317149	-0.08936771	-0.9461558	0	0	0.36
1.260026808898937e-09	-0.043872185	-0.08685461	-0.9490768	0	0	0.36
1.2700318185960092e-09	-0.07396101	-0.08309608	-0.9465369	0	0	0.36
1.280061703141489e-09	-0.091283396	-0.056818336	-0.9400281	0	0	0.36
1.2900483493125136e-09	-0.095161125	-0.028059812	-0.93466234	0	0	0.36
1.3000127376048873e-09	-0.10073292	-0.032610275	-0.9284974	0	0	0.36
1.3100466774961767e-09	-0.11020419	-0.013370279	-0.9315951	0	0	0.36
1.3200603697957427e-09	-0.110384166	-0.012068606	-0.93639076	0	0	0.36
1.3300177101403869e-09	-0.11201154	-0.027889984	-0.9342719	0	0	0.36
1.3400142935636677e-09	-0.106721014	-0.021684214	-0.9338122	0	0	0.36
1.3500479449141944e-09	-0.103587426	-0.024161283	-0.93939227	0	0	0.36
1.3600319595734432e-09	-0.114919595	-0.014781543	-0.94308615	0	0	0.36
1.3700030000454457e-09	-0.11848863	-0.005409459	-0.9432122	0	0	0.36
1.3800547452405128e-09	-0.12185442	0.017959407	-0.9420237	0	0	0.36
1.3900019771286074e-09	-0.11168677	0.03322761	-0.93684244	0	0	0.36
1.4000638436695405e-09	-0.09376788	0.056233693	-0.938668	0	0	0.36
1.4100095992575595e-09	-0.08449714	0.049522802	-0.93911886	0	0	0.36
1.4200059453408315e-09	-0.07541837	0.05031363	-0.9363844	0	0	0.36
1.4300014553839423e-09	-0.07070654	0.048152335	-0.93728894	0	0	0.36
1.440059998885177e-09	-0.07006307	0.03889555	-0.93717104	0	0	0.36
1.4500232754715888e-09	-0.08822284	0.03948982	-0.94372725	0	0	0.36
1.460022502432739e-09	-0.08348946	0.050419614	-0.94712865	0	0	0.36
1.4700542891160926e-09	-0.05992678	0.05849987	-0.9471968	0	0	0.36
1.4800367741642837e-09	-0.04272416	0.0706533	-0.94790965	0	0	0.36
1.4900526760066592e-09	-0.027419234	0.09210118	-0.9437569	0	0	0.36
1.5000409974514303e-09	0.0068117576	0.06544242	-0.94826925	0	0	0.36
1.5100237850394337e-09	0.023148812	0.06562167	-0.94540614	0	0	0.36
1.5200342182308838e-09	0.022283578	0.060334276	-0.94314545	0	0	0.36
1.5300555592345412e-09	0.016201893	0.06942342	-0.9434516	0	0	0.36
1.5400213627836196e-09	-0.0050201323	0.07961014	-0.9445786	0	0	0.36
1.5500113355510766e-09	0.010586978	0.118666895	-0.9415926	0	0	0.36
1.560022183127643e-09	0.025752002	0.1171355	-0.9441083	0	0	0.36
1.5700124511002476e-09	0.049183168	0.10268496	-0.9453364	0	0	0.36
1.5800372259256627e-09	0.060715765	0.09323742	-0.94441944	0	0	0.36
1.5900219835942468e-09	0.06595612	0.08846028	-0.94024366	0	0	0.36
1.6000024760234586e-09	0.067609474	0.07333016	-0.9404841	0	0	0.36
1.6100215190152462e-09	0.059332035	0.05806914	-0.9379119	0	0	0.36
1.6200069396907617e-09	0.048333257	0.07343414	-0.9353824	0	0	0.36
1.6300509170806606e-09	0.054448895	0.08267306	-0.93811876	0	0	0.36
1.640014493675674e-09	0.059636697	0.09943919	-0.9378585	0	0	0.36
1.6500078817440312e-09	0.067843415	0.12039085	-0.93817246	0	0	0.36
1.6600186670181761e-09	0.086209744	0.107274264	-0.9395829	0	0	0.36
1.670032934933405e-09	0.079763785	0.10036426	-0.94153315	0	0	0.36
1.6800579432311867e-09	0.09256967	0.078876436	-0.93952423	0	0	0.36
1.690030184108976e-09	0.08173806	0.071894474	-0.9402046	0	0	0.36
1.7000547093156011e-09	0.07526531	0.05779788	-0.935576	0	0	0.36
1.7100164271014227e-09	0.086756214	0.06689834	-0.9364887	0	0	0.36
1.7200384761741842e-09	0.09476828	0.06789466	-0.9359278	0	0	0.36
1.7300454637537136e-09	0.11617462	0.06081885	-0.93527764	0	0	0.36
1.7400621904921947e-09	0.11795148	0.084427804	-0.93267965	0	0	0.36
1.7500548551205123e-09	0.12954594	0.073562115	-0.9382672	0	0	0.36
1.7600069248017743e-09	0.114585124	0.06516969	-0.94880384	0	0	0.36
1.770039373034159e-09	0.12541993	0.046127047	-0.94561875	0	0	0.36
1.780025176379868e-09	0.120253906	0.019114254	-0.9467778	0	0	0.36
1.7900221112669364e-09	0.10446041	-0.004616425	-0.9419076	0	0	0.36
1.80001076609992e-09	0.09897197	-0.013257304	-0.94118714	0	0	0.36
1.8100267883377392e-09	0.07351357	-0.022700606	-0.94626576	0	0	0.36
1.8200350702958486e-09	0.06421156	-0.02810716	-0.9447746	0	0	0.36
1.8300099484276361e-09	0.06988261	-0.007950067	-0.9453618	0	0	0.36
1.8400472153339634e-09	0.0741599	-0.006589716	-0.9461445	0	0	0.36
1.8500044936641268e-09	0.08693519	-0.027914617	-0.94724035	0	0	0.36
1.8600597716768453e-09	0.08067783	-0.05207585	-0.94860977	0	0	0.36
1.8700460779926805e-09	0.07829612	-0.052331112	-0.95107776	0	0	0.36
1.880016737938226e-09	0.054725185	-0.06664843	-0.95210385	0	0	0.36
1.8900405507102247e-09	0.042499036	-0.06962334	-0.9510686	0	0	0.36
1.900000868801507e-09	0.032093447	-0.059335258	-0.94826293	0	0	0.36
1.910040354760919e-09	0.031639867	-0.06285757	-0.9452704	0	0	0.36
1.920046728248876e-09	0.04302813	-0.0641645	-0.94155854	0	0	0.36
1.9300491999543493e-09	0.04288501	-0.08618661	-0.94295913	0	0	0.36
1.9400387039072996e-09	0.043334678	-0.10454185	-0.94344956	0	0	0.36
1.9500035611811186e-09	0.044097222	-0.12489649	-0.9397577	0	0	0.36
1.9600047898977335e-09	0.022149682	-0.13510446	-0.9417391	0	0	0.36
1.97002552000221e-09	0.010166786	-0.13639301	-0.9464905	0	0	0.36
1.9800606036132805e-09	-0.00876227	-0.10924512	-0.9489128	0	0	0.36
1.990059657176105e-09	-4.5204986e-05	-0.0963193	-0.94913304	0	0	0.36
2.000065630718661e-09	-0.02441374	-0.07986494	-0.94965523	0	0	0.36
2.0100076087000936e-09	-0.02768928	-0.06567884	-0.9513634	0	0	0.36
2.02006388624735e-09	-0.036013916	-0.07684932	-0.94418216	0	0	0.36
2.0300265286654867e-09	-0.06608392	-0.0879842	-0.94652134	0	0	0.36
2.0400378219058263e-09	-0.08060002	-0.08677604	-0.9476116	0	0	0.36
2.0500536339542544e-09	-0.09258673	-0.08104311	-0.9466709	0	0	0.36
2.0600010081727192e-09	-0.097449906	-0.06302717	-0.9525921	0	0	0.36
2.0700650600827176e-09	-0.10934711	-0.036968727	-0.952346	0	0	0.36
2.080001531863244e-09	-0.12243239	-0.03144758	-0.9481123	0	0	0.36
2.090055946488491e-09	-0.123424634	-0.0112244645	-0.94528913	0	0	0.36
2.1000378650425734e-09	-0.11871492	0.0036809032	-0.9437612	0	0	0.36
2.1100401533386154e-09	-0.10369937	-0.014778898	-0.946343	0	0	0.36
2.120000649075973e-09	-0.1358166	-0.022766227	-0.94504523	0	0	0.36
2.1300002276714223e-09	-0.1325995	-0.008375231	-0.94834346	0	0	0.36
2.140006320729477e-09	-0.13236786	0.012088132	-0.94762963	0	0	0.36
2.150051730981426e-09	-0.13806206	0.026437862	-0.9496866	0	0	0.36
2.1600345222934603e-09	-0.14278509	0.04342953	-0.94690627	0	0	0.36
2.1700437720222574e-09	-0.13272071	0.054063674	-0.946674	0	0	0.36
2.180005037787195e-09	-0.12584691	0.0570153	-0.94761705	0	0	0.36
2.1900363724054455e-09	-0.10356048	0.07173579	-0.9478993	0	0	0.36
2.200044469268683e-09	-0.10156278	0.07392974	-0.94791085	0	0	0.36
2.2100112250757183e-09	-0.105298996	0.07421811	-0.9445835	0	0	0.36
2.220019223108716e-09	-0.094355196	0.09605457	-0.9463503	0	0	0.36
2.2300144206262333e-09	-0.08716814	0.12024913	-0.94705516	0	0	0.36
2.240057795871802e-09	-0.094194435	0.124746084	-0.9448555	0	0	0.36
2.2500513478549438e-09	-0.08059983	0.1288331	-0.9478452	0	0	0.36
2.2600152980232443e-09	-0.06098978	0.13184248	-0.9455603	0	0	0.36
2.2700151790911717e-09	-0.046188675	0.13666452	-0.94053614	0	0	0.36
2.2800357164865457e-09	-0.032614704	0.13790548	-0.9427629	0	0	0.36
2.290007885245989e-09	-0.0055113216	0.14756064	-0.9437498	0	0	0.36
2.3000321357441264e-09	0.00955044	0.14490381	-0.94728833	0	0	0.36
2.3100378620106862e-09	0.017453358	0.15324105	-0.9461569	0	0	0.36
2.3200363674993014e-09	0.03201622	0.13997844	-0.9499748	0	0	0.36
2.330066031023451e-09	0.060136303	0.13600011	-0.94862115	0	0	0.36
2.340001800958012e-09	0.06946728	0.14384808	-0.94551456	0	0	0.36
2.350013674103752e-09	0.07804192	0.12165234	-0.9458172	0	0	0.36
2.3600290383970696e-09	0.08968941	0.117727965	-0.94917935	0	0	0.36
2.370010770817237e-09	0.11029352	0.097350575	-0.94529355	0	0	0.36
2.380032859076358e-09	0.10330732	0.07608975	-0.9437345	0	0	0.36
2.3900476973395197e-09	0.095995024	0.07109418	-0.9422052	0	0	0.36
2.4000225194792127e-09	0.08760674	0.078594685	-0.94052374	0	0	0.36
2.4100463898899703e-09	0.09632203	0.08971978	-0.93907535	0	0	0.36
2.4200249800305035e-09	0.1137946	0.0784716	-0.9384553	0	0	0.36
2.430038567811745e-09	0.118040904	0.061315738	-0.9388503	0	0	0.36
2.4400132449049e-09	0.12676159	0.04769594	-0.9393771	0	0	0.36
2.450033413457927e-09	0.11830078	0.02508259	-0.9412299	0	0	0.36
2.460018252942646e-09	0.12836373	0.023622317	-0.93672585	0	0	0.36
2.47001060171955e-09	0.11813276	0.015351312	-0.9459439	0	0	0.36
2.480051206538568e-09	0.11108916	0.011087157	-0.9479872	0	0	0.36
2.4900061330587866e-09	0.108489126	0.004892993	-0.9408449	0	0	0.36
2.5000465916486005e-09	0.09895382	0.01193334	-0.944929	0	0	0.36
2.5100553952893463e-09	0.11046661	0.009871453	-0.93975276	0	0	0.36
2.5200147146339427e-09	0.1264254	0.005772061	-0.9412293	0	0	0.36
2.530023155147717e-09	0.12648769	-0.0067681656	-0.9396527	0	0	0.36
2.5400647603494066e-09	0.1110539	-0.02212474	-0.94407254	0	0	0.36
2.5500076864049004e-09	0.09906611	-0.033812907	-0.94486976	0	0	0.36
2.560041754771571e-09	0.093078226	-0.033767994	-0.9440932	0	0	0.36
2.570005186389043e-09	0.08360829	-0.04010121	-0.9453744	0	0	0.36
2.5800194563722733e-09	0.054661352	-0.034094628	-0.9465272	0	0	0.36
2.5900306389124134e-09	0.0643868	-0.036009863	-0.94337124	0	0	0.36
2.6000108873693597e-09	0.07926923	-0.04665576	-0.9383372	0	0	0.36
2.6100261614412503e-09	0.084514916	-0.040357064	-0.93857205	0	0	0.36
2.6200183005056908e-09	0.08506433	-0.038447194	-0.9398551	0	0	0.36
2.630058923317058e-09	0.09001624	-0.05789776	-0.94122523	0	0	0.36
2.640045146910314e-09	0.10295764	-0.058876257	-0.9405029	0	0	0.36
2.6500194691251686e-09	0.101793826	-0.08103902	-0.9408662	0	0	0.36
2.660060320377737e-09	0.08490382	-0.07863731	-0.9472433	0	0	0.36
2.670030150085388e-09	0.08220668	-0.0847519	-0.94485974	0	0	0.36
2.6800406281610806e-09	0.079231	-0.084241085	-0.94210666	0	0	0.36
2.690022649938795e-09	0.08318371	-0.08887155	-0.9443561	0	0	0.36
2.7000130318581638e-09	0.0741251	-0.09475546	-0.94054365	0	0	0.36
2.7100547621243564e-09	0.06370146	-0.103998646	-0.9405762	0	0	0.36
2.720066895403407e-09	0.05017117	-0.11590037	-0.93823606	0	0	0.36
2.730059894170699e-09	0.033947047	-0.122025326	-0.9369095	0	0	0.36
2.7400111546361677e-09	0.021112463	-0.116465114	-0.9356649	0	0	0.36
2.7500316286441735e-09	0.00072048686	-0.12679407	-0.9328921	0	0	0.36
2.760052209521452e-09	-0.017267391	-0.12213312	-0.9314407	0	0	0.36
2.7700049423350103e-09	-0.0107322	-0.12513055	-0.9298956	0	0	0.36
2.7800320802572086e-09	-0.020446345	-0.13859418	-0.92811954	0	0	0.36
2.7900567941858596e-09	-0.04090457	-0.15300642	-0.9266464	0	0	0.36
2.8000336382781586e-09	-0.055738233	-0.12449053	-0.93456054	0	0	0.36
2.8100522896373577e-09	-0.059894145	-0.12373211	-0.932329	0	0	0.36
2.8200062207189665e-09	-0.056079898	-0.14174739	-0.9298275	0	0	0.36
2.8300344092412223e-09	-0.06698628	-0.13933879	-0.93385714	0	0	0.36
2.8400120687233074e-09	-0.0774946	-0.14242817	-0.93346775	0	0	0.36
2.850019910046476e-09	-0.07395374	-0.1280561	-0.93630224	0	0	0.36
2.860061393344698e-09	-0.069800854	-0.13645123	-0.93405753	0	0	0.36
2.870007210222202e-09	-0.081844546	-0.13429597	-0.93322694	0	0	0.36
2.8800571992102832e-09	-0.086289935	-0.13120282	-0.93170166	0	0	0.36
2.890014055128367e-09	-0.07911845	-0.1328509	-0.92980504	0	0	0.36
2.9000297462634716e-09	-0.085470885	-0.13971071	-0.9341616	0	0	0.36
2.910052622742563e-09	-0.08726524	-0.13491954	-0.9398538	0	0	0.36
2.920053047873862e-09	-0.080941394	-0.12511814	-0.9365585	0	0	0.36
2.9300401919838597e-09	-0.090502314	-0.105125934	-0.9379935	0	0	0.36
2.94001290389238e-09	-0.102296695	-0.09301908	-0.9397067	0	0	0.36
2.9500348084681894e-09	-0.08472271	-0.09155384	-0.932625	0	0	0.36
2.9600184138385408e-09	-0.085130446	-0.083824724	-0.93696195	0	0	0.36
2.9700219795994247e-09	-0.106702976	-0.07540372	-0.9352724	0	0	0.36
2.9800553022723573e-09	-0.12280713	-0.064760864	-0.9354404	0	0	0.36
2.990037619190378e-09	-0.12877725	-0.050329477	-0.9335814	0	0	0.36
3.00003429871212e-09	-0.12852152	-0.043738935	-0.9353897	0	0	0.36
3.0100450762629473e-09	-0.123294175	-0.02201718	-0.94295025	0	0	0.36
3.0200072582801087e-09	-0.12060751	-0.013962161	-0.9426921	0	0	0.36
3.0300426986179798e-09	-0.1175334	0.014209949	-0.94594014	0	0	0.36
3.0400008295811278e-09	-0.11353848	0.03272119	-0.9481281	0	0	0.36
3.050000557854983e-09	-0.11418273	0.050790906	-0.9496455	0	0	0.36
3.0600544881081436e-09	-0.114265405	0.07160733	-0.94643277	0	0	0.36
3.070024729953332e-09	-0.11438879	0.08090957	-0.94898075	0	0	0.36
3.0800167683561594e-09	-0.102331296	0.08554822	-0.94678193	0	0	0.36
3.090026524896906e-09	-0.09387848	0.08873997	-0.9467954	0	0	0.36
3.100060326508253e-09	-0.09052532	0.075261965	-0.9490187	0	0	0.36
3.1100442571188854e-09	-0.08682565	0.09692272	-0.9474197	0	0	0.36
3.120060759665221e-09	-0.055616543	0.11573224	-0.9453617	0	0	0.36
3.130035400927101e-09	-0.048006155	0.12057488	-0.9462393	0	0	0.36
3.1400314996654514e-09	-0.023680914	0.11961504	-0.94698125	0	0	0.36
3.1500096291734937e-09	-0.017617546	0.11084121	-0.95037603	0	0	0.36
3.1600451581713204e-09	0.0017197379	0.099452294	-0.95015854	0	0	0.36
3.170037104624914e-09	-0.0018698359	0.09256123	-0.94609004	0	0	0.36
3.180045142498357e-09	-0.017481703	0.09910105	-0.94556296	0	0	0.36
3.190040908450202e-09	-0.008746323	0.09813921	-0.9474833	0	0	0.36
3.200002139937728e-09	0.005823169	0.10476004	-0.945508	0	0	0.36
3.2100503396565484e-09	0.027403118	0.085394956	-0.94722956	0	0	0.36
3.2200053235717148e-09	0.022028578	0.07353768	-0.9464618	0	0	0.36
3.230030398029529e-09	0.038041927	0.08283861	-0.9434448	0	0	0.36
3.240002662232493e-09	0.032640014	0.06571375	-0.9450216	0	0	0.36
3.250052402162064e-09	0.03861039	0.046929102	-0.9488555	0	0	0.36
3.2600213403729996e-09	0.034603387	0.0368086	-0.9490495	0	0	0.36
3.2700431697318283e-09	0.026452929	0.038864747	-0.94696987	0	0	0.36
3.280058018690433e-09	0.039626602	0.027631903	-0.94869184	0	0	0.36
3.2900218830460925e-09	0.043045714	0.024246268	-0.95086354	0	0	0.36
3.3000206971561387e-09	0.034912165	0.012555385	-0.9471111	0	0	0.36
3.3100576293908233e-09	0.03374766	0.0016701422	-0.951171	0	0	0.36
3.320056971758943e-09	0.048646096	0.017844269	-0.9500674	0	0	0.36
3.3300530213374447e-09	0.06227727	0.018480195	-0.9470738	0	0	0.36
3.3400202653775398e-09	0.05733409	-0.0002332227	-0.9488373	0	0	0.36
3.350056715410421e-09	0.039099455	0.0046402123	-0.9491128	0	0	0.36
3.3600524319562e-09	0.04020153	-0.00093948137	-0.9422331	0	0	0.36
3.3700440198914046e-09	0.028730225	-0.0016183477	-0.9396848	0	0	0.36
3.3800289386222333e-09	0.018082095	-0.0062260698	-0.9400923	0	0	0.36
3.3900088641288404e-09	0.029250355	-0.0016828276	-0.9413715	0	0	0.36
3.4000463191839605e-09	0.032942876	-0.013140031	-0.93951654	0	0	0.36
3.4100348970443186e-09	0.02388486	-0.027588464	-0.93814087	0	0	0.36
3.420025901401941e-09	0.027030114	-0.04559282	-0.9383306	0	0	0.36
3.4300057815758685e-09	0.02824103	-0.0550002	-0.9383999	0	0	0.36
3.440020756652001e-09	0.039180696	-0.050314978	-0.9364304	0	0	0.36
3.450045189364711e-09	0.044015307	-0.062011622	-0.9397817	0	0	0.36
3.4600033576845557e-09	0.04003849	-0.05390187	-0.9419775	0	0	0.36
3.470062156421439e-09	0.05588398	-0.05024408	-0.9395179	0	0	0.36
3.4800011335781545e-09	0.042591225	-0.0407075	-0.93760824	0	0	0.36
3.490057184375812e-09	0.058210284	-0.053120974	-0.9361227	0	0	0.36
3.5000608751058083e-09	0.061610557	-0.06555914	-0.9403096	0	0	0.36
3.510019679650503e-09	0.050970867	-0.087283395	-0.9421908	0	0	0.36
3.5200299619168378e-09	0.033246506	-0.09924747	-0.94066983	0	0	0.36
3.5300031724412832e-09	0.030358104	-0.093476824	-0.9394838	0	0	0.36
3.5400561022239916e-09	0.026967349	-0.08502291	-0.93645054	0	0	0.36
3.5500237770708968e-09	0.046095382	-0.08637821	-0.93848515	0	0	0.36
3.56000631761273e-09	0.03791756	-0.09872196	-0.93635595	0	0	0.36
3.5700399337356325e-09	0.055503994	-0.08764499	-0.93347263	0	0	0.36
3.5800344903563267e-09	0.05778818	-0.09747671	-0.93638045	0	0	0.36
3.5900014482419408e-09	0.047061797	-0.12979099	-0.93377733	0	0	0.36
3.600048870562096e-09	0.04241274	-0.13587488	-0.93666327	0	0	0.36
3.6100311640395667e-09	0.027877808	-0.14860393	-0.92931104	0	0	0.36
3.620062083346188e-09	0.0038932462	-0.13188317	-0.93198776	0	0	0.36
3.6300008928740627e-09	-0.0051166858	-0.11634236	-0.936797	0	0	0.36
3.640049699661219e-09	-0.011219227	-0.10849092	-0.9413386	0	0	0.36
3.6500298179503615e-09	-0.025979377	-0.10842979	-0.93473536	0	0	0.36
3.660032313574953e-09	-0.024724877	-0.112243	-0.92939013	0	0	0.36
3.670003412214715e-09	-0.044568546	-0.12828033	-0.93526906	0	0	0.36
3.680010968918521e-09	-0.057591997	-0.12420683	-0.9412421	0	0	0.36
3.6900587738540145e-09	-0.08429578	-0.12949099	-0.9372918	0	0	0.36
3.7000405400420856e-09	-0.08625016	-0.13368586	-0.93436366	0	0	0.36
3.710060196730683e-09	-0.108188495	-0.11773054	-0.93216604	0	0	0.36
3.720047185515612e-09	-0.099641286	-0.11110346	-0.9326097	0	0	0.36
3.730006469674591e-09	-0.09231367	-0.11084197	-0.9298852	0	0	0.36
3.740009252607844e-09	-0.09383485	-0.10514311	-0.9265123	0	0	0.36
3.750025735134623e-09	-0.09328271	-0.11598555	-0.9261207	0	0	0.36
3.76001847980182e-09	-0.1041511	-0.12511955	-0.9281935	0	0	0.36
3.770055453080603e-09	-0.11213321	-0.10180933	-0.9261556	0	0	0.36
3.780056137216877e-09	-0.11505794	-0.09770645	-0.9287112	0	0	0.36
3.79001885610529e-09	-0.10931855	-0.09717888	-0.9319408	0	0	0.36
3.8000632418375956e-09	-0.12216406	-0.08418122	-0.9295295	0	0	0.36
3.810024323211748e-09	-0.12602341	-0.06811131	-0.93742764	0	0	0.36
3.820057775308044e-09	-0.13458481	-0.052640285	-0.934431	0	0	0.36
3.830038027943391e-09	-0.13964297	-0.05956878	-0.9384907	0	0	0.36
3.8400655591304e-09	-0.12260416	-0.04630517	-0.938996	0	0	0.36
3.8500572699305874e-09	-0.12971938	-0.019719457	-0.93505406	0	0	0.36
3.860034906034734e-09	-0.13940436	-0.00494206	-0.9315562	0	0	0.36
3.870044265374585e-09	-0.13686322	0.017576415	-0.93237585	0	0	0.36
3.8800572417984255e-09	-0.1335599	0.03881116	-0.9305978	0	0	0.36
3.890002582061782e-09	-0.09924334	0.045139097	-0.9323974	0	0	0.36
3.900027670997941e-09	-0.08746572	0.046553683	-0.93541473	0	0	0.36
3.910033026327763e-09	-0.07730674	0.04150256	-0.9352518	0	0	0.36
3.920011754539838e-09	-0.060104493	0.03340457	-0.93492407	0	0	0.36
3.9300418267926004e-09	-0.06617433	0.030381164	-0.92892957	0	0	0.36
3.940030800619521e-09	-0.076724425	0.040492766	-0.9185098	0	0	0.36
3.95002220653935e-09	-0.07389698	0.046234034	-0.91897297	0	0	0.36
3.960059146489068e-09	-0.0717158	0.05591511	-0.9199126	0	0	0.36
3.970058396365953e-09	-0.06423332	0.075450614	-0.9248478	0	0	0.36
3.98002560496373e-09	-0.073261425	0.07503639	-0.9294429	0	0	0.36
3.990010953766467e-09	-0.074169	0.07374293	-0.93180734	0	0	0.36
4.000006231488651e-09	-0.049914993	0.091896564	-0.9319456	0	0	0.36
4.0100373997928445e-09	-0.050065942	0.086619675	-0.9343889	0	0	0.36
4.020019156154308e-09	-0.057846338	0.07449587	-0.9347517	0	0	0.36
4.030056652303687e-09	-0.056757282	0.065708704	-0.92676383	0	0	0.36
4.040039468622013e-09	-0.050464973	0.050225064	-0.9212814	0	0	0.36
4.050015595446204e-09	-0.06284796	0.04082125	-0.9224344	0	0	0.36
4.060049569355558e-09	-0.06493125	0.032485075	-0.9137101	0	0	0.36
4.0700514327502585e-09	-0.06781504	0.039276615	-0.91266006	0	0	0.36
4.0800576893244916e-09	-0.0747791	0.051760245	-0.9117185	0	0	0.36
4.090063382169304e-09	-0.06206172	0.049872648	-0.9151036	0	0	0.36
4.100013832666751e-09	-0.062419154	0.05410222	-0.914883	0	0	0.36
4.110036914817806e-09	-0.056354865	0.05960591	-0.91669184	0	0	0.36
4.120052156223249e-09	-0.044597108	0.057977922	-0.9192909	0	0	0.36
4.13006002373329e-09	-0.037468966	0.05955587	-0.92424566	0	0	0.36
4.140003332689753e-09	-0.042115882	0.06799153	-0.9208637	0	0	0.36
4.150011167496016e-09	-0.009358232	0.06649459	-0.9209442	0	0	0.36
4.160045580127788e-09	-0.021495664	0.057019174	-0.9170604	0	0	0.36
4.170013724419387e-09	-0.027609022	0.05395668	-0.9178684	0	0	0.36
4.180024655015889e-09	-0.01446768	0.06315975	-0.9174076	0	0	0.36
4.190031438471792e-09	-0.0049226154	0.06409568	-0.91495264	0	0	0.36
4.200056121414196e-09	0.014350712	0.04741887	-0.91976905	0	0	0.36
4.210017956892994e-09	0.03469233	0.03317898	-0.9154526	0	0	0.36
4.220007608119887e-09	0.054108005	0.036695097	-0.91991	0	0	0.36
4.230056911009095e-09	0.047648523	0.0145385675	-0.92537814	0	0	0.36
4.240052540300467e-09	0.04449477	0.010915155	-0.93130475	0	0	0.36
4.250010572342995e-09	0.03217155	0.00034938453	-0.9320814	0	0	0.36
4.260038575219844e-09	0.03323347	-0.010785521	-0.93236	0	0	0.36
4.270034056554484e-09	0.037389528	-0.026847687	-0.92711097	0	0	0.36
4.280048489416801e-09	0.039427284	-0.022375155	-0.92692184	0	0	0.36
4.290005050843503e-09	0.049832392	-0.008920957	-0.9210115	0	0	0.36
4.300051539042032e-09	0.066022575	0.0010459173	-0.9236248	0	0	0.36
4.310011183399376e-09	0.07835171	-0.0014115995	-0.920215	0	0	0.36
4.320039347515243e-09	0.099465676	-0.0045282254	-0.91283774	0	0	0.36
4.330000643392567e-09	0.07925866	-0.030915443	-0.922245	0	0	0.36
4.340013921669946e-09	0.06625128	-0.042699814	-0.92585385	0	0	0.36
4.350001543546173e-09	0.03521271	-0.022987446	-0.92689174	0	0	0.36
4.360057188299634e-09	0.024755133	-0.018329747	-0.9234401	0	0	0.36
4.370000966541066e-09	0.0273587	-0.004000194	-0.92274857	0	0	0.36
4.380032901613628e-09	0.025980562	-0.018941628	-0.9312143	0	0	0.36
4.390023161167579e-09	0.03196445	-0.021262394	-0.9353059	0	0	0.36
4.4000273783783625e-09	0.036932465	-0.051658254	-0.934525	0	0	0.36
4.410019894337174e-09	0.042038903	-0.0575066	-0.92877996	0	0	0.36
4.420008549508851e-09	0.035949755	-0.04046293	-0.9236431	0	0	0.36
4.4300524577962666e-09	0.027466308	-0.047885694	-0.92804784	0	0	0.36
4.440003107699509e-09	0.01733988	-0.03639577	-0.93010044	0	0	0.36
4.450054787727067e-09	0.0054156864	-0.012849856	-0.9301848	0	0	0.36
4.460031399134088e-09	0.011575802	-0.010856774	-0.92889607	0	0	0.36
4.470046700111768e-09	0.008109746	-0.031009233	-0.9372136	0	0	0.36
4.480011089857907e-09	0.011128139	-0.032429077	-0.94071233	0	0	0.36
4.490008314939138e-09	-0.009128871	-0.042579852	-0.94571006	0	0	0.36
4.50000942576928e-09	-0.0165961	-0.03556155	-0.9447948	0	0	0.36
4.510022306407324e-09	-0.032143366	-0.028063593	-0.94275504	0	0	0.36
4.520053164369134e-09	-0.033892807	-0.017598689	-0.9428087	0	0	0.36
4.53000043323126e-09	-0.047583308	-0.00316439	-0.94540584	0	0	0.36
4.5400532972110084e-09	-0.038965475	0.02837508	-0.9406065	0	0	0.36
4.550047198651461e-09	-0.008752786	0.02976038	-0.93907535	0	0	0.36
4.56000182940721e-09	-0.02042667	0.041403964	-0.94003344	0	0	0.36
4.570066723949725e-09	-0.004184385	0.048272133	-0.9410651	0	0	0.36
4.58003557466403e-09	-0.009190001	0.042200454	-0.94070643	0	0	0.36
4.590058749345158e-09	-0.01711434	0.05621584	-0.9399728	0	0	0.36
4.600033715503468e-09	-0.009037657	0.05973993	-0.94414526	0	0	0.36
4.610002017208464e-09	-0.005061469	0.06426827	-0.9440665	0	0	0.36
4.6200565866724e-09	-0.020248774	0.062992066	-0.94754195	0	0	0.36
4.630034536365521e-09	-0.0043685054	0.06765847	-0.94674414	0	0	0.36
4.6400527340738375e-09	-0.0027264128	0.061762806	-0.9494234	0	0	0.36
4.650023312567215e-09	-4.9252816e-05	0.0506632	-0.94563735	0	0	0.36
4.660058523914655e-09	0.011746132	0.04369603	-0.94404984	0	0	0.36
4.670047593891667e-09	8.175291e-05	0.046086382	-0.9401853	0	0	0.36
4.680052211061926e-09	0.017488644	0.054847382	-0.93707085	0	0	0.36
4.690057379921313e-09	0.015120943	0.05382122	-0.93663406	0	0	0.36
4.700028344399117e-09	0.0102887275	0.049688246	-0.94038516	0	0	0.36
4.7100594870635e-09	0.0008797669	0.059041332	-0.94144243	0	0	0.36
4.720009586329347e-09	0.0084107965	0.08298034	-0.93883246	0	0	0.36
4.730029361374194e-09	0.022769097	0.09129668	-0.9401774	0	0	0.36
4.7400489399584265e-09	0.024240602	0.11726733	-0.9369557	0	0	0.36
4.7500014023293025e-09	0.047660317	0.11422527	-0.93435806	0	0	0.36
4.760020525781676e-09	0.07757461	0.09991138	-0.93320346	0	0	0.36
4.7700453941392445e-09	0.077570185	0.10240219	-0.9351459	0	0	0.36
4.780053999718661e-09	0.08010911	0.09167721	-0.93454736	0	0	0.36
4.790016243632392e-09	0.081480704	0.08996377	-0.93098426	0	0	0.36
4.8000468241918044e-09	0.07780731	0.11594344	-0.9312127	0	0	0.36
4.810052196335823e-09	0.09499939	0.13100544	-0.92780894	0	0	0.36
4.820001183508248e-09	0.1122751	0.15052801	-0.9251454	0	0	0.36
4.830035192772108e-09	0.13085179	0.14654738	-0.92698675	0	0	0.36
4.840061648320093e-09	0.15126257	0.14081283	-0.9232232	0	0	0.36
4.850063049353666e-09	0.1811523	0.11952703	-0.9233592	0	0	0.36
4.8600309948605e-09	0.17200117	0.07740125	-0.92872655	0	0	0.36
4.8700477998959815e-09	0.15305863	0.053741287	-0.92865354	0	0	0.36
4.880042271684655e-09	0.15595311	0.04754046	-0.9240601	0	0	0.36
4.89004718404183e-09	0.1584886	0.024423229	-0.9275355	0	0	0.36
4.900061261301048e-09	0.14603285	0.026606048	-0.9301839	0	0	0.36
4.910042405568949e-09	0.13609874	0.028899388	-0.92816633	0	0	0.36
4.920005605938721e-09	0.14636125	0.025610432	-0.92951775	0	0	0.36
4.930028507855469e-09	0.13421732	0.01228454	-0.938723	0	0	0.36
4.940027555441937e-09	0.13313352	0.011916454	-0.9374041	0	0	0.36
4.950060901848306e-09	0.12799348	-0.0051581003	-0.9400577	0	0	0.36
4.960012635453791e-09	0.09915608	-0.021992294	-0.93972236	0	0	0.36
4.970000260218334e-09	0.10248731	-0.015089162	-0.934473	0	0	0.36
4.980056735256339e-09	0.09531204	-0.010666006	-0.9373115	0	0	0.36
4.990014911489888e-09	0.099579096	-0.008251309	-0.9303802	0	0	0.36
5.0000282564149875e-09	0.10941177	-0.0111476565	-0.9291644	0	0	0.36
5.010016581290214e-09	0.12423167	-0.0149615435	-0.9295108	0	0	0.36
5.020007906273036e-09	0.12348538	-0.03619554	-0.9303921	0	0	0.36
5.030034309897408e-09	0.12085302	-0.041932322	-0.9268531	0	0	0.36
5.04005823910695e-09	0.121471375	-0.05475274	-0.9270323	0	0	0.36
5.050046349635698e-09	0.088416114	-0.038534857	-0.93747026	0	0	0.36
5.06001249776591e-09	0.090000115	-0.034046166	-0.93591833	0	0	0.36
5.070058815965062e-09	0.07201036	-0.028423866	-0.940817	0	0	0.36
5.080039713243292e-09	0.061499637	-0.038648717	-0.94040775	0	0	0.36
5.090044042931767e-09	0.071708925	-0.039486654	-0.93486214	0	0	0.36
5.100023362420191e-09	0.069428936	-0.04934752	-0.93983227	0	0	0.36
5.110048943978175e-09	0.054084323	-0.049959432	-0.93641984	0	0	0.36
5.1200447270289205e-09	0.054346718	-0.05254693	-0.9380651	0	0	0.36
5.130010898067078e-09	0.04677624	-0.04230811	-0.93884355	0	0	0.36
5.140014090776417e-09	0.040989317	-0.043967523	-0.94193405	0	0	0.36
5.150008993106669e-09	0.04526777	-0.0671394	-0.9449236	0	0	0.36
5.160033025031669e-09	0.027262973	-0.07076955	-0.9502065	0	0	0.36
5.170048391586234e-09	0.026584033	-0.060452115	-0.95297855	0	0	0.36
5.180027022448701e-09	0.017594412	-0.052110795	-0.95258754	0	0	0.36
5.1900055727654925e-09	0.01905587	-0.05247082	-0.9481508	0	0	0.36
5.200059945704651e-09	0.020241648	-0.058773454	-0.9433007	0	0	0.36
5.210003914033611e-09	0.017836498	-0.08394824	-0.9405794	0	0	0.36
5.220015282599228e-09	0.0054192003	-0.08626491	-0.9394022	0	0	0.36
5.230049106416334e-09	-0.00335792	-0.07058409	-0.9343227	0	0	0.36
5.2400118203278615e-09	-0.0068109636	-0.086208954	-0.9377747	0	0	0.36
5.2500184405632026e-09	-0.0017513125	-0.07604852	-0.9401308	0	0	0.36
5.26001479995754e-09	-0.023689993	-0.09186295	-0.93656296	0	0	0.36
5.2700073502637714e-09	-0.027835645	-0.08196435	-0.9417528	0	0	0.36
5.280038076512616e-09	-0.03550679	-0.064912796	-0.94718695	0	0	0.36
5.290040910308176e-09	-0.04766137	-0.07088738	-0.94294417	0	0	0.36
5.300022119555859e-09	-0.056695286	-0.06366958	-0.940508	0	0	0.36
5.310037906390824e-09	-0.07589192	-0.061597828	-0.93740046	0	0	0.36
5.320063541791886e-09	-0.07664153	-0.058773145	-0.93992835	0	0	0.36
5.330005548524694e-09	-0.08176731	-0.037241735	-0.94297105	0	0	0.36
5.340049423440365e-09	-0.07486673	-0.025224127	-0.9393778	0	0	0.36
5.3500546415909216e-09	-0.07705225	-0.010586877	-0.93840486	0	0	0.36
5.360050293015217e-09	-0.064473905	0.00043172788	-0.94214934	0	0	0.36
5.370056902076968e-09	-0.07414235	0.015549353	-0.9441715	0	0	0.36
5.380031878839114e-09	-0.08483226	0.02189727	-0.94352835	0	0	0.36
5.390027823397592e-09	-0.09091245	0.020626813	-0.9423902	0	0	0.36
5.400024189719087e-09	-0.08662919	0.029433258	-0.94765943	0	0	0.36
5.410016008855513e-09	-0.076860406	0.044566922	-0.94621813	0	0	0.36
5.4200636302173126e-09	-0.06764756	0.040033586	-0.9499728	0	0	0.36
5.430020402026418e-09	-0.06489029	0.058400065	-0.94713974	0	0	0.36
5.4400393074395e-09	-0.046196897	0.07940522	-0.9505269	0	0	0.36
5.45000942462959e-09	-0.043222334	0.08983684	-0.95241857	0	0	0.36
5.460047425335432e-09	-0.02647221	0.10365842	-0.9484827	0	0	0.36
5.470007419615944e-09	-0.024665331	0.08085053	-0.9487771	0	0	0.36
5.4800586231893415e-09	-0.027962772	0.060537327	-0.9495674	0	0	0.36
5.490047741740689e-09	-0.018727688	0.06831557	-0.94470984	0	0	0.36
5.500062214109953e-09	-0.01587513	0.068259604	-0.9442838	0	0	0.36
5.510032845613486e-09	-0.0072402824	0.0913607	-0.9448268	0	0	0.36
5.520004453735943e-09	0.009236561	0.11026974	-0.94309705	0	0	0.36
5.530005129206627e-09	0.030939091	0.13012911	-0.9369953	0	0	0.36
5.540056309465487e-09	0.03391681	0.137258	-0.93570817	0	0	0.36
5.5500276102563156e-09	0.05109519	0.12893921	-0.9384365	0	0	0.36
5.560038905561369e-09	0.06919633	0.11528064	-0.94155777	0	0	0.36
5.570003643300682e-09	0.069037	0.10618641	-0.9420687	0	0	0.36
5.580058249400943e-09	0.06192598	0.10003149	-0.93765366	0	0	0.36
5.5900635496916605e-09	0.061511304	0.09713323	-0.93159187	0	0	0.36
5.600004542736645e-09	0.072062306	0.108721904	-0.9332207	0	0	0.36
5.610060403388422e-09	0.085294	0.11829921	-0.93310326	0	0	0.36
5.620030241107044e-09	0.12556197	0.11265986	-0.93084246	0	0	0.36
5.630018583673388e-09	0.15095033	0.10445367	-0.92765206	0	0	0.36
5.640041817601088e-09	0.1777584	0.08647757	-0.923363	0	0	0.36
5.650041343957871e-09	0.17898367	0.049443096	-0.9248541	0	0	0.36
5.660038415359535e-09	0.1602572	0.028250152	-0.92675257	0	0	0.36
5.670046305981128e-09	0.1378491	0.024305446	-0.9305023	0	0	0.36
5.68005303643011e-09	0.14855835	0.035047915	-0.9271343	0	0	0.36
5.690063010594149e-09	0.1486573	0.03832022	-0.92416215	0	0	0.36
5.700004978692225e-09	0.16806947	0.055440363	-0.9273243	0	0	0.36
5.710037074022252e-09	0.21012281	0.06263948	-0.9222752	0	0	0.36
5.720007871670878e-09	0.2148209	0.03607212	-0.92344034	0	0	0.36
5.730031947320274e-09	0.22371215	0.004093461	-0.92312425	0	0	0.36
5.7400523233730525e-09	0.2180971	-0.0097039975	-0.92379993	0	0	0.36
5.75006189787036e-09	0.20472552	-0.041753195	-0.91822493	0	0	0.36
5.7600469054353525e-09	0.1782098	-0.062810294	-0.9174985	0	0	0.36
5.77000549881354e-09	0.14990027	-0.051729705	-0.9251303	0	0	0.36
5.780003033188539e-09	0.14718162	-0.04953626	-0.9263444	0	0	0.36
5.790022621468109e-09	0.1337154	-0.0336474	-0.92911005	0	0	0.36
5.800039872626967e-09	0.14634165	-0.04755092	-0.93543094	0	0	0.36
5.810059236134636e-09	0.15731536	-0.06907857	-0.92830265	0	0	0.36
5.820027814483644e-09	0.15026651	-0.1064796	-0.93034804	0	0	0.36
5.830001196690347e-09	0.1276073	-0.12115625	-0.93357795	0	0	0.36
5.840062838585038e-09	0.109009415	-0.13601382	-0.9392013	0	0	0.36
5.850061868893038e-09	0.07235783	-0.137403	-0.9343731	0	0	0.36
5.8600171162217866e-09	0.0708143	-0.13676313	-0.9322685	0	0	0.36
5.870053019364351e-09	0.080491774	-0.13360034	-0.933375	0	0	0.36
5.880010452900737e-09	0.07198266	-0.12563473	-0.9357605	0	0	0.36
5.890043848205033e-09	0.07227602	-0.12109018	-0.9342671	0	0	0.36
5.900013290325478e-09	0.069963984	-0.13179936	-0.9343303	0	0	0.36
5.910001882659029e-09	0.060900636	-0.14665294	-0.9427173	0	0	0.36
5.920007397038418e-09	0.04642123	-0.15543087	-0.94460773	0	0	0.36
5.930031996626874e-09	0.015949804	-0.15543504	-0.9432485	0	0	0.36
5.940024797763517e-09	-0.01605443	-0.15129554	-0.94370973	0	0	0.36
5.95004685929783e-09	-0.027983505	-0.12866609	-0.9485351	0	0	0.36
5.960056733581388e-09	-0.029940607	-0.09570982	-0.95309764	0	0	0.36
5.97002501678427e-09	-0.046741758	-0.100272775	-0.9477846	0	0	0.36
5.980022454649322e-09	-0.060502525	-0.09412967	-0.9468738	0	0	0.36
5.990015668740578e-09	-0.06777079	-0.103373505	-0.94526005	0	0	0.36
6.000014587631872e-09	-0.09166887	-0.11807704	-0.9399035	0	0	0.36
6.010018494871893e-09	-0.089382246	-0.114077754	-0.9413096	0	0	0.36
6.020027615004614e-09	-0.09472498	-0.11533814	-0.94241285	0	0	0.36
6.030062995378546e-09	-0.116111115	-0.10245107	-0.9426214	0	0	0.36
6.040063521019543e-09	-0.120227404	-0.080706194	-0.94395685	0	0	0.36
6.050024701001484e-09	-0.13105884	-0.080224715	-0.9449354	0	0	0.36
6.060032099809232e-09	-0.15691547	-0.07376203	-0.94168603	0	0	0.36
6.070020579890784e-09	-0.15427355	-0.051124513	-0.9424721	0	0	0.36
6.080055233652181e-09	-0.1536891	-0.030573102	-0.9422388	0	0	0.36
6.0900330614398145e-09	-0.14193262	-0.015585014	-0.9460257	0	0	0.36
6.10002138606586e-09	-0.15543598	-0.0015803981	-0.9471251	0	0	0.36
6.110027939381116e-09	-0.15157022	0.0024258327	-0.9432999	0	0	0.36
6.120019565087396e-09	-0.14488262	0.012672948	-0.9410599	0	0	0.36
6.130051176701422e-09	-0.15038027	0.018180879	-0.94284153	0	0	0.36
6.140009254640426e-09	-0.15825725	0.020263258	-0.94040203	0	0	0.36
6.1500440740152754e-09	-0.16401416	0.014731582	-0.9386845	0	0	0.36
6.160045691323921e-09	-0.16763534	0.018771252	-0.9345167	0	0	0.36
6.170059399327302e-09	-0.1687103	0.03072132	-0.937057	0	0	0.36
6.180004784167079e-09	-0.17284596	0.050622866	-0.93310034	0	0	0.36
6.190003952869646e-09	-0.16766845	0.06536299	-0.931922	0	0	0.36
6.200001548239998e-09	-0.15461883	0.062329836	-0.93524563	0	0	0.36
6.210031388582262e-09	-0.13782841	0.063788526	-0.9368904	0	0	0.36
6.220010669116582e-09	-0.12753902	0.048920907	-0.9410142	0	0	0.36
6.230001369077654e-09	-0.12016202	0.056701735	-0.94219893	0	0	0.36
6.240044490242382e-09	-0.11974016	0.076551534	-0.93972546	0	0	0.36
6.250041717762834e-09	-0.104962975	0.10356512	-0.9425907	0	0	0.36
6.2600556287003745e-09	-0.10002386	0.11696142	-0.93990594	0	0	0.36
6.270044248066749e-09	-0.096945345	0.13576314	-0.9344543	0	0	0.36
6.2800346851079425e-09	-0.07689305	0.14604849	-0.94052464	0	0	0.36
6.290050971720456e-09	-0.06070949	0.13453802	-0.9416391	0	0	0.36
6.300001757118505e-09	-0.05534923	0.13544649	-0.9439006	0	0	0.36
6.310003016396289e-09	-0.05941114	0.12864913	-0.9426232	0	0	0.36
6.320006320994117e-09	-0.03790028	0.12745744	-0.9457378	0	0	0.36
6.33003698823314e-09	-0.03775019	0.123764075	-0.9448881	0	0	0.36
6.340009411544137e-09	-0.006258805	0.1354976	-0.9515839	0	0	0.36
6.350002445049749e-09	0.025359714	0.12169706	-0.9497814	0	0	0.36
6.360056190087867e-09	0.024367293	0.10718965	-0.9453834	0	0	0.36
6.37001284250512e-09	0.05422031	0.094126426	-0.944478	0	0	0.36
6.380022197354398e-09	0.05282897	0.07885941	-0.9452322	0	0	0.36
6.390043854634725e-09	0.041152265	0.08671012	-0.94820255	0	0	0.36
6.400047041420391e-09	0.05500921	0.10335838	-0.9466968	0	0	0.36
6.4100000364068095e-09	0.07601455	0.11789706	-0.9451868	0	0	0.36
6.420052943870219e-09	0.089057595	0.12366125	-0.9433294	0	0	0.36
6.430035787741552e-09	0.10700173	0.107160665	-0.9420632	0	0	0.36
6.440044139100673e-09	0.1120156	0.09017506	-0.9454714	0	0	0.36
6.450039887535553e-09	0.1291004	0.057691	-0.9433252	0	0	0.36
6.4600246729226364e-09	0.14680558	0.03071667	-0.94455194	0	0	0.36
6.470010960474492e-09	0.1383513	0.011969306	-0.94406736	0	0	0.36
6.4800643963580385e-09	0.13005196	-0.00051123754	-0.9424127	0	0	0.36
6.490059239462392e-09	0.1217874	-0.015488911	-0.9426859	0	0	0.36
6.500028499406591e-09	0.12973017	-0.026975999	-0.9389064	0	0	0.36
6.510000223097267e-09	0.14367205	-0.031398386	-0.935739	0	0	0.36
6.520012045472376e-09	0.15716678	-0.033824403	-0.9398484	0	0	0.36
6.53005328062771e-09	0.14607297	-0.06484737	-0.9379325	0	0	0.36
6.5400007770973834e-09	0.13560978	-0.06670744	-0.9390858	0	0	0.36
6.550047779148361e-09	0.12845933	-0.0776263	-0.93976116	0	0	0.36
6.560024915309314e-09	0.12714626	-0.07969277	-0.93736804	0	0	0.36
6.570050470947746e-09	0.1292119	-0.09539465	-0.93969893	0	0	0.36
6.580052929362498e-09	0.13142209	-0.11029918	-0.9393183	0	0	0.36
6.590033979049436e-09	0.12519915	-0.1308275	-0.94158006	0	0	0.36
6.600001320948232e-09	0.11601196	-0.1416843	-0.9399635	0	0	0.36
6.610000068642411e-09	0.104959406	-0.15685394	-0.9346452	0	0	0.36
6.6200455008978155e-09	0.07774663	-0.15369989	-0.9395954	0	0	0.36
6.630004434970105e-09	0.058397368	-0.16430874	-0.93933874	0	0	0.36
6.640056432260828e-09	0.028426964	-0.15777034	-0.93775165	0	0	0.36
6.650013153103855e-09	-0.0045551383	-0.12923719	-0.9371704	0	0	0.36
6.660018081795159e-09	-0.02190525	-0.13567631	-0.9367411	0	0	0.36
6.670011187251819e-09	-0.029042358	-0.14433257	-0.93744045	0	0	0.36
6.680034200586802e-09	-0.014746397	-0.15214658	-0.9356738	0	0	0.36
6.6900625838060965e-09	-0.025234748	-0.15424709	-0.9329502	0	0	0.36
6.700005013087759e-09	-0.038340233	-0.1537629	-0.93026555	0	0	0.36
6.710056022167408e-09	-0.047186773	-0.16350311	-0.9315577	0	0	0.36
6.720061518105543e-09	-0.045540795	-0.15371312	-0.9299898	0	0	0.36
6.7300206031223095e-09	-0.07520206	-0.1505794	-0.9232868	0	0	0.36
6.7400210705078766e-09	-0.09661762	-0.12312612	-0.92268246	0	0	0.36
6.75003207681443e-09	-0.09641943	-0.13538858	-0.9188463	0	0	0.36
6.760006349455773e-09	-0.11374251	-0.13794738	-0.9159073	0	0	0.36
6.770005726511223e-09	-0.11751805	-0.1337862	-0.9189931	0	0	0.36
6.780056096786274e-09	-0.13070619	-0.14401145	-0.9201828	0	0	0.36
6.7900128003859516e-09	-0.14661653	-0.13750221	-0.9227232	0	0	0.36
6.800047832265097e-09	-0.15934004	-0.13218674	-0.92262834	0	0	0.36
6.810000825588014e-09	-0.16753404	-0.11676496	-0.9245067	0	0	0.36
6.820062270728648e-09	-0.15893859	-0.10283812	-0.9264998	0	0	0.36
6.8300300505774385e-09	-0.15075418	-0.08558513	-0.9232992	0	0	0.36
6.840012314617122e-09	-0.15330972	-0.08130713	-0.92598855	0	0	0.36
6.850052555342211e-09	-0.14508353	-0.061198775	-0.92805016	0	0	0.36
6.8600253425535684e-09	-0.1384592	-0.05712154	-0.92571855	0	0	0.36
6.87001768376635e-09	-0.1479984	-0.061258473	-0.9204214	0	0	0.36
6.880044322420732e-09	-0.16548683	-0.07107382	-0.92228854	0	0	0.36
6.89002893908111e-09	-0.1688833	-0.056161758	-0.92835313	0	0	0.36
6.900029672419978e-09	-0.17225496	-0.013768213	-0.9316516	0	0	0.36
6.9100523706460555e-09	-0.18699963	0.00083064096	-0.9303327	0	0	0.36
6.920061035266587e-09	-0.18807	0.038449254	-0.9292596	0	0	0.36
6.930055541448957e-09	-0.1768872	0.03841111	-0.9295821	0	0	0.36
6.940021881558168e-09	-0.17045468	0.03403952	-0.92668265	0	0	0.36
6.9500163442209345e-09	-0.16011292	0.03336978	-0.9308287	0	0	0.36
6.9600050108831035e-09	-0.17384662	0.039784536	-0.93232	0	0	0.36
6.97001452751679e-09	-0.16396672	0.04462543	-0.9324138	0	0	0.36
6.980038642036126e-09	-0.17153326	0.04859152	-0.9269316	0	0	0.36
6.990031409968944e-09	-0.1615486	0.04960721	-0.92914057	0	0	0.36
7.000016957212965e-09	-0.14283526	0.059225187	-0.9326241	0	0	0.36
7.0100502701731e-09	-0.13866492	0.08738447	-0.93614364	0	0	0.36
7.020006259423382e-09	-0.1345693	0.1131991	-0.93169236	0	0	0.36
7.030031298200649e-09	-0.12560861	0.10782728	-0.9364028	0	0	0.36
7.0400324559633015e-09	-0.11569497	0.11843833	-0.93484014	0	0	0.36
7.050054179577096e-09	-0.10730653	0.14077076	-0.93160367	0	0	0.36
7.060026885030945e-09	-0.09105582	0.13660672	-0.9330156	0	0	0.36
7.070025046433496e-09	-0.08597764	0.13416854	-0.93314517	0	0	0.36
7.080046536506108e-09	-0.09547942	0.13269484	-0.93145466	0	0	0.36
7.090022878060351e-09	-0.10154946	0.13625085	-0.93067133	0	0	0.36
7.100056497542599e-09	-0.099683695	0.16042347	-0.93335307	0	0	0.36
7.110003014606723e-09	-0.06563065	0.17773312	-0.93513894	0	0	0.36
7.120017757430764e-09	-0.04844797	0.17786898	-0.9333975	0	0	0.36
7.13002209229152e-09	-0.03333463	0.17212074	-0.9370632	0	0	0.36
7.14004376605125e-09	-0.03108234	0.16796507	-0.94072336	0	0	0.36
7.150040154094996e-09	-0.018939374	0.16241564	-0.9431048	0	0	0.36
7.160025086802692e-09	-0.004371467	0.16033897	-0.9399605	0	0	0.36
7.170055204546369e-09	0.0011397571	0.17087348	-0.9415019	0	0	0.36
7.180028917605716e-09	0.0118533075	0.16503933	-0.9411967	0	0	0.36
7.190043616458285e-09	0.017619636	0.1492283	-0.9422886	0	0	0.36
7.200020982858024e-09	0.037437677	0.15149252	-0.9417466	0	0	0.36
7.2100209329172014e-09	0.06164786	0.15675636	-0.93658614	0	0	0.36
7.220009671254005e-09	0.08070848	0.15012774	-0.9419723	0	0	0.36
7.230058862815181e-09	0.10483665	0.14354153	-0.94123405	0	0	0.36
7.240043286811363e-09	0.1105544	0.12513927	-0.93935734	0	0	0.36
7.250019528548609e-09	0.11645893	0.09373905	-0.9400917	0	0	0.36
7.260007063849536e-09	0.11008271	0.0930083	-0.9387879	0	0	0.36
7.270010606343564e-09	0.13169275	0.09600174	-0.9346037	0	0	0.36
7.280035744913909e-09	0.1458745	0.092281714	-0.9268121	0	0	0.36
7.290005246018402e-09	0.15730566	0.075900555	-0.9297568	0	0	0.36
7.3000030107915366e-09	0.18330872	0.06457645	-0.9225829	0	0	0.36
7.310019139705749e-09	0.21137895	0.0361809	-0.9170773	0	0	0.36
7.320010404921514e-09	0.21857558	0.0009882398	-0.9172657	0	0	0.36
7.330019898110133e-09	0.20152944	-0.00065948634	-0.9163296	0	0	0.36
7.340031080010968e-09	0.19438891	-0.01652532	-0.9224126	0	0	0.36
7.350046607160458e-09	0.17641659	-0.026918735	-0.92111325	0	0	0.36
7.36000358938139e-09	0.1677432	-0.023276212	-0.92011625	0	0	0.36
7.370038560851132e-09	0.17272712	-0.040649574	-0.922015	0	0	0.36
7.380025036471057e-09	0.16699192	-0.05834833	-0.9246893	0	0	0.36
7.390037131770464e-09	0.14973009	-0.06831453	-0.925124	0	0	0.36
7.4000041171415684e-09	0.15961653	-0.06533959	-0.92188424	0	0	0.36
7.410016516936673e-09	0.16403525	-0.0880179	-0.92256373	0	0	0.36
7.420053632363541e-09	0.15714996	-0.08743058	-0.926818	0	0	0.36
7.4300496456462865e-09	0.14286992	-0.09403627	-0.9251314	0	0	0.36
7.440004519832366e-09	0.12805426	-0.07993975	-0.92930025	0	0	0.36
7.450028719376012e-09	0.11308747	-0.07367812	-0.9331525	0	0	0.36
7.46002223891964e-09	0.078021064	-0.08819792	-0.93771976	0	0	0.36
7.470020348279897e-09	0.07948405	-0.10536161	-0.93981224	0	0	0.36
7.480013776187112e-09	0.0931824	-0.1171429	-0.9321113	0	0	0.36
7.490022701855523e-09	0.09124809	-0.12279357	-0.9287709	0	0	0.36
7.500032608455074e-09	0.08790183	-0.13944423	-0.92767006	0	0	0.36
7.510003698082356e-09	0.047419794	-0.13464731	-0.92893326	0	0	0.36
7.520057315484516e-09	0.046207342	-0.12574558	-0.9281407	0	0	0.36
7.530005171182732e-09	0.02729989	-0.13310343	-0.9357562	0	0	0.36
7.54006561406751e-09	0.004762222	-0.13415116	-0.93384427	0	0	0.36
7.55002108939929e-09	-0.00044011834	-0.12361102	-0.94090587	0	0	0.36
7.560015834417154e-09	-0.0076203863	-0.11838228	-0.9424742	0	0	0.36
7.570013103549252e-09	-0.020875411	-0.1127437	-0.94446415	0	0	0.36
7.580010015339989e-09	-0.015600583	-0.10519533	-0.9456802	0	0	0.36
7.59006552464638e-09	-0.009717688	-0.099087335	-0.95110077	0	0	0.36
7.600057804059771e-09	0.002474381	-0.098118976	-0.94916034	0	0	0.36
7.610011066939633e-09	-0.014257059	-0.09127157	-0.947968	0	0	0.36
7.620042904789874e-09	-0.039010115	-0.09839281	-0.94866014	0	0	0.36
7.630043962926592e-09	-0.04632263	-0.09948386	-0.949743	0	0	0.36
7.640042499277054e-09	-0.05878713	-0.09841861	-0.9478411	0	0	0.36
7.650013076633034e-09	-0.0607512	-0.08403986	-0.95148337	0	0	0.36
7.66003425094143e-09	-0.058379054	-0.09210636	-0.9534279	0	0	0.36
7.670034549676057e-09	-0.08891289	-0.08782185	-0.9483738	0	0	0.36
7.680057216063368e-09	-0.09950055	-0.07252552	-0.95095795	0	0	0.36
7.690011716413535e-09	-0.11388253	-0.06632897	-0.94862163	0	0	0.36
7.700036841922299e-09	-0.12335829	-0.052498	-0.9499414	0	0	0.36
7.710009485563355e-09	-0.11874662	-0.03269777	-0.9542148	0	0	0.36
7.720022327063483e-09	-0.12927377	-0.01568602	-0.94832474	0	0	0.36
7.730042053633223e-09	-0.12201035	-0.003319125	-0.9506183	0	0	0.36
7.740048330665207e-09	-0.098812886	0.0073832665	-0.9526036	0	0	0.36
7.75004516868017e-09	-0.11500106	0.015206676	-0.9505181	0	0	0.36
7.76002399237806e-09	-0.11620911	0.022778774	-0.9504868	0	0	0.36
7.770033941562062e-09	-0.10508894	0.05295757	-0.9527655	0	0	0.36
7.780033910018042e-09	-0.08854057	0.069973245	-0.9524602	0	0	0.36
7.790031612654554e-09	-0.09477769	0.076531604	-0.95253843	0	0	0.36
7.800020126690587e-09	-0.07095872	0.10115037	-0.9498755	0	0	0.36
7.810032106135173e-09	-0.049942598	0.10787801	-0.9505546	0	0	0.36
7.820006955672854e-09	-0.05524616	0.119458936	-0.9501582	0	0	0.36
7.83001160678129e-09	-0.036050122	0.12599868	-0.9465574	0	0	0.36
7.840035274140128e-09	-0.041530106	0.1209661	-0.9447355	0	0	0.36
7.850050409328138e-09	-0.018650142	0.1301715	-0.9452829	0	0	0.36
7.86005388391483e-09	-0.010628737	0.13240801	-0.94231766	0	0	0.36
7.870023725191633e-09	-0.001707719	0.13505906	-0.9431668	0	0	0.36
7.880010641264e-09	0.012713783	0.14879498	-0.94504774	0	0	0.36
7.890056471669002e-09	0.02990499	0.15335631	-0.94497544	0	0	0.36
7.900029216706788e-09	0.03647967	0.15717731	-0.9474842	0	0	0.36
7.910046222278162e-09	0.06656876	0.152744	-0.9410519	0	0	0.36
7.92000493233411e-09	0.0926848	0.1412563	-0.94149125	0	0	0.36
7.93005811713492e-09	0.10780465	0.13556604	-0.9394384	0	0	0.36
7.940042685101967e-09	0.11199963	0.11436866	-0.9370013	0	0	0.36
7.950043293421031e-09	0.095721126	0.12945454	-0.93374753	0	0	0.36
7.96003324577137e-09	0.10746397	0.11860732	-0.93385094	0	0	0.36
7.970024373865254e-09	0.12783876	0.10819934	-0.93748766	0	0	0.36
7.980065280168524e-09	0.12159221	0.100987606	-0.9385755	0	0	0.36
7.990021569735299e-09	0.12069535	0.105113	-0.93857783	0	0	0.36
8.000022879139062e-09	0.13297342	0.09415828	-0.93559176	0	0	0.36
8.01002795097523e-09	0.13563561	0.100565866	-0.9324198	0	0	0.36
8.020049239275554e-09	0.13532929	0.088249266	-0.92953634	0	0	0.36
8.030018969839374e-09	0.12754638	0.10273887	-0.92890114	0	0	0.36
8.040021505628433e-09	0.13086262	0.10851119	-0.9309294	0	0	0.36
8.050019162968537e-09	0.13244349	0.09142153	-0.92701787	0	0	0.36
8.060005642967671e-09	0.14212948	0.087375924	-0.926844	0	0	0.36
8.070035558730666e-09	0.13134997	0.08722335	-0.9333717	0	0	0.36
8.080030496169805e-09	0.14227544	0.08218463	-0.93502975	0	0	0.36
8.090032903876223e-09	0.14966454	0.09326689	-0.93840003	0	0	0.36
8.100030496171351e-09	0.16607481	0.055929504	-0.935206	0	0	0.36
8.110025850861846e-09	0.17412217	0.02324808	-0.9359697	0	0	0.36
8.120026855106471e-09	0.17565969	-0.0065363348	-0.9335183	0	0	0.36
8.130044414279619e-09	0.15971	-0.023719426	-0.93629694	0	0	0.36
8.140047324706704e-09	0.15954933	-0.039490912	-0.9289008	0	0	0.36
8.15004806089714e-09	0.17673574	-0.03767741	-0.92567617	0	0	0.36
8.16002104082024e-09	0.18394436	-0.04614835	-0.9273784	0	0	0.36
8.170011701468004e-09	0.1798149	-0.061852075	-0.9333306	0	0	0.36
8.180008339945052e-09	0.1749966	-0.059375238	-0.9326255	0	0	0.36
8.19006217405238e-09	0.1759854	-0.07929709	-0.9314691	0	0	0.36
8.200029276394214e-09	0.1779794	-0.093388885	-0.9293721	0	0	0.36
8.210013782382542e-09	0.17608808	-0.11640645	-0.9283144	0	0	0.36
8.220061898442182e-09	0.1609313	-0.11533115	-0.9234063	0	0	0.36
8.230060123448973e-09	0.14766851	-0.116033435	-0.9266604	0	0	0.36
8.240010454962118e-09	0.13075337	-0.121455826	-0.9292709	0	0	0.36
8.250056182074722e-09	0.14472678	-0.12278272	-0.9255032	0	0	0.36
8.260007527281866e-09	0.13088153	-0.14424238	-0.926799	0	0	0.36
8.270016672337003e-09	0.12713708	-0.1618437	-0.9261967	0	0	0.36
8.280020469506669e-09	0.09714469	-0.16986522	-0.9297256	0	0	0.36
8.290036892997102e-09	0.07468163	-0.17767574	-0.92728025	0	0	0.36
8.300032288381936e-09	0.07583	-0.16931066	-0.9294492	0	0	0.36
8.310052791027567e-09	0.059459537	-0.15381275	-0.93319124	0	0	0.36
8.320064004544034e-09	0.06477955	-0.15865536	-0.9318424	0	0	0.36
8.330011036930884e-09	0.056411218	-0.16910416	-0.9295604	0	0	0.36
8.340037802242632e-09	0.038679633	-0.16659741	-0.92908347	0	0	0.36
8.350005808393887e-09	0.017988693	-0.17635258	-0.9323774	0	0	0.36
8.360065044093959e-09	0.014811429	-0.18751664	-0.9321982	0	0	0.36
8.370017062869803e-09	0.00010068311	-0.18190224	-0.92998695	0	0	0.36
8.380052369655618e-09	-0.03124734	-0.1867721	-0.92950314	0	0	0.36
8.390017527249073e-09	-0.049671616	-0.18119088	-0.9322961	0	0	0.36
8.40003380002879e-09	-0.060168065	-0.17243035	-0.9322086	0	0	0.36
8.410000201193233e-09	-0.06841192	-0.17859074	-0.9300983	0	0	0.36
8.420054585322545e-09	-0.0579557	-0.15482964	-0.93137604	0	0	0.36
8.430054195981787e-09	-0.070680305	-0.14673272	-0.9376262	0	0	0.36
8.440053631833183e-09	-0.085297614	-0.1319082	-0.93620425	0	0	0.36
8.450057981805658e-09	-0.102599904	-0.13886456	-0.9391234	0	0	0.36
8.460015523290027e-09	-0.13426901	-0.11267195	-0.9401723	0	0	0.36
8.470045811170482e-09	-0.1487365	-0.096660264	-0.9408613	0	0	0.36
8.48004210244115e-09	-0.16783507	-0.075371675	-0.9342606	0	0	0.36
8.490050322885485e-09	-0.17045888	-0.05276439	-0.93541247	0	0	0.36
8.500044329382245e-09	-0.17866768	-0.06773689	-0.9345422	0	0	0.36
8.510014304877597e-09	-0.18187296	-0.05355347	-0.92818916	0	0	0.36
8.520046264830735e-09	-0.1889348	-0.051710434	-0.92377687	0	0	0.36
8.53002882172268e-09	-0.17342436	-0.041419365	-0.92377687	0	0	0.36
8.540003952566547e-09	-0.15776098	-0.029331908	-0.921434	0	0	0.36
8.55005748266338e-09	-0.16786775	-0.03434558	-0.9187715	0	0	0.36
8.560042070581765e-09	-0.18944594	-0.026077854	-0.9177252	0	0	0.36
8.570054037302734e-09	-0.1835042	-0.006948008	-0.9246975	0	0	0.36
8.580004896396133e-09	-0.18650979	0.0052109235	-0.9287014	0	0	0.36
8.590062226958486e-09	-0.20312156	0.008502161	-0.9308042	0	0	0.36
8.600035088328193e-09	-0.17297792	0.015921023	-0.9385846	0	0	0.36
8.61001398649978e-09	-0.17478758	0.03872994	-0.935242	0	0	0.36
8.6200182126231e-09	-0.16738872	0.044338636	-0.93021303	0	0	0.36
8.630001929033258e-09	-0.1633952	0.046972137	-0.9268546	0	0	0.36
8.640007424957358e-09	-0.15739593	0.06263948	-0.92172647	0	0	0.36
8.65006305262596e-09	-0.14145745	0.08386997	-0.91894066	0	0	0.36
8.660048303893043e-09	-0.12630157	0.099239975	-0.9206932	0	0	0.36
8.670017843306101e-09	-0.12552972	0.10825633	-0.9192415	0	0	0.36
8.680054891977923e-09	-0.12575893	0.13467757	-0.9168001	0	0	0.36
8.690013489735666e-09	-0.11759527	0.14716125	-0.91787285	0	0	0.36
8.700043014632953e-09	-0.10260167	0.16288348	-0.9218978	0	0	0.36
8.710047715807283e-09	-0.0908612	0.16850261	-0.9232867	0	0	0.36
8.720033302707316e-09	-0.07211443	0.17261039	-0.9246578	0	0	0.36
8.73005225456303e-09	-0.045828383	0.17790337	-0.92493886	0	0	0.36
8.74002493948933e-09	-0.042472694	0.16492109	-0.92583203	0	0	0.36
8.750010447418768e-09	-0.032568756	0.15128346	-0.9232321	0	0	0.36
8.76002051184397e-09	-0.025741136	0.15106764	-0.92383426	0	0	0.36
8.77004576374659e-09	-0.028496051	0.14261581	-0.92430997	0	0	0.36
8.780005196703619e-09	-0.017840527	0.13896868	-0.9283754	0	0	0.36
8.790065528090263e-09	-0.006381105	0.13386673	-0.9291247	0	0	0.36
8.800007803218813e-09	0.021757897	0.14560421	-0.9318744	0	0	0.36
8.810024104995473e-09	0.034785975	0.13843273	-0.93991673	0	0	0.36
8.820031040601186e-09	0.044696443	0.13096502	-0.94129544	0	0	0.36
8.83005770082445e-09	0.05533201	0.11014176	-0.9399606	0	0	0.36
8.840053992677206e-09	0.056066383	0.098640546	-0.94111204	0	0	0.36
8.850041047947782e-09	0.07401987	0.08118063	-0.93914056	0	0	0.36
8.86006221363617e-09	0.08633253	0.07944561	-0.9371879	0	0	0.36
8.870033770244934e-09	0.09902065	0.07593502	-0.9360322	0	0	0.36
8.88006309146988e-09	0.103232965	0.07279907	-0.9393608	0	0	0.36
8.890038711373396e-09	0.119089834	0.066847555	-0.932265	0	0	0.36
8.900041221776149e-09	0.13668874	0.034486488	-0.9365962	0	0	0.36
8.910065788940136e-09	0.1384422	0.02316324	-0.93551785	0	0	0.36
8.920010464197744e-09	0.15175655	0.0025367644	-0.93690336	0	0	0.36
8.930045612529196e-09	0.15737258	-0.01600767	-0.9352259	0	0	0.36
8.940040244382514e-09	0.13272351	-0.0352548	-0.9399735	0	0	0.36
8.950015204197534e-09	0.13379396	-0.04404439	-0.93955475	0	0	0.36
8.96004551545117e-09	0.120230615	-0.053500675	-0.9418649	0	0	0.36
8.970028540795199e-09	0.119418085	-0.06977804	-0.9392671	0	0	0.36
8.980011966602929e-09	0.13022335	-0.08305231	-0.9316434	0	0	0.36
8.990056149557373e-09	0.105656214	-0.092956446	-0.9380623	0	0	0.36
9.000031500896117e-09	0.10293644	-0.10211201	-0.93936133	0	0	0.36
9.010040772633187e-09	0.07927005	-0.09969751	-0.9427475	0	0	0.36
9.020001340560103e-09	0.07207707	-0.10873623	-0.94434494	0	0	0.36
9.030034879505968e-09	0.055500913	-0.10691324	-0.9456243	0	0	0.36
9.040027858101243e-09	0.05299849	-0.12082745	-0.94669104	0	0	0.36
9.050038141902815e-09	0.03654162	-0.13017905	-0.94487345	0	0	0.36
9.060005162336048e-09	0.005478859	-0.12980805	-0.9426324	0	0	0.36
9.070027526484685e-09	-0.0010111297	-0.12257592	-0.94232476	0	0	0.36
9.080023396389537e-09	-0.006742703	-0.1412818	-0.94052035	0	0	0.36
9.09004763515071e-09	-0.0068385787	-0.13052922	-0.94469434	0	0	0.36
9.100036458219801e-09	-0.016706966	-0.14202747	-0.94921243	0	0	0.36
9.11000454397183e-09	-0.04260812	-0.13337131	-0.94824386	0	0	0.36
9.120025986356604e-09	-0.066592656	-0.1423916	-0.9427487	0	0	0.36
9.130046089639365e-09	-0.075614706	-0.13977075	-0.9409572	0	0	0.36
9.140030026034505e-09	-0.07686034	-0.14055605	-0.94080883	0	0	0.36
9.150049371309783e-09	-0.09207183	-0.13416709	-0.93938833	0	0	0.36
9.160019508482694e-09	-0.09894119	-0.14138478	-0.93658054	0	0	0.36
9.170030035287219e-09	-0.1026825	-0.1410237	-0.9371079	0	0	0.36
9.18003844176313e-09	-0.11090787	-0.114436954	-0.9378414	0	0	0.36
9.190000379076324e-09	-0.11549107	-0.11040554	-0.93586195	0	0	0.36
9.200044252183862e-09	-0.14073403	-0.095676795	-0.93283224	0	0	0.36
9.210039611810138e-09	-0.1418569	-0.0972815	-0.9330975	0	0	0.36
9.220062448432531e-09	-0.15008765	-0.09110764	-0.9299203	0	0	0.36
9.230001761997914e-09	-0.15314204	-0.07079585	-0.93171436	0	0	0.36
9.240065839169442e-09	-0.16522786	-0.060361713	-0.9286507	0	0	0.36
9.250011895550378e-09	-0.16787624	-0.057692476	-0.9291135	0	0	0.36
9.260053169178701e-09	-0.16601944	-0.021943603	-0.9313003	0	0	0.36
9.270023241636519e-09	-0.1656521	-0.016167209	-0.9317161	0	0	0.36
9.280059386797901e-09	-0.1630447	-0.002372366	-0.9316364	0	0	0.36
9.290011862416739e-09	-0.16381961	0.018709138	-0.93557197	0	0	0.36
9.300045200540396e-09	-0.15683404	0.03382141	-0.93506885	0	0	0.36
9.310001993683387e-09	-0.15657142	0.04687817	-0.93362886	0	0	0.36
9.320029689162833e-09	-0.15580234	0.0592789	-0.9324075	0	0	0.36
9.3300103883189e-09	-0.13362192	0.0952862	-0.93270826	0	0	0.36
9.340062013409112e-09	-0.13630274	0.11702726	-0.93164474	0	0	0.36
9.350005150589512e-09	-0.13875636	0.13113202	-0.92968065	0	0	0.36
9.360032003660638e-09	-0.13241054	0.156957	-0.93005806	0	0	0.36
9.37003353479111e-09	-0.11729114	0.17024742	-0.92800415	0	0	0.36
9.380050507949179e-09	-0.1000604	0.16531132	-0.9288082	0	0	0.36
9.390041812100198e-09	-0.088968396	0.18431543	-0.92983663	0	0	0.36
9.400037697632307e-09	-0.0868746	0.19323042	-0.9266823	0	0	0.36
9.410055709397765e-09	-0.0736249	0.2053502	-0.9214199	0	0	0.36
9.420039702249363e-09	-0.061069813	0.20400354	-0.9211198	0	0	0.36
9.430051239709444e-09	-0.049413722	0.21569565	-0.9163096	0	0	0.36
9.440012434345295e-09	-0.042463157	0.205098	-0.9212848	0	0	0.36
9.450024478375005e-09	-0.01168073	0.18949308	-0.92839193	0	0	0.36
9.460064627094193e-09	0.00049403147	0.20826845	-0.9230421	0	0	0.36
9.470031113567544e-09	0.009868185	0.20721112	-0.92186826	0	0	0.36
9.480031771726947e-09	0.018800475	0.20258296	-0.92816854	0	0	0.36
9.4900317197713e-09	0.047659174	0.18378155	-0.9280078	0	0	0.36
9.500023360542002e-09	0.047977082	0.17594269	-0.92843074	0	0	0.36
9.510028742488e-09	0.047178354	0.17687002	-0.9269536	0	0	0.36
9.520057311741745e-09	0.0555468	0.17604578	-0.93244076	0	0	0.36
9.530046639174409e-09	0.08306161	0.16902585	-0.93156904	0	0	0.36
9.540025242305134e-09	0.08068329	0.16917555	-0.93062615	0	0	0.36
9.550048289742267e-09	0.09091863	0.17244785	-0.9333713	0	0	0.36
9.560037911737109e-09	0.10772845	0.15844984	-0.9355102	0	0	0.36
9.570040221069961e-09	0.13426085	0.13819991	-0.9349748	0	0	0.36
9.580047023208353e-09	0.16878529	0.11874375	-0.9350918	0	0	0.36
9.590046873911806e-09	0.18125916	0.097578086	-0.9309952	0	0	0.36
9.600045812682765e-09	0.17993955	0.08243975	-0.93377215	0	0	0.36
9.61004973419154e-09	0.18529	0.051679198	-0.9359356	0	0	0.36
9.620058149248552e-09	0.18290223	0.04430824	-0.93584394	0	0	0.36
9.630041241719136e-09	0.18831612	0.027076485	-0.9316751	0	0	0.36
9.640006132896883e-09	0.20087476	0.008754198	-0.92779285	0	0	0.36
9.650001123095527e-09	0.20461862	-0.0060396665	-0.92612326	0	0	0.36
9.660038666821332e-09	0.19397916	-0.023748131	-0.9276488	0	0	0.36
9.670064016158426e-09	0.18090533	-0.03714964	-0.92592466	0	0	0.36
9.680036963607147e-09	0.18423858	-0.048986793	-0.92593366	0	0	0.36
9.69005397069929e-09	0.16407971	-0.07554069	-0.9235236	0	0	0.36
9.700009219163982e-09	0.1330274	-0.08201293	-0.9261354	0	0	0.36
9.710016911973153e-09	0.11852585	-0.076038934	-0.92929375	0	0	0.36
9.72001752307878e-09	0.11090259	-0.07476299	-0.93382764	0	0	0.36
9.730043623770755e-09	0.086074	-0.08129071	-0.9374464	0	0	0.36
9.740026286191135e-09	0.09297384	-0.09706924	-0.9318794	0	0	0.36
9.750048161257228e-09	0.08529058	-0.09543238	-0.93298	0	0	0.36
9.760057778316767e-09	0.09201676	-0.08145647	-0.929248	0	0	0.36
9.770065160355889e-09	0.09264464	-0.0946607	-0.92946815	0	0	0.36
9.780055994438834e-09	0.09922689	-0.09801188	-0.93309045	0	0	0.36
9.790064368246827e-09	0.082558945	-0.1130147	-0.93554324	0	0	0.36
9.80004251343798e-09	0.05339569	-0.11964187	-0.93427676	0	0	0.36
9.810015965713579e-09	0.030928127	-0.112021856	-0.9378265	0	0	0.36
9.820052848469748e-09	0.0069500073	-0.09450523	-0.9396484	0	0	0.36
9.830029512481542e-09	-0.0030684413	-0.08143223	-0.9400243	0	0	0.36
9.840013606596028e-09	-0.009788478	-0.056315597	-0.9437624	0	0	0.36
9.850058344005162e-09	0.00032358334	-0.07349391	-0.9464669	0	0	0.36
9.86001516353928e-09	-0.007086102	-0.08778	-0.93988067	0	0	0.36
9.870061006452116e-09	-0.024372784	-0.10606335	-0.941104	0	0	0.36
9.88002025437241e-09	-0.04512438	-0.08935006	-0.9399835	0	0	0.36
9.890049235938758e-09	-0.06323981	-0.06655153	-0.94098246	0	0	0.36
9.900028954492469e-09	-0.06631525	-0.03329746	-0.9396538	0	0	0.36
9.910036240348427e-09	-0.064196125	-0.016262898	-0.939729	0	0	0.36
9.920029166100678e-09	-0.047833458	0.0009626159	-0.9365293	0	0	0.36
9.930023493954848e-09	-0.04039698	-0.0016703818	-0.9431173	0	0	0.36
9.94006565520421e-09	-0.039969523	-0.018572163	-0.9502625	0	0	0.36
9.950050020630755e-09	-0.04679471	-0.023354992	-0.94633806	0	0	0.36
9.96005329305709e-09	-0.060969222	-0.009394161	-0.9479444	0	0	0.36
9.97000881483706e-09	-0.05854672	-0.02811554	-0.9487823	0	0	0.36
9.980003866880115e-09	-0.05266463	-0.031047028	-0.95179236	0	0	0.36
9.990003398446455e-09	-0.042672303	-0.015892297	-0.9505516	0	0	0.36
1e-08	-0.04081963	-0.014879718	-0.9482927	0	0	0.36
