# t (s)	mx ()	my ()	mz ()	B_extx (T)	B_exty (T)	B_extz (T)	E_total (J)
0	0	0	-1	0	0	0.41	1.3250005e-18
1.0061176156435251e-11	0.0002662143	-0.0053473143	-0.9774687	0	0	0.41	4.4962167e-18
2.002573841007926e-11	0.0035841106	-0.020484036	-0.9687936	0	0	0.41	3.574692e-18
3.001992604699991e-11	0.0038126989	-0.019081391	-0.96405643	0	0	0.41	4.816815e-18
4.000289855189284e-11	0.036880743	-0.026826158	-0.9621462	0	0	0.41	3.6886705e-18
5.0063602062990396e-11	0.024332782	-0.049363405	-0.9613464	0	0	0.41	4.6828473e-18
6.003519415449698e-11	0.018345844	-0.048057813	-0.96077305	0	0	0.41	5.302274e-18
7.004738331302259e-11	0.025325224	-0.073599726	-0.9579729	0	0	0.41	4.634824e-18
8.003346480612513e-11	0.015962921	-0.071715266	-0.95861727	0	0	0.41	4.578362e-18
9.003352553443194e-11	0.018903837	-0.0686478	-0.9569889	0	0	0.41	5.755625e-18
1.000319317960592e-10	0.0107616475	-0.058928993	-0.9558623	0	0	0.41	4.2217847e-18
1.1001849508316557e-10	0.0110201035	-0.045221534	-0.95456535	0	0	0.41	3.9648293e-18
1.2006385773560817e-10	0.014853689	-0.046691265	-0.9560774	0	0	0.41	4.2515198e-18
1.300473332816883e-10	0.028180309	-0.057699174	-0.9562477	0	0	0.41	4.5351443e-18
1.4003114913312628e-10	0.035928175	-0.069331035	-0.9517111	0	0	0.41	4.5793376e-18
1.5002525370234106e-10	0.030461753	-0.07895995	-0.9481046	0	0	0.41	4.611384e-18
1.600482378488799e-10	0.033219174	-0.09437355	-0.9490612	0	0	0.41	5.8028867e-18
1.7002736732659396e-10	0.021309504	-0.115871	-0.9497585	0	0	0.41	5.0474863e-18
1.8000195035174162e-10	0.032639183	-0.093465015	-0.9481873	0	0	0.41	4.8216296e-18
1.9000770202435303e-10	0.044519734	-0.093953684	-0.9502607	0	0	0.41	5.088327e-18
2.000290457880757e-10	0.044350266	-0.083152704	-0.9512822	0	0	0.41	5.3057664e-18
2.100429299002232e-10	0.034521863	-0.07616868	-0.9513501	0	0	0.41	4.057471e-18
2.200615652424602e-10	0.035766974	-0.06862812	-0.9513334	0	0	0.41	4.352872e-18
2.3002023232713246e-10	0.04725747	-0.060136635	-0.95176214	0	0	0.41	4.8459727e-18
2.400403427763042e-10	0.04623834	-0.06781984	-0.95719534	0	0	0.41	3.9846295e-18
2.500077313872613e-10	0.041026562	-0.06681835	-0.9562372	0	0	0.41	5.1604357e-18
2.600432804720718e-10	0.03324514	-0.058355417	-0.95375234	0	0	0.41	5.244735e-18
2.700141866732881e-10	0.040867057	-0.06866014	-0.9470367	0	0	0.41	4.4701506e-18
2.8001682519907663e-10	0.019439299	-0.07594921	-0.95055324	0	0	0.41	4.8930157e-18
2.900511671375383e-10	0.027839446	-0.08395376	-0.9484814	0	0	0.41	4.9162206e-18
3.000407717763144e-10	0.030745491	-0.06749836	-0.9517231	0	0	0.41	5.1930564e-18
3.100500239961997e-10	0.024553953	-0.07374733	-0.95052344	0	0	0.41	4.778362e-18
3.200444499556647e-10	0.008018294	-0.05894395	-0.9489731	0	0	0.41	3.998087e-18
3.300494155914052e-10	0.011395581	-0.06414007	-0.9456388	0	0	0.41	4.939182e-18
3.4001726172052097e-10	0.022667423	-0.07167511	-0.94778395	0	0	0.41	4.804181e-18
3.500248311786197e-10	0.04269701	-0.0847454	-0.94859284	0	0	0.41	4.9005935e-18
3.6006078605718783e-10	0.04824269	-0.07713019	-0.9493489	0	0	0.41	4.2485465e-18
3.700061941048939e-10	0.033492085	-0.07797027	-0.9532579	0	0	0.41	5.191269e-18
3.8000175144330694e-10	0.01715502	-0.0669439	-0.9506733	0	0	0.41	5.16507e-18
3.9005123065354833e-10	0.017162578	-0.066671476	-0.9513212	0	0	0.41	4.88442e-18
4.0003020919847664e-10	0.014408803	-0.07405446	-0.9494076	0	0	0.41	4.997094e-18
4.100548462727785e-10	0.021804819	-0.06460092	-0.94915277	0	0	0.41	3.8088913e-18
4.200390525219989e-10	0.0360917	-0.054366414	-0.9516081	0	0	0.41	5.1677373e-18
4.300029799071756e-10	0.044858135	-0.07227576	-0.9523103	0	0	0.41	4.853906e-18
4.400575032183344e-10	0.03403966	-0.086053744	-0.94930255	0	0	0.41	5.855033e-18
4.500357850998027e-10	0.040412307	-0.084016755	-0.95355916	0	0	0.41	5.6996946e-18
4.600472793774544e-10	0.030813769	-0.0754343	-0.9555515	0	0	0.41	5.0288842e-18
4.700345037160005e-10	0.038896255	-0.05697006	-0.9533589	0	0	0.41	3.89042e-18
4.800038086094573e-10	0.018658761	-0.052090425	-0.952024	0	0	0.41	4.726734e-18
4.900157283041731e-10	0.024602424	-0.048151508	-0.95108	0	0	0.41	3.862761e-18
5.00050585127865e-10	0.022017164	-0.046819862	-0.9510106	0	0	0.41	4.815128e-18
5.100594245477302e-10	0.045799434	-0.04337354	-0.9528782	0	0	0.41	4.0531432e-18
5.200475057363577e-10	0.05804494	-0.04872339	-0.95297873	0	0	0.41	5.736388e-18
5.300017572707771e-10	0.059131175	-0.07118236	-0.95033604	0	0	0.41	4.0041522e-18
5.400096377392572e-10	0.051056877	-0.07562826	-0.9512422	0	0	0.41	4.280265e-18
5.500222649419805e-10	0.032304537	-0.08259452	-0.9489086	0	0	0.41	5.504143e-18
5.600174083950462e-10	0.019636074	-0.08110208	-0.944124	0	0	0.41	4.265109e-18
5.700528708894792e-10	0.014951979	-0.07518516	-0.9454222	0	0	0.41	4.356059e-18
5.800014693188747e-10	0.020523164	-0.07807816	-0.9478405	0	0	0.41	4.4849824e-18
5.900414578967159e-10	0.021043858	-0.07265796	-0.94691837	0	0	0.41	4.947618e-18
6.000262211099698e-10	0.016034145	-0.07679347	-0.9502436	0	0	0.41	5.0768103e-18
6.100487508479062e-10	0.03350663	-0.09000587	-0.94474053	0	0	0.41	4.4845667e-18
6.200049425458487e-10	0.033681422	-0.10820075	-0.9406885	0	0	0.41	4.6289085e-18
6.300394387679489e-10	0.04913661	-0.10959293	-0.94068193	0	0	0.41	4.9216994e-18
6.400475073868697e-10	0.04424685	-0.12105409	-0.9442848	0	0	0.41	4.7383937e-18
6.500433733738471e-10	0.037144367	-0.11108838	-0.94498485	0	0	0.41	5.041474e-18
6.600236283187191e-10	0.039213497	-0.134011	-0.937382	0	0	0.41	5.2032866e-18
6.700039752337526e-10	0.05658179	-0.15743212	-0.93183696	0	0	0.41	5.2029404e-18
6.800025152400585e-10	0.047288135	-0.14884533	-0.93191004	0	0	0.41	5.4617747e-18
6.900436148175708e-10	0.051016785	-0.14172089	-0.9395851	0	0	0.41	4.9815124e-18
7.000355133428885e-10	0.04324594	-0.14653464	-0.9360218	0	0	0.41	4.818035e-18
7.100068010015656e-10	0.04338721	-0.14201464	-0.93019325	0	0	0.41	5.448787e-18
7.200172462310757e-10	0.050711576	-0.13823281	-0.9375158	0	0	0.41	4.1630143e-18
7.300205007776963e-10	0.053916488	-0.12462922	-0.9384725	0	0	0.41	4.642815e-18
7.400177914254735e-10	0.060173158	-0.10344636	-0.93950725	0	0	0.41	4.5726648e-18
7.500046909864267e-10	0.07905021	-0.103486076	-0.941416	0	0	0.41	4.8299845e-18
7.600530228054305e-10	0.08072145	-0.106771804	-0.9405895	0	0	0.41	5.279518e-18
7.700030907521346e-10	0.087255366	-0.10664321	-0.94135094	0	0	0.41	5.051937e-18
7.800438899999439e-10	0.06721856	-0.08864946	-0.944739	0	0	0.41	5.0961427e-18
7.900275483424451e-10	0.08246233	-0.086606055	-0.94142956	0	0	0.41	3.606905e-18
8.000389901080878e-10	0.083603546	-0.109662436	-0.93938196	0	0	0.41	4.8642865e-18
8.100527703535408e-10	0.07160516	-0.086709656	-0.94164973	0	0	0.41	4.5148283e-18
8.20022684622323e-10	0.06846082	-0.07636214	-0.9379525	0	0	0.41	5.2044446e-18
8.300256317022466e-10	0.0662286	-0.06531076	-0.9397341	0	0	0.41	4.7466403e-18
8.400439474735941e-10	0.07561444	-0.059500266	-0.9387909	0	0	0.41	3.7660102e-18
8.500251738902658e-10	0.08350556	-0.05956727	-0.9393749	0	0	0.41	4.5985584e-18
8.600519189749936e-10	0.07773874	-0.055795528	-0.93935806	0	0	0.41	5.1071335e-18
8.700347233865469e-10	0.07365154	-0.04400879	-0.9422215	0	0	0.41	5.633409e-18
8.800466068677712e-10	0.08594721	-0.034891006	-0.94206536	0	0	0.41	3.903462e-18
8.900058590171801e-10	0.09495495	-0.042968504	-0.94466615	0	0	0.41	5.281678e-18
9.000465884325076e-10	0.09361596	-0.05544952	-0.94163805	0	0	0.41	4.381063e-18
9.100388605659852e-10	0.06037646	-0.051884	-0.94243467	0	0	0.41	4.7422322e-18
9.200182604017395e-10	0.05276431	-0.038640525	-0.9431412	0	0	0.41	5.4896677e-18
9.300131021730199e-10	0.035454728	-0.03791775	-0.94976455	0	0	0.41	5.476532e-18
9.400319442584493e-10	0.04934512	-0.0282629	-0.95119727	0	0	0.41	3.528193e-18
9.500588747512635e-10	0.04244637	-0.059294723	-0.94685596	0	0	0.41	4.2385785e-18
9.600419613976618e-10	0.04807103	-0.0660058	-0.94528174	0	0	0.41	5.5335976e-18
9.70010194927712e-10	0.05123117	-0.07558078	-0.94482404	0	0	0.41	4.0888315e-18
9.800621524576836e-10	0.0512963	-0.089382775	-0.94566035	0	0	0.41	4.5548746e-18
9.900294121841745e-10	0.04054886	-0.093209065	-0.94163173	0	0	0.41	4.249445e-18
1.0000196647991832e-09	0.043306556	-0.08982144	-0.93740636	0	0	0.41	4.5089156e-18
1.0100206485982388e-09	0.04061397	-0.09489733	-0.9310426	0	0	0.41	4.7459124e-18
1.0200034818603538e-09	0.02584464	-0.08553421	-0.92840594	0	0	0.41	4.3298976e-18
1.0300015571177757e-09	0.038738955	-0.07558831	-0.92454404	0	0	0.41	4.5987507e-18
1.0400156207616754e-09	0.070544764	-0.07980479	-0.92363745	0	0	0.41	4.992728e-18
1.0500215250516317e-09	0.08300728	-0.078571945	-0.9266651	0	0	0.41	5.4351346e-18
1.0600569425232818e-09	0.10906402	-0.08899565	-0.9250422	0	0	0.41	4.143734e-18
1.0700564305655787e-09	0.12027227	-0.104499266	-0.9281377	0	0	0.41	4.8264537e-18
1.0800463905303872e-09	0.1280548	-0.10399474	-0.92533875	0	0	0.41	5.137722e-18
1.0900543178275236e-09	0.12131613	-0.10606889	-0.9260233	0	0	0.41	3.8723927e-18
1.1000228439857594e-09	0.1169241	-0.09936383	-0.92779934	0	0	0.41	4.556142e-18
1.1100012057644354e-09	0.12403682	-0.10637119	-0.92694616	0	0	0.41	4.5384216e-18
1.1200611652756144e-09	0.121555895	-0.09064645	-0.92824674	0	0	0.41	4.4209594e-18
1.1300351370876547e-09	0.1332412	-0.08157189	-0.93366194	0	0	0.41	5.1065457e-18
1.1400005126938315e-09	0.1439788	-0.07245082	-0.9297045	0	0	0.41	5.0368248e-18
1.1500104368832125e-09	0.14854315	-0.075497285	-0.929826	0	0	0.41	5.115647e-18
1.1600571579473856e-09	0.13530831	-0.09185607	-0.9309656	0	0	0.41	4.719247e-18
1.1700606391802023e-09	0.13928339	-0.098858826	-0.9259521	0	0	0.41	5.4007234e-18
1.18003495234314e-09	0.13404235	-0.108539194	-0.921083	0	0	0.41	3.7295307e-18
1.1900635994171775e-09	0.16135025	-0.11539865	-0.91521734	0	0	0.41	4.4625736e-18
1.2000159604205315e-09	0.15281236	-0.11300683	-0.91307116	0	0	0.41	4.5398542e-18
1.2100546600134645e-09	0.16113834	-0.09754206	-0.90914965	0	0	0.41	4.7045215e-18
1.220033699480082e-09	0.1750181	-0.09169984	-0.90587103	0	0	0.41	4.579681e-18
1.2300240341218888e-09	0.20539656	-0.06781381	-0.89925164	0	0	0.41	4.4309596e-18
1.2400392475652863e-09	0.21844779	-0.043762896	-0.90022254	0	0	0.41	4.6121267e-18
1.2500644482954828e-09	0.22431909	-0.04761852	-0.89837843	0	0	0.41	4.8013074e-18
1.2600494222879157e-09	0.23086435	-0.040559623	-0.90243596	0	0	0.41	3.940357e-18
1.2700446225135765e-09	0.25595376	-0.03818562	-0.90087223	0	0	0.41	4.4064387e-18
1.280027256425756e-09	0.26279646	-0.030124355	-0.90369254	0	0	0.41	4.8358306e-18
1.2900460765353821e-09	0.23573014	-0.025399486	-0.91082025	0	0	0.41	4.398419e-18
1.3000174059221897e-09	0.23222746	-0.0031485828	-0.9086286	0	0	0.41	5.3389144e-18
1.3100493094075956e-09	0.21787958	0.01277241	-0.9094469	0	0	0.41	4.2420175e-18
1.3200570117672633e-09	0.21018523	0.033054627	-0.9119528	0	0	0.41	4.4026634e-18
1.3300198453513288e-09	0.21891707	0.06773987	-0.9101262	0	0	0.41	4.6389087e-18
1.3400266440544978e-09	0.23503958	0.09378372	-0.90471107	0	0	0.41	5.482466e-18
1.3500197804811241e-09	0.2511422	0.09998105	-0.90628284	0	0	0.41	4.3509402e-18
1.36004200857067e-09	0.25321558	0.10129419	-0.8998234	0	0	0.41	4.4034836e-18
1.370023721799381e-09	0.24826375	0.114759095	-0.8923791	0	0	0.41	5.2847457e-18
1.3800073862457056e-09	0.25051463	0.12189829	-0.88324195	0	0	0.41	5.774575e-18
1.3900357546987943e-09	0.24420264	0.1388061	-0.8839457	0	0	0.41	5.4689096e-18
1.4000287223384978e-09	0.22674055	0.15492514	-0.88160646	0	0	0.41	3.7251243e-18
1.4100437455603155e-09	0.22024652	0.17394398	-0.8838689	0	0	0.41	5.411103e-18
1.4200624959034752e-09	0.2030746	0.1966926	-0.8791006	0	0	0.41	4.261498e-18
1.4300430662440113e-09	0.17322797	0.23349878	-0.87554467	0	0	0.41	4.724196e-18
1.4400223126161075e-09	0.16506065	0.25470793	-0.87164336	0	0	0.41	4.453338e-18
1.4500034898098039e-09	0.15155134	0.28496504	-0.85959476	0	0	0.41	3.4563781e-18
1.4600108372357214e-09	0.14112288	0.31356907	-0.83632237	0	0	0.41	5.3087364e-18
1.4700651487938842e-09	0.08623343	0.3085972	-0.8294989	0	0	0.41	5.0467174e-18
1.4800230667100277e-09	0.02236109	0.26458353	-0.82053655	0	0	0.41	5.354209e-18
1.490045227364239e-09	-0.051836822	0.18659455	-0.8057489	0	0	0.41	4.4785246e-18
1.5000455476694015e-09	-0.08779742	0.093087405	-0.801028	0	0	0.41	4.0949696e-18
1.5100514910652105e-09	-0.10927777	-0.03159904	-0.8010825	0	0	0.41	4.61516e-18
1.5200049008159661e-09	-0.119456515	-0.13272472	-0.7952654	0	0	0.41	4.6330924e-18
1.5300251482649703e-09	-0.07716341	-0.22183812	-0.7969252	0	0	0.41	4.053391e-18
1.5400527344756404e-09	-0.006589105	-0.269027	-0.80308217	0	0	0.41	4.7523267e-18
1.5500516653047182e-09	0.077996634	-0.27519217	-0.7908989	0	0	0.41	4.2319458e-18
1.5600479875685383e-09	0.1658423	-0.2188644	-0.7831412	0	0	0.41	4.501322e-18
1.5700633562672477e-09	0.2147428	-0.10663221	-0.7745606	0	0	0.41	5.126037e-18
1.5800123423378904e-09	0.23870523	0.021656737	-0.7649709	0	0	0.41	2.9602627e-18
1.5900057902495156e-09	0.22521202	0.14564171	-0.7503343	0	0	0.41	4.3220526e-18
1.6000042100870196e-09	0.16772541	0.23697498	-0.75263137	0	0	0.41	5.2703854e-18
1.6100237708985467e-09	0.058973275	0.29223815	-0.75573593	0	0	0.41	5.1588463e-18
1.6200296835928777e-09	-0.03906504	0.29617155	-0.74158865	0	0	0.41	4.924508e-18
1.6300232328164716e-09	-0.1647355	0.24423353	-0.72667736	0	0	0.41	3.962628e-18
1.6400133384618616e-09	-0.24649273	0.12932497	-0.7102837	0	0	0.41	4.3207064e-18
1.6500427500553856e-09	-0.25648448	-0.0068394328	-0.69116753	0	0	0.41	4.7769e-18
1.660042313775613e-09	-0.18454663	-0.13357487	-0.68391967	0	0	0.41	3.140554e-18
1.6700540855026122e-09	-0.059815314	-0.20884599	-0.6901861	0	0	0.41	3.756476e-18
1.68003363278676e-09	0.08774435	-0.22997618	-0.6844506	0	0	0.41	5.1561596e-18
1.6900222401904844e-09	0.22114143	-0.18439098	-0.683896	0	0	0.41	4.528809e-18
1.7000500790744987e-09	0.30466655	-0.03871115	-0.6631918	0	0	0.41	5.779298e-18
1.7100626274131175e-09	0.29004663	0.11526354	-0.64933455	0	0	0.41	4.2500556e-18
1.7200518872613934e-09	0.2169994	0.25102052	-0.64443815	0	0	0.41	4.9740736e-18
1.7300424677903173e-09	0.05510632	0.34022185	-0.6433194	0	0	0.41	3.509221e-18
1.7400344583820958e-09	-0.08998982	0.3259757	-0.64073503	0	0	0.41	4.744351e-18
1.7500171829880357e-09	-0.21650104	0.22197732	-0.63373	0	0	0.41	3.9263555e-18
1.7600494071748763e-09	-0.26535958	0.06126537	-0.6235688	0	0	0.41	3.7273193e-18
1.770053683962461e-09	-0.21246105	-0.12623419	-0.60953987	0	0	0.41	4.7628563e-18
1.7800317867596153e-09	-0.1008133	-0.2689784	-0.6183165	0	0	0.41	4.680286e-18
1.7900553086117286e-09	0.076558605	-0.33922356	-0.6188298	0	0	0.41	3.8385056e-18
1.8000279513001786e-09	0.24593636	-0.29049325	-0.6124231	0	0	0.41	4.109632e-18
1.8100151879804348e-09	0.32275984	-0.08808682	-0.59075236	0	0	0.41	4.766982e-18
1.8200431521094988e-09	0.2630692	0.11065232	-0.5706747	0	0	0.41	3.7808846e-18
1.83004206852838e-09	0.17084907	0.22422756	-0.5701984	0	0	0.41	3.6741944e-18
1.8400523414696135e-09	0.010485496	0.29418367	-0.5781854	0	0	0.41	4.151809e-18
1.8500600300961625e-09	-0.17185588	0.2667578	-0.5765347	0	0	0.41	3.729687e-18
1.8600585628620992e-09	-0.3143378	0.13946617	-0.56883836	0	0	0.41	3.5225366e-18
1.8700301885541183e-09	-0.3205446	-0.07740855	-0.54630715	0	0	0.41	3.6344033e-18
1.8800368426519858e-09	-0.20788884	-0.26081398	-0.5386832	0	0	0.41	4.4405475e-18
1.890009589526988e-09	-0.059119694	-0.37861383	-0.5303449	0	0	0.41	3.1733678e-18
1.90002354546861e-09	0.15625945	-0.3926209	-0.5233826	0	0	0.41	4.5723906e-18
1.9100224435991076e-09	0.31157053	-0.27322882	-0.5182231	0	0	0.41	3.7583787e-18
1.9200403155868555e-09	0.37085134	-0.036555544	-0.5054949	0	0	0.41	3.6854404e-18
1.930004814342572e-09	0.26912764	0.17294787	-0.48380584	0	0	0.41	4.4121686e-18
1.9400240484166846e-09	0.09021367	0.3001337	-0.48522255	0	0	0.41	3.861257e-18
1.950050680982252e-09	-0.11756609	0.29635456	-0.47857264	0	0	0.41	3.6271043e-18
1.960048902349584e-09	-0.27909502	0.17618054	-0.4776994	0	0	0.41	3.8300712e-18
1.970050340777874e-09	-0.35883763	-0.0333613	-0.46054468	0	0	0.41	3.7040527e-18
1.9800540534247338e-09	-0.27193955	-0.22906198	-0.44446838	0	0	0.41	3.0355208e-18
1.990044364238971e-09	-0.08461329	-0.38537163	-0.44909126	0	0	0.41	2.8106904e-18
2.0000527869925807e-09	0.18523988	-0.3881745	-0.4314551	0	0	0.41	3.896296e-18
2.0100072434971756e-09	0.3344407	-0.1805872	-0.43275443	0	0	0.41	3.2546616e-18
2.0200308829387377e-09	0.32666102	0.046525158	-0.4260804	0	0	0.41	3.713801e-18
2.0300201280597237e-09	0.23423286	0.21818955	-0.41406855	0	0	0.41	4.121894e-18
2.040029586743281e-09	0.038281303	0.33843243	-0.4091333	0	0	0.41	2.7061456e-18
2.050022517893434e-09	-0.17454451	0.3115802	-0.3970651	0	0	0.41	4.3493905e-18
2.0600083349974704e-09	-0.3522122	0.15489529	-0.39299127	0	0	0.41	4.1079162e-18
2.0700022207266286e-09	-0.3713015	-0.07997073	-0.3786057	0	0	0.41	2.560456e-18
2.0800252237977323e-09	-0.23187679	-0.3051531	-0.36294982	0	0	0.41	3.918065e-18
2.0900492789002778e-09	0.0076067974	-0.39079022	-0.35151246	0	0	0.41	3.1784934e-18
2.100044145612502e-09	0.24199203	-0.3292962	-0.3532716	0	0	0.41	3.3777209e-18
2.1100224707214675e-09	0.38238493	-0.13819294	-0.32791862	0	0	0.41	3.5042497e-18
2.1200209144780266e-09	0.35921663	0.11465082	-0.3175817	0	0	0.41	2.733073e-18
2.1300314968747276e-09	0.1682902	0.31637287	-0.29542962	0	0	0.41	4.005972e-18
2.1400353089515907e-09	-0.08428174	0.35449076	-0.2826699	0	0	0.41	3.6673946e-18
2.1500163108011016e-09	-0.30424535	0.25707212	-0.27959323	0	0	0.41	2.9629316e-18
2.160036880050637e-09	-0.40411925	0.03823234	-0.25638965	0	0	0.41	4.0977762e-18
2.1700623262455e-09	-0.3405904	-0.22330675	-0.24772926	0	0	0.41	2.374134e-18
2.1800431637063513e-09	-0.112505145	-0.40017992	-0.23696817	0	0	0.41	2.6701793e-18
2.190050098789404e-09	0.17604545	-0.36857328	-0.23736095	0	0	0.41	3.560134e-18
2.2000548212975945e-09	0.3417378	-0.17949301	-0.22365727	0	0	0.41	2.177708e-18
2.2100115279498518e-09	0.34646833	0.053523872	-0.20532075	0	0	0.41	3.1216543e-18
2.2200230806493546e-09	0.22269744	0.28003725	-0.19637366	0	0	0.41	4.16408e-18
2.230037659769128e-09	-0.033774126	0.40713948	-0.18875344	0	0	0.41	2.4304064e-18
2.2400058216713048e-09	-0.32194164	0.31170523	-0.18234979	0	0	0.41	3.0942407e-18
2.2500471631083634e-09	-0.43365708	0.043724444	-0.16640571	0	0	0.41	3.207783e-18
2.2600054121303048e-09	-0.35917532	-0.21488175	-0.14721578	0	0	0.41	2.9521768e-18
2.2700069283309798e-09	-0.10074535	-0.38821098	-0.13994147	0	0	0.41	3.4619436e-18
2.2800232104441023e-09	0.17020848	-0.3487036	-0.123886615	0	0	0.41	2.2526829e-18
2.2900373378360647e-09	0.30648604	-0.15484282	-0.116205886	0	0	0.41	3.0490973e-18
2.300049954840204e-09	0.3224556	0.113620795	-0.107547686	0	0	0.41	2.9918992e-18
2.3100130354983146e-09	0.15590537	0.3512282	-0.09316507	0	0	0.41	2.7738768e-18
2.32000537756056e-09	-0.09174171	0.42638972	-0.081450626	0	0	0.41	2.7872035e-18
2.330010216557659e-09	-0.36092824	0.3177418	-0.062493835	0	0	0.41	2.2866384e-18
2.340021324383964e-09	-0.465264	0.018787064	-0.052009847	0	0	0.41	3.1495539e-18
2.3500132435208965e-09	-0.31499958	-0.2641927	-0.03359478	0	0	0.41	2.2863165e-18
2.3600411776614904e-09	-0.054275014	-0.38900834	-0.02881938	0	0	0.41	2.1384217e-18
2.370028690797056e-09	0.18770565	-0.31950998	-0.026272178	0	0	0.41	2.4932266e-18
2.3800600693071467e-09	0.3325194	-0.15608929	-0.01816153	0	0	0.41	3.2769506e-18
2.3900382290420503e-09	0.37257978	0.079262346	-4.536295e-05	0	0	0.41	2.8890993e-18
2.4000146408340916e-09	0.19861351	0.33671436	0.011934929	0	0	0.41	2.2707204e-18
2.4100544844887656e-09	-0.109162636	0.38757017	0.017333815	0	0	0.41	2.266633e-18
2.4200300164977728e-09	-0.31046268	0.22897813	0.0178522	0	0	0.41	1.6068337e-18
2.4300426154491903e-09	-0.36464995	-0.034851197	0.031316787	0	0	0.41	2.3222202e-18
2.4400051556785166e-09	-0.24054982	-0.27277783	0.041195236	0	0	0.41	2.7993519e-18
2.450019803223343e-09	0.034977973	-0.39141214	0.049566504	0	0	0.41	2.362957e-18
2.460021308590998e-09	0.3338971	-0.2822625	0.0626558	0	0	0.41	2.9438492e-18
2.470013539767156e-09	0.45171225	0.006317078	0.077188574	0	0	0.41	1.5565955e-18
2.4800193651208356e-09	0.3007964	0.296969	0.09803554	0	0	0.41	2.3736248e-18
2.490013947968928e-09	0.008601184	0.40793365	0.11066995	0	0	0.41	1.3753202e-18
2.5000573373517017e-09	-0.23881428	0.28375918	0.119379655	0	0	0.41	2.5615685e-18
2.5100121546845314e-09	-0.33982247	0.03477533	0.13469575	0	0	0.41	2.6927918e-18
2.5200373326264153e-09	-0.29741827	-0.2247486	0.14871314	0	0	0.41	2.4844585e-18
2.5300418277770503e-09	-0.09689346	-0.39755476	0.16383053	0	0	0.41	1.3925724e-18
2.5400246131968224e-09	0.1886801	-0.36817038	0.17434111	0	0	0.41	1.7660583e-18
2.550017968523736e-09	0.35077453	-0.17300293	0.1876421	0	0	0.41	1.1083277e-18
2.5600097542943434e-09	0.33689347	0.11202571	0.20683195	0	0	0.41	2.2132706e-18
2.5700325591100884e-09	0.15953526	0.31204206	0.21459092	0	0	0.41	1.5805941e-18
2.580027903127921e-09	-0.11318736	0.35960326	0.22126475	0	0	0.41	6.031946e-19
2.5900081392014707e-09	-0.320623	0.19314079	0.23938374	0	0	0.41	2.2885556e-18
2.6000161314687078e-09	-0.3579705	-0.049954448	0.2524226	0	0	0.41	1.4985553e-18
2.6100338424394248e-09	-0.19376646	-0.27430728	0.27184227	0	0	0.41	1.7316043e-18
2.620009614736378e-09	0.070204385	-0.33784485	0.27479452	0	0	0.41	2.3556753e-18
2.6300558889267088e-09	0.3012041	-0.2201177	0.2754393	0	0	0.41	2.9048265e-18
2.6400399385485326e-09	0.3824166	0.03179418	0.28633383	0	0	0.41	1.5358432e-18
2.6500547636200592e-09	0.23280774	0.30650988	0.2939162	0	0	0.41	1.1330623e-18
2.6600110578378723e-09	-0.11859672	0.41502237	0.3023477	0	0	0.41	1.3277928e-18
2.6700177797122097e-09	-0.37656417	0.20334727	0.30554172	0	0	0.41	1.4711716e-18
2.6800181825584793e-09	-0.34432566	-0.08505961	0.31602013	0	0	0.41	1.1526322e-18
2.690040106161551e-09	-0.16100594	-0.25456887	0.32704678	0	0	0.41	6.8806827e-19
2.7000108035296226e-09	0.048986107	-0.29533845	0.34297395	0	0	0.41	5.0059533e-19
2.7100368396568663e-09	0.2695274	-0.21558683	0.3517456	0	0	0.41	1.1632927e-18
2.7200146616785547e-09	0.39666486	0.018124823	0.37144598	0	0	0.41	9.398126e-19
2.7300216018119546e-09	0.26392692	0.3135592	0.37874115	0	0	0.41	2.1714713e-18
2.7400468430719745e-09	-0.06550686	0.38119233	0.39923906	0	0	0.41	1.2420343e-18
2.7500285668675616e-09	-0.26884887	0.18990137	0.39956236	0	0	0.41	1.1947487e-18
2.76004423604622e-09	-0.31153843	-0.053554215	0.41412234	0	0	0.41	9.093778e-19
2.7700448696987103e-09	-0.17796698	-0.27697948	0.43752974	0	0	0.41	1.0556546e-18
2.7800175956352687e-09	0.067806005	-0.33625522	0.44993442	0	0	0.41	-4.1627412e-19
2.7900573021075827e-09	0.29515535	-0.17665279	0.45074654	0	0	0.41	1.3629852e-18
2.8000283466766172e-09	0.30988523	0.08398379	0.45343333	0	0	0.41	3.691776e-19
2.8100099184762584e-09	0.15366858	0.27755898	0.4724773	0	0	0.41	9.240858e-19
2.8200489630478817e-09	-0.10355599	0.3351629	0.48456025	0	0	0.41	8.6080137e-19
2.8300410495923433e-09	-0.30429038	0.16374896	0.4920477	0	0	0.41	5.9243916e-19
2.840058589976056e-09	-0.27920824	-0.08637341	0.49042594	0	0	0.41	1.6434155e-18
2.850058379286315e-09	-0.09824395	-0.2592154	0.50355595	0	0	0.41	1.0057127e-18
2.860028951539481e-09	0.106292486	-0.24687894	0.5239592	0	0	0.41	3.3484134e-19
2.87000286906237e-09	0.23845209	-0.12628737	0.5336191	0	0	0.41	-8.8732924e-21
2.880042893778156e-09	0.26832974	0.0812204	0.55157095	0	0	0.41	1.1695816e-18
2.8900187586418263e-09	0.089518465	0.29684335	0.57939357	0	0	0.41	5.3904966e-20
2.900057366526449e-09	-0.18040155	0.28936943	0.5870893	0	0	0.41	4.4565653e-19
2.910041329125932e-09	-0.32544386	0.033708412	0.59064823	0	0	0.41	1.0457094e-18
2.9200009648857605e-09	-0.20808914	-0.23249447	0.60027987	0	0	0.41	-2.4182959e-19
2.930046946880058e-09	0.07351317	-0.30388984	0.6216844	0	0	0.41	-1.8417861e-19
2.9400196902770927e-09	0.28422573	-0.15864715	0.6286796	0	0	0.41	1.1663136e-18
2.9500035079316606e-09	0.2685866	0.096385315	0.64651066	0	0	0.41	4.149131e-19
2.960056540197749e-09	0.07095554	0.22751516	0.65639013	0	0	0.41	5.6391544e-19
2.9700335619861484e-09	-0.09481988	0.20566805	0.6700337	0	0	0.41	1.2804695e-18
2.980063024262931e-09	-0.20655674	0.103909016	0.67344755	0	0	0.41	4.9741446e-19
2.9900174197617576e-09	-0.21164897	-0.08994382	0.67756975	0	0	0.41	-9.476212e-19
3.0000538039032587e-09	-0.071445055	-0.25850406	0.6916769	0	0	0.41	2.1973037e-19
3.0100524243557954e-09	0.16855149	-0.2242268	0.70246387	0	0	0.41	-2.6672167e-19
3.020031490381261e-09	0.2826669	-0.01713618	0.7127577	0	0	0.41	2.1042898e-19
3.0300063788547858e-09	0.19399643	0.23745042	0.72935796	0	0	0.41	-7.2546485e-19
3.0400416222408906e-09	-0.093806095	0.3110698	0.74094	0	0	0.41	-1.1527742e-19
3.0500618026431356e-09	-0.335116	0.06496623	0.7392011	0	0	0.41	-5.411453e-19
3.0600589898571374e-09	-0.18630673	-0.24661274	0.7385042	0	0	0.41	-1.1003601e-18
3.070016264886785e-09	0.09833797	-0.21797024	0.76367617	0	0	0.41	-8.416852e-20
3.0800335279821346e-09	0.174923	-0.045846093	0.77352095	0	0	0.41	-8.3506266e-19
3.090013195842691e-09	0.15379861	0.067819424	0.7849656	0	0	0.41	-3.2432113e-19
3.100035593723465e-09	0.08440055	0.16407277	0.7888383	0	0	0.41	-2.6044226e-19
3.1100513094324894e-09	-0.0901304	0.1782385	0.7965175	0	0	0.41	7.655613e-21
3.120015593816107e-09	-0.22066404	0.022113208	0.80415785	0	0	0.41	-9.003228e-19
3.1300176951765986e-09	-0.1418793	-0.19959646	0.81541663	0	0	0.41	-8.603377e-19
3.1400400281217472e-09	0.13098924	-0.24440978	0.8237794	0	0	0.41	1.0111313e-19
3.150043454922343e-09	0.28271744	0.020015975	0.8279588	0	0	0.41	-2.448398e-19
3.1600568618544566e-09	0.092446126	0.26860958	0.83279455	0	0	0.41	-4.410028e-19
3.1700513604009085e-09	-0.19932166	0.19824922	0.8476341	0	0	0.41	-1.0363386e-18
3.180043312218048e-09	-0.22995935	-0.08582785	0.8636664	0	0	0.41	3.9738956e-19
3.190004701932115e-09	0.007884967	-0.2284216	0.86751646	0	0	0.41	-8.856889e-19
3.200043024367602e-09	0.19371797	-0.05773581	0.88474816	0	0	0.41	2.667523e-19
3.2100205270869248e-09	0.1138427	0.14290328	0.89565635	0	0	0.41	-4.740021e-19
3.2200480895276652e-09	-0.08162812	0.16684584	0.9049439	0	0	0.41	-1.0875611e-18
3.230016322482373e-09	-0.1791659	-0.048791423	0.90593624	0	0	0.41	-1.8770763e-18
3.2400342231347442e-09	0.020470126	-0.17829087	0.91297483	0	0	0.41	-1.9519312e-19
3.250060590028762e-09	0.16549797	-0.009051119	0.9198135	0	0	0.41	-1.1691831e-18
3.2600553002921744e-09	0.039044913	0.17020315	0.9246251	0	0	0.41	-1.8280472e-18
3.2700167378236247e-09	-0.18035933	0.06724917	0.927603	0	0	0.41	-1.486775e-18
3.280040215461835e-09	-0.08412922	-0.16374782	0.9287216	0	0	0.41	-1.444522e-18
3.2900048208503234e-09	0.1333115	-0.09823271	0.9368121	0	0	0.41	-1.531603e-18
3.300026422520098e-09	0.1190956	0.09602049	0.941519	0	0	0.41	9.388808e-20
3.3100294305134216e-09	-0.051213026	0.12197985	0.9470024	0	0	0.41	-1.4480843e-18
3.3200570231966024e-09	-0.12860988	-0.031276245	0.94885045	0	0	0.41	-3.6326787e-19
3.3300652083580314e-09	0.017259646	-0.12339652	0.9505743	0	0	0.41	-1.7991761e-18
3.3400515737126852e-09	0.113562524	0.0040303217	0.95002794	0	0	0.41	-1.4316486e-18
3.3500111735270904e-09	0.016284347	0.1037382	0.9540751	0	0	0.41	-6.3987647e-19
3.360038983685798e-09	-0.09840737	0.026709806	0.954724	0	0	0.41	-2.1310917e-18
3.3700187039699284e-09	-0.0431826	-0.078583345	0.9575015	0	0	0.41	-1.6273539e-18
3.3800100796706975e-09	0.07701608	-0.061124135	0.95743066	0	0	0.41	-1.619835e-18
3.390047723105565e-09	0.051312055	0.07105005	0.959656	0	0	0.41	-2.2418923e-18
3.4000036260573384e-09	-0.08417541	0.061773133	0.95613855	0	0	0.41	-1.4400222e-18
3.410049910845575e-09	-0.059219312	-0.060369153	0.95958835	0	0	0.41	-1.711998e-18
3.4200602354838946e-09	0.051984854	-0.06281201	0.9598012	0	0	0.41	-9.713797e-19
3.4300341697502938e-09	0.07830075	0.044041187	0.96110356	0	0	0.41	-2.3756917e-18
3.440051765942221e-09	-0.017634572	0.08442088	0.9604015	0	0	0.41	-1.9816683e-18
3.4500449612100262e-09	-0.088651665	-0.00670088	0.9597496	0	0	0.41	-2.1297456e-18
3.460026065818675e-09	0.016596813	-0.09036511	0.96149975	0	0	0.41	-1.936923e-18
3.4700501570613134e-09	0.09105104	-0.0022945944	0.96341544	0	0	0.41	-1.395996e-18
3.4800391505130543e-09	0.011302507	0.0872148	0.95866764	0	0	0.41	-1.8763405e-18
3.4900061416362387e-09	-0.07240585	0.00015082148	0.9610877	0	0	0.41	-9.369872e-19
3.5000590753874002e-09	-0.020949885	-0.06769919	0.9624308	0	0	0.41	-2.3290182e-18
3.5100015427603157e-09	0.071112156	-0.023698855	0.95979184	0	0	0.41	-7.6705544e-19
3.520028788873305e-09	0.026728857	0.08194174	0.95728195	0	0	0.41	-1.5924028e-18
3.5300543990952704e-09	-0.08793843	0.067816466	0.95681477	0	0	0.41	-2.5525882e-18
3.54006312217964e-09	-0.08324453	-0.059087176	0.958549	0	0	0.41	-1.3441347e-18
3.550013954210125e-09	0.061856665	-0.09343015	0.9572662	0	0	0.41	-9.581388e-19
3.560053239107383e-09	0.08588887	0.05507783	0.9638487	0	0	0.41	-2.016443e-18
3.5700260621661426e-09	-0.046266884	0.0853409	0.96046007	0	0	0.41	-7.009987e-19
3.5800546059521767e-09	-0.09281313	-0.04362375	0.95861125	0	0	0.41	-1.3758432e-18
3.5900324052567016e-09	0.0151427835	-0.08660079	0.95801914	0	0	0.41	-9.684436e-19
3.600052690957867e-09	0.075816706	0.0003140102	0.95666754	0	0	0.41	-7.4476013e-19
3.6100523438301383e-09	0.026081307	0.06545262	0.95879316	0	0	0.41	-2.041775e-18
3.6200594224695753e-09	-0.06436945	0.03268132	0.9585788	0	0	0.41	-1.0893941e-18
3.6300374892541583e-09	-0.044833872	-0.05931111	0.957684	0	0	0.41	-1.2931807e-18
3.6400189566036385e-09	0.051236957	-0.053020444	0.96012104	0	0	0.41	-1.6544213e-18
3.650059662467031e-09	0.038901072	0.043518137	0.9635285	0	0	0.41	-9.135249e-19
3.6600318319755074e-09	-0.03724246	0.056239735	0.96003944	0	0	0.41	-6.9959824e-19
3.670008476781063e-09	-0.05959834	-0.03168046	0.9601307	0	0	0.41	-1.086015e-18
3.6800462845169987e-09	0.044871353	-0.07240286	0.95742977	0	0	0.41	-7.0784993e-19
3.6900483472224545e-09	0.06589451	0.043955244	0.9544007	0	0	0.41	-1.9070829e-18
3.7000059815524044e-09	-0.027590273	0.06284274	0.9587111	0	0	0.41	-1.749205e-18
3.710028822704604e-09	-0.064524435	-0.024801482	0.9608939	0	0	0.41	-1.5773261e-18
3.7200099241546163e-09	0.010424033	-0.0406847	0.9609792	0	0	0.41	-1.4726326e-18
3.730012828779424e-09	0.045160368	-0.0053520426	0.9643711	0	0	0.41	-6.6060675e-19
3.7400119726058035e-09	0.007895536	0.050150454	0.964194	0	0	0.41	-1.5975702e-18
3.750036175300519e-09	-0.020932438	0.007436456	0.96512276	0	0	0.41	-1.2701048e-18
3.76005603116738e-09	-0.0074661267	-0.024920112	0.96489346	0	0	0.41	-1.1389996e-18
3.770030582939862e-09	0.023820339	-0.019357797	0.965319	0	0	0.41	-1.5403857e-18
3.780032460552276e-09	0.016171498	0.022640139	0.96684897	0	0	0.41	-2.2975684e-18
3.7900405417648116e-09	-0.016609538	0.025021212	0.96755695	0	0	0.41	-1.4472675e-18
3.800017247852077e-09	-0.023906086	-0.023010578	0.97000724	0	0	0.41	-1.6895802e-18
3.810046681691511e-09	0.0077026663	-0.02437462	0.9671899	0	0	0.41	-2.033165e-18
3.820042721616744e-09	0.026051624	0.00952081	0.9676569	0	0	0.41	-1.2053001e-18
3.830026116246698e-09	-0.0034884668	0.030434886	0.9684065	0	0	0.41	-6.278775e-19
3.840050045094058e-09	-0.02847969	0.008062218	0.9682411	0	0	0.41	-1.4619885e-18
3.850004937056289e-09	0.00390073	-0.016995199	0.96701545	0	0	0.41	-1.4991892e-18
3.860028927486864e-09	0.024525642	0.007021491	0.96628517	0	0	0.41	-1.5003934e-18
3.8700167052171824e-09	-0.0034697412	0.025178649	0.96813244	0	0	0.41	-2.3415111e-18
3.880034872911806e-09	-0.021561166	-0.0022578351	0.96535856	0	0	0.41	-1.6516668e-18
3.890048829716645e-09	-0.0069361227	-0.0322849	0.96709234	0	0	0.41	-1.5083151e-18
3.9000482056220156e-09	0.032650355	-0.010484983	0.9668443	0	0	0.41	-9.945051e-19
3.910031343027589e-09	0.014776213	0.02252816	0.96943265	0	0	0.41	-8.878724e-19
3.920050290619015e-09	-0.018141357	0.01694191	0.9682282	0	0	0.41	-1.6699718e-18
3.930006504718656e-09	-0.023917116	-0.024282638	0.9686604	0	0	0.41	-9.044767e-19
3.940052528642945e-09	0.02972459	-0.009219573	0.96785897	0	0	0.41	-1.3902543e-18
3.950032951241841e-09	0.02840301	0.023994688	0.9656065	0	0	0.41	-1.6992285e-18
3.960016345559068e-09	-0.024634345	0.041589417	0.9684008	0	0	0.41	-1.3404164e-18
3.970026856648154e-09	-0.03560287	-0.01974962	0.96458864	0	0	0.41	-1.1665369e-18
3.980026422266889e-09	0.018065417	-0.022655476	0.96593773	0	0	0.41	-1.3185222e-18
3.990029717430287e-09	0.015518628	-0.0011266541	0.966779	0	0	0.41	-1.4784072e-18
4.0000106682005596e-09	0.009810377	0.007690385	0.9672828	0	0	0.41	-1.875009e-18
4.0100382763710306e-09	-0.0039899605	0.009801906	0.9680069	0	0	0.41	-1.6578311e-18
4.020007662016171e-09	-0.007409271	-0.016967667	0.9677334	0	0	0.41	-1.1024998e-18
4.0300511853038395e-09	0.014999308	-0.018758241	0.9674763	0	0	0.41	-5.250925e-19
4.040015160311509e-09	0.011852633	0.013383659	0.96445066	0	0	0.41	-2.3827953e-18
4.050006032584433e-09	-0.0065226485	0.010864906	0.96492314	0	0	0.41	-1.4602476e-18
4.0600006310390614e-09	0.0011482768	-0.012769901	0.96737444	0	0	0.41	-7.9294045e-19
4.070017351406315e-09	0.0045728916	0.0071749524	0.96814656	0	0	0.41	-2.7200515e-18
4.080002252416666e-09	-0.003814403	4.450441e-05	0.9677184	0	0	0.41	-2.192629e-18
4.090064355532706e-09	0.013328402	0.014647526	0.965898	0	0	0.41	-5.13002e-19
4.100018556062258e-09	-0.0011355319	0.021194836	0.9649259	0	0	0.41	-1.1439873e-18
4.110004715877578e-09	-0.015020753	-0.015058048	0.96517307	0	0	0.41	-1.5837067e-18
4.1200408655169715e-09	-0.0059649637	-0.024869462	0.9651973	0	0	0.41	-1.0583931e-18
4.130011538538317e-09	0.020047145	-0.013284143	0.965002	0	0	0.41	-6.115425e-19
4.140054327150894e-09	0.007348765	0.017848754	0.9663451	0	0	0.41	-2.8110718e-18
4.150013048536783e-09	-0.017429952	0.004263934	0.9655561	0	0	0.41	-2.2061103e-18
4.160042729749885e-09	-0.013454128	-0.023993393	0.963254	0	0	0.41	-1.6884307e-18
4.170025905599618e-09	0.03973972	-0.015747877	0.9664839	0	0	0.41	-8.539817e-19
4.180032067011329e-09	0.021571014	0.031293787	0.9646741	0	0	0.41	-1.0333528e-18
4.190056187703845e-09	-0.05135887	0.012367416	0.9652215	0	0	0.41	-1.4461199e-18
4.200031914939015e-09	-0.0043204804	-0.037193872	0.96647364	0	0	0.41	-1.6563516e-18
4.210032013896551e-09	0.025284393	-0.0026166686	0.9708016	0	0	0.41	-1.851431e-18
4.22000070006413e-09	0.008870719	0.022558086	0.9680633	0	0	0.41	-9.112341e-19
4.2300164443630974e-09	-0.022533452	0.0092633115	0.9664245	0	0	0.41	-5.042731e-19
4.2400596443667315e-09	-0.023484044	-0.0120899845	0.966938	0	0	0.41	-2.1380154e-18
4.250006643996891e-09	0.017334618	-0.0064897514	0.9669515	0	0	0.41	-1.327955e-18
4.26001059267287e-09	0.0106208725	0.009174305	0.97059506	0	0	0.41	-1.3711874e-18
4.2700264473759305e-09	-0.00450122	0.012209158	0.97007775	0	0	0.41	-1.932505e-18
4.280041279715122e-09	-0.002275044	-0.02764027	0.9673928	0	0	0.41	-8.5911506e-19
4.290021280744565e-09	0.035514962	-0.0183509	0.9678877	0	0	0.41	-1.7410473e-18
4.30006490626869e-09	0.034877423	0.028312596	0.9654445	0	0	0.41	-2.361462e-18
4.3100430811762635e-09	-0.032745223	0.04661902	0.96350783	0	0	0.41	-1.1487741e-18
4.320059105940072e-09	-0.035852004	-0.01827318	0.9647501	0	0	0.41	-1.5775836e-18
4.330046477449417e-09	0.0048293457	-0.03819913	0.9645844	0	0	0.41	-9.490431e-19
4.340012909562792e-09	0.026260998	0.003618696	0.96246576	0	0	0.41	-1.1874975e-18
4.3500473567473944e-09	0.012483173	0.0343358	0.96206415	0	0	0.41	-2.118576e-18
4.360042758074375e-09	-0.025757207	0.02445346	0.96588224	0	0	0.41	-1.3904798e-18
4.370048662760025e-09	-0.043771792	-0.030610133	0.9621394	0	0	0.41	-1.2667271e-18
4.380017415881458e-09	0.011503882	-0.03592919	0.95993066	0	0	0.41	-1.0486177e-18
4.390036409151575e-09	0.020747107	0.001615793	0.96028155	0	0	0.41	-1.1352759e-18
4.400028679489833e-09	0.006572984	0.018676387	0.9598969	0	0	0.41	-1.3910529e-18
4.410049918030013e-09	-0.019653372	0.025427377	0.9668827	0	0	0.41	-1.415087e-18
4.420006849582773e-09	-0.01624524	-0.037386745	0.96536684	0	0	0.41	-1.474346e-18
4.43000978615669e-09	0.033209104	-0.014575014	0.9631878	0	0	0.41	-2.2934722e-18
4.440012364712717e-09	0.013943134	0.024930911	0.9652704	0	0	0.41	-1.2054458e-18
4.450032964208718e-09	-0.018294927	0.0052387374	0.96397287	0	0	0.41	-1.7282802e-18
4.460052970736703e-09	-0.0017447377	-0.0021613755	0.96689296	0	0	0.41	-1.5367707e-18
4.470009356728973e-09	-0.0021930581	-0.001136337	0.96678305	0	0	0.41	-1.8530093e-18
4.480026176453043e-09	0.0022396636	-0.0080291545	0.9647128	0	0	0.41	-1.6018054e-18
4.490030862125522e-09	-0.006035759	0.0030676578	0.96457523	0	0	0.41	-9.659285e-19
4.500042611642361e-09	-0.014988981	-0.000275808	0.96477896	0	0	0.41	-1.2418219e-18
4.5100227466071725e-09	-0.009334315	-0.0074049486	0.96410537	0	0	0.41	-2.2794626e-18
4.520055487764683e-09	0.008629674	-0.010465408	0.96522886	0	0	0.41	-1.1366693e-18
4.530054026700255e-09	0.00087970303	-0.013392309	0.96775526	0	0	0.41	-1.6050399e-18
4.5400099930052966e-09	0.013363218	-0.012501122	0.9682966	0	0	0.41	-2.1066336e-18
4.550009010981024e-09	0.0059254644	0.0120383315	0.9676986	0	0	0.41	-1.3225454e-18
4.560038599875679e-09	-0.014004677	0.009815452	0.9676319	0	0	0.41	-1.7134339e-18
4.570022157597184e-09	-0.0042788945	-0.005528778	0.9686613	0	0	0.41	-1.5496162e-18
4.580008651487808e-09	0.008327031	-0.0036970188	0.9679641	0	0	0.41	-1.3508169e-18
4.5900427819185064e-09	0.012937158	-0.0028852243	0.96467215	0	0	0.41	-1.4338331e-18
4.6000439312732685e-09	0.0055524777	0.023958512	0.9678805	0	0	0.41	-1.3639786e-18
4.610022106108311e-09	-0.02748782	0.016154582	0.9658027	0	0	0.41	-6.7583846e-19
4.6200587087262135e-09	-0.033507366	-0.021973226	0.9662705	0	0	0.41	-2.3566148e-18
4.630018695639213e-09	0.005957351	-0.028021047	0.9659237	0	0	0.41	-5.669789e-19
4.640035266977834e-09	0.048428297	0.006923847	0.9651997	0	0	0.41	-1.3280807e-18
4.650043363541756e-09	-0.008367363	0.04506639	0.9612236	0	0	0.41	-1.4378001e-18
4.660031016890036e-09	-0.033523034	-0.015660187	0.9637552	0	0	0.41	-1.4769489e-18
4.670023759605598e-09	0.012047913	-0.03694368	0.9657844	0	0	0.41	-1.0298641e-18
4.68000740163468e-09	0.049534723	-0.0065949997	0.96701705	0	0	0.41	-1.1770155e-18
4.690003689822202e-09	0.005995793	0.0383434	0.96682906	0	0	0.41	-9.047427e-19
4.700024823636375e-09	-0.027432108	0.014221732	0.9673257	0	0	0.41	-1.2233639e-18
4.710003107910628e-09	-0.024953742	-0.025515508	0.9687662	0	0	0.41	-1.9576189e-18
4.720056564666282e-09	0.016908163	-0.03458928	0.96530277	0	0	0.41	-1.0993178e-18
4.730006951026182e-09	0.039047193	0.018165702	0.9619016	0	0	0.41	-1.3634825e-18
4.740025496058314e-09	-0.0027209343	0.04339706	0.96321625	0	0	0.41	-1.2315885e-18
4.750023607788919e-09	-0.047523513	0.012271288	0.96499836	0	0	0.41	-1.4775171e-18
4.7600559678417446e-09	-0.0006290865	-0.033090003	0.96835434	0	0	0.41	-2.8382478e-18
4.77000878326489e-09	0.044982366	-0.01741369	0.96735173	0	0	0.41	-1.5547707e-18
4.78000621135509e-09	0.03553946	0.033696435	0.9661873	0	0	0.41	-7.3460075e-19
4.790009165121676e-09	-0.036784645	0.029655319	0.9673139	0	0	0.41	-2.5738074e-19
4.800014653011602e-09	-0.017480057	-0.027067222	0.9667586	0	0	0.41	-1.0450356e-18
4.8100099856206665e-09	0.019919164	-0.02258638	0.96504897	0	0	0.41	-1.2770719e-18
4.820035619815985e-09	0.0264249	0.027947892	0.9658224	0	0	0.41	-8.3003883e-19
4.830058393431426e-09	-0.030099966	0.021603059	0.96690977	0	0	0.41	-1.6789083e-18
4.840015879035526e-09	-0.019307662	-0.024690762	0.96704555	0	0	0.41	-2.1993328e-18
4.8500448610256565e-09	0.01676992	-0.027631551	0.9654768	0	0	0.41	-1.312981e-18
4.860053890145113e-09	0.018209321	0.014643239	0.96689415	0	0	0.41	-1.2177144e-18
4.870007005275161e-09	-0.005617749	0.027683632	0.9661433	0	0	0.41	-2.10266e-18
4.88000815634478e-09	-0.028575635	-0.01037009	0.96496534	0	0	0.41	-1.3969373e-18
4.890049039437335e-09	0.0096718045	-0.012773284	0.96740395	0	0	0.41	-2.2573705e-18
4.900040097777941e-09	0.024604796	0.006060925	0.9688032	0	0	0.41	-1.5005103e-18
4.910011275756952e-09	-0.011494798	0.026190786	0.9681107	0	0	0.41	-1.225573e-18
4.920010728498032e-09	-0.034247626	0.0026301036	0.9680929	0	0	0.41	-2.7217896e-18
4.9300586634218366e-09	-0.0042320774	-0.03934013	0.9663774	0	0	0.41	-2.3794926e-18
4.940043070664529e-09	0.042390984	-0.011009199	0.9678797	0	0	0.41	-2.2409611e-18
4.950034882228395e-09	0.009292775	0.03431397	0.97012	0	0	0.41	-1.0574571e-18
4.960039243826275e-09	-0.005791781	0.0219181	0.96923256	0	0	0.41	-1.1456677e-18
4.970050687725157e-09	-0.017786602	0.0015963663	0.96623296	0	0	0.41	-1.570927e-18
4.9800647491410595e-09	-0.002136153	-0.029450217	0.9648778	0	0	0.41	-1.6272797e-18
4.990040314133391e-09	0.027420105	-0.01691123	0.9621648	0	0	0.41	-1.4308504e-18
5.000049703395601e-09	0.02256944	0.018465927	0.96066266	0	0	0.41	-2.0219259e-19
5.010033638311187e-09	-0.036026403	0.037270673	0.96146065	0	0	0.41	-1.6570663e-18
5.02002604353223e-09	-0.038096804	-0.028138699	0.96394867	0	0	0.41	-8.76996e-19
5.030034507316605e-09	0.030476995	-0.048444208	0.96063226	0	0	0.41	-4.839511e-19
5.040031095329814e-09	0.05206547	0.024710672	0.9632809	0	0	0.41	-2.1183866e-18
5.0500622523365666e-09	-0.016125757	0.02829058	0.9638652	0	0	0.41	-2.7643462e-18
5.0600608619904105e-09	-0.038595967	-0.010382387	0.9630909	0	0	0.41	-9.057021e-19
5.0700044281345755e-09	0.00031133986	-0.0399261	0.96238166	0	0	0.41	-7.0140635e-19
5.080002232956621e-09	0.047506258	-0.0010241899	0.9621689	0	0	0.41	-9.195465e-19
5.090017822702398e-09	0.00551007	0.047279824	0.9631953	0	0	0.41	-1.7774362e-18
5.100019845181724e-09	-0.034854095	-0.017051794	0.9626634	0	0	0.41	-1.3223919e-18
5.1100165890833205e-09	0.024951836	-0.031513248	0.9663814	0	0	0.41	-2.0698623e-18
5.12003520310515e-09	0.01646218	0.01809295	0.9670799	0	0	0.41	-1.9165996e-18
5.130048804587228e-09	-0.014886518	0.015102492	0.9646987	0	0	0.41	-1.8039519e-18
5.140032231633446e-09	0.0003993094	-0.025438111	0.9628927	0	0	0.41	-6.6918937e-19
5.150030023780274e-09	0.025855029	0.012907195	0.96077436	0	0	0.41	-9.474014e-19
5.160025315054181e-09	-0.02143873	0.0053512803	0.96376246	0	0	0.41	-1.9478974e-18
5.1700490166094095e-09	-0.004307141	-0.003369142	0.9657824	0	0	0.41	-9.147435e-19
5.1800562186663335e-09	-0.019382399	0.0005059172	0.96650916	0	0	0.41	-1.5465362e-18
5.190011350775624e-09	0.0067470204	-0.015807787	0.9664463	0	0	0.41	-1.0303306e-18
5.200012536879916e-09	0.0014291949	-0.0056781806	0.9651502	0	0	0.41	-1.4217144e-18
5.210055372781786e-09	-0.0026065165	-0.002257064	0.9637849	0	0	0.41	-8.759731e-19
5.220049724492368e-09	0.009945226	-0.0015368039	0.9637695	0	0	0.41	-1.7619423e-18
5.23001254818877e-09	0.008030007	0.008479879	0.9629336	0	0	0.41	-1.7165037e-18
5.240047109191704e-09	-0.01609391	0.0139564	0.96158755	0	0	0.41	-2.1492615e-18
5.250052278623345e-09	-0.018955363	-0.0438425	0.9596081	0	0	0.41	-1.0391801e-18
5.260002305625232e-09	0.04972967	-0.03271609	0.96238214	0	0	0.41	-4.063423e-19
5.270060227595694e-09	0.024042571	0.04790013	0.96403617	0	0	0.41	-1.4848378e-18
5.280029545946475e-09	-0.0381297	0.023758814	0.9637541	0	0	0.41	-1.4498723e-18
5.290011544087435e-09	-0.024041938	-0.025897026	0.96425474	0	0	0.41	-4.937249e-20
5.300065350292215e-09	0.013457502	-0.019842247	0.96399903	0	0	0.41	-2.262599e-18
5.310031067546548e-09	0.029882971	0.02394033	0.9625393	0	0	0.41	-2.1123804e-18
5.320057459657492e-09	-0.027647052	0.026835987	0.958345	0	0	0.41	-7.415868e-19
5.330025483466186e-09	-0.051857878	-0.0015595605	0.96138805	0	0	0.41	-7.7729676e-19
5.340050153247783e-09	-0.0017532131	-0.05386614	0.9616538	0	0	0.41	1.307442e-19
5.350038788984354e-09	0.042356264	-0.009411039	0.9648859	0	0	0.41	-1.4686554e-18
5.360034673141952e-09	0.018463695	0.048304453	0.9614892	0	0	0.41	-1.0130109e-18
5.3700246937802965e-09	-0.050839327	0.025972418	0.96385145	0	0	0.41	-1.8771226e-18
5.380044494984534e-09	-0.02139278	-0.043202404	0.9624563	0	0	0.41	-1.1268348e-18
5.390015542290222e-09	0.03303471	-0.018451959	0.965456	0	0	0.41	-2.6910892e-18
5.400039454391383e-09	0.0085515315	0.033926476	0.961967	0	0	0.41	-1.5200861e-18
5.410008100995527e-09	-0.04687853	-0.0033191289	0.96406746	0	0	0.41	-1.1551797e-18
5.420017657934626e-09	-0.00087900966	-0.026808389	0.9652856	0	0	0.41	-2.3018832e-18
5.430036218444082e-09	0.024170954	-0.0036523712	0.9652564	0	0	0.41	-1.7504215e-18
5.440059636952965e-09	-0.004687442	0.036925253	0.9649135	0	0	0.41	-7.7710387e-19
5.450050825874652e-09	-0.041925117	0.005788596	0.9636185	0	0	0.41	-6.6975134e-19
5.460042861466498e-09	-0.006877055	-0.04280064	0.9643889	0	0	0.41	-7.539564e-19
5.470046551207793e-09	0.02820829	0.012936652	0.9657916	0	0	0.41	-9.181077e-19
5.48000330091594e-09	0.0057677105	0.026851078	0.9681098	0	0	0.41	-1.0154843e-18
5.490062313796547e-09	-0.013172747	0.021576963	0.9672057	0	0	0.41	-1.0248547e-18
5.500002780268349e-09	-0.018220767	-0.0140524795	0.9622216	0	0	0.41	-1.5230231e-18
5.5100590924053066e-09	0.013116655	-0.014293711	0.9641481	0	0	0.41	-2.125732e-18
5.520031409424495e-09	0.016330788	0.016731203	0.96092	0	0	0.41	-1.3385382e-18
5.530011120615448e-09	-0.022374934	0.016716678	0.96137047	0	0	0.41	-1.2193907e-18
5.540016142455377e-09	-0.0073556863	-0.035951592	0.961665	0	0	0.41	-2.1184656e-18
5.5500296000698235e-09	0.024515353	-0.002682778	0.9601813	0	0	0.41	-1.1388957e-18
5.560008998820358e-09	0.005064169	0.017557958	0.9647923	0	0	0.41	-2.0171637e-18
5.570056308306422e-09	-0.013664533	0.0012703318	0.9658803	0	0	0.41	-5.693934e-19
5.580001619593479e-09	-0.0035150168	-0.0010904525	0.96588254	0	0	0.41	-1.218893e-18
5.590058978748823e-09	-0.008682846	0.013795942	0.96786183	0	0	0.41	-1.4580608e-18
5.6000176945625915e-09	-0.008134776	0.0038916431	0.96618676	0	0	0.41	-1.4341022e-18
5.610053582885966e-09	-0.015907196	-0.012312928	0.96427	0	0	0.41	-2.0338696e-18
5.620009005480912e-09	0.033775825	-0.002958668	0.9661649	0	0	0.41	-1.5771441e-18
5.63006253961764e-09	0.008919723	0.009900445	0.9684086	0	0	0.41	-1.0756599e-18
5.640002667177005e-09	0.00249629	0.011616965	0.9656059	0	0	0.41	-1.2346321e-18
5.650053729121644e-09	-0.010977083	-0.008186449	0.9682372	0	0	0.41	-2.1668536e-18
5.660026920036199e-09	0.0005008399	0.008534334	0.96679765	0	0	0.41	-2.4009796e-18
5.670052541331415e-09	-0.0048514185	-0.0017167459	0.96412396	0	0	0.41	-1.4600145e-18
5.680010656940278e-09	-0.0023681195	-0.00364364	0.9642081	0	0	0.41	-7.227182e-19
5.690016567071665e-09	-0.02000763	-0.0067424006	0.9643445	0	0	0.41	-1.2674747e-18
5.700044077926454e-09	0.034240257	-0.043480262	0.9640619	0	0	0.41	-1.9558311e-18
5.710035210477678e-09	0.026561107	0.030439809	0.96495783	0	0	0.41	-6.4866227e-19
5.720046939162773e-09	-0.02797547	0.008893968	0.966076	0	0	0.41	-1.7640528e-18
5.730005961469607e-09	-0.0088728275	-0.015308579	0.96874684	0	0	0.41	-1.2202574e-18
5.740024567850477e-09	0.02371454	-0.018450683	0.9675298	0	0	0.41	-1.043772e-18
5.750000126727203e-09	0.01263595	0.01993367	0.9687547	0	0	0.41	-1.5678539e-19
5.760022515340561e-09	-0.040569972	0.0012743261	0.9654322	0	0	0.41	-9.86238e-19
5.7700592935660945e-09	-0.0055173407	-0.048190095	0.9649123	0	0	0.41	-1.4630617e-18
5.7800130928824636e-09	0.041581746	-0.020637473	0.9650873	0	0	0.41	-2.1630328e-18
5.790002353563812e-09	0.0202218	0.0436304	0.9660206	0	0	0.41	-1.81826e-18
5.800025263363181e-09	-0.04797327	0.02992311	0.96856683	0	0	0.41	-1.3023964e-18
5.8100122684094085e-09	-0.04117357	-0.042119894	0.9658274	0	0	0.41	-1.1273443e-18
5.820039366932811e-09	0.019024517	-0.03260109	0.9667111	0	0	0.41	-1.1484834e-18
5.8300288608354126e-09	0.036474273	0.013827946	0.96720827	0	0	0.41	-1.8878625e-18
5.840017974944695e-09	-0.013915129	0.035385326	0.9657591	0	0	0.41	-7.347429e-19
5.8500545912473524e-09	-0.02757244	-0.00026773746	0.9674341	0	0	0.41	-1.6584148e-18
5.860053278648928e-09	-0.011929269	-0.015421821	0.96532536	0	0	0.41	-1.7364107e-18
5.8700338252183585e-09	-0.0012053868	0.0013634173	0.96508384	0	0	0.41	-1.8771716e-18
5.880039629196251e-09	0.0034652362	-0.004392297	0.9631062	0	0	0.41	-2.2333928e-18
5.890022545467602e-09	0.0042114714	0.016914947	0.9628864	0	0	0.41	-1.3208218e-18
5.900041111906045e-09	-0.010404578	0.0011094498	0.9642922	0	0	0.41	-1.7181382e-18
5.910020969862501e-09	0.000106898435	-0.014751547	0.96587956	0	0	0.41	-1.695688e-18
5.9200395309746354e-09	0.007338173	0.028185898	0.9652495	0	0	0.41	-1.3906823e-18
5.930060308141414e-09	-0.030842334	0.00230204	0.96824366	0	0	0.41	-1.100395e-18
5.9400277829301226e-09	-0.006056291	-0.019967249	0.967331	0	0	0.41	-1.4504194e-18
5.950042201652707e-09	0.01534662	-0.019477352	0.9673612	0	0	0.41	-1.0791485e-18
5.960002714902959e-09	0.01914384	0.016437318	0.96709424	0	0	0.41	-1.0064683e-18
5.9700054152105924e-09	-0.026701888	0.019890837	0.9673866	0	0	0.41	-1.7202336e-18
5.980008987081861e-09	-0.016170798	-0.008358832	0.9696989	0	0	0.41	-9.504184e-19
5.99004108342628e-09	0.008670856	-0.01619183	0.97109383	0	0	0.41	-2.355957e-18
6.000021555636281e-09	0.020447347	-0.001356274	0.9702195	0	0	0.41	-1.0485057e-18
6.0100375403212284e-09	0.0061830953	0.014704764	0.96885765	0	0	0.41	-1.4749912e-18
6.020051772489733e-09	-0.017328436	-0.0085833995	0.9682625	0	0	0.41	-2.5039055e-18
6.030036801190886e-09	0.0077434806	-0.0074076005	0.9667647	0	0	0.41	-1.1778857e-18
6.040035915684963e-09	0.010066002	0.022077454	0.9681371	0	0	0.41	-1.7958612e-18
6.050005533318659e-09	-0.008961022	0.012566282	0.96882427	0	0	0.41	-1.1073543e-18
6.0600308081069185e-09	-0.0221634	-0.03254248	0.9679809	0	0	0.41	-1.5270242e-18
6.07002372080842e-09	0.03961889	-0.020167582	0.9656196	0	0	0.41	-6.9428055e-19
6.0800575181083805e-09	0.019880079	0.033169266	0.9673985	0	0	0.41	-1.7090248e-18
6.0900245185490494e-09	-0.03522242	0.02936871	0.9662474	0	0	0.41	-5.6046444e-19
6.100050295218328e-09	-0.03309337	-0.019412039	0.9650423	0	0	0.41	-1.2003613e-18
6.110021638224882e-09	0.024288801	-0.0359377	0.96282035	0	0	0.41	-1.1648809e-18
6.120023813047159e-09	0.04295216	0.02635132	0.9682242	0	0	0.41	-1.3708734e-18
6.130046326616979e-09	-0.028741704	0.03232698	0.96633625	0	0	0.41	-1.6005384e-18
6.140016832412502e-09	-0.038865615	-0.028259756	0.96362543	0	0	0.41	-1.6365427e-18
6.150001193545666e-09	0.019993797	-0.027206711	0.96465355	0	0	0.41	-1.870565e-18
6.160057829619577e-09	0.028459486	0.014316361	0.9666805	0	0	0.41	-1.8627317e-18
6.170042831811113e-09	-0.007042583	0.020216716	0.96581626	0	0	0.41	-1.8739353e-18
6.180039127592964e-09	-0.02845689	-0.005952077	0.9675486	0	0	0.41	-1.0451213e-18
6.190055834460083e-09	-0.0033656035	-0.04235563	0.9665461	0	0	0.41	-1.6331944e-18
6.200016842433232e-09	0.043118842	0.0045054215	0.9680317	0	0	0.41	-1.0488291e-18
6.210053705041836e-09	0.0154489605	0.057436	0.96659416	0	0	0.41	-2.2875878e-18
6.220000664779494e-09	-0.05351451	-0.0021647268	0.9684226	0	0	0.41	-1.3280116e-18
6.230014656294892e-09	0.007908179	-0.047837723	0.9660897	0	0	0.41	-4.9160155e-19
6.240009756838507e-09	0.044001076	0.014560876	0.966765	0	0	0.41	-1.5693403e-18
6.250064849928666e-09	-0.0110543845	0.04977523	0.9644789	0	0	0.41	-7.1020797e-19
6.26000392176285e-09	-0.030016754	-0.025896873	0.96593976	0	0	0.41	-1.6259309e-18
6.270062689797309e-09	0.03369222	-0.024153301	0.96663827	0	0	0.41	-1.2898004e-18
6.280038267691521e-09	0.008002961	0.025894469	0.96494776	0	0	0.41	-1.9473848e-18
6.290051160229014e-09	-0.023987276	0.0117077585	0.9656378	0	0	0.41	-6.851742e-19
6.300056204274628e-09	-0.00980329	-0.0138484575	0.9685911	0	0	0.41	-1.5073372e-18
6.3100359193919655e-09	0.014169005	-0.012256925	0.9691417	0	0	0.41	-2.0564442e-18
6.320006352041043e-09	0.010457753	0.027516628	0.9696234	0	0	0.41	-2.2665479e-18
6.330049776790641e-09	-0.017894575	0.019477846	0.9672011	0	0	0.41	-2.4203156e-18
6.3400437837379666e-09	-0.034717772	2.1650287e-05	0.9660694	0	0	0.41	-1.9123564e-18
6.35005754070566e-09	0.002021678	-0.04835159	0.96580184	0	0	0.41	-7.1782516e-19
6.36005442288333e-09	0.04368542	0.012966668	0.9666363	0	0	0.41	-2.5309566e-18
6.370033930862284e-09	-0.009518723	0.021676619	0.96542066	0	0	0.41	-2.2430752e-18
6.380036505734257e-09	-0.014351227	-0.005976619	0.96839076	0	0	0.41	-1.8741468e-18
6.390043834925396e-09	0.015524756	-0.01096156	0.9687175	0	0	0.41	-1.5470271e-18
6.400016004219487e-09	0.023163546	0.016505972	0.96811783	0	0	0.41	-1.6697447e-18
6.410019557230503e-09	-0.017622909	0.0273261	0.9678384	0	0	0.41	-1.5977107e-18
6.420049734076938e-09	-0.014504607	0.0060830587	0.9692305	0	0	0.41	-9.223166e-19
6.4300159062227735e-09	-0.015864722	-0.025856107	0.9666903	0	0	0.41	-4.0257324e-19
6.4400434033696045e-09	0.022911754	-0.015879331	0.96651936	0	0	0.41	-1.3190586e-18
6.450033876506942e-09	0.023164462	0.03644305	0.9663875	0	0	0.41	-1.4004386e-18
6.460046242825308e-09	-0.02333823	0.013457528	0.96659034	0	0	0.41	-1.3973819e-18
6.4700224016059e-09	-0.006723401	-0.018651988	0.9647605	0	0	0.41	-8.2545346e-19
6.480059277867593e-09	0.017700993	-0.02172597	0.96483546	0	0	0.41	-1.0962501e-18
6.490035012314592e-09	0.024854427	0.0111759445	0.9627174	0	0	0.41	-1.929689e-18
6.500036615907642e-09	-0.0098446235	0.03863868	0.9636958	0	0	0.41	-1.9724006e-18
6.510039734540441e-09	-0.04384497	-0.004622059	0.9632251	0	0	0.41	-2.3426865e-18
6.520059270883514e-09	0.011690123	-0.041112036	0.96612066	0	0	0.41	-1.538698e-18
6.5300517217670175e-09	0.046329997	0.018196676	0.96506685	0	0	0.41	-1.6737929e-18
6.540040421295073e-09	-0.020034267	0.04642997	0.96704626	0	0	0.41	-1.7018782e-18
6.550005044360881e-09	-0.04837013	-0.005921628	0.967931	0	0	0.41	-2.0223832e-18
6.560036170975956e-09	0.015001788	-0.036531653	0.9669996	0	0	0.41	-1.787834e-18
6.570025619093554e-09	0.024238866	0.008528886	0.9650275	0	0	0.41	-1.82468e-18
6.580007784324962e-09	0.004235371	0.027239177	0.9657077	0	0	0.41	-5.900749e-19
6.590044121974031e-09	-0.024055298	0.014498767	0.96962315	0	0	0.41	-1.0467385e-18
6.600018885161956e-09	-0.02971759	0.005587317	0.9667395	0	0	0.41	-1.5947513e-18
6.610058984313375e-09	-0.003761475	-0.041927334	0.9690944	0	0	0.41	-1.6398825e-18
6.6200159480017906e-09	0.025922142	-0.007453297	0.96691483	0	0	0.41	-1.744061e-18
6.630039889867643e-09	0.011403603	0.007181419	0.96805274	0	0	0.41	-1.5132108e-18
6.640040494474119e-09	-0.021412885	0.022003887	0.96436465	0	0	0.41	-1.5963111e-18
6.6500195316443465e-09	-0.010385863	-0.009111801	0.96445966	0	0	0.41	-1.0594222e-18
6.6600197173536796e-09	0.021095103	-0.025021194	0.9662295	0	0	0.41	-1.4973933e-18
6.6700292334618196e-09	0.021836566	0.039180506	0.9636762	0	0	0.41	-2.1208508e-18
6.680033209480995e-09	-0.03256696	0.033417217	0.96214634	0	0	0.41	-2.2002206e-18
6.690032881146212e-09	-0.031466912	-0.028753383	0.96284145	0	0	0.41	-2.1011556e-18
6.700011943676838e-09	0.04048426	-0.027211664	0.96435183	0	0	0.41	-1.9310126e-18
6.71003483252714e-09	0.027974753	0.031544458	0.96410674	0	0	0.41	-2.191878e-19
6.720010904825322e-09	-0.012923885	0.02652617	0.96437323	0	0	0.41	-1.1088146e-18
6.730016496479046e-09	-0.016779691	-0.008051036	0.9633467	0	0	0.41	-9.257711e-19
6.740010407242309e-09	0.009682249	-0.0068161474	0.9669507	0	0	0.41	-1.8298904e-18
6.7500141442506774e-09	0.010536469	0.008130907	0.96424013	0	0	0.41	-1.5343963e-18
6.7600550236791195e-09	-0.014465331	0.0018283364	0.966848	0	0	0.41	-1.5438494e-18
6.770059376508225e-09	-0.0067777187	-0.02085469	0.9664681	0	0	0.41	-1.0043024e-18
6.780061413076893e-09	0.024199763	-0.0071534286	0.9694953	0	0	0.41	-1.2370366e-18
6.790023352301282e-09	0.030566536	0.018560808	0.9681276	0	0	0.41	-1.1776734e-18
6.8000464431152455e-09	-0.021861082	0.037960038	0.9665432	0	0	0.41	-1.8787747e-18
6.8100143316732195e-09	-0.036126725	-0.018990114	0.96726495	0	0	0.41	-2.0313478e-18
6.820013846226488e-09	-0.00442437	-0.03566861	0.9669361	0	0	0.41	-2.2913387e-18
6.830056786786446e-09	0.03457292	-0.018640382	0.9692697	0	0	0.41	-1.927785e-18
6.840030466001955e-09	0.022859015	0.015991805	0.9654848	0	0	0.41	-1.8531838e-18
6.850021976618807e-09	-0.03961346	0.015456003	0.96552014	0	0	0.41	-1.8845821e-18
6.860043432174286e-09	-0.017910928	-0.03787641	0.96604264	0	0	0.41	-2.3290277e-18
6.870032423935653e-09	0.045311898	-0.023937179	0.9643797	0	0	0.41	-1.8128575e-18
6.880064599325838e-09	0.03131874	0.03990053	0.9649453	0	0	0.41	-1.2715565e-18
6.8900018711271554e-09	-0.029348325	0.021465011	0.9632251	0	0	0.41	-1.1557906e-18
6.900036236256501e-09	-0.01361039	-0.017774606	0.96398896	0	0	0.41	-1.879296e-18
6.910050996268536e-09	0.0017384613	-0.0066681313	0.966735	0	0	0.41	-1.5924475e-18
6.920021354449244e-09	0.013574456	-0.0088359155	0.96555424	0	0	0.41	-9.212866e-19
6.9300374645283184e-09	0.0013818	0.007398967	0.96701074	0	0	0.41	-2.3673504e-18
6.940056745631741e-09	0.0013305066	-0.003824564	0.966707	0	0	0.41	-1.0951467e-18
6.950028983028359e-09	0.00055833167	-0.013892143	0.96500343	0	0	0.41	-1.2667708e-18
6.960026679729725e-09	0.0036701637	-0.003846663	0.96643066	0	0	0.41	-1.1273607e-18
6.97003006397274e-09	-0.02328906	0.0077843852	0.9665786	0	0	0.41	-1.7838315e-18
6.980062549153481e-09	-0.010139387	-0.025228806	0.9684131	0	0	0.41	-1.4568424e-18
6.990041886972091e-09	0.022972563	-0.0041611264	0.96589106	0	0	0.41	-2.0716672e-18
7.0000230570814805e-09	0.011218503	0.017356155	0.9662715	0	0	0.41	-2.1535302e-18
7.010016453368479e-09	-0.011229331	0.015061364	0.96447414	0	0	0.41	-1.5028476e-18
7.0200101971441615e-09	-0.01178207	-0.021744888	0.9618198	0	0	0.41	-8.340931e-19
7.030044985226716e-09	0.020125238	-0.026613165	0.9640857	0	0	0.41	-1.6068856e-18
7.0400222834072286e-09	0.021365805	0.020771816	0.96619534	0	0	0.41	-1.8396373e-18
7.050053161778059e-09	-0.03181355	0.026487451	0.962351	0	0	0.41	-6.6053805e-19
7.0600447528075745e-09	-0.043213464	-0.033845153	0.96285236	0	0	0.41	-1.4119155e-18
7.070061857204101e-09	0.040178318	-0.030730385	0.96234506	0	0	0.41	-2.069505e-18
7.080027433990081e-09	0.030981801	0.047839545	0.9637141	0	0	0.41	-1.4525495e-18
7.090044275185075e-09	-0.0467948	0.030291313	0.9627322	0	0	0.41	-8.505869e-19
7.1000553027514196e-09	-0.03756015	-0.029731637	0.9621348	0	0	0.41	-1.1354848e-18
7.110005659050108e-09	0.011160524	-0.031020723	0.9635629	0	0	0.41	-6.9311573e-19
7.120001696765625e-09	0.020083347	0.004456243	0.9645433	0	0	0.41	-4.821471e-19
7.13005097109098e-09	0.0052523967	0.020438112	0.9633693	0	0	0.41	-1.3655171e-18
7.140054002327353e-09	-0.011794652	0.015640832	0.9628003	0	0	0.41	-1.69575e-18
7.150006268702655e-09	-0.027299285	-0.0044540167	0.96252096	0	0	0.41	-1.644729e-18
7.160019861750495e-09	0.0010316231	-0.0279758	0.9651826	0	0	0.41	-1.4292312e-18
7.170044853929461e-09	0.031576313	0.0067620315	0.965206	0	0	0.41	-2.3207309e-18
7.180014238247752e-09	-0.016291093	0.015114928	0.96629447	0	0	0.41	-1.5709145e-18
7.190059517797387e-09	-0.002991233	-0.018708076	0.966237	0	0	0.41	-1.0136275e-18
7.200052199258343e-09	0.038031466	-0.0036972368	0.9618087	0	0	0.41	-1.7088967e-18
7.210061714056328e-09	-0.0009494509	0.02017076	0.96301466	0	0	0.41	-1.4553399e-18
7.220013478702336e-09	-0.008049929	0.0104271285	0.9652704	0	0	0.41	-1.2310522e-18
7.230048474156953e-09	-0.024610948	0.0019245018	0.9651738	0	0	0.41	-1.3641625e-18
7.240039263436392e-09	0.0028740014	-0.03388578	0.9654546	0	0	0.41	-1.8501857e-18
7.250021233964726e-09	0.043641936	-0.0055369996	0.9655309	0	0	0.41	-1.438128e-18
7.260027325991153e-09	0.013064923	0.038789853	0.96367794	0	0	0.41	-7.6972496e-19
7.270011829691246e-09	-0.031772148	0.022373209	0.9671538	0	0	0.41	-2.339677e-18
7.280014203408586e-09	-0.03638867	-0.04231341	0.96549493	0	0	0.41	-1.7474319e-18
7.290062952298142e-09	0.024932211	-0.04537145	0.9642745	0	0	0.41	-3.365061e-19
7.300002754416215e-09	0.0491733	0.013076944	0.965127	0	0	0.41	-1.5675288e-18
7.310044951360407e-09	0.014655617	0.053704172	0.96580756	0	0	0.41	-1.2986875e-18
7.32001141418932e-09	-0.05236599	0.012420519	0.9630217	0	0	0.41	-9.217362e-19
7.3300112857806805e-09	-0.0133551685	-0.04996798	0.9653908	0	0	0.41	-2.627864e-18
7.340054550466032e-09	0.039974093	-0.022138046	0.9639416	0	0	0.41	-1.6472368e-18
7.350042864175536e-09	0.020352231	0.046066895	0.96297044	0	0	0.41	-9.980487e-19
7.360010305191925e-09	-0.04703516	0.01750893	0.9624536	0	0	0.41	-1.3538022e-18
7.370007326353521e-09	-0.03371628	-0.038959995	0.9632689	0	0	0.41	-1.8235536e-18
7.3800360048877e-09	0.02837621	-0.03799461	0.9657169	0	0	0.41	-1.3525754e-18
7.390047278193555e-09	0.02382824	0.023243388	0.96609235	0	0	0.41	-1.2663887e-18
7.400029579138667e-09	-0.012080655	0.010959877	0.96704096	0	0	0.41	-9.06682e-19
7.4100103326054255e-09	0.0006863965	0.00093157537	0.96616924	0	0	0.41	-1.4363315e-18
7.420025630719632e-09	0.008412699	-0.0069091306	0.96405375	0	0	0.41	-1.3720318e-18
7.4300309263270456e-09	0.014383107	0.002200634	0.9625916	0	0	0.41	-1.9157786e-18
7.440051293797575e-09	0.0090061445	0.016871305	0.9610764	0	0	0.41	-2.0640667e-18
7.4500263714864365e-09	-0.026034404	-0.005882324	0.9639291	0	0	0.41	-1.6387218e-18
7.460055793010401e-09	0.0125038475	-0.022450823	0.9650135	0	0	0.41	-1.4201041e-18
7.470011574563518e-09	0.02567553	0.0043424442	0.96528244	0	0	0.41	-2.386801e-18
7.480063720942397e-09	0.012760499	0.021992486	0.9665079	0	0	0.41	-1.867814e-18
7.490022363328696e-09	-0.028101169	0.01055783	0.96751136	0	0	0.41	-1.2205338e-18
7.50004856220744e-09	-0.026575089	-0.024176672	0.96455884	0	0	0.41	-1.7267786e-18
7.51000127056394e-09	0.018210858	-0.04738683	0.965056	0	0	0.41	-2.3274054e-18
7.520025904174444e-09	0.05460916	0.006083922	0.9630118	0	0	0.41	-1.3489504e-18
7.53001832377944e-09	-0.0008142091	0.043099813	0.961872	0	0	0.41	-1.6290482e-18
7.540013676093222e-09	-0.041130394	0.011066971	0.9647551	0	0	0.41	-1.392674e-18
7.550063373331603e-09	-0.014424751	-0.04276438	0.96634716	0	0	0.41	-1.6651925e-18
7.560013085475991e-09	0.047471616	0.0025119653	0.9669176	0	0	0.41	-7.3956176e-19
7.57005414977551e-09	0.003848282	0.038138073	0.9665798	0	0	0.41	-2.0398572e-18
7.580049766727009e-09	-0.022261737	0.008414423	0.9653234	0	0	0.41	-1.4679674e-18
7.590013869001574e-09	-0.0087314	-0.006296216	0.9664454	0	0	0.41	-1.5386709e-18
7.60001362329815e-09	0.0059186895	-0.008256083	0.96265465	0	0	0.41	-1.6878446e-18
7.610052150062805e-09	0.013099769	0.012801351	0.96381706	0	0	0.41	-1.0553725e-18
7.620033904645832e-09	0.005707648	0.011440854	0.9646372	0	0	0.41	-1.2793025e-18
7.630054888143971e-09	-0.0043537067	-0.001230339	0.96641505	0	0	0.41	-1.8596788e-18
7.640042614961693e-09	-0.009875314	-0.0034351724	0.9672718	0	0	0.41	-1.4501376e-18
7.650045873291382e-09	-0.007050338	-0.0069031403	0.9638768	0	0	0.41	-8.547136e-19
7.660048344434628e-09	0.018609112	-0.006426251	0.96209484	0	0	0.41	-2.267399e-18
7.67006073947154e-09	0.024256593	0.011642064	0.96296656	0	0	0.41	-8.348114e-19
7.680018644863445e-09	-0.01998518	0.02608591	0.9631391	0	0	0.41	-5.7202176e-19
7.690054377271901e-09	-0.03659399	-0.01970488	0.96081966	0	0	0.41	-8.3593255e-19
7.70002029636811e-09	0.015356193	-0.026566716	0.96042854	0	0	0.41	-7.611276e-19
7.710023547646053e-09	0.01078912	0.008403055	0.9609464	0	0	0.41	-1.9521156e-18
7.720063190374161e-09	-0.017634762	0.011409252	0.9608819	0	0	0.41	-1.0036812e-18
7.730016260841201e-09	-0.010078348	-0.024286754	0.9616739	0	0	0.41	-1.3257055e-18
7.740052665509348e-09	0.0053014955	0.0025256537	0.9621948	0	0	0.41	-1.8538158e-19
7.750026220124161e-09	0.0063496605	7.741322e-05	0.9595916	0	0	0.41	-1.4342907e-18
7.760062063742592e-09	-8.277823e-05	-0.001958981	0.96232855	0	0	0.41	-1.3233243e-18
7.770037057292471e-09	-0.0014858387	-0.00097077497	0.96301496	0	0	0.41	-1.0014065e-18
7.780008107560059e-09	0.007158724	-0.0069296607	0.96492285	0	0	0.41	-9.896242e-19
7.790014649111806e-09	0.015181585	0.0068418756	0.9631534	0	0	0.41	-1.3376304e-18
7.800000326800087e-09	-0.010323118	0.009936975	0.96507955	0	0	0.41	-1.5476673e-18
7.810039503232022e-09	-0.008529309	0.008670453	0.96675235	0	0	0.41	-6.4062254e-19
7.820030683801335e-09	0.0048988676	-0.015923213	0.96624357	0	0	0.41	-1.6693368e-18
7.830024319930608e-09	0.016626853	0.00420932	0.961465	0	0	0.41	-1.2722936e-18
7.840015335178727e-09	0.010080114	0.011349137	0.9611931	0	0	0.41	-2.1998128e-18
7.850037282846439e-09	-0.022066386	0.012567403	0.96160376	0	0	0.41	-1.4926942e-18
7.86002382001553e-09	-0.02011265	-0.02134856	0.96192497	0	0	0.41	-1.0389929e-18
7.870028630020382e-09	0.012280899	-0.02077883	0.9633607	0	0	0.41	-2.0006023e-18
7.880030817169295e-09	0.016549814	-0.0022270973	0.96755606	0	0	0.41	-1.5902596e-18
7.890035771131299e-09	-0.0018940215	0.0115639055	0.9679834	0	0	0.41	-2.0947966e-18
7.900013864271766e-09	0.008631943	-0.013257703	0.96747154	0	0	0.41	-9.671712e-19
7.910022190220981e-09	0.018333023	-0.008158099	0.96601367	0	0	0.41	-1.6815245e-18
7.9200036404737e-09	0.0035186647	0.013796806	0.9673193	0	0	0.41	-2.385863e-18
7.930020572079948e-09	-0.0012886232	0.02398941	0.9672696	0	0	0.41	-1.3457555e-18
7.940011048945429e-09	-0.019672686	0.0011804127	0.9660376	0	0	0.41	-1.443228e-18
7.950061235835798e-09	-0.014165101	-0.021651385	0.9639858	0	0	0.41	-1.1003746e-18
7.960045895957745e-09	0.01755537	-0.016112117	0.9660049	0	0	0.41	-1.8148533e-18
7.970053925528213e-09	0.014250068	0.0065620793	0.9667842	0	0	0.41	-1.4254468e-18
7.980062414893214e-09	-0.0072276164	-0.0012538932	0.96296865	0	0	0.41	-8.205078e-19
7.990039192546247e-09	0.0053801714	-0.022673046	0.9640589	0	0	0.41	-1.2731537e-18
8.00004508260867e-09	0.023616428	0.006515834	0.9640049	0	0	0.41	-1.5437047e-18
8.010063032645279e-09	0.013936388	0.022062466	0.96400994	0	0	0.41	-1.2845843e-18
8.020028814322094e-09	-0.015265332	0.0069167004	0.9620237	0	0	0.41	-2.2777254e-18
8.030031905189615e-09	-0.018476214	-0.022028452	0.96412104	0	0	0.41	-2.2395706e-18
8.04000145043555e-09	0.0274203	-0.026437024	0.96313363	0	0	0.41	-1.4411138e-18
8.050008679880382e-09	0.0052116076	0.030061333	0.96742046	0	0	0.41	-2.563282e-18
8.060020290221675e-09	-0.024908822	-0.005805039	0.9679528	0	0	0.41	-1.265871e-18
8.070026278442036e-09	-0.0029752248	-0.04352921	0.9638972	0	0	0.41	-2.1621666e-18
8.080004713619345e-09	0.03341516	0.005514699	0.96510136	0	0	0.41	-1.2828279e-18
8.090033739426016e-09	0.0052622734	0.032857664	0.96736	0	0	0.41	-2.0022808e-18
8.100025893340127e-09	-0.013592257	0.022833392	0.9653499	0	0	0.41	-1.7524847e-18
8.110040005577036e-09	-0.023046361	-0.0011420738	0.96642554	0	0	0.41	-7.1514686e-19
8.120048005601134e-09	0.0020054432	-0.024855629	0.9640406	0	0	0.41	-1.3483132e-18
8.13003489540835e-09	0.02819842	0.0080762105	0.96222407	0	0	0.41	-4.4965424e-19
8.140022272101715e-09	0.008497825	0.023618395	0.9629974	0	0	0.41	-1.4914157e-18
8.150026165698324e-09	-0.03334881	0.016947048	0.9602774	0	0	0.41	-1.1962065e-18
8.160041847568272e-09	-0.008470907	-0.035670944	0.9621034	0	0	0.41	-2.3972097e-18
8.170003358971488e-09	0.044444773	-0.012033495	0.95840335	0	0	0.41	-1.005679e-18
8.180012238861288e-09	0.011997555	0.036312252	0.9592869	0	0	0.41	-1.7392053e-18
8.190052332060377e-09	-0.027873555	0.018541496	0.9605111	0	0	0.41	-1.3476534e-18
8.200057085882307e-09	-0.023951834	-0.017226838	0.9632149	0	0	0.41	-1.9403194e-18
8.210031735807284e-09	-0.0037688909	-0.048773855	0.9635382	0	0	0.41	-1.226737e-18
8.220061503189946e-09	0.037738595	-0.008272927	0.9642254	0	0	0.41	-1.2483044e-18
8.230035873318507e-09	0.019149125	0.018826257	0.96589607	0	0	0.41	-1.6536778e-18
8.240053489309266e-09	-0.011540866	0.008965038	0.96891075	0	0	0.41	-2.8601922e-18
8.250006136114588e-09	-0.017305547	-0.023383817	0.9692464	0	0	0.41	-2.0408028e-18
8.26002601832871e-09	-0.002490499	-0.015485	0.9698557	0	0	0.41	-1.9865878e-18
8.270043615775775e-09	0.0035601014	0.0031877195	0.966094	0	0	0.41	-1.1177231e-18
8.280007781278455e-09	0.0013584313	0.011059019	0.96159863	0	0	0.41	-1.4387776e-18
8.29002233503575e-09	-0.013016579	0.007883143	0.96284574	0	0	0.41	-2.0357726e-18
8.300046175567996e-09	-0.010834086	-0.01669038	0.9641684	0	0	0.41	-1.0129317e-18
8.310044716703428e-09	0.021717917	-0.015024308	0.96207404	0	0	0.41	-1.4762338e-18
8.320045232931484e-09	0.024539288	0.020091165	0.9648433	0	0	0.41	-1.2567023e-18
8.330023112627382e-09	-0.025060158	0.028990496	0.9637264	0	0	0.41	-1.0474892e-18
8.340030046972105e-09	-0.009859944	-0.023005383	0.9669477	0	0	0.41	-1.5067074e-18
8.350037221926152e-09	0.013581849	-0.0012045588	0.9657602	0	0	0.41	-1.3647592e-18
8.36004294957752e-09	-0.00013408755	-0.009774031	0.9657642	0	0	0.41	-1.7762337e-18
8.370038416347124e-09	0.0031141413	0.0008931859	0.9656249	0	0	0.41	-9.027726e-19
8.38000993957437e-09	0.003720402	0.0040162653	0.9645831	0	0	0.41	-1.0785656e-18
8.39004565202154e-09	-0.015106794	0.0010070367	0.9682993	0	0	0.41	-9.932487e-19
8.400015280128413e-09	0.0054762107	-0.00954818	0.962932	0	0	0.41	-6.8362905e-19
8.410059741890742e-09	0.016427103	0.017934809	0.9662046	0	0	0.41	-2.2073784e-18
8.42000556716925e-09	-0.0039714454	0.012676861	0.9651841	0	0	0.41	-1.7018248e-18
8.430059008043028e-09	-0.008723215	-0.014294467	0.9654236	0	0	0.41	-2.1307312e-18
8.440018823222501e-09	0.018758867	-0.009194252	0.9626589	0	0	0.41	-9.955726e-19
8.450004946477546e-09	0.0024292038	0.018574798	0.9639288	0	0	0.41	-8.927263e-19
8.460017736733946e-09	-0.024964653	-0.00025282236	0.9644813	0	0	0.41	-1.4289884e-18
8.470015571905538e-09	0.01518481	-0.01893083	0.96559393	0	0	0.41	-1.0516683e-18
8.48001042160999e-09	0.006242968	0.023662426	0.9650894	0	0	0.41	-1.5893744e-18
8.490022789724816e-09	-0.018483166	-0.017342323	0.96646065	0	0	0.41	-6.149329e-19
8.500061058165021e-09	0.031778455	-0.020152494	0.96724004	0	0	0.41	-1.8941967e-18
8.51002279604714e-09	0.012914364	0.030006228	0.9658932	0	0	0.41	-1.5341568e-18
8.520060194012612e-09	-0.023521416	0.023019213	0.9678285	0	0	0.41	-1.9747082e-18
8.53002846579131e-09	-0.025448114	-0.03557867	0.96812975	0	0	0.41	-2.1685942e-18
8.540028538629382e-09	0.019717649	-0.02453096	0.9659515	0	0	0.41	-6.515471e-19
8.550047172666838e-09	0.025654359	-0.0024712814	0.96955055	0	0	0.41	-1.0658973e-18
8.560028146087892e-09	0.00697689	0.022305284	0.96822464	0	0	0.41	-1.4014805e-18
8.570037756088664e-09	-0.023327097	-0.003480358	0.96596617	0	0	0.41	-2.3228057e-18
8.580009583020456e-09	-0.01049851	-0.018603979	0.9672383	0	0	0.41	-1.8502862e-18
8.590044463858787e-09	0.026858049	-0.0026159668	0.96724474	0	0	0.41	-2.0020246e-18
8.600028563913576e-09	0.006913297	0.016416624	0.9674905	0	0	0.41	-2.3377586e-18
8.610033762635001e-09	-0.008051579	0.011620633	0.96660703	0	0	0.41	-1.6521893e-18
8.620002783612172e-09	-0.008593417	-0.002038177	0.96643174	0	0	0.41	-8.904312e-19
8.630042241648779e-09	0.0025762818	-0.00016974052	0.9673969	0	0	0.41	-2.4685133e-18
8.640000497390619e-09	0.0014864197	0.017530227	0.96655697	0	0	0.41	-2.1849194e-18
8.650014075314167e-09	-0.004198848	0.01004517	0.96709603	0	0	0.41	-1.7261529e-18
8.660052881553154e-09	-0.006867667	-0.0029507524	0.96771735	0	0	0.41	-1.7884726e-18
8.670009492776105e-09	0.008612538	-0.019869877	0.96496946	0	0	0.41	-1.1979988e-18
8.680025183425202e-09	0.004455595	-0.0011157262	0.9661592	0	0	0.41	-1.1384498e-18
8.690020889440152e-09	0.0067559415	0.010024816	0.9656015	0	0	0.41	-1.1190338e-18
8.700034716046313e-09	-0.020660907	0.0017290586	0.96714115	0	0	0.41	-9.060404e-19
8.710055728297198e-09	-0.010758754	-0.020674076	0.9672952	0	0	0.41	-2.425492e-18
8.720056192913814e-09	0.023832044	-0.008476785	0.96574634	0	0	0.41	-1.8292495e-18
8.730027580785567e-09	0.018711545	0.02614098	0.96587396	0	0	0.41	-1.9114113e-18
8.740056556170822e-09	-0.026123287	0.034224108	0.9658666	0	0	0.41	-1.8160932e-18
8.750060352381824e-09	-0.033876278	-0.022441853	0.9662576	0	0	0.41	-2.3660881e-18
8.760018786757503e-09	0.019960765	-0.021639995	0.96711206	0	0	0.41	-1.3031548e-18
8.770058580673832e-09	0.028893203	0.03195451	0.96733236	0	0	0.41	-2.3264724e-18
8.780005604730965e-09	-0.028118335	0.028293122	0.96696794	0	0	0.41	-2.3861716e-18
8.790059724306661e-09	-0.043823786	-0.034558658	0.96736425	0	0	0.41	-2.4321238e-18
8.800061255249733e-09	0.024780067	-0.04876739	0.9672632	0	0	0.41	-5.751407e-19
8.810021458178318e-09	0.04954103	0.012187984	0.96647584	0	0	0.41	-7.085997e-19
8.820026356064453e-09	-0.0038339293	0.049101036	0.96464217	0	0	0.41	-1.1926826e-18
8.830049399259527e-09	-0.051442545	-0.019676147	0.9635798	0	0	0.41	-1.6219313e-18
8.840008066737575e-09	0.01680579	-0.0344784	0.96310073	0	0	0.41	-1.5121794e-18
8.850030555771652e-09	0.036726363	0.004780965	0.96684647	0	0	0.41	-1.7388739e-18
8.860000314701979e-09	0.011428702	0.03139429	0.96608174	0	0	0.41	-2.3616947e-18
8.870051431563618e-09	-0.022814859	0.011068163	0.9670818	0	0	0.41	-9.088313e-19
8.880061924887554e-09	-0.013952778	-0.029513998	0.96610415	0	0	0.41	-1.4811337e-18
8.890051859408744e-09	0.024291078	-0.02848625	0.96769524	0	0	0.41	-1.5338852e-18
8.900021679432744e-09	0.02964842	0.0021722529	0.96723497	0	0	0.41	-2.1586471e-18
8.91001302804302e-09	-0.0059924894	0.018470246	0.9687232	0	0	0.41	-2.0129266e-18
8.920005407048092e-09	-0.013118176	-0.014187778	0.971554	0	0	0.41	-1.1842002e-18
8.930018642854008e-09	0.012981023	-0.029267518	0.9695323	0	0	0.41	-1.4469271e-18
8.940034562213586e-09	0.013940955	0.0024167576	0.96883243	0	0	0.41	-1.1873708e-18
8.95000882425952e-09	0.008092183	0.034733634	0.9656286	0	0	0.41	-5.9191297e-19
8.960024035603693e-09	-0.031465456	0.010629574	0.96722126	0	0	0.41	-1.8891356e-18
8.970038326406589e-09	-0.01006432	-0.027563602	0.96652615	0	0	0.41	-1.1564674e-18
8.980051549350869e-09	0.032486882	-0.0052933977	0.9659265	0	0	0.41	-2.1210636e-18
8.99002262358048e-09	0.0014699545	0.031008748	0.96787673	0	0	0.41	-1.2651191e-18
9.0000219709165e-09	-0.040724102	-0.008502779	0.96648073	0	0	0.41	-2.2656254e-18
9.01003345265771e-09	0.014193402	-0.028931707	0.96438223	0	0	0.41	-1.4998749e-18
9.020062517639823e-09	0.0068197814	0.010265028	0.96622574	0	0	0.41	-2.1361455e-18
9.030041053270731e-09	-0.01371099	0.018934738	0.96565855	0	0	0.41	-9.302875e-19
9.04002375139274e-09	-0.0203371	-0.011958602	0.9636231	0	0	0.41	-1.0894335e-18
9.050060059238112e-09	0.022309134	-0.013088254	0.96260786	0	0	0.41	-6.218496e-19
9.06004208263292e-09	0.01582254	0.0121917995	0.9657294	0	0	0.41	-1.9633516e-18
9.070040453810073e-09	-0.018668907	0.0034180873	0.9655806	0	0	0.41	-2.3436653e-18
9.08002936388965e-09	-0.0033328333	-0.020902498	0.9632186	0	0	0.41	-6.1019454e-19
9.090044931729628e-09	0.020768778	-0.011209389	0.9632044	0	0	0.41	-1.7025613e-18
9.100044276617189e-09	0.017458428	0.0016793148	0.9653383	0	0	0.41	-1.3945428e-18
9.110014070106348e-09	0.0070408983	0.028650753	0.9650946	0	0	0.41	-2.5352418e-18
9.12003301270851e-09	-0.032477282	0.007172269	0.96417534	0	0	0.41	-1.3767908e-18
9.130029123251719e-09	-0.0066042393	-0.026763676	0.9618881	0	0	0.41	-1.4034984e-18
9.14003683595678e-09	0.029335482	0.009651656	0.962206	0	0	0.41	-1.2600764e-18
9.150026410386407e-09	-0.0051898207	0.024844356	0.9631289	0	0	0.41	-7.358086e-19
9.16004668859228e-09	-0.024405066	0.0052607893	0.96461403	0	0	0.41	-2.423054e-19
9.170004802023157e-09	-0.017199501	-0.01818229	0.9642388	0	0	0.41	-7.0499994e-19
9.18004893391608e-09	0.01636604	-0.0069394545	0.96690595	0	0	0.41	-2.0248416e-18
9.190034973904575e-09	0.012480374	0.030543761	0.96541816	0	0	0.41	-1.7723248e-18
9.200011527231431e-09	-0.029170224	0.0143023385	0.96632814	0	0	0.41	-7.159528e-19
9.210059747109223e-09	-0.0021903485	-0.037368894	0.963851	0	0	0.41	-1.8913334e-18
9.220013222258393e-09	0.040996928	-0.015608814	0.9655897	0	0	0.41	-1.2622852e-18
9.230062550023854e-09	0.014531904	0.048052255	0.9652071	0	0	0.41	-3.2068355e-18
9.24002739621107e-09	-0.04046337	0.01934998	0.9628859	0	0	0.41	-1.4370186e-18
9.250037404894135e-09	0.0036177323	-0.04987591	0.961844	0	0	0.41	-4.961578e-19
9.260013400902926e-09	0.034076013	-0.017363852	0.96413374	0	0	0.41	-1.1004239e-18
9.270042187960305e-09	0.0060305814	0.039981965	0.9657155	0	0	0.41	-8.67669e-19
9.2800134766898e-09	-0.058893148	0.018317098	0.9628143	0	0	0.41	-2.2317707e-18
9.290005364165152e-09	-0.042321313	-0.0512285	0.96318907	0	0	0.41	-1.2933034e-18
9.300061986913834e-09	0.050164297	-0.037039027	0.962835	0	0	0.41	-1.7247822e-18
9.310041476239955e-09	0.033707656	0.028351812	0.96450293	0	0	0.41	-1.6570494e-18
9.320021009217385e-09	-0.020703595	0.028639434	0.9626673	0	0	0.41	-2.1879947e-18
9.330060449482334e-09	-0.018487036	-0.01794486	0.9640514	0	0	0.41	-2.0472363e-19
9.340000056789823e-09	0.003263722	-0.020290827	0.9634747	0	0	0.41	-2.095223e-18
9.350010286024973e-09	0.024047643	0.0010474838	0.9636064	0	0	0.41	-5.3383693e-19
9.360043321082822e-09	0.0021146005	0.028105028	0.96396625	0	0	0.41	-2.2401174e-18
9.370048629363101e-09	-0.017428737	-0.005822361	0.96415144	0	0	0.41	-1.0109695e-18
9.380038248407178e-09	-0.00044658032	-0.0032020174	0.9672432	0	0	0.41	-2.1288759e-18
9.39002624789634e-09	-0.013098726	-0.0041741426	0.967728	0	0	0.41	-2.0962912e-18
9.40005130181715e-09	0.00045349388	-0.0070138364	0.96665734	0	0	0.41	-1.4655949e-18
9.410012282390276e-09	0.010071881	0.00046751357	0.96879405	0	0	0.41	-1.4685881e-18
9.420008651731069e-09	-0.005692058	0.02763646	0.96834517	0	0	0.41	-9.931017e-19
9.4300552031151e-09	-0.023764566	-0.022220748	0.96592706	0	0	0.41	-1.4744062e-18
9.440058832188955e-09	0.027110213	-0.0043143365	0.96855485	0	0	0.41	-5.1160046e-19
9.45002587577608e-09	0.010407507	0.027266389	0.96689427	0	0	0.41	-1.0700548e-18
9.46002190214775e-09	-0.018231295	-0.003725823	0.96692586	0	0	0.41	-1.7099621e-18
9.470001577023896e-09	0.0036318186	-0.004932999	0.96620774	0	0	0.41	-1.3679668e-18
9.480020044699452e-09	0.013512588	0.0054549724	0.968416	0	0	0.41	-1.6445737e-18
9.490052282098846e-09	-0.006518836	0.018170718	0.968003	0	0	0.41	-5.585175e-19
9.500064964411806e-09	-0.026763018	0.0013359791	0.9670209	0	0	0.41	-1.4608896e-18
9.510057466670817e-09	-0.0021838443	-0.027026035	0.9667391	0	0	0.41	-1.3072911e-18
9.520019896426876e-09	0.021848427	-0.0043329475	0.96884376	0	0	0.41	-1.1381481e-18
9.530042402497697e-09	0.006144348	0.02293504	0.9693387	0	0	0.41	-1.7024952e-18
9.540009485321099e-09	-0.027603807	0.013786326	0.96576303	0	0	0.41	-1.907782e-18
9.550057072955606e-09	-0.028223235	-0.032358292	0.96796376	0	0	0.41	-2.2686233e-18
9.560005663426718e-09	0.031635534	-0.02341668	0.9655258	0	0	0.41	-1.9040682e-18
9.570018437634246e-09	0.019536443	0.012031774	0.96671706	0	0	0.41	-2.1954962e-18
9.580034248486422e-09	0.009803462	0.029583313	0.9659602	0	0	0.41	-1.8069816e-18
9.590040245333097e-09	-0.035905205	0.019814491	0.9653257	0	0	0.41	-1.535552e-18
9.600056071355695e-09	-0.013501047	-0.03137684	0.96569055	0	0	0.41	-1.3082002e-18
9.61004271664868e-09	0.04095033	-0.017599707	0.9654756	0	0	0.41	-1.2658603e-18
9.620009004699012e-09	0.01621783	0.04534547	0.9638494	0	0	0.41	-2.3073502e-18
9.63000917445002e-09	-0.03432356	0.0155511275	0.9644687	0	0	0.41	-1.0411121e-18
9.64005659228178e-09	-0.014789703	-0.031841353	0.9654149	0	0	0.41	-1.5914751e-18
9.65004669752908e-09	0.0142587805	-0.013840341	0.9681846	0	0	0.41	-1.7253861e-18
9.660046551734996e-09	0.025097763	0.023646785	0.9687819	0	0	0.41	-1.7835691e-18
9.670007258983345e-09	-0.018055925	0.033890728	0.9674417	0	0	0.41	-1.1477112e-18
9.680056270516496e-09	-0.04946306	-0.02439723	0.96535414	0	0	0.41	-1.5320124e-18
9.6900480119575e-09	0.008091583	-0.0389681	0.9664374	0	0	0.41	-1.6489513e-18
9.70002207275066e-09	0.04534276	-0.022326289	0.9669359	0	0	0.41	-6.18218e-19
9.710060716694394e-09	0.0041563134	0.04194844	0.9671839	0	0	0.41	-1.8443479e-18
9.720045290767639e-09	-0.040960345	-0.0016951015	0.96752447	0	0	0.41	-1.4066058e-18
9.730029349180352e-09	0.00350527	-0.04359793	0.9657792	0	0	0.41	-2.4187973e-18
9.740061666887449e-09	0.02971352	-0.022343492	0.9654322	0	0	0.41	-1.1885147e-18
9.750001166015637e-09	0.021422235	0.034019522	0.9650435	0	0	0.41	-1.7656394e-18
9.760005570165736e-09	-0.01671999	0.041904364	0.96463627	0	0	0.41	-1.0433826e-18
9.770006838764767e-09	-0.04681826	-0.013873225	0.9642405	0	0	0.41	-2.1615336e-18
9.780010833915226e-09	0.024112718	-0.042772755	0.9628804	0	0	0.41	-7.407918e-19
9.79004934616297e-09	0.034244876	0.027214164	0.9650381	0	0	0.41	-2.2383729e-18
9.800030411233012e-09	-0.010200132	0.05827044	0.9655404	0	0	0.41	-1.4140571e-18
9.810057062210636e-09	-0.06658579	-0.017507358	0.9643352	0	0	0.41	-1.6609943e-18
9.820024037640125e-09	0.0035943387	-0.06778733	0.9640102	0	0	0.41	-1.8104845e-18
9.830007742503245e-09	0.07981447	0.0057146195	0.9591162	0	0	0.41	-1.8270598e-18
9.840026510136267e-09	0.00019197453	0.09259721	0.96090186	0	0	0.41	-5.76583e-19
9.850021740192842e-09	-0.08507033	0.013644012	0.9619676	0	0	0.41	-1.4263175e-18
9.860021154990403e-09	-0.021973222	-0.06842397	0.96243584	0	0	0.41	-1.6135085e-18
9.870015445840002e-09	0.073479444	-0.03221724	0.9614119	0	0	0.41	-1.1919555e-18
9.88003771949498e-09	0.04147147	0.06167786	0.96181065	0	0	0.41	-1.7442433e-18
9.890039060061557e-09	-0.062395312	0.029172804	0.9630936	0	0	0.41	-1.6182937e-18
9.900042332400947e-09	-0.028745722	-0.06281507	0.9626743	0	0	0.41	-1.3974936e-18
9.910006091644172e-09	0.064763054	-0.025791012	0.9632084	0	0	0.41	-1.7603047e-18
9.920004287684719e-09	0.021229975	0.050757997	0.965257	0	0	0.41	-1.666581e-18
9.930029202440462e-09	-0.05191987	0.039412513	0.96358335	0	0	0.41	-1.2617368e-18
9.940049584203885e-09	-0.035702743	-0.048985638	0.9648283	0	0	0.41	-9.573166e-19
9.950020978633076e-09	0.037807215	-0.038605392	0.96238476	0	0	0.41	-2.0018168e-18
9.960061160243856e-09	0.03896192	0.021245703	0.96099186	0	0	0.41	-2.108191e-18
9.970002364929455e-09	-0.01333127	0.02704322	0.9635504	0	0	0.41	-1.7328382e-18
9.980053732746105e-09	-0.021795917	-0.006134291	0.96630025	0	0	0.41	-1.5329642e-18
9.990037657145097e-09	-0.0014922466	-0.035213415	0.9633729	0	0	0.41	-1.6517641e-18
1e-08	0.052173853	0.00037201872	0.9659813	0	0	0.41	-6.597882e-19
