# t (s)	mx ()	my ()	mz ()	B_extx (T)	B_exty (T)	B_extz (T)	E_total (J)
0	0	0	-1	0	0	0.39	1.17474e-18
1.0036774253700702e-11	-0.004375119	0.014563745	-0.9744078	0	0	0.39	3.151417e-18
2.0008359526282094e-11	-0.013363487	0.009918495	-0.9693304	0	0	0.39	4.4442665e-18
3.0045665728380306e-11	-0.005592755	0.006444533	-0.9657216	0	0	0.39	5.285899e-18
4.0064443729071474e-11	-0.008685736	0.010639133	-0.9601947	0	0	0.39	4.8637604e-18
5.002658160165211e-11	-0.025775451	0.00067609607	-0.9594961	0	0	0.39	4.235382e-18
6.000654205146563e-11	-0.01960429	-0.00035148652	-0.96004224	0	0	0.39	3.7314452e-18
7.001769699048815e-11	0.0011384863	0.00826373	-0.95713377	0	0	0.39	4.915314e-18
8.002211815179526e-11	0.009763334	0.013812683	-0.95951086	0	0	0.39	4.2905035e-18
9.003805577557412e-11	0.021407621	0.023278467	-0.9576107	0	0	0.39	4.329649e-18
1.0001371890528891e-10	0.0115001425	0.017737443	-0.9574498	0	0	0.39	3.9752327e-18
1.1006158281983491e-10	0.025340766	0.0029576917	-0.95869243	0	0	0.39	3.7584055e-18
1.2001710037585246e-10	0.006820075	0.0024180426	-0.9558843	0	0	0.39	4.0392855e-18
1.3003655518683976e-10	0.01685173	0.009695865	-0.9567646	0	0	0.39	3.340407e-18
1.4003783730004307e-10	0.03304858	0.009196767	-0.95856553	0	0	0.39	4.2619377e-18
1.5005348584861108e-10	0.017499534	-0.0060354467	-0.95565087	0	0	0.39	4.7753885e-18
1.600403469948567e-10	0.024209838	-0.00024939084	-0.95225847	0	0	0.39	4.0489846e-18
1.7000518576864897e-10	0.033378962	-0.007341545	-0.95070463	0	0	0.39	5.0460664e-18
1.8002157865985276e-10	0.029302785	-0.008865985	-0.95811635	0	0	0.39	4.8049023e-18
1.9004244623822866e-10	0.023438077	-0.0053197844	-0.96000445	0	0	0.39	3.6305284e-18
2.0005040051020456e-10	0.029128326	-0.024988426	-0.95392424	0	0	0.39	4.862498e-18
2.100170486189774e-10	0.023994893	-0.028724026	-0.9552812	0	0	0.39	4.759632e-18
2.200151834111016e-10	0.026742527	-0.02241589	-0.95488584	0	0	0.39	4.6376055e-18
2.300178458288294e-10	0.026047083	-0.0018282013	-0.9583585	0	0	0.39	4.4222746e-18
2.400566248299383e-10	0.03290018	0.0005082162	-0.9598198	0	0	0.39	4.4179568e-18
2.5002951359589526e-10	0.040572185	-0.009142177	-0.957905	0	0	0.39	3.776562e-18
2.6003543262421015e-10	0.05067836	-0.006557382	-0.95328015	0	0	0.39	4.983477e-18
2.7005619609703645e-10	0.03760535	-0.009901745	-0.95628524	0	0	0.39	4.1264554e-18
2.8000913624832905e-10	0.033799507	-0.023657892	-0.9560091	0	0	0.39	5.3827976e-18
2.9004387955406763e-10	0.019655768	-0.029201375	-0.9549309	0	0	0.39	5.6674077e-18
3.000027626060189e-10	0.022552485	-0.010757144	-0.9517206	0	0	0.39	4.608121e-18
3.1000244414827384e-10	0.028263055	-0.012151654	-0.95081466	0	0	0.39	4.4735243e-18
3.200147306758728e-10	0.0109601235	-0.017206507	-0.9543843	0	0	0.39	3.6617937e-18
3.300514713427398e-10	0.016697504	-0.0027951985	-0.9553179	0	0	0.39	4.8345832e-18
3.4002134327164274e-10	0.03472174	-0.020669732	-0.95947516	0	0	0.39	4.001334e-18
3.5002095170582333e-10	0.011326808	-0.025489401	-0.956978	0	0	0.39	4.5406248e-18
3.600113548794208e-10	0.0055048983	-0.00971323	-0.9598634	0	0	0.39	4.7053536e-18
3.700246197938078e-10	0.010613791	-0.010374539	-0.9604428	0	0	0.39	5.0234956e-18
3.800633374133436e-10	0.009486246	-0.0024488254	-0.9622848	0	0	0.39	4.0535117e-18
3.900594058039694e-10	0.016953163	0.002681765	-0.95800686	0	0	0.39	5.293414e-18
4.0001564353789227e-10	0.01045605	0.006223645	-0.9572799	0	0	0.39	4.862215e-18
4.100098738389573e-10	0.019429723	-0.013529678	-0.9584636	0	0	0.39	4.6632113e-18
4.2006300045561534e-10	0.015371534	0.009059277	-0.9577464	0	0	0.39	4.3803262e-18
4.300158012491443e-10	0.037343994	0.017116629	-0.95435137	0	0	0.39	4.549411e-18
4.40012658519719e-10	0.024291672	0.0165538	-0.956031	0	0	0.39	4.5031688e-18
4.5005981885358544e-10	0.02945399	0.04349619	-0.9551584	0	0	0.39	4.585782e-18
4.600400907465046e-10	0.029282779	0.033897217	-0.9570314	0	0	0.39	4.6141148e-18
4.700633707358034e-10	0.038768277	0.023951404	-0.9556335	0	0	0.39	5.8496004e-18
4.80051856444477e-10	0.04562751	0.016643478	-0.95688736	0	0	0.39	4.187839e-18
4.900586472218738e-10	0.043585632	0.0024603247	-0.95691234	0	0	0.39	4.9592518e-18
5.000255698117021e-10	0.021412348	0.017081868	-0.9556124	0	0	0.39	4.605267e-18
5.100355599211288e-10	0.018319959	0.023666475	-0.9569838	0	0	0.39	3.692327e-18
5.200068880204108e-10	0.016771864	0.03198083	-0.95777684	0	0	0.39	4.4581987e-18
5.300274118064245e-10	0.004363551	0.03128964	-0.955733	0	0	0.39	4.0157054e-18
5.400039475287902e-10	0.012486789	0.057292752	-0.9581042	0	0	0.39	3.739179e-18
5.500309971204252e-10	0.013706036	0.050405286	-0.9568263	0	0	0.39	3.313816e-18
5.600020802383762e-10	0.019270305	0.041221336	-0.9576855	0	0	0.39	4.568165e-18
5.700265945684888e-10	0.0071892245	0.045055933	-0.9563052	0	0	0.39	4.528547e-18
5.800552532284346e-10	0.0006218614	0.02615465	-0.9572441	0	0	0.39	4.511548e-18
5.90027688498204e-10	-0.0018107903	0.017235951	-0.95636225	0	0	0.39	4.711124e-18
6.00010617529639e-10	-0.028688464	0.0247139	-0.95554996	0	0	0.39	5.608376e-18
6.100409588285504e-10	-0.0038403338	0.03933717	-0.95443004	0	0	0.39	4.370925e-18
6.200550194266767e-10	-0.0062181326	0.04932753	-0.9525582	0	0	0.39	4.8850983e-18
6.300014021238801e-10	-0.0050600152	0.06064557	-0.9481915	0	0	0.39	5.3037994e-18
6.400549593595738e-10	0.01002035	0.06709127	-0.9497557	0	0	0.39	4.31477e-18
6.500627966311292e-10	0.015926145	0.074785195	-0.9452106	0	0	0.39	4.6969205e-18
6.600407382317334e-10	0.015806781	0.050497327	-0.9452152	0	0	0.39	4.6404233e-18
6.700517492812948e-10	-0.004383933	0.040254604	-0.94336647	0	0	0.39	4.4485993e-18
6.800271753975234e-10	-0.021063289	0.030339409	-0.9410815	0	0	0.39	5.9220528e-18
6.900576319308114e-10	-0.032400515	0.03663266	-0.9440503	0	0	0.39	4.71593e-18
7.000488137774864e-10	-0.040440656	0.04816289	-0.94531196	0	0	0.39	3.8276687e-18
7.100187349542016e-10	-0.023113972	0.059207603	-0.9482143	0	0	0.39	4.306087e-18
7.2004265186837e-10	-0.0048960815	0.07660284	-0.94747317	0	0	0.39	4.7892703e-18
7.300565117144992e-10	0.009922647	0.07785676	-0.9520399	0	0	0.39	4.4876447e-18
7.400109632828454e-10	0.0147860395	0.06604481	-0.94716054	0	0	0.39	4.69031e-18
7.500015474388863e-10	0.00786287	0.06355977	-0.945109	0	0	0.39	4.7004687e-18
7.600446956621093e-10	0.002127389	0.06703512	-0.94338435	0	0	0.39	4.3925466e-18
7.700357046411043e-10	0.007868071	0.07985353	-0.9408415	0	0	0.39	5.0360145e-18
7.800107897390516e-10	0.0007158242	0.07796764	-0.94422305	0	0	0.39	5.126416e-18
7.900639473286759e-10	0.0077826306	0.104958035	-0.94308907	0	0	0.39	4.39207e-18
8.000593094586589e-10	0.0140529405	0.11768816	-0.9431868	0	0	0.39	4.8458015e-18
8.100577762218333e-10	0.031972487	0.10773291	-0.9455219	0	0	0.39	4.916763e-18
8.200349600412298e-10	0.026229003	0.10091674	-0.94048303	0	0	0.39	5.5814736e-18
8.300213394644834e-10	0.04328719	0.08945583	-0.9416357	0	0	0.39	6.180029e-18
8.4005449488467e-10	0.06376997	0.077252865	-0.9381168	0	0	0.39	5.0435055e-18
8.500255745241924e-10	0.061785355	0.060862247	-0.9384141	0	0	0.39	4.3794465e-18
8.600280869930413e-10	0.05991721	0.06275116	-0.93988585	0	0	0.39	3.6842682e-18
8.70007462727478e-10	0.06224717	0.08688329	-0.93780655	0	0	0.39	4.610973e-18
8.800292138760816e-10	0.07234348	0.090650946	-0.9325835	0	0	0.39	4.497509e-18
8.900410391695415e-10	0.06416654	0.08178339	-0.92809486	0	0	0.39	4.3763876e-18
9.000370570074411e-10	0.08175968	0.08926211	-0.92979544	0	0	0.39	4.0728686e-18
9.100420400276048e-10	0.0972002	0.07708711	-0.93684024	0	0	0.39	4.564596e-18
9.200096116166346e-10	0.10790411	0.0657641	-0.9348735	0	0	0.39	5.0244518e-18
9.300449136647166e-10	0.108181655	0.048718043	-0.94063306	0	0	0.39	3.990319e-18
9.40056147363319e-10	0.099243894	0.038385764	-0.9413743	0	0	0.39	5.4561747e-18
9.500282729534236e-10	0.090741366	0.03851076	-0.942395	0	0	0.39	5.925403e-18
9.600597884091904e-10	0.08667661	0.040051993	-0.94604945	0	0	0.39	4.0403525e-18
9.700304480438599e-10	0.084024645	0.04146372	-0.9505708	0	0	0.39	5.017402e-18
9.800593456344795e-10	0.09851768	0.041592952	-0.9478352	0	0	0.39	5.572553e-18
9.900108983001695e-10	0.101796396	0.055776194	-0.95233375	0	0	0.39	5.275698e-18
1.000053657790625e-09	0.09888258	0.046915546	-0.9526451	0	0	0.39	4.2578754e-18
1.0100357166860995e-09	0.109923586	0.051318265	-0.9492305	0	0	0.39	5.9758534e-18
1.0200177566438428e-09	0.102888696	0.054796144	-0.94879043	0	0	0.39	4.324086e-18
1.0300226572485572e-09	0.11101479	0.055463605	-0.9447413	0	0	0.39	3.06746e-18
1.0400231030183914e-09	0.09629059	0.054088686	-0.94443077	0	0	0.39	5.3267367e-18
1.0500292987106898e-09	0.110067055	0.051246986	-0.9437636	0	0	0.39	4.1976575e-18
1.0600548062678469e-09	0.10673582	0.038813002	-0.9472748	0	0	0.39	4.3118274e-18
1.07004693055798e-09	0.09531157	0.03325844	-0.9462333	0	0	0.39	4.227795e-18
1.0800187617040727e-09	0.08842908	0.039393384	-0.94968826	0	0	0.39	4.2736547e-18
1.0900313495434764e-09	0.09042477	0.033811864	-0.9531271	0	0	0.39	4.271642e-18
1.100010144440491e-09	0.08412621	0.020377558	-0.9550479	0	0	0.39	4.4398365e-18
1.1100293006487926e-09	0.08589258	0.014171798	-0.9506934	0	0	0.39	4.5250634e-18
1.1200085744299893e-09	0.09748106	0.017954428	-0.9475803	0	0	0.39	5.371757e-18
1.1300469175799073e-09	0.08072367	0.019599734	-0.94589573	0	0	0.39	4.1330456e-18
1.1400499881981715e-09	0.07488721	0.023717765	-0.95223624	0	0	0.39	4.2151424e-18
1.1500089772475218e-09	0.074544005	0.01916626	-0.9528264	0	0	0.39	4.730146e-18
1.1600139018464849e-09	0.06611902	-0.0026361896	-0.9527905	0	0	0.39	5.0571465e-18
1.1700160694171922e-09	0.043255787	-0.024463268	-0.95054764	0	0	0.39	4.446161e-18
1.1800370847451654e-09	0.037156567	-0.039814916	-0.9502759	0	0	0.39	4.23284e-18
1.190040613832484e-09	0.019495431	-0.0462542	-0.9471136	0	0	0.39	4.0233043e-18
1.200037388740569e-09	0.020445017	-0.033815216	-0.95145756	0	0	0.39	4.4923075e-18
1.210032423888684e-09	0.024320304	-0.03831916	-0.9506534	0	0	0.39	4.6056114e-18
1.2200209138211418e-09	0.02181097	-0.025769541	-0.94498175	0	0	0.39	3.999664e-18
1.230039879847986e-09	0.019803865	-0.038909826	-0.94223374	0	0	0.39	4.799184e-18
1.2400648220382683e-09	-0.009911866	-0.04400654	-0.9435184	0	0	0.39	4.367389e-18
1.250061832223611e-09	-0.0031243076	-0.040859688	-0.94389534	0	0	0.39	3.719743e-18
1.2600130087092136e-09	-0.008038337	-0.0133149475	-0.9462304	0	0	0.39	4.6219507e-18
1.2700099252258702e-09	-0.014301286	-0.0030604666	-0.9427337	0	0	0.39	5.346402e-18
1.2800616353572719e-09	-0.0011955787	-0.012350336	-0.9434999	0	0	0.39	4.3452807e-18
1.2900081747720367e-09	-0.011004753	-0.008695664	-0.9414082	0	0	0.39	4.4391367e-18
1.3000483269547464e-09	-0.0019644375	-0.018937744	-0.9405765	0	0	0.39	4.5192033e-18
1.3100473258109644e-09	-0.014075341	-0.027307134	-0.9426283	0	0	0.39	4.263206e-18
1.3200198437268694e-09	-0.030525856	-0.01676475	-0.9449782	0	0	0.39	5.0691146e-18
1.3300034401772755e-09	-0.015529579	-0.012062294	-0.94413555	0	0	0.39	3.95863e-18
1.3400215758120453e-09	-0.01506059	0.0030905954	-0.9465752	0	0	0.39	5.3395137e-18
1.3500332659488635e-09	-0.00740314	0.012353624	-0.94749516	0	0	0.39	4.5858525e-18
1.3600447463943103e-09	0.013674991	0.0021670817	-0.94214845	0	0	0.39	4.7858044e-18
1.3700390585385124e-09	0.022095602	-0.0015993471	-0.9400462	0	0	0.39	4.499945e-18
1.3800497530526963e-09	0.038989045	0.008144789	-0.93573713	0	0	0.39	5.137695e-18
1.3900338421932925e-09	0.036999922	0.011623244	-0.9349627	0	0	0.39	4.1627604e-18
1.4000096717298729e-09	0.034974463	0.01731597	-0.9352976	0	0	0.39	4.7560383e-18
1.410014860141855e-09	0.03509775	0.014362052	-0.940492	0	0	0.39	5.163275e-18
1.420015255413744e-09	0.02607415	0.0334079	-0.9382239	0	0	0.39	5.040899e-18
1.430018218594693e-09	0.024433486	0.050641403	-0.9436375	0	0	0.39	5.026276e-18
1.440032094297339e-09	0.038567085	0.052760918	-0.9430921	0	0	0.39	4.800562e-18
1.450018048598935e-09	0.028976223	0.050390813	-0.9436181	0	0	0.39	4.438542e-18
1.4600589440569082e-09	0.020889949	0.041314337	-0.94892967	0	0	0.39	4.3670603e-18
1.470019693738452e-09	0.026868246	0.045038138	-0.9461278	0	0	0.39	4.680523e-18
1.4800054487558853e-09	0.019598797	0.023386998	-0.94963515	0	0	0.39	4.735132e-18
1.4900106234511003e-09	0.026670959	0.0063674767	-0.9505315	0	0	0.39	4.1751395e-18
1.5000533890467072e-09	0.027632454	0.0033322226	-0.94546825	0	0	0.39	4.282101e-18
1.5100184007393155e-09	0.024345314	0.017759843	-0.9483211	0	0	0.39	4.3431834e-18
1.5200286509025355e-09	0.017177522	0.0056973915	-0.9435082	0	0	0.39	3.9459377e-18
1.5300010724037071e-09	0.02846824	0.02021187	-0.94626796	0	0	0.39	3.758572e-18
1.5400224976165454e-09	0.024951799	0.046471883	-0.94610894	0	0	0.39	4.463551e-18
1.5500598958592388e-09	0.036340896	0.04553973	-0.94654644	0	0	0.39	3.742195e-18
1.5600508181889862e-09	0.048117254	0.05321217	-0.9491258	0	0	0.39	4.239549e-18
1.570027032245269e-09	0.04404176	0.04428919	-0.9477322	0	0	0.39	3.9686467e-18
1.5800437236335247e-09	0.052675277	0.028087128	-0.9502512	0	0	0.39	4.052035e-18
1.590039628640834e-09	0.041573256	0.005046445	-0.94564295	0	0	0.39	4.380126e-18
1.6000400346731603e-09	0.044233825	0.003228399	-0.9445279	0	0	0.39	5.4131196e-18
1.6100295699857165e-09	0.03700039	-0.005152308	-0.9438044	0	0	0.39	4.370936e-18
1.6200437521007282e-09	0.04271754	0.015334421	-0.9466359	0	0	0.39	5.053649e-18
1.6300256633386316e-09	0.06630696	0.021269025	-0.94681567	0	0	0.39	4.0306977e-18
1.6400278213287953e-09	0.065719716	0.008805549	-0.95019895	0	0	0.39	4.9415588e-18
1.6500630890042572e-09	0.08142759	0.0075077913	-0.9477617	0	0	0.39	4.528727e-18
1.6600612094329697e-09	0.073464185	0.0001944744	-0.9492524	0	0	0.39	4.5126073e-18
1.6700029670041419e-09	0.06970291	-0.018063497	-0.94996935	0	0	0.39	3.8488457e-18
1.680054994835368e-09	0.078372896	-0.020715768	-0.9456975	0	0	0.39	4.264003e-18
1.6900198695480698e-09	0.05982696	-0.034943316	-0.9449624	0	0	0.39	4.5183757e-18
1.7000432167940261e-09	0.063448854	-0.006713766	-0.94407016	0	0	0.39	4.9961266e-18
1.7100295622999786e-09	0.065578096	-0.006454698	-0.94178617	0	0	0.39	4.1063628e-18
1.7200477054623806e-09	0.073939204	0.00084027165	-0.9416486	0	0	0.39	4.5620975e-18
1.7300354418471794e-09	0.086882465	0.0102734165	-0.94359803	0	0	0.39	5.0175903e-18
1.7400451035613847e-09	0.085237175	0.007897302	-0.94505674	0	0	0.39	4.5861606e-18
1.7500223776562813e-09	0.09137186	-0.0066104005	-0.9496013	0	0	0.39	4.5171812e-18
1.7600179141311154e-09	0.08049106	-0.042570885	-0.9464878	0	0	0.39	4.209838e-18
1.7700315660863766e-09	0.06743624	-0.043379284	-0.94738996	0	0	0.39	4.9185454e-18
1.7800060119689806e-09	0.060333006	-0.046170503	-0.93953794	0	0	0.39	4.6760756e-18
1.7900633015027532e-09	0.05096085	-0.037941713	-0.9423618	0	0	0.39	4.2212768e-18
1.8000464051562859e-09	0.063096285	-0.03212214	-0.94032806	0	0	0.39	4.123403e-18
1.8100566832318901e-09	0.0632294	-0.020766169	-0.9395931	0	0	0.39	5.0313356e-18
1.8200560830364755e-09	0.065058984	-0.027306454	-0.94389623	0	0	0.39	4.517386e-18
1.8300068320841704e-09	0.0888099	-0.04313407	-0.94371176	0	0	0.39	4.883954e-18
1.8400418348025942e-09	0.072168715	-0.05996864	-0.94560295	0	0	0.39	3.724004e-18
1.850008009182713e-09	0.07269351	-0.06612324	-0.9510159	0	0	0.39	4.610694e-18
1.8600128068981535e-09	0.07163956	-0.08869791	-0.94685453	0	0	0.39	3.6230316e-18
1.870034913227032e-09	0.04514975	-0.09557919	-0.9487644	0	0	0.39	3.8464494e-18
1.880002833896447e-09	0.03944476	-0.0898168	-0.94643927	0	0	0.39	4.2377927e-18
1.890010121777769e-09	0.030443577	-0.08340639	-0.9461782	0	0	0.39	4.6937107e-18
1.9000443076764504e-09	0.031299423	-0.08287897	-0.9446841	0	0	0.39	5.4189375e-18
1.9100320241183137e-09	0.02569436	-0.09120021	-0.9420727	0	0	0.39	4.7695333e-18
1.9200160047972275e-09	0.032884233	-0.094671756	-0.9425804	0	0	0.39	3.8867364e-18
1.930044917979486e-09	0.028971385	-0.10282235	-0.9425834	0	0	0.39	5.0340752e-18
1.9400404633727547e-09	0.021015747	-0.09800363	-0.94506717	0	0	0.39	4.817713e-18
1.9500119123035545e-09	0.009206147	-0.10792535	-0.9390402	0	0	0.39	5.075633e-18
1.9600509380582466e-09	-0.008448957	-0.09979779	-0.94099635	0	0	0.39	4.854773e-18
1.970015468093926e-09	-0.018180462	-0.093090445	-0.9374358	0	0	0.39	4.559335e-18
1.9800298563664123e-09	-0.016649852	-0.09772512	-0.92996275	0	0	0.39	5.1327674e-18
1.9900635055755447e-09	-0.032829452	-0.09799739	-0.9253944	0	0	0.39	3.9560546e-18
2.0000146999953867e-09	-0.019458894	-0.101909	-0.9321042	0	0	0.39	4.331529e-18
2.010019435412821e-09	-0.0043315464	-0.10129919	-0.93768597	0	0	0.39	3.2677927e-18
2.0200102037347304e-09	0.0002784823	-0.115456745	-0.9295167	0	0	0.39	4.499512e-18
2.0300573255015112e-09	0.017715652	-0.12995704	-0.93290657	0	0	0.39	3.2223218e-18
2.0400206636610673e-09	0.025056487	-0.12442507	-0.93343306	0	0	0.39	5.4584714e-18
2.0500137937428167e-09	0.0036292782	-0.1119346	-0.93420345	0	0	0.39	4.5399113e-18
2.0600452904522106e-09	-0.005123889	-0.098932564	-0.9361213	0	0	0.39	4.457373e-18
2.070051901411954e-09	-0.016011829	-0.09167757	-0.93954897	0	0	0.39	4.36723e-18
2.080060381395735e-09	-0.023263222	-0.08280784	-0.93994176	0	0	0.39	4.7714685e-18
2.0900607668042576e-09	-0.015047273	-0.09703477	-0.9364294	0	0	0.39	4.6892443e-18
2.100051627242226e-09	0.0020533877	-0.088762216	-0.9327349	0	0	0.39	5.202028e-18
2.1100009612112204e-09	0.011137422	-0.0884799	-0.9314527	0	0	0.39	4.918024e-18
2.120020860484042e-09	0.018589221	-0.08960892	-0.93309134	0	0	0.39	3.644182e-18
2.1300203823957468e-09	0.02214599	-0.0886206	-0.9330373	0	0	0.39	3.7837834e-18
2.1400152190283445e-09	0.012196311	-0.11962545	-0.9296498	0	0	0.39	4.808946e-18
2.1500428154775826e-09	-0.0015981327	-0.12008517	-0.9213159	0	0	0.39	5.424254e-18
2.160002449359568e-09	-0.0023368308	-0.116862446	-0.9183336	0	0	0.39	4.4250076e-18
2.1700562753480883e-09	-0.01688759	-0.1113073	-0.91968524	0	0	0.39	5.4245053e-18
2.1800249068459953e-09	-0.028395543	-0.08110715	-0.92578506	0	0	0.39	4.6493825e-18
2.190012763773517e-09	-0.021588279	-0.061461866	-0.9306836	0	0	0.39	4.4389043e-18
2.200046404194258e-09	-0.0076514264	-0.045652032	-0.9346564	0	0	0.39	4.737059e-18
2.2100286980069204e-09	-0.004485798	-0.036386527	-0.93383014	0	0	0.39	5.1301196e-18
2.220038344788634e-09	-0.018258313	-0.019711673	-0.9386485	0	0	0.39	4.3252972e-18
2.2300407501342275e-09	-0.037258383	-0.020596875	-0.9383752	0	0	0.39	6.3013916e-18
2.240048749929039e-09	-0.03669125	-0.017335238	-0.9344506	0	0	0.39	4.3186728e-18
2.250016659374187e-09	-0.05411493	-0.01659129	-0.9317393	0	0	0.39	5.388445e-18
2.2600305091398514e-09	-0.069073796	-0.036816735	-0.92344856	0	0	0.39	5.5636747e-18
2.270052766507741e-09	-0.06380264	-0.020834552	-0.92263937	0	0	0.39	4.826368e-18
2.2800628648998834e-09	-0.05561436	-0.013017156	-0.91538316	0	0	0.39	3.6000377e-18
2.2900000626326893e-09	-0.05669097	-0.01547117	-0.9139978	0	0	0.39	4.227312e-18
2.3000212287326207e-09	-0.05444604	-0.013491918	-0.91523856	0	0	0.39	3.8883995e-18
2.310035042829365e-09	-0.029476702	-0.023497323	-0.9101522	0	0	0.39	4.771934e-18
2.320032362074326e-09	-0.02743628	-0.043470882	-0.91216516	0	0	0.39	5.0984725e-18
2.330039481725596e-09	-0.035655815	-0.059777454	-0.91935587	0	0	0.39	4.667817e-18
2.3400411841880514e-09	-0.030448562	-0.05977765	-0.92969954	0	0	0.39	4.2593072e-18
2.350034235303744e-09	-0.021452451	-0.07155237	-0.9331753	0	0	0.39	4.3275658e-18
2.3600521867385434e-09	-0.029311834	-0.073935576	-0.9406024	0	0	0.39	4.1388842e-18
2.3700006985869535e-09	-0.02875033	-0.07900932	-0.94163686	0	0	0.39	3.7982095e-18
2.380007788657793e-09	-0.019348446	-0.08092128	-0.94249874	0	0	0.39	4.9568575e-18
2.3900374956785704e-09	-0.034768194	-0.07361125	-0.9397747	0	0	0.39	3.8691113e-18
2.4000374729870464e-09	-0.031504843	-0.07197093	-0.9330279	0	0	0.39	5.1047532e-18
2.4100615532633726e-09	-0.024245389	-0.08710073	-0.92441684	0	0	0.39	4.659377e-18
2.420015069263047e-09	-0.031215396	-0.109680384	-0.91691566	0	0	0.39	3.981529e-18
2.430043159068611e-09	-0.029876906	-0.12125214	-0.90588063	0	0	0.39	4.870249e-18
2.4400043037939354e-09	-0.023677563	-0.13698764	-0.9030949	0	0	0.39	4.8458457e-18
2.4500432296474706e-09	-0.04925239	-0.15049972	-0.8995234	0	0	0.39	4.6167866e-18
2.4600255081151684e-09	-0.05637543	-0.1453601	-0.90044504	0	0	0.39	4.8664557e-18
2.4700271349352026e-09	-0.049186256	-0.15086053	-0.9109506	0	0	0.39	5.0769773e-18
2.4800133470801883e-09	-0.02706621	-0.16443701	-0.91212094	0	0	0.39	4.897842e-18
2.4900384956739858e-09	-0.03331032	-0.16640694	-0.91478395	0	0	0.39	3.7566114e-18
2.5000528802137855e-09	-0.03015968	-0.1555937	-0.92122036	0	0	0.39	5.045597e-18
2.510040576264957e-09	-0.047483172	-0.15087596	-0.92352027	0	0	0.39	4.918093e-18
2.5200010477260883e-09	-0.043307327	-0.1415581	-0.9266772	0	0	0.39	4.4442557e-18
2.5300289153710348e-09	-0.033747364	-0.14388798	-0.9205034	0	0	0.39	5.62199e-18
2.5400127877721214e-09	-0.033391114	-0.12957717	-0.92229944	0	0	0.39	4.7975615e-18
2.5500640749081576e-09	-0.01998527	-0.11998786	-0.9249654	0	0	0.39	5.3726014e-18
2.560026649644389e-09	-0.033509146	-0.10586172	-0.92357653	0	0	0.39	5.400339e-18
2.5700418840395573e-09	-0.04420537	-0.107870296	-0.9212759	0	0	0.39	4.484749e-18
2.5800616869137583e-09	-0.07334503	-0.10585282	-0.92337006	0	0	0.39	4.8739103e-18
2.590062578007506e-09	-0.07317493	-0.1047757	-0.924828	0	0	0.39	4.5998695e-18
2.600008290880851e-09	-0.07953842	-0.091320395	-0.9296032	0	0	0.39	4.6338993e-18
2.6100180829843086e-09	-0.09783004	-0.091285445	-0.92615455	0	0	0.39	4.150583e-18
2.620016930535151e-09	-0.0990237	-0.08861237	-0.9255054	0	0	0.39	4.658748e-18
2.6300586554656434e-09	-0.107898906	-0.07765252	-0.9276514	0	0	0.39	4.770673e-18
2.640006510523222e-09	-0.08868577	-0.07765908	-0.93200606	0	0	0.39	4.40447e-18
2.6500264441749117e-09	-0.099332914	-0.07708145	-0.93223417	0	0	0.39	4.84121e-18
2.6600210960976986e-09	-0.08674349	-0.06203766	-0.93972623	0	0	0.39	5.126197e-18
2.6700151346216168e-09	-0.10491804	-0.052001793	-0.94325686	0	0	0.39	4.8311566e-18
2.6800506613680625e-09	-0.09509917	-0.04582321	-0.9438277	0	0	0.39	4.1199778e-18
2.6900198501299076e-09	-0.097252436	-0.043624565	-0.94322616	0	0	0.39	3.6917397e-18
2.700054835959402e-09	-0.10773873	-0.033097804	-0.9440365	0	0	0.39	4.164923e-18
2.7100617847204932e-09	-0.10201873	-0.0062604034	-0.9424911	0	0	0.39	4.081479e-18
2.7200069248487106e-09	-0.10811295	-0.026169173	-0.93390375	0	0	0.39	5.2811102e-18
2.730017011910399e-09	-0.10749884	-0.019156005	-0.93329126	0	0	0.39	4.2984114e-18
2.740003904000519e-09	-0.09229218	-0.037865326	-0.9271998	0	0	0.39	5.178398e-18
2.750040834932027e-09	-0.112431504	-0.02309081	-0.92406625	0	0	0.39	5.3137954e-18
2.7600271293677005e-09	-0.11264109	-0.016548764	-0.9252509	0	0	0.39	5.2190816e-18
2.7700215374262037e-09	-0.12481573	-0.025212321	-0.92535114	0	0	0.39	3.7640936e-18
2.7800446205270337e-09	-0.12790446	-0.03126627	-0.9270428	0	0	0.39	3.1496695e-18
2.790014513534381e-09	-0.1412532	0.005972975	-0.92384607	0	0	0.39	5.351554e-18
2.8000337131982646e-09	-0.13012773	0.0077369153	-0.9251742	0	0	0.39	6.034078e-18
2.810004307814536e-09	-0.122191615	0.037828956	-0.92423755	0	0	0.39	4.1873748e-18
2.8200542761566257e-09	-0.113847435	0.022197705	-0.9196411	0	0	0.39	5.404178e-18
2.8300491531354508e-09	-0.122228235	0.02484967	-0.9211805	0	0	0.39	5.02753e-18
2.8400576104260056e-09	-0.12569682	0.0023922639	-0.9242842	0	0	0.39	4.7633667e-18
2.850035873768514e-09	-0.11935917	-0.008539672	-0.9245442	0	0	0.39	3.8627263e-18
2.8600208447074785e-09	-0.12946203	-0.028374294	-0.9170201	0	0	0.39	4.931525e-18
2.870024535377882e-09	-0.16178615	-0.031850707	-0.9098556	0	0	0.39	5.0879065e-18
2.880021040873969e-09	-0.17020465	-0.04050969	-0.9078686	0	0	0.39	4.450792e-18
2.890006935878263e-09	-0.14504968	-0.039302308	-0.90967655	0	0	0.39	4.5533625e-18
2.900061843541925e-09	-0.14316425	-0.016209155	-0.90844995	0	0	0.39	4.217713e-18
2.9100179498859405e-09	-0.13417123	-0.033219848	-0.9092798	0	0	0.39	4.7544166e-18
2.9200337968466195e-09	-0.12524289	-0.046801925	-0.9073248	0	0	0.39	4.003465e-18
2.9300231183050838e-09	-0.1317119	-0.071496464	-0.90950567	0	0	0.39	5.043833e-18
2.9400524480246645e-09	-0.12092951	-0.07510579	-0.91462415	0	0	0.39	3.3659766e-18
2.9500231708654493e-09	-0.13960955	-0.08092856	-0.91559017	0	0	0.39	3.8719965e-18
2.960001824534402e-09	-0.14239018	-0.07346135	-0.9160397	0	0	0.39	4.678038e-18
2.9700113172537424e-09	-0.149651	-0.08169121	-0.92157936	0	0	0.39	4.9206878e-18
2.9800433107035742e-09	-0.16797815	-0.07692758	-0.91544384	0	0	0.39	5.033256e-18
2.9900212120672098e-09	-0.17530528	-0.07340488	-0.91884655	0	0	0.39	4.2822656e-18
3.0000375915005637e-09	-0.1665103	-0.07171123	-0.91609573	0	0	0.39	3.8282407e-18
3.010058806406247e-09	-0.15415567	-0.076562785	-0.9085295	0	0	0.39	4.5915758e-18
3.0200541508796257e-09	-0.12529749	-0.07935695	-0.90646136	0	0	0.39	5.139678e-18
3.030047485582179e-09	-0.09379146	-0.105000034	-0.903282	0	0	0.39	5.054814e-18
3.040044478180222e-09	-0.076377034	-0.12131525	-0.89183706	0	0	0.39	5.6167177e-18
3.050010871418693e-09	-0.08789753	-0.12329446	-0.887745	0	0	0.39	4.339387e-18
3.0600560438731157e-09	-0.09364884	-0.11710508	-0.88292444	0	0	0.39	5.3910926e-18
3.0700018650189642e-09	-0.09322645	-0.11803891	-0.8865179	0	0	0.39	4.318164e-18
3.080038423459028e-09	-0.09689025	-0.114712305	-0.88736993	0	0	0.39	5.1084656e-18
3.090061305998526e-09	-0.096909925	-0.122609876	-0.88373286	0	0	0.39	5.6341505e-18
3.1000407557402197e-09	-0.10278541	-0.12261611	-0.886088	0	0	0.39	4.6379413e-18
3.1100100554695268e-09	-0.1033717	-0.13455437	-0.88626444	0	0	0.39	4.018785e-18
3.120017711600871e-09	-0.084872045	-0.13783292	-0.89278996	0	0	0.39	5.007256e-18
3.130011162901819e-09	-0.04478726	-0.13664359	-0.89427656	0	0	0.39	5.2118636e-18
3.1400465612818645e-09	-0.019439366	-0.17400135	-0.8986514	0	0	0.39	3.899239e-18
3.150031786957892e-09	-0.0028016788	-0.20066215	-0.9006679	0	0	0.39	5.212078e-18
3.16002126143758e-09	0.010340052	-0.21815017	-0.9063951	0	0	0.39	4.6880085e-18
3.170016411331643e-09	0.008561008	-0.23809841	-0.9104449	0	0	0.39	4.54042e-18
3.180036897920074e-09	-0.017707152	-0.23178323	-0.91342103	0	0	0.39	4.196965e-18
3.1900528626396587e-09	-0.017499702	-0.20521396	-0.9145977	0	0	0.39	4.800954e-18
3.2000298234908703e-09	-0.027952591	-0.17062254	-0.91892546	0	0	0.39	3.3661575e-18
3.2100289456384425e-09	-0.017505936	-0.1732536	-0.9156926	0	0	0.39	4.762128e-18
3.22004166689819e-09	0.008666642	-0.17926262	-0.9101355	0	0	0.39	4.6288853e-18
3.2300316220267816e-09	0.008616175	-0.1984549	-0.90677565	0	0	0.39	4.787155e-18
3.2400181610408164e-09	0.018313155	-0.21245806	-0.90616846	0	0	0.39	3.9384294e-18
3.25004895690865e-09	0.023968082	-0.21604298	-0.9033765	0	0	0.39	5.2006686e-18
3.260058896095825e-09	0.009173135	-0.20224775	-0.9077732	0	0	0.39	5.0730156e-18
3.27001168668099e-09	0.016096735	-0.1922904	-0.9050557	0	0	0.39	5.2179293e-18
3.28005257979678e-09	0.021139143	-0.18933283	-0.90592074	0	0	0.39	4.3656616e-18
3.2900642312794107e-09	0.027854308	-0.1924343	-0.9099796	0	0	0.39	4.626908e-18
3.3000243141321745e-09	0.04876137	-0.20246471	-0.9087161	0	0	0.39	5.245349e-18
3.310054539343726e-09	0.058260147	-0.18549325	-0.90951186	0	0	0.39	4.8915706e-18
3.3200387967760794e-09	0.074592635	-0.1702639	-0.91361254	0	0	0.39	3.787563e-18
3.3300586521423655e-09	0.08984422	-0.17849925	-0.91024405	0	0	0.39	4.2261427e-18
3.3400017713386817e-09	0.10396374	-0.18548599	-0.9078214	0	0	0.39	5.5414744e-18
3.35003849381255e-09	0.10371712	-0.18654174	-0.90640455	0	0	0.39	4.4040093e-18
3.3600342901940164e-09	0.10043638	-0.20823376	-0.9071163	0	0	0.39	3.8848405e-18
3.3700347525733995e-09	0.09846298	-0.21583873	-0.90429807	0	0	0.39	3.7600744e-18
3.380013057069674e-09	0.08217094	-0.19284144	-0.9049562	0	0	0.39	4.4666475e-18
3.3900157727552028e-09	0.087025076	-0.1864072	-0.9051013	0	0	0.39	4.7190207e-18
3.400036646821275e-09	0.09556875	-0.1859388	-0.8993646	0	0	0.39	5.031415e-18
3.4100042224074126e-09	0.09574043	-0.15542686	-0.8992253	0	0	0.39	4.6132926e-18
3.4200289303425547e-09	0.122281246	-0.14259273	-0.8906642	0	0	0.39	3.854373e-18
3.4300078109989866e-09	0.12957434	-0.14785483	-0.8908921	0	0	0.39	4.026493e-18
3.440002118908758e-09	0.14089318	-0.13646476	-0.8880868	0	0	0.39	5.1660308e-18
3.4500162139686433e-09	0.13411283	-0.1279183	-0.89024675	0	0	0.39	5.0856367e-18
3.4600599028213908e-09	0.14546955	-0.114252925	-0.89299697	0	0	0.39	4.506909e-18
3.4700270191800475e-09	0.13939466	-0.11063166	-0.8949617	0	0	0.39	4.742337e-18
3.4800221461874844e-09	0.16941704	-0.10282332	-0.89499396	0	0	0.39	4.787551e-18
3.4900504962700103e-09	0.17816804	-0.08963402	-0.89535916	0	0	0.39	5.2032084e-18
3.5000295713372234e-09	0.19104919	-0.0856079	-0.89017034	0	0	0.39	5.0608473e-18
3.510047399917593e-09	0.17710702	-0.08739148	-0.8948674	0	0	0.39	4.861378e-18
3.5200227742737723e-09	0.16798097	-0.09946502	-0.9027692	0	0	0.39	4.4956203e-18
3.530041006015295e-09	0.15166159	-0.09332211	-0.9054991	0	0	0.39	5.2434185e-18
3.540006776427556e-09	0.1667076	-0.09509994	-0.91501665	0	0	0.39	5.072706e-18
3.550013434032096e-09	0.16532387	-0.1187425	-0.91918164	0	0	0.39	4.2979573e-18
3.560044658718894e-09	0.15534706	-0.117899135	-0.9214339	0	0	0.39	4.9653803e-18
3.570003916403425e-09	0.14954571	-0.12773187	-0.92478347	0	0	0.39	4.0951996e-18
3.580048665742346e-09	0.115911245	-0.13134272	-0.9295465	0	0	0.39	4.5466086e-18
3.5900408018150415e-09	0.09845949	-0.14016506	-0.9278795	0	0	0.39	4.3437893e-18
3.6000657691534062e-09	0.10640187	-0.12522924	-0.9273537	0	0	0.39	5.2008456e-18
3.6100565450514097e-09	0.118856795	-0.13809939	-0.9240999	0	0	0.39	4.5610826e-18
3.6200235552176625e-09	0.118332565	-0.12586361	-0.9239171	0	0	0.39	5.0047467e-18
3.6300359809547756e-09	0.12204438	-0.1252706	-0.92257947	0	0	0.39	3.7739656e-18
3.640041033880552e-09	0.1205481	-0.13464755	-0.9254162	0	0	0.39	4.512199e-18
3.6500522386187695e-09	0.0970042	-0.14747879	-0.9319542	0	0	0.39	3.9088263e-18
3.660025763839619e-09	0.09695035	-0.16398601	-0.92779607	0	0	0.39	4.5587884e-18
3.670017158796808e-09	0.081340164	-0.16713832	-0.9264972	0	0	0.39	2.971487e-18
3.680040885575722e-09	0.057694666	-0.15712915	-0.92584336	0	0	0.39	4.583101e-18
3.690051580589032e-09	0.061864965	-0.15238932	-0.9252587	0	0	0.39	4.9782815e-18
3.700005145315608e-09	0.06410404	-0.15566461	-0.9260239	0	0	0.39	4.9632446e-18
3.710029095688375e-09	0.07023743	-0.16465226	-0.92682654	0	0	0.39	5.0910258e-18
3.720032592828749e-09	0.061610274	-0.1948412	-0.9214558	0	0	0.39	3.6330695e-18
3.730015119758474e-09	0.040040128	-0.18046735	-0.92767245	0	0	0.39	3.7454585e-18
3.740041466085449e-09	0.048863575	-0.18587352	-0.92303663	0	0	0.39	4.7458024e-18
3.750016055490744e-09	0.042390585	-0.19896051	-0.92124486	0	0	0.39	3.9209395e-18
3.760039341619387e-09	0.037382163	-0.19218421	-0.9236425	0	0	0.39	4.3933076e-18
3.770013186459445e-09	0.037189532	-0.1805032	-0.92656636	0	0	0.39	5.638067e-18
3.780052889799477e-09	0.04159333	-0.16027747	-0.9277075	0	0	0.39	5.924583e-18
3.790059744397509e-09	0.037257154	-0.16594136	-0.9293595	0	0	0.39	5.0445105e-18
3.800060925739302e-09	0.037867617	-0.14172925	-0.9317526	0	0	0.39	4.9837045e-18
3.810017178161322e-09	0.03869784	-0.13122573	-0.92703533	0	0	0.39	4.5816604e-18
3.820002961275492e-09	0.061851166	-0.14119145	-0.9280401	0	0	0.39	4.032286e-18
3.830051318629207e-09	0.08221055	-0.1437005	-0.92851496	0	0	0.39	4.237335e-18
3.840055898403698e-09	0.07590003	-0.16506219	-0.9298042	0	0	0.39	4.3582265e-18
3.8500665180013355e-09	0.07228736	-0.17346163	-0.9243259	0	0	0.39	4.97069e-18
3.860015628805114e-09	0.04060821	-0.18953732	-0.9234801	0	0	0.39	3.8528567e-18
3.870043018666633e-09	0.03542286	-0.1798233	-0.92468876	0	0	0.39	4.3310168e-18
3.880054571840235e-09	0.046259142	-0.15720761	-0.9218895	0	0	0.39	3.9556033e-18
3.890057599577229e-09	0.041250065	-0.14050667	-0.9261466	0	0	0.39	4.538347e-18
3.900011240034482e-09	0.04705446	-0.1425926	-0.92950875	0	0	0.39	3.91968e-18
3.910000990562288e-09	0.0703042	-0.14202413	-0.92659986	0	0	0.39	4.1760445e-18
3.920053494525996e-09	0.08598367	-0.14561431	-0.92902595	0	0	0.39	4.1455906e-18
3.930005966903713e-09	0.08366597	-0.16509002	-0.92777735	0	0	0.39	5.0427374e-18
3.940022872174587e-09	0.06256431	-0.19274005	-0.9298519	0	0	0.39	5.023756e-18
3.950017951445278e-09	0.036752023	-0.19730923	-0.93084353	0	0	0.39	4.875208e-18
3.960052231518468e-09	-0.00092277623	-0.19009528	-0.9342426	0	0	0.39	4.5106035e-18
3.970048909734144e-09	-0.00406689	-0.15455459	-0.935005	0	0	0.39	3.8196587e-18
3.9800180484419704e-09	-0.008057432	-0.16266422	-0.931912	0	0	0.39	4.4577363e-18
3.990052191779284e-09	-0.013613689	-0.16198152	-0.9328274	0	0	0.39	4.768805e-18
4.000056617628552e-09	-0.032104738	-0.14813842	-0.9330925	0	0	0.39	4.064301e-18
4.0100179026619465e-09	-0.038771328	-0.17055938	-0.9279066	0	0	0.39	4.9949632e-18
4.020036259761567e-09	-0.03457232	-0.16948247	-0.92574203	0	0	0.39	3.7471232e-18
4.030053670002038e-09	-0.06549176	-0.16719021	-0.91986334	0	0	0.39	3.527092e-18
4.0400504334814965e-09	-0.05374196	-0.17380571	-0.9151954	0	0	0.39	4.62372e-18
4.050004893145394e-09	-0.04384771	-0.17018557	-0.9173927	0	0	0.39	6.055127e-18
4.060047128439375e-09	-0.036811747	-0.18005902	-0.9163291	0	0	0.39	5.4058883e-18
4.07001343425427e-09	-0.030746397	-0.16430897	-0.9207576	0	0	0.39	3.9992135e-18
4.0800626347871874e-09	-0.027433155	-0.1801075	-0.9162527	0	0	0.39	4.523847e-18
4.090012966153509e-09	-0.022189174	-0.16337757	-0.9260683	0	0	0.39	4.372684e-18
4.100025989162499e-09	-0.039938208	-0.16718516	-0.925251	0	0	0.39	4.6430607e-18
4.110020080262649e-09	-0.04996646	-0.1724507	-0.92425185	0	0	0.39	4.935951e-18
4.120024128525541e-09	-0.04016783	-0.1751702	-0.9267814	0	0	0.39	4.203478e-18
4.130057775227209e-09	-0.037727345	-0.18040363	-0.9276207	0	0	0.39	4.281167e-18
4.1400053902182206e-09	-0.040379215	-0.19590591	-0.9253372	0	0	0.39	4.3666186e-18
4.15005652375428e-09	-0.05163866	-0.19745922	-0.9279216	0	0	0.39	4.846899e-18
4.1600625415403815e-09	-0.08654314	-0.19787604	-0.9287173	0	0	0.39	4.996364e-18
4.17004884066797e-09	-0.09705295	-0.18425995	-0.9268727	0	0	0.39	4.5167503e-18
4.180036285894568e-09	-0.117916025	-0.1675613	-0.92705345	0	0	0.39	3.5956056e-18
4.190013466505017e-09	-0.10724593	-0.17482685	-0.9252897	0	0	0.39	4.7919363e-18
4.200026834350254e-09	-0.094936036	-0.15784647	-0.92458266	0	0	0.39	5.3652428e-18
4.210029929732703e-09	-0.087664485	-0.16896218	-0.92830306	0	0	0.39	5.262774e-18
4.220004735350756e-09	-0.1035926	-0.16589534	-0.9316027	0	0	0.39	4.701219e-18
4.230016438229625e-09	-0.11897194	-0.16519189	-0.9337743	0	0	0.39	4.038814e-18
4.240057294080734e-09	-0.13800372	-0.14455509	-0.9303813	0	0	0.39	5.1603497e-18
4.250017524938973e-09	-0.15675117	-0.14448673	-0.93144286	0	0	0.39	4.644603e-18
4.260053741149063e-09	-0.16197519	-0.14314951	-0.9339775	0	0	0.39	4.3578468e-18
4.270027011400049e-09	-0.14962061	-0.13435775	-0.9326106	0	0	0.39	5.2336884e-18
4.280059076674015e-09	-0.15093687	-0.14857593	-0.9230854	0	0	0.39	4.7276135e-18
4.290064619347825e-09	-0.14916556	-0.15526663	-0.92721677	0	0	0.39	4.843874e-18
4.300056082470284e-09	-0.14995544	-0.16164948	-0.92472124	0	0	0.39	4.4281133e-18
4.31002436794863e-09	-0.13290493	-0.14843473	-0.93439287	0	0	0.39	5.038589e-18
4.320044690850396e-09	-0.1495574	-0.13625477	-0.9303745	0	0	0.39	4.7857477e-18
4.33005755621688e-09	-0.1448687	-0.14937197	-0.9341013	0	0	0.39	4.366909e-18
4.340035278613573e-09	-0.15846546	-0.14120536	-0.93142503	0	0	0.39	5.145511e-18
4.350005070248491e-09	-0.15640248	-0.13578258	-0.9311321	0	0	0.39	4.9349517e-18
4.360011186561102e-09	-0.15596971	-0.112510435	-0.9321767	0	0	0.39	4.4488396e-18
4.37003158568732e-09	-0.15319128	-0.113775186	-0.9373207	0	0	0.39	4.9256496e-18
4.380060312306173e-09	-0.14120594	-0.11589338	-0.9356977	0	0	0.39	4.1259752e-18
4.3900329875616675e-09	-0.13568908	-0.12913722	-0.9347106	0	0	0.39	4.369025e-18
4.400007824437313e-09	-0.14223997	-0.13096112	-0.92923117	0	0	0.39	4.9807547e-18
4.410062789179523e-09	-0.14484257	-0.13555871	-0.9295812	0	0	0.39	4.9781702e-18
4.420049438864894e-09	-0.16445158	-0.13023065	-0.92760485	0	0	0.39	5.119238e-18
4.4300107507828395e-09	-0.17369182	-0.13337411	-0.926463	0	0	0.39	4.8549104e-18
4.440036675069529e-09	-0.17661913	-0.13535015	-0.92810726	0	0	0.39	4.6250464e-18
4.450054349766015e-09	-0.18766886	-0.13981728	-0.92327416	0	0	0.39	5.3389517e-18
4.460001132543493e-09	-0.1833737	-0.147053	-0.92128193	0	0	0.39	4.0731374e-18
4.470038419422646e-09	-0.16816697	-0.1303707	-0.92494357	0	0	0.39	4.827387e-18
4.480059338708429e-09	-0.16444923	-0.12101685	-0.92593354	0	0	0.39	4.860662e-18
4.490017075156048e-09	-0.15214814	-0.13311449	-0.92673844	0	0	0.39	5.339585e-18
4.5000176792618306e-09	-0.16264156	-0.13849235	-0.922634	0	0	0.39	4.927282e-18
4.51005258637652e-09	-0.14336862	-0.14272818	-0.9294023	0	0	0.39	5.2567973e-18
4.520014283078821e-09	-0.16110443	-0.12844454	-0.92929053	0	0	0.39	4.443296e-18
4.53006050330825e-09	-0.16223799	-0.10727368	-0.9342604	0	0	0.39	4.843548e-18
4.540001154712408e-09	-0.16418189	-0.09710815	-0.9309036	0	0	0.39	5.093102e-18
4.5500067355112e-09	-0.14785239	-0.08506036	-0.93486077	0	0	0.39	4.4206017e-18
4.5600350826875445e-09	-0.12838654	-0.08455342	-0.93675584	0	0	0.39	4.9195318e-18
4.570063926798167e-09	-0.13832407	-0.08081177	-0.9378121	0	0	0.39	4.3725388e-18
4.5800123186832755e-09	-0.13471487	-0.10062213	-0.930648	0	0	0.39	4.0761877e-18
4.590059139044675e-09	-0.14225459	-0.123065345	-0.9297125	0	0	0.39	3.8379716e-18
4.60004223290163e-09	-0.15414971	-0.1266734	-0.9278426	0	0	0.39	4.568257e-18
4.610041557201979e-09	-0.16172907	-0.122685984	-0.93197805	0	0	0.39	4.833138e-18
4.6200173614426664e-09	-0.1693471	-0.12444533	-0.93089515	0	0	0.39	3.3450317e-18
4.630029073328005e-09	-0.16870137	-0.12546703	-0.9318597	0	0	0.39	4.822475e-18
4.640007019361734e-09	-0.15859237	-0.10388374	-0.9355153	0	0	0.39	3.3786672e-18
4.6500417603466335e-09	-0.154283	-0.08390485	-0.9337774	0	0	0.39	4.3059855e-18
4.6600009856892406e-09	-0.14854415	-0.061255574	-0.935004	0	0	0.39	5.0900836e-18
4.670059478306602e-09	-0.14203057	-0.06971717	-0.9366122	0	0	0.39	4.2096214e-18
4.6800009048306684e-09	-0.13592067	-0.09689517	-0.93670255	0	0	0.39	3.3511918e-18
4.6900013836724115e-09	-0.13711427	-0.115097106	-0.9349568	0	0	0.39	5.2093746e-18
4.700044534781369e-09	-0.14414528	-0.12576866	-0.93566865	0	0	0.39	4.0516163e-18
4.710029944113789e-09	-0.14190875	-0.1320452	-0.93318516	0	0	0.39	4.573762e-18
4.720050601764667e-09	-0.13903353	-0.1286134	-0.9366279	0	0	0.39	3.966657e-18
4.730051764732284e-09	-0.122605085	-0.107419975	-0.9400411	0	0	0.39	5.3860736e-18
4.740040183660471e-09	-0.11080087	-0.11321533	-0.94071954	0	0	0.39	4.685786e-18
4.750008309736126e-09	-0.11530832	-0.10614349	-0.9391828	0	0	0.39	4.468994e-18
4.7600354571379796e-09	-0.1200273	-0.12359505	-0.9303488	0	0	0.39	4.245458e-18
4.770056011249375e-09	-0.118020795	-0.128012	-0.92749304	0	0	0.39	4.2116873e-18
4.780054881360278e-09	-0.117541894	-0.11917195	-0.92717046	0	0	0.39	4.5212605e-18
4.790029068340815e-09	-0.116619654	-0.11979335	-0.93365777	0	0	0.39	5.5645213e-18
4.800057520955352e-09	-0.12578012	-0.12622465	-0.9358549	0	0	0.39	4.4492846e-18
4.810032807179275e-09	-0.13580206	-0.13203599	-0.93398046	0	0	0.39	4.1634205e-18
4.8200628757608756e-09	-0.13182846	-0.11494132	-0.9355825	0	0	0.39	4.8309263e-18
4.8300016723476935e-09	-0.13849425	-0.12277979	-0.9381889	0	0	0.39	4.1295313e-18
4.840000402133336e-09	-0.14406167	-0.111172795	-0.9363115	0	0	0.39	4.0095876e-18
4.850046904704523e-09	-0.14669265	-0.0902045	-0.9369936	0	0	0.39	5.0540285e-18
4.860036907105895e-09	-0.15488966	-0.09406369	-0.9302153	0	0	0.39	4.4459262e-18
4.8700451910958535e-09	-0.16151448	-0.118449435	-0.9298747	0	0	0.39	3.9550537e-18
4.880037451686363e-09	-0.16223873	-0.11542817	-0.93166775	0	0	0.39	5.259657e-18
4.890062649064721e-09	-0.17588802	-0.114186265	-0.9284176	0	0	0.39	4.4850668e-18
4.9000044482488485e-09	-0.18309441	-0.13501878	-0.9167136	0	0	0.39	6.0832322e-18
4.910015950536773e-09	-0.20118089	-0.11732284	-0.9228448	0	0	0.39	4.278304e-18
4.9200342296671905e-09	-0.19567548	-0.09826539	-0.92233276	0	0	0.39	4.7758716e-18
4.9300100366301855e-09	-0.18584599	-0.09043129	-0.92520654	0	0	0.39	6.3858203e-18
4.940027039892307e-09	-0.20214029	-0.07286089	-0.9259111	0	0	0.39	4.438314e-18
4.9500442643648836e-09	-0.19283941	-0.06508194	-0.9246921	0	0	0.39	5.249311e-18
4.9600013456922186e-09	-0.197375	-0.07337483	-0.9283914	0	0	0.39	4.608519e-18
4.970021548048131e-09	-0.1900035	-0.058565784	-0.92288256	0	0	0.39	5.032338e-18
4.980014125463565e-09	-0.18016061	-0.065477185	-0.9251367	0	0	0.39	4.5830823e-18
4.990003487758205e-09	-0.16621204	-0.07739187	-0.9301105	0	0	0.39	6.0421648e-18
5.0000454807856355e-09	-0.17579226	-0.058711525	-0.93020976	0	0	0.39	3.9479432e-18
5.010048708923086e-09	-0.16652872	-0.05106926	-0.9331478	0	0	0.39	4.656421e-18
5.020015542802824e-09	-0.15466568	-0.03797887	-0.93682563	0	0	0.39	4.76616e-18
5.0300601455864665e-09	-0.16294333	-0.032020748	-0.9342126	0	0	0.39	4.170639e-18
5.040027815953263e-09	-0.17224519	-0.019103382	-0.93639714	0	0	0.39	4.330302e-18
5.050028158325601e-09	-0.16822103	0.0007415135	-0.93759364	0	0	0.39	4.442188e-18
5.0600398058691994e-09	-0.17334248	0.00029990944	-0.93825555	0	0	0.39	5.3026574e-18
5.070043140210942e-09	-0.1640898	-0.010000176	-0.9404904	0	0	0.39	4.278599e-18
5.080038135470732e-09	-0.18003653	-0.0031720377	-0.9396455	0	0	0.39	5.671991e-18
5.090018103729602e-09	-0.19705927	-0.0015455243	-0.93885237	0	0	0.39	4.337506e-18
5.100063673391808e-09	-0.20015559	0.02080447	-0.9352898	0	0	0.39	4.648977e-18
5.110063702066756e-09	-0.20360559	0.023840223	-0.934318	0	0	0.39	4.7071585e-18
5.1200079728929255e-09	-0.20215626	0.03483689	-0.92820734	0	0	0.39	4.676009e-18
5.130040521301602e-09	-0.17933401	0.04117172	-0.9330776	0	0	0.39	4.6799584e-18
5.140022672149769e-09	-0.16736212	0.039747614	-0.9334919	0	0	0.39	4.515301e-18
5.150014834001921e-09	-0.18090484	0.024812674	-0.9281323	0	0	0.39	4.5352266e-18
5.160014925316198e-09	-0.1739274	0.029485252	-0.93235713	0	0	0.39	4.5775422e-18
5.17001106359072e-09	-0.17110759	0.03899519	-0.9379307	0	0	0.39	3.828847e-18
5.180060296633985e-09	-0.18065977	0.041713033	-0.9430994	0	0	0.39	4.798733e-18
5.19006024000136e-09	-0.1555293	0.062306497	-0.943979	0	0	0.39	5.646689e-18
5.200019789534455e-09	-0.15268967	0.06250888	-0.9466791	0	0	0.39	5.01448e-18
5.2100300132760326e-09	-0.15675855	0.08912258	-0.94342405	0	0	0.39	4.3569667e-18
5.220004256887992e-09	-0.13987817	0.10500916	-0.9367336	0	0	0.39	4.3560593e-18
5.2300004982673905e-09	-0.14826393	0.10682141	-0.937419	0	0	0.39	4.7955924e-18
5.2400591042759744e-09	-0.15077274	0.096885815	-0.9375696	0	0	0.39	4.601873e-18
5.25002609214021e-09	-0.14221695	0.08942619	-0.9375009	0	0	0.39	4.7739935e-18
5.260037225236485e-09	-0.13575116	0.08468502	-0.9380993	0	0	0.39	4.5968933e-18
5.270001462499669e-09	-0.13474576	0.09064491	-0.93567073	0	0	0.39	4.797851e-18
5.280004506536914e-09	-0.11956298	0.10136096	-0.9335944	0	0	0.39	4.430264e-18
5.290050205136735e-09	-0.11425163	0.11167572	-0.9370098	0	0	0.39	5.3595782e-18
5.300012049680223e-09	-0.10358425	0.11450455	-0.9346496	0	0	0.39	4.8212106e-18
5.3100071816066935e-09	-0.1031469	0.118256435	-0.9364535	0	0	0.39	3.7850317e-18
5.320036884442268e-09	-0.09323245	0.10828076	-0.9379089	0	0	0.39	4.2001163e-18
5.330018385112374e-09	-0.08869111	0.11693534	-0.9387938	0	0	0.39	5.0689405e-18
5.340043720388339e-09	-0.07814939	0.11331667	-0.9404288	0	0	0.39	4.777533e-18
5.350048536071986e-09	-0.07455699	0.12187396	-0.9408138	0	0	0.39	4.752283e-18
5.360046665048671e-09	-0.079791546	0.12917003	-0.9373459	0	0	0.39	4.412893e-18
5.370056700727859e-09	-0.073229775	0.13397898	-0.93860126	0	0	0.39	4.0790894e-18
5.3800210719467355e-09	-0.057518166	0.14079797	-0.9391146	0	0	0.39	5.3766463e-18
5.390043803953623e-09	-0.06141011	0.14711207	-0.9338676	0	0	0.39	4.630662e-18
5.4000240609922755e-09	-0.047997065	0.13318291	-0.933822	0	0	0.39	4.361465e-18
5.410025015920748e-09	-0.045902893	0.13688567	-0.93330795	0	0	0.39	4.0508234e-18
5.420045999250569e-09	-0.055032227	0.13841464	-0.9312572	0	0	0.39	4.690261e-18
5.4300401312509224e-09	-0.073479585	0.13790679	-0.9355868	0	0	0.39	3.83373e-18
5.440015385639661e-09	-0.06591575	0.15075095	-0.93584216	0	0	0.39	5.2129104e-18
5.450004032483009e-09	-0.06438567	0.16830716	-0.9358313	0	0	0.39	3.6587253e-18
5.460052551710941e-09	-0.03374025	0.18351546	-0.93563676	0	0	0.39	4.2411237e-18
5.470062630777087e-09	-0.0048877937	0.19048148	-0.92572314	0	0	0.39	4.558747e-18
5.480037452855819e-09	0.0033588884	0.17138845	-0.9236762	0	0	0.39	3.488424e-18
5.490005227388567e-09	0.009766964	0.14673534	-0.92959136	0	0	0.39	3.3099459e-18
5.500035990798382e-09	-0.008774558	0.12335753	-0.92911315	0	0	0.39	5.487208e-18
5.510056020400077e-09	-0.020872658	0.1187868	-0.9289052	0	0	0.39	4.880601e-18
5.520046185700433e-09	-0.032244094	0.13048764	-0.9285465	0	0	0.39	5.1735325e-18
5.530012902887123e-09	-0.041583713	0.12327326	-0.92566216	0	0	0.39	4.6587466e-18
5.5400059139106e-09	-0.05895992	0.14629899	-0.9218373	0	0	0.39	4.565834e-18
5.550016321275618e-09	-0.053679176	0.15150538	-0.92783076	0	0	0.39	4.2044205e-18
5.560007469540429e-09	-0.04856432	0.15641293	-0.9314082	0	0	0.39	4.5043293e-18
5.570052327129881e-09	-0.04046149	0.1583807	-0.926868	0	0	0.39	4.8191923e-18
5.580016531952712e-09	-0.04674072	0.13988668	-0.93420845	0	0	0.39	5.69505e-18
5.590005245535272e-09	-0.047624033	0.14859335	-0.9275407	0	0	0.39	5.1472443e-18
5.600049164651154e-09	-0.039951168	0.1387769	-0.93358666	0	0	0.39	4.725354e-18
5.610001354394962e-09	-0.039218944	0.13906413	-0.92997694	0	0	0.39	4.9780077e-18
5.620014003220351e-09	-0.047173895	0.15723076	-0.9304826	0	0	0.39	4.0355015e-18
5.630058318602907e-09	-0.05330968	0.16139285	-0.92739505	0	0	0.39	5.1749217e-18
5.6400636308050505e-09	-0.057701636	0.16541444	-0.92800325	0	0	0.39	3.5843204e-18
5.650023379286717e-09	-0.048545636	0.17842698	-0.9265842	0	0	0.39	4.352372e-18
5.66000430326981e-09	-0.042815767	0.19376437	-0.92436427	0	0	0.39	4.2072825e-18
5.670053982402284e-09	-0.03397217	0.20897402	-0.9211483	0	0	0.39	5.8454877e-18
5.680015558636122e-09	-0.01069838	0.19778585	-0.920909	0	0	0.39	5.245486e-18
5.690030436994896e-09	-0.005970184	0.19799063	-0.91875017	0	0	0.39	5.6132927e-18
5.7000582872781625e-09	0.011180393	0.20280212	-0.9155087	0	0	0.39	4.3848207e-18
5.710052642235349e-09	0.00034565292	0.19898617	-0.91378045	0	0	0.39	4.5920287e-18
5.720063972518763e-09	-0.003436798	0.19816206	-0.9167038	0	0	0.39	4.2389904e-18
5.73005469749601e-09	-0.016514769	0.20000327	-0.91906315	0	0	0.39	4.553659e-18
5.740039930911807e-09	-0.035094496	0.21272805	-0.91560763	0	0	0.39	4.533745e-18
5.750064950293293e-09	-0.042414524	0.21305738	-0.91653174	0	0	0.39	6.5811813e-18
5.760048853194977e-09	-0.031195845	0.21651249	-0.91830796	0	0	0.39	4.4826423e-18
5.7700140940690224e-09	-0.0108137	0.21563585	-0.92030776	0	0	0.39	5.291595e-18
5.780021143676085e-09	0.0056226593	0.21418199	-0.921996	0	0	0.39	6.092247e-18
5.790025305068939e-09	0.014240178	0.19569342	-0.9233697	0	0	0.39	4.5075206e-18
5.800032118208261e-09	0.023267709	0.17717709	-0.92661154	0	0	0.39	4.438148e-18
5.810055843837083e-09	0.016335819	0.17011295	-0.93125963	0	0	0.39	4.618324e-18
5.820024605288529e-09	-0.001212274	0.17353132	-0.9369211	0	0	0.39	5.2083436e-18
5.8300486044378e-09	0.0005992551	0.21160468	-0.92804897	0	0	0.39	4.4470235e-18
5.840067593149586e-09	-0.005705551	0.19650038	-0.92918116	0	0	0.39	4.6989277e-18
5.850047167009617e-09	0.0037728883	0.18289684	-0.9328095	0	0	0.39	3.852359e-18
5.8600257122114895e-09	0.018598497	0.17920534	-0.9348367	0	0	0.39	4.4318588e-18
5.8700624842589406e-09	0.030954557	0.18015742	-0.9342725	0	0	0.39	5.4008024e-18
5.88001786297299e-09	0.0460133	0.16354068	-0.93548584	0	0	0.39	3.540351e-18
5.8900041051682036e-09	0.056735683	0.15794508	-0.9367969	0	0	0.39	3.946999e-18
5.900031726724126e-09	0.03957773	0.15264507	-0.93176943	0	0	0.39	4.6453624e-18
5.910010621729881e-09	0.012892688	0.15173323	-0.93320274	0	0	0.39	4.3125893e-18
5.9200033777649456e-09	-0.0022073286	0.16685012	-0.9351545	0	0	0.39	5.33849e-18
5.930038991868651e-09	-0.022933329	0.18540643	-0.93067604	0	0	0.39	4.6928926e-18
5.9400491625895695e-09	-0.027098292	0.1871248	-0.93467414	0	0	0.39	5.036398e-18
5.950001703278153e-09	-0.0026799534	0.20800635	-0.9259581	0	0	0.39	5.122649e-18
5.9600371817569844e-09	0.008103744	0.2017215	-0.92779315	0	0	0.39	5.031915e-18
5.9700318714349985e-09	-0.002446292	0.21105534	-0.9240649	0	0	0.39	4.309038e-18
5.9800324755553265e-09	0.0076850085	0.20861147	-0.92288536	0	0	0.39	4.255728e-18
5.990022729833261e-09	0.0021111085	0.20840013	-0.92256624	0	0	0.39	4.736774e-18
6.0000048164162776e-09	-0.023035465	0.21495728	-0.922803	0	0	0.39	4.8120488e-18
6.010017541305844e-09	-0.016938543	0.21063024	-0.92330474	0	0	0.39	5.451976e-18
6.020008941831253e-09	-0.032804348	0.23805138	-0.92428106	0	0	0.39	3.8877625e-18
6.030015342961213e-09	-0.016223608	0.2589419	-0.9213056	0	0	0.39	5.123898e-18
6.040004310726805e-09	-0.0068790996	0.2548347	-0.92326504	0	0	0.39	5.0091655e-18
6.050003207210576e-09	0.005176528	0.24272773	-0.92437565	0	0	0.39	4.0530816e-18
6.0600108056030744e-09	0.020714309	0.24539715	-0.9260825	0	0	0.39	3.474631e-18
6.070002849182296e-09	0.02815332	0.23815368	-0.92956364	0	0	0.39	3.5737834e-18
6.080053194610087e-09	0.03092968	0.24571982	-0.9255253	0	0	0.39	4.6918904e-18
6.090053098302245e-09	0.027044807	0.23825896	-0.91899776	0	0	0.39	4.316316e-18
6.10000576519525e-09	0.006465193	0.2423031	-0.9174391	0	0	0.39	4.941875e-18
6.110033335781088e-09	-0.003085249	0.25026858	-0.91585237	0	0	0.39	3.804168e-18
6.120034836690445e-09	-0.010012136	0.26083127	-0.91731703	0	0	0.39	5.56237e-18
6.130019402287658e-09	-0.0071339183	0.26536953	-0.91629785	0	0	0.39	4.376772e-18
6.140030538852897e-09	-0.007295564	0.2650228	-0.9169838	0	0	0.39	4.4572114e-18
6.1500610170808405e-09	0.0054255743	0.27701357	-0.9181354	0	0	0.39	4.5436266e-18
6.160035356889522e-09	0.034795165	0.26198623	-0.9171388	0	0	0.39	4.8196952e-18
6.1700599910866525e-09	0.046432626	0.25528887	-0.91594577	0	0	0.39	5.6012535e-18
6.1800314753268665e-09	0.036834177	0.24120402	-0.91696167	0	0	0.39	4.602117e-18
6.19003937511002e-09	0.011575379	0.25647762	-0.90958184	0	0	0.39	4.84245e-18
6.2000081626901295e-09	-0.021267552	0.2608687	-0.9074379	0	0	0.39	4.6477815e-18
6.210036189212988e-09	-0.026473738	0.2892859	-0.90174663	0	0	0.39	4.401778e-18
6.220051040319354e-09	-0.02349354	0.2955031	-0.90487766	0	0	0.39	5.082392e-18
6.2300064254924895e-09	-0.018596819	0.3001672	-0.9063997	0	0	0.39	4.2031628e-18
6.2400273531463895e-09	-0.00793076	0.31611276	-0.8980399	0	0	0.39	4.1772207e-18
6.250043716347405e-09	-0.008466791	0.31717965	-0.8935562	0	0	0.39	3.7678263e-18
6.260004074840154e-09	-0.023053901	0.2939297	-0.89867246	0	0	0.39	3.1425532e-18
6.270008157192193e-09	-0.014949416	0.29020184	-0.8986741	0	0	0.39	5.1840153e-18
6.280057842848704e-09	-0.033899784	0.29464749	-0.89860845	0	0	0.39	4.3350654e-18
6.290036237286037e-09	-0.055339765	0.3103905	-0.89398116	0	0	0.39	4.1669165e-18
6.300016050361675e-09	-0.06746523	0.33731508	-0.8844654	0	0	0.39	4.9244585e-18
6.310011954959404e-09	-0.06719716	0.34365985	-0.89099526	0	0	0.39	4.157904e-18
6.320059542262015e-09	-0.06829054	0.34925672	-0.8902263	0	0	0.39	4.8208864e-18
6.330039481278774e-09	-0.05753595	0.3487611	-0.89571	0	0	0.39	4.0933475e-18
6.340059988581215e-09	-0.046310946	0.32313612	-0.9025985	0	0	0.39	5.0093806e-18
6.350035314867582e-09	-0.039790366	0.31916752	-0.89966077	0	0	0.39	4.4328026e-18
6.3600297502240484e-09	-0.067580536	0.31508353	-0.8947294	0	0	0.39	3.971678e-18
6.370016849774689e-09	-0.08228123	0.3081098	-0.88700724	0	0	0.39	4.4066037e-18
6.380018676814064e-09	-0.08781036	0.30464846	-0.88336575	0	0	0.39	4.625483e-18
6.390045210788458e-09	-0.10187385	0.30204695	-0.8845779	0	0	0.39	3.7602944e-18
6.400001464767516e-09	-0.12495779	0.31647733	-0.88600785	0	0	0.39	4.7328743e-18
6.410059032074257e-09	-0.13801727	0.31687424	-0.8868186	0	0	0.39	3.5569155e-18
6.420060727600455e-09	-0.13946855	0.33304787	-0.8811827	0	0	0.39	5.1867426e-18
6.430043155338217e-09	-0.14619485	0.35867527	-0.87389076	0	0	0.39	3.831028e-18
6.440038141988898e-09	-0.15256262	0.36580908	-0.8716436	0	0	0.39	4.919962e-18
6.4500196614682085e-09	-0.14960362	0.36477104	-0.8672983	0	0	0.39	4.0666354e-18
6.460047524280421e-09	-0.16056952	0.35805553	-0.87087053	0	0	0.39	3.6714556e-18
6.470048519267114e-09	-0.17627966	0.35544994	-0.8692786	0	0	0.39	4.3214314e-18
6.480035126111409e-09	-0.16422565	0.34406868	-0.87035036	0	0	0.39	4.6645037e-18
6.490056099670831e-09	-0.17116024	0.3169562	-0.8727068	0	0	0.39	3.8280843e-18
6.500053690646735e-09	-0.16495807	0.29658473	-0.87430125	0	0	0.39	4.5796515e-18
6.510022347636168e-09	-0.19516803	0.2768693	-0.8716966	0	0	0.39	3.4438728e-18
6.520053467476483e-09	-0.23272243	0.25258258	-0.8718495	0	0	0.39	5.2076657e-18
6.530048782902536e-09	-0.25993326	0.24685374	-0.8734836	0	0	0.39	4.6896637e-18
6.5400292981022165e-09	-0.27791756	0.2600004	-0.87110204	0	0	0.39	5.505437e-18
6.550041526976314e-09	-0.28909734	0.2633385	-0.8721204	0	0	0.39	4.847634e-18
6.560008846950341e-09	-0.28167298	0.2746772	-0.87145215	0	0	0.39	4.8731902e-18
6.570045329659233e-09	-0.28844318	0.262554	-0.86282545	0	0	0.39	4.8921935e-18
6.580049378748358e-09	-0.2785351	0.24492164	-0.8592524	0	0	0.39	4.172269e-18
6.590006222286614e-09	-0.26147643	0.22873947	-0.86124283	0	0	0.39	4.7629668e-18
6.600033641115238e-09	-0.26240775	0.19948174	-0.8571	0	0	0.39	4.5100766e-18
6.610056182866859e-09	-0.28906938	0.16343202	-0.85268563	0	0	0.39	4.3167512e-18
6.620064563215241e-09	-0.32268268	0.109194815	-0.8418354	0	0	0.39	4.0114525e-18
6.630028031231661e-09	-0.35427997	0.084853284	-0.83646166	0	0	0.39	4.783112e-18
6.640059944024809e-09	-0.37749815	0.06285154	-0.8307872	0	0	0.39	4.7954592e-18
6.650009382110633e-09	-0.42082778	0.018511213	-0.81642246	0	0	0.39	4.981023e-18
6.660058542584556e-09	-0.44442976	0.0030872223	-0.80247533	0	0	0.39	3.6785086e-18
6.670027231559909e-09	-0.44317642	-0.0236049	-0.7860196	0	0	0.39	5.601185e-18
6.68006050782481e-09	-0.42295465	-0.07198176	-0.7649326	0	0	0.39	4.620608e-18
6.690027335624227e-09	-0.32725024	-0.107736625	-0.75560755	0	0	0.39	4.918286e-18
6.7000656973233816e-09	-0.218521	-0.11886637	-0.74739325	0	0	0.39	5.1918504e-18
6.710037926030832e-09	-0.10579664	-0.10500347	-0.74394774	0	0	0.39	5.1361526e-18
6.720015825228379e-09	0.020105824	-0.08732552	-0.7451365	0	0	0.39	5.5423574e-18
6.730045143689563e-09	0.12064424	-0.047460318	-0.7497826	0	0	0.39	4.339709e-18
6.740023922168994e-09	0.1899823	0.03176083	-0.7529991	0	0	0.39	4.8817164e-18
6.750031420041724e-09	0.22609258	0.13444726	-0.75440985	0	0	0.39	3.8649787e-18
6.760061647981265e-09	0.20853007	0.22174095	-0.75115037	0	0	0.39	3.748069e-18
6.7700168494279285e-09	0.11685345	0.30803013	-0.7214241	0	0	0.39	4.3694286e-18
6.780001103945836e-09	-0.030467331	0.34572932	-0.68642765	0	0	0.39	5.0291746e-18
6.790041218993892e-09	-0.18483438	0.29190361	-0.6705231	0	0	0.39	4.760529e-18
6.8000083268267195e-09	-0.3008371	0.20298953	-0.6648674	0	0	0.39	5.124559e-18
6.8100532700641945e-09	-0.4151716	0.10920018	-0.64596236	0	0	0.39	5.557993e-18
6.820005661651453e-09	-0.4584502	-0.028250732	-0.64493126	0	0	0.39	4.1864045e-18
6.830015650912555e-09	-0.40426856	-0.14145865	-0.6213098	0	0	0.39	4.1998698e-18
6.8400455579977504e-09	-0.27637452	-0.23724292	-0.6316611	0	0	0.39	3.7470165e-18
6.85002989127353e-09	-0.13176881	-0.27792278	-0.63832265	0	0	0.39	4.94658e-18
6.860002855166682e-09	0.026438793	-0.23513852	-0.64859277	0	0	0.39	4.092913e-18
6.870001373132798e-09	0.13344915	-0.14635055	-0.66274655	0	0	0.39	5.0351845e-18
6.880061116016058e-09	0.19302043	-0.04432297	-0.67519575	0	0	0.39	3.7764513e-18
6.890033856153037e-09	0.19859903	0.099395074	-0.6727926	0	0	0.39	4.616928e-18
6.900021346872283e-09	0.09215217	0.22202195	-0.6552689	0	0	0.39	4.2051116e-18
6.910017858201921e-09	-0.081382975	0.27552268	-0.6360497	0	0	0.39	4.632677e-18
6.920034388331166e-09	-0.24193005	0.26075694	-0.61813605	0	0	0.39	4.021821e-18
6.930011257820036e-09	-0.37808982	0.17538239	-0.6099492	0	0	0.39	4.0566786e-18
6.940033499515284e-09	-0.41745973	0.018818181	-0.6077015	0	0	0.39	4.035268e-18
6.950053951271188e-09	-0.36810657	-0.1410667	-0.59238756	0	0	0.39	4.426694e-18
6.9600422724437205e-09	-0.20814663	-0.23106089	-0.57209307	0	0	0.39	4.5435203e-18
6.970063370114332e-09	0.003823608	-0.23758432	-0.55692875	0	0	0.39	3.7141985e-18
6.98001921173481e-09	0.18353121	-0.17779392	-0.5405515	0	0	0.39	4.2994656e-18
6.990010856434448e-09	0.3108377	-0.09211209	-0.53814286	0	0	0.39	4.443004e-18
7.0000624219229695e-09	0.38020912	0.08303181	-0.52863157	0	0	0.39	4.057571e-18
7.010023148565338e-09	0.3085199	0.21268219	-0.52168804	0	0	0.39	3.60729e-18
7.0200042889041354e-09	0.15572134	0.3066485	-0.50286096	0	0	0.39	3.5347822e-18
7.030055234493563e-09	-0.075668655	0.31828094	-0.48706988	0	0	0.39	3.746045e-18
7.040047438391173e-09	-0.26284555	0.17372438	-0.49117073	0	0	0.39	4.2228182e-18
7.05001103487512e-09	-0.33276117	-0.039547898	-0.4908798	0	0	0.39	4.3485973e-18
7.060010784787776e-09	-0.26073027	-0.2255078	-0.47466448	0	0	0.39	4.649634e-18
7.0700226503010635e-09	-0.06920029	-0.31785527	-0.4682878	0	0	0.39	4.319609e-18
7.0800284106270444e-09	0.12724888	-0.288698	-0.46033973	0	0	0.39	2.9304002e-18
7.09002601278465e-09	0.28079107	-0.16592824	-0.44600725	0	0	0.39	3.8025902e-18
7.100026367080199e-09	0.35660753	-0.004003907	-0.44991076	0	0	0.39	4.331793e-18
7.110001000164999e-09	0.32388577	0.16795255	-0.43610212	0	0	0.39	3.5960796e-18
7.1200545335856805e-09	0.15063071	0.34917143	-0.42734885	0	0	0.39	3.8056433e-18
7.1300611462008815e-09	-0.11917284	0.37199807	-0.4070751	0	0	0.39	3.7130215e-18
7.140063745002746e-09	-0.32289395	0.2534101	-0.3967946	0	0	0.39	3.7475074e-18
7.150003331005358e-09	-0.42403615	0.104436845	-0.39551517	0	0	0.39	4.545029e-18
7.160034720820909e-09	-0.39648047	-0.084281884	-0.39218304	0	0	0.39	3.1673114e-18
7.170023788367925e-09	-0.22906464	-0.22190432	-0.37816313	0	0	0.39	3.6921405e-18
7.180009830533787e-09	0.0066557704	-0.26778972	-0.36005485	0	0	0.39	4.2405443e-18
7.1900217242995e-09	0.20830913	-0.2184383	-0.3573633	0	0	0.39	3.300322e-18
7.200003805489762e-09	0.37886366	-0.05988794	-0.34625846	0	0	0.39	3.1743755e-18
7.2100177585975536e-09	0.3918888	0.17038482	-0.34591407	0	0	0.39	3.78322e-18
7.220056272037953e-09	0.27255303	0.3848765	-0.33392146	0	0	0.39	3.9647135e-18
7.230036767065202e-09	0.02887	0.46229506	-0.32705086	0	0	0.39	3.473665e-18
7.2400308738302534e-09	-0.20955049	0.33331946	-0.31898278	0	0	0.39	4.7769312e-18
7.250002836644767e-09	-0.31138715	0.13390832	-0.3093244	0	0	0.39	3.0062124e-18
7.2600427845463344e-09	-0.29419345	-0.09075531	-0.29459205	0	0	0.39	3.7071187e-18
7.2700176239117556e-09	-0.14945988	-0.27504393	-0.27451214	0	0	0.39	3.6247377e-18
7.280064330293649e-09	0.055720102	-0.38178337	-0.25820717	0	0	0.39	3.2321853e-18
7.290046947580089e-09	0.31189823	-0.31786922	-0.24213263	0	0	0.39	3.0977678e-18
7.300013990907304e-09	0.4566612	-0.08266975	-0.236116	0	0	0.39	2.9520227e-18
7.310034915219363e-09	0.4240442	0.18273054	-0.23414353	0	0	0.39	2.9255989e-18
7.320001475438057e-09	0.21810958	0.33096662	-0.21825318	0	0	0.39	3.9323645e-18
7.330030868520273e-09	-0.009457527	0.3370543	-0.20539394	0	0	0.39	3.394168e-18
7.340055878451344e-09	-0.22755533	0.21403158	-0.19565113	0	0	0.39	3.098956e-18
7.35004610993079e-09	-0.35089943	0.032384347	-0.19259562	0	0	0.39	3.7261753e-18
7.360062116502494e-09	-0.35479277	-0.20395069	-0.18393166	0	0	0.39	2.7599793e-18
7.370030305420679e-09	-0.17168483	-0.4004376	-0.1749272	0	0	0.39	3.229081e-18
7.380035653226621e-09	0.13531305	-0.43927228	-0.14557001	0	0	0.39	3.498045e-18
7.390035825295526e-09	0.35840234	-0.25891152	-0.1358863	0	0	0.39	3.5601436e-18
7.400053002021936e-09	0.41145882	-0.012039253	-0.12640993	0	0	0.39	3.8170096e-18
7.410028257108883e-09	0.29867876	0.19318563	-0.11826418	0	0	0.39	2.1392514e-18
7.4200172023122404e-09	0.06890347	0.3032612	-0.11222783	0	0	0.39	3.5733628e-18
7.430003661771846e-09	-0.20327641	0.2823075	-0.09426686	0	0	0.39	2.8079998e-18
7.440018679105057e-09	-0.4109888	0.13047577	-0.08945642	0	0	0.39	2.464188e-18
7.450029931682266e-09	-0.47881457	-0.14994697	-0.08398388	0	0	0.39	2.3360586e-18
7.460005469762577e-09	-0.3049794	-0.38262188	-0.07137749	0	0	0.39	3.0780406e-18
7.470059465989661e-09	-0.017037962	-0.44417572	-0.04489282	0	0	0.39	3.3257462e-18
7.480015344891765e-09	0.23858786	-0.28826943	-0.0341981	0	0	0.39	2.826823e-18
7.490050769961701e-09	0.32980594	-0.034169316	-0.029498434	0	0	0.39	2.0656265e-18
7.500042566353634e-09	0.29564974	0.17315298	-0.036843456	0	0	0.39	1.7182364e-18
7.51003664777147e-09	0.18774377	0.3860034	-0.036297444	0	0	0.39	2.5332634e-18
7.520057465622766e-09	-0.101655595	0.46871397	-0.02647073	0	0	0.39	2.9457908e-18
7.530037839646322e-09	-0.35626513	0.30244753	-0.001811906	0	0	0.39	2.7605211e-18
7.540058338487126e-09	-0.43157843	-0.004042327	0.018636769	0	0	0.39	2.9296434e-18
7.55004917071961e-09	-0.28744617	-0.22711256	0.02409763	0	0	0.39	2.574539e-18
7.560056934058453e-09	-0.06976599	-0.33861604	0.049877938	0	0	0.39	1.5549625e-18
7.570001769460189e-09	0.18375525	-0.2946168	0.076756105	0	0	0.39	1.8373898e-18
7.580001876462969e-09	0.3913687	-0.13222164	0.08911976	0	0	0.39	1.9825427e-18
7.590053805539636e-09	0.42268327	0.15259945	0.10075545	0	0	0.39	1.9808614e-18
7.600001143106925e-09	0.25697237	0.37552512	0.10902207	0	0	0.39	1.1926633e-18
7.61003145537188e-09	-0.07556976	0.42211923	0.12758018	0	0	0.39	1.383711e-18
7.620062354475258e-09	-0.31123173	0.21967572	0.14225112	0	0	0.39	2.2516473e-18
7.63000787651516e-09	-0.34405398	-0.01122864	0.13907623	0	0	0.39	2.5828078e-18
7.640027515174165e-09	-0.28403023	-0.23208001	0.15103826	0	0	0.39	1.2109858e-18
7.650050107572579e-09	-0.067682184	-0.38107413	0.16153777	0	0	0.39	1.5560988e-18
7.66000241001407e-09	0.22238606	-0.36523324	0.1682162	0	0	0.39	2.3082678e-18
7.670024396192779e-09	0.40764132	-0.12545198	0.17325442	0	0	0.39	2.1616264e-18
7.680025353444101e-09	0.34764612	0.18092225	0.17404088	0	0	0.39	9.412267e-19
7.690009852836618e-09	0.1427967	0.34810925	0.1851539	0	0	0.39	2.5253878e-18
7.700008470867915e-09	-0.096984036	0.36554775	0.20328073	0	0	0.39	2.892509e-18
7.710033776226828e-09	-0.31012917	0.23032098	0.21691324	0	0	0.39	2.1803323e-18
7.72002021145436e-09	-0.3748893	-0.0383944	0.21135783	0	0	0.39	1.0212354e-18
7.730053977850573e-09	-0.26337442	-0.2743667	0.21298985	0	0	0.39	1.7841088e-18
7.740065067413333e-09	-0.006850722	-0.3758231	0.23186268	0	0	0.39	2.4218132e-18
7.75006097729115e-09	0.24710959	-0.29906103	0.24470021	0	0	0.39	9.171423e-19
7.76001513635693e-09	0.40844038	-0.055474367	0.24840948	0	0	0.39	2.69386e-18
7.77001015862439e-09	0.33824015	0.22124954	0.2686314	0	0	0.39	1.2619247e-18
7.780011521492392e-09	0.11561897	0.3840963	0.28226128	0	0	0.39	1.1378426e-18
7.790014320451217e-09	-0.16320296	0.34755275	0.29501787	0	0	0.39	2.4849085e-18
7.800045150087827e-09	-0.34164137	0.15259436	0.3038236	0	0	0.39	1.2304569e-18
7.81005019909241e-09	-0.33799365	-0.093438245	0.3004625	0	0	0.39	1.5367927e-18
7.820009410560315e-09	-0.18907909	-0.29774246	0.31917563	0	0	0.39	1.7584954e-18
7.830017242345382e-09	0.030377252	-0.39009354	0.32908332	0	0	0.39	1.8616622e-18
7.840056332521004e-09	0.2905838	-0.26454997	0.33809304	0	0	0.39	1.1221205e-18
7.850042727812904e-09	0.4179435	0.0028047273	0.3560025	0	0	0.39	1.809863e-18
7.860016317263452e-09	0.2977057	0.2921857	0.3696898	0	0	0.39	2.279875e-19
7.870013409847383e-09	-0.0005797659	0.39180455	0.39327326	0	0	0.39	9.536989e-19
7.880041778111016e-09	-0.23242718	0.25969043	0.40340313	0	0	0.39	3.621604e-20
7.890065052083989e-09	-0.31812853	0.023914214	0.39917067	0	0	0.39	1.9478695e-18
7.90004800294693e-09	-0.25061098	-0.1849718	0.40032068	0	0	0.39	2.1100734e-18
7.910008867774533e-09	-0.069800995	-0.3220841	0.41257408	0	0	0.39	9.805851e-19
7.920034311913692e-09	0.17821734	-0.33446604	0.4179078	0	0	0.39	1.4204484e-18
7.93002094030444e-09	0.38338676	-0.10774518	0.42345357	0	0	0.39	1.073809e-18
7.940022493155033e-09	0.34363493	0.21660937	0.43185118	0	0	0.39	8.773823e-19
7.95002058480141e-09	0.06940436	0.3895438	0.45890746	0	0	0.39	3.0690968e-19
7.960003488235092e-09	-0.22223495	0.30589208	0.46684623	0	0	0.39	6.59219e-19
7.970046544421412e-09	-0.3340668	0.03731661	0.47935188	0	0	0.39	-9.502804e-20
7.980045161495487e-09	-0.2320626	-0.19676444	0.47966546	0	0	0.39	1.8498083e-18
7.990003029336819e-09	-0.035456803	-0.29207084	0.49765486	0	0	0.39	1.4028209e-18
8.000057008101402e-09	0.15153368	-0.28397128	0.50751245	0	0	0.39	9.131686e-19
8.010035615283143e-09	0.32953307	-0.111464515	0.5129829	0	0	0.39	5.5949375e-19
8.020016759948097e-09	0.27065822	0.17062646	0.5237865	0	0	0.39	1.2391813e-18
8.030007455618103e-09	0.049447145	0.3209646	0.54264045	0	0	0.39	1.5404728e-18
8.040001506680564e-09	-0.1712201	0.2824344	0.55413747	0	0	0.39	2.914854e-20
8.050018048655755e-09	-0.2932813	0.09280007	0.55222875	0	0	0.39	2.4211736e-18
8.060025583481396e-09	-0.27222356	-0.11218935	0.55358833	0	0	0.39	8.059411e-19
8.070026569098235e-09	-0.09395152	-0.29364422	0.57045203	0	0	0.39	1.1430398e-18
8.080023575106052e-09	0.14864694	-0.30126238	0.57556915	0	0	0.39	7.609633e-19
8.090020064602291e-09	0.31378898	-0.0914287	0.57245606	0	0	0.39	4.512508e-20
8.100032207089739e-09	0.29498184	0.1783055	0.577739	0	0	0.39	4.2915273e-19
8.110051661926044e-09	0.07599824	0.36345473	0.5938886	0	0	0.39	1.3936485e-18
8.120005051882966e-09	-0.23323281	0.30570757	0.6062199	0	0	0.39	-1.4057169e-20
8.130056781093267e-09	-0.3552805	-0.00054265006	0.61284316	0	0	0.39	1.0868838e-18
8.140061225544262e-09	-0.18936785	-0.2684364	0.6187272	0	0	0.39	5.3934008e-20
8.150030991987037e-09	0.07607599	-0.28135708	0.6393801	0	0	0.39	3.1370023e-19
8.160058181790711e-09	0.22754669	-0.15312329	0.6414547	0	0	0.39	5.468897e-19
8.170058226833357e-09	0.2657389	0.030603146	0.6423475	0	0	0.39	5.56733e-19
8.180052299079424e-09	0.17957167	0.21787825	0.6600886	0	0	0.39	8.0878954e-19
8.190005696501684e-09	-0.052335974	0.28594932	0.674164	0	0	0.39	3.2673524e-20
8.200016762586834e-09	-0.26692447	0.14584005	0.6871586	0	0	0.39	3.7630633e-19
8.21000576899745e-09	-0.28336096	-0.12373852	0.6937647	0	0	0.39	-4.779757e-19
8.220055543900874e-09	-0.07054628	-0.2972556	0.710704	0	0	0.39	-3.1378845e-20
8.230008726197853e-09	0.17764026	-0.24458939	0.7266363	0	0	0.39	6.1642973e-19
8.240025792380073e-09	0.30584255	0.009096551	0.7331546	0	0	0.39	8.259118e-19
8.250015006397801e-09	0.17657581	0.23496695	0.74737006	0	0	0.39	-1.0449999e-18
8.260052478549664e-09	-0.061888333	0.2618959	0.76574486	0	0	0.39	-1.0528003e-19
8.270064869305528e-09	-0.22947186	0.09808605	0.767812	0	0	0.39	-1.5444685e-20
8.280030741947049e-09	-0.18948509	-0.124317095	0.7725295	0	0	0.39	5.212215e-20
8.290036414768466e-09	-0.029326223	-0.24160133	0.7805566	0	0	0.39	5.4958335e-19
8.300004903376308e-09	0.17275725	-0.1761568	0.7817671	0	0	0.39	-9.768333e-19
8.310045202392937e-09	0.2280734	0.015881607	0.77768666	0	0	0.39	-5.4191637e-19
8.32001048334822e-09	0.12542003	0.20496722	0.7922651	0	0	0.39	-3.030628e-19
8.330004557446867e-09	-0.079857126	0.2305449	0.79108167	0	0	0.39	-3.0999302e-19
8.34005921102065e-09	-0.23941724	0.06309061	0.791091	0	0	0.39	-4.0394629e-19
8.350049997221795e-09	-0.21793656	-0.17658305	0.79211247	0	0	0.39	-6.537716e-19
8.360030530933352e-09	0.043088924	-0.28213087	0.8077143	0	0	0.39	-4.1461004e-19
8.370010533910423e-09	0.2552387	-0.09762019	0.8095178	0	0	0.39	-2.2022738e-19
8.380031537276962e-09	0.19562335	0.17229946	0.81509763	0	0	0.39	3.1777335e-19
8.390008472551631e-09	-0.041715555	0.25143456	0.8241566	0	0	0.39	-5.257775e-19
8.400054837411713e-09	-0.22410226	0.09009837	0.82784694	0	0	0.39	-2.6124597e-19
8.410021952612569e-09	-0.18208098	-0.1470467	0.8369037	0	0	0.39	-4.7796683e-20
8.420028903741605e-09	0.03493187	-0.23763008	0.84888625	0	0	0.39	-7.59866e-19
8.430050634579001e-09	0.20468113	-0.064967826	0.851957	0	0	0.39	-1.9924867e-19
8.440029268028615e-09	0.15013373	0.15942578	0.85738957	0	0	0.39	-4.948492e-19
8.450017664832241e-09	-0.09044284	0.19848762	0.8658831	0	0	0.39	-4.0966583e-19
8.460013005158775e-09	-0.22194004	0.0035591272	0.8737798	0	0	0.39	-6.2587194e-19
8.470005111429134e-09	-0.093881056	-0.20451576	0.88373464	0	0	0.39	-9.64611e-19
8.480026878871603e-09	0.17302194	-0.15518704	0.8930684	0	0	0.39	-1.1244888e-18
8.490033977894901e-09	0.19111672	0.12980373	0.89563143	0	0	0.39	-1.1253085e-18
8.500026863386766e-09	-0.077240214	0.20928207	0.89988816	0	0	0.39	-1.2103737e-18
8.510027936871493e-09	-0.20878246	-0.021908717	0.91400886	0	0	0.39	-6.5918783e-19
8.520017564577822e-09	-0.023833979	-0.1912047	0.9200065	0	0	0.39	-6.659697e-19
8.5300612864137e-09	0.18850148	-0.026334856	0.9286189	0	0	0.39	-1.4073204e-18
8.540059110006442e-09	0.0552707	0.18144765	0.92940843	0	0	0.39	-3.605244e-19
8.550014097891611e-09	-0.15482832	0.07667337	0.93397444	0	0	0.39	-1.883887e-18
8.560016175101583e-09	-0.0740024	-0.124332525	0.94365954	0	0	0.39	-1.0585957e-18
8.570020601504823e-09	0.098468535	-0.0999189	0.94660026	0	0	0.39	-2.023894e-18
8.580053639667041e-09	0.10975493	0.08469516	0.9483884	0	0	0.39	-3.6113997e-19
8.59004728320328e-09	-0.07265337	0.10342873	0.9489844	0	0	0.39	-1.0893001e-18
8.600052115869698e-09	-0.10235257	-0.041441705	0.9536604	0	0	0.39	-1.584886e-19
8.61006328012157e-09	0.029477254	-0.0923464	0.9563801	0	0	0.39	-5.5979634e-19
8.620060714802946e-09	0.070008196	0.01690697	0.95822716	0	0	0.39	-1.2675472e-18
8.630041491426664e-09	0.005126058	0.072831035	0.9574625	0	0	0.39	-7.75201e-19
8.640015090720668e-09	-0.062733166	0.031158922	0.9620494	0	0	0.39	-1.7761464e-18
8.650004849147144e-09	-0.03124695	-0.06815722	0.9591275	0	0	0.39	-8.654054e-19
8.660056307286986e-09	0.05215355	-0.04206287	0.9628992	0	0	0.39	-1.6614676e-18
8.670047790639572e-09	0.04633516	0.049157348	0.96043533	0	0	0.39	-7.249179e-19
8.680047484322771e-09	-0.052225478	0.055166394	0.9619333	0	0	0.39	-1.1098074e-18
8.69003986870172e-09	-0.052636266	-0.031324636	0.96133846	0	0	0.39	-1.2545585e-18
8.700005084920833e-09	0.01703204	-0.05543426	0.95971453	0	0	0.39	-2.1147507e-18
8.710037794924195e-09	0.058521703	0.0016959603	0.96118456	0	0	0.39	-6.5605773e-19
8.720059781466306e-09	0.009772143	0.04938288	0.96262586	0	0	0.39	-7.2427386e-19
8.730035316610411e-09	-0.07729701	0.0274424	0.96025455	0	0	0.39	-5.57075e-19
8.740005748023267e-09	-0.010619403	-0.09817306	0.959132	0	0	0.39	-8.92664e-19
8.750059732976336e-09	0.076729216	-0.02022806	0.96275926	0	0	0.39	-1.3732706e-18
8.760041875371199e-09	0.019308763	0.059898473	0.96413296	0	0	0.39	-1.4030831e-18
8.77000264780684e-09	-0.061407503	0.029591486	0.96350217	0	0	0.39	-1.3492461e-18
8.780024379538724e-09	-0.049192134	-0.06808018	0.96024185	0	0	0.39	-1.2014177e-18
8.790002226982701e-09	0.051297057	-0.059939012	0.9605946	0	0	0.39	-1.2421066e-18
8.800013983331795e-09	0.054850634	0.056630995	0.96313655	0	0	0.39	-1.3947899e-18
8.810050639397468e-09	-0.046525214	0.06679921	0.9634907	0	0	0.39	-1.817727e-18
8.820054464180738e-09	-0.06952089	-0.039629202	0.96472317	0	0	0.39	-1.419926e-18
8.830008577556141e-09	0.020590452	-0.06111924	0.96363926	0	0	0.39	-8.89089e-19
8.8400228600511e-09	0.06779839	0.018522091	0.9638428	0	0	0.39	-2.1607064e-18
8.850041148324637e-09	-0.007931521	0.05351971	0.96551263	0	0	0.39	-1.6420458e-18
8.860044967030426e-09	-0.05521254	0.019558903	0.9651354	0	0	0.39	-8.063335e-19
8.870028713022293e-09	-0.016612748	-0.05195829	0.96417016	0	0	0.39	-1.1406908e-18
8.880054215548006e-09	0.032708894	-0.03332998	0.9616652	0	0	0.39	-1.7829626e-18
8.89002301425593e-09	0.026407985	0.018399192	0.9656354	0	0	0.39	-1.1316751e-18
8.900036882275452e-09	-0.018147754	0.022978548	0.9656792	0	0	0.39	-4.3766726e-19
8.910024369672564e-09	-0.0115281725	-0.008775746	0.968626	0	0	0.39	-4.7283076e-19
8.920054502183921e-09	0.0008678018	-0.016641317	0.96463627	0	0	0.39	-1.6592917e-18
8.930040880672749e-09	0.020540947	0.0037873446	0.96532	0	0	0.39	-1.4110434e-18
8.94005699057414e-09	-0.010442054	0.015245668	0.9636639	0	0	0.39	-1.2652779e-18
8.950002876467684e-09	-0.015615301	0.0013339749	0.96462977	0	0	0.39	-1.7056755e-18
8.96004390456709e-09	0.009120947	-0.010054342	0.96859145	0	0	0.39	-1.3234146e-18
8.970044845501187e-09	0.019888256	0.01911464	0.9639026	0	0	0.39	-4.1831408e-19
8.980048295875921e-09	-0.023443291	0.034267146	0.96402234	0	0	0.39	-1.2521419e-18
8.990007163808554e-09	-0.041908115	-0.015603022	0.96405375	0	0	0.39	-3.7303723e-19
9.000005425766247e-09	0.02241437	-0.05284253	0.96526057	0	0	0.39	-1.0862065e-18
9.010057375030752e-09	0.048447486	0.022660712	0.9642343	0	0	0.39	-1.4137675e-18
9.0200511278537e-09	-0.021966541	0.049865633	0.9604892	0	0	0.39	-9.250946e-19
9.030015298242354e-09	-0.058438767	-0.016188875	0.9619254	0	0	0.39	-1.7453623e-18
9.04004560125195e-09	0.01677759	-0.05492233	0.9616848	0	0	0.39	-1.373449e-18
9.050059023329774e-09	0.05291714	0.021591274	0.96195525	0	0	0.39	-1.5283955e-18
9.060057853667596e-09	-0.0169239	0.061163902	0.9631653	0	0	0.39	-1.8611115e-18
9.070053557201632e-09	-0.04932222	-0.0068897386	0.9628526	0	0	0.39	-1.2442198e-18
9.080019286108625e-09	-0.019061262	-0.049073298	0.9634363	0	0	0.39	-1.2498685e-18
9.090059282405847e-09	0.058151077	-0.018273596	0.966122	0	0	0.39	-7.1621304e-19
9.100018288562163e-09	0.029985566	0.075832136	0.96130776	0	0	0.39	-1.6209245e-18
9.110012221449391e-09	-0.065680884	0.01805249	0.96475714	0	0	0.39	-1.3357053e-18
9.120000831005201e-09	-0.028487276	-0.058394983	0.96173406	0	0	0.39	-1.0391789e-18
9.130056438390692e-09	0.069378175	-0.023908254	0.9629785	0	0	0.39	-1.2669625e-18
9.140011160486616e-09	0.008609737	0.054444667	0.96330976	0	0	0.39	-1.5324598e-18
9.150022675050552e-09	-0.037897255	0.0012417544	0.96446306	0	0	0.39	-9.819288e-19
9.160031763541807e-09	0.0008991599	-0.027534034	0.9647281	0	0	0.39	-1.4012282e-18
9.170036622527689e-09	0.020329691	-0.01108457	0.9624968	0	0	0.39	-1.5883856e-18
9.180055288176103e-09	0.012919466	0.015339279	0.9634383	0	0	0.39	-7.902528e-19
9.190034508974323e-09	-0.0124593275	0.024014749	0.96221423	0	0	0.39	-1.8845559e-18
9.200030588785824e-09	-0.03365554	-0.01812105	0.96397305	0	0	0.39	-1.8238282e-18
9.210002453453088e-09	0.004383049	-0.04693627	0.9643043	0	0	0.39	-1.0883561e-18
9.220024281981633e-09	0.045804814	-0.006390026	0.96797067	0	0	0.39	-1.6269093e-18
9.230019641998041e-09	0.0059637176	0.050126977	0.9638853	0	0	0.39	-2.0549489e-18
9.240027031595827e-09	-0.035792958	0.018724462	0.9647864	0	0	0.39	-1.034323e-18
9.250052001335786e-09	-0.020288495	-0.03942653	0.9626546	0	0	0.39	-1.6183667e-18
9.260044326801829e-09	0.026566641	-0.029878804	0.965275	0	0	0.39	-1.3598023e-18
9.270025870144095e-09	0.031381395	0.001128993	0.9638481	0	0	0.39	-1.230637e-18
9.280027837785088e-09	-4.1622246e-05	0.052850097	0.9630119	0	0	0.39	-1.3294956e-18
9.290047134597785e-09	-0.058032032	0.01033645	0.9609692	0	0	0.39	-1.7040286e-18
9.300042906997952e-09	-0.010609864	-0.049156915	0.96313614	0	0	0.39	-1.3430673e-18
9.310029055818152e-09	0.032047924	-0.0079192445	0.962899	0	0	0.39	-1.1197167e-18
9.320059112009292e-09	0.007953222	0.018310104	0.9624604	0	0	0.39	-9.970097e-19
9.330045208106335e-09	-0.0037250167	0.009325465	0.9624085	0	0	0.39	-1.5487236e-18
9.340054180993997e-09	-0.0029130422	0.011274528	0.96480554	0	0	0.39	-1.9134836e-18
9.350052738673142e-09	-0.02335228	0.0006948225	0.9639885	0	0	0.39	-1.5500909e-18
9.360060262821635e-09	-0.011917267	-0.0027756738	0.96414274	0	0	0.39	-1.7201217e-18
9.370025313160727e-09	-0.0041385107	-0.0057511483	0.9677675	0	0	0.39	-1.6382437e-18
9.380057516380114e-09	0.002675215	-0.024596043	0.96513104	0	0	0.39	-1.6212168e-18
9.390049135957817e-09	0.01658443	0.026641771	0.9642502	0	0	0.39	-1.9326113e-18
9.400038458117184e-09	-0.014663358	0.003951761	0.9657544	0	0	0.39	-5.5370224e-19
9.410042880301362e-09	0.008936205	-0.011091805	0.96590376	0	0	0.39	-1.1581574e-18
9.42000291262945e-09	0.007006388	0.0063502504	0.9665806	0	0	0.39	-1.1209702e-18
9.430036824782544e-09	-0.009622935	0.0067159496	0.9682279	0	0	0.39	-8.5828374e-19
9.440026471816627e-09	-0.018293919	-0.009747353	0.9670951	0	0	0.39	-1.926617e-18
9.450014605367808e-09	0.009118268	-0.03120447	0.9623692	0	0	0.39	-1.9323607e-18
9.460058774419586e-09	0.027833305	0.0052750194	0.96266437	0	0	0.39	-7.3116914e-19
9.470053171817505e-09	0.006812618	0.021824133	0.9643776	0	0	0.39	-8.3695923e-19
9.48002892921692e-09	-0.005351218	0.005811308	0.9649538	0	0	0.39	-1.997957e-18
9.490057189335676e-09	-0.0109689	0.010109279	0.96643466	0	0	0.39	-1.6152453e-18
9.500019806583868e-09	-0.04141052	-0.014548234	0.96382946	0	0	0.39	-2.1994596e-18
9.51005593365109e-09	0.01783094	-0.037959956	0.96456474	0	0	0.39	-2.8782918e-18
9.520020817907549e-09	0.04420366	0.010877191	0.9666031	0	0	0.39	-6.0665095e-19
9.530061825658112e-09	-0.014112098	0.04308856	0.9651831	0	0	0.39	-1.482807e-18
9.540004841996333e-09	-0.038820468	-0.013484409	0.9648418	0	0	0.39	-3.7406273e-19
9.55002442988355e-09	-0.0052017695	-0.02982493	0.9648642	0	0	0.39	-1.187974e-18
9.56002520725013e-09	0.034865696	-0.0040897853	0.9637003	0	0	0.39	-1.5449133e-18
9.570010421029615e-09	0.012286743	0.02680776	0.9608342	0	0	0.39	-1.932684e-18
9.58001309193521e-09	-0.021069834	0.019950867	0.96254456	0	0	0.39	-1.4436151e-18
9.59004971318487e-09	-0.025771718	-0.02223876	0.9624982	0	0	0.39	-1.0740736e-18
9.600045994153112e-09	0.0076775304	-0.040674657	0.9622039	0	0	0.39	-1.2072903e-18
9.61003739392075e-09	0.03077306	0.01462073	0.9642089	0	0	0.39	-1.9846896e-18
9.620010903589423e-09	0.008992972	0.029044598	0.96572477	0	0	0.39	-1.4497587e-18
9.630008392885893e-09	-0.025396151	-0.0023524798	0.96346414	0	0	0.39	-1.7277729e-18
9.64005532325e-09	-0.006518344	-0.026864903	0.9648735	0	0	0.39	4.552246e-20
9.650019605028391e-09	0.03466807	-0.0074119344	0.9636253	0	0	0.39	-1.2784306e-18
9.660016020310682e-09	0.039104775	0.03899605	0.9648412	0	0	0.39	-1.2790104e-18
9.670061677170046e-09	-0.036312114	0.04095063	0.9621594	0	0	0.39	-1.3576894e-18
9.68005836026703e-09	-0.039071202	-0.029413054	0.9664063	0	0	0.39	-1.8325372e-18
9.690056161504423e-09	0.00977275	-0.03199524	0.96677303	0	0	0.39	-8.527568e-19
9.700018520918615e-09	0.021865118	-0.0007017822	0.9651434	0	0	0.39	-8.950305e-19
9.710054671044743e-09	0.018037274	0.02085926	0.96376	0	0	0.39	-7.724211e-19
9.720048571552085e-09	-0.026229262	0.0190478	0.9652448	0	0	0.39	-6.7523146e-19
9.730052722503935e-09	-0.024062479	-0.0069143707	0.9682721	0	0	0.39	-1.9274934e-18
9.740040266894119e-09	0.017585658	-0.023110667	0.9670353	0	0	0.39	-1.243937e-18
9.750048024518742e-09	0.022574216	0.010675892	0.9673952	0	0	0.39	-8.5783836e-19
9.760034829169843e-09	-0.011610984	0.009325558	0.9677788	0	0	0.39	-1.9420178e-18
9.770027592841756e-09	-0.016330466	0.009993558	0.96663773	0	0	0.39	-4.354358e-19
9.78006132134921e-09	-0.008998874	-0.005882369	0.9655578	0	0	0.39	-2.0175285e-18
9.790041144158395e-09	0.002866429	-0.012627518	0.9649372	0	0	0.39	-1.0103433e-18
9.8000556332859e-09	0.027468178	0.008306171	0.962217	0	0	0.39	-2.397403e-19
9.810037716712453e-09	-0.023948928	0.021752393	0.9639689	0	0	0.39	-6.623087e-19
9.820010440461928e-09	0.0011573439	-0.037336625	0.96348655	0	0	0.39	-2.0049808e-18
9.83003149487021e-09	0.019244878	0.005492433	0.96575207	0	0	0.39	-8.069683e-19
9.840008220980801e-09	-0.01527783	-0.013669284	0.96393967	0	0	0.39	-7.743102e-19
9.850005451133626e-09	0.01386381	-0.032425795	0.9620847	0	0	0.39	-6.486269e-19
9.860058045641944e-09	0.023672543	0.023188993	0.9646727	0	0	0.39	-1.9512303e-18
9.870015071079567e-09	-0.026092518	0.0028701134	0.9630804	0	0	0.39	-4.63399e-19
9.880048264753722e-09	-0.013080449	-0.028152054	0.9605394	0	0	0.39	-9.102328e-19
9.890056565621233e-09	0.020116277	-0.024888678	0.96226656	0	0	0.39	-2.4777869e-18
9.900061046635016e-09	0.021120442	0.02144624	0.9616256	0	0	0.39	-4.9830813e-19
9.910021882321457e-09	-0.014181605	0.02972993	0.9636527	0	0	0.39	-1.2726131e-18
9.920052764731362e-09	-0.024382206	-0.005548191	0.9635291	0	0	0.39	-1.2866737e-18
9.930002530085648e-09	0.0091109	-0.03725852	0.9628936	0	0	0.39	-1.2595051e-18
9.940031839496356e-09	0.039979424	0.023165047	0.9649416	0	0	0.39	-9.619185e-19
9.95006064896168e-09	-0.012037899	0.027493523	0.96519595	0	0	0.39	-1.6790115e-18
9.960057061412213e-09	-0.034902826	-0.0059173037	0.9673886	0	0	0.39	-2.4100794e-18
9.970001968982739e-09	0.010815486	-0.019638546	0.96760327	0	0	0.39	-6.598118e-19
9.980056654453474e-09	0.025092572	-0.0038483015	0.9657029	0	0	0.39	-1.4335999e-18
9.99006086237932e-09	0.008368705	0.024956847	0.9648103	0	0	0.39	-1.4315178e-18
1e-08	-0.042926196	0.013868728	0.9651498	0	0	0.39	-1.2371513e-18
