# t (s)	mx ()	my ()	mz ()	B_extx (T)	B_exty (T)	B_extz (T)	E_total (J)
0	0	0	-1	0	0	0.39	1.17474e-18
1.0033893074637786e-11	0.004143537	0.007644409	-0.9764652	0	0	0.39	3.596062e-18
2.0038619404869593e-11	0.01598858	0.018491926	-0.96996534	0	0	0.39	4.3900175e-18
3.0060327399880006e-11	0.032656197	0.013090566	-0.9664669	0	0	0.39	3.9146327e-18
4.003994696807402e-11	0.016205907	0.023342285	-0.9646897	0	0	0.39	4.5725717e-18
5.001724817845794e-11	0.014353918	0.040298834	-0.96300113	0	0	0.39	5.820023e-18
6.00373976213516e-11	0.017640844	0.046944782	-0.9602546	0	0	0.39	4.6934894e-18
7.005492254940636e-11	0.04295351	0.027422313	-0.95843416	0	0	0.39	4.178721e-18
8.001223272673651e-11	0.05318528	0.014082413	-0.96098924	0	0	0.39	4.3809487e-18
9.006188152066964e-11	0.053828496	0.0028611328	-0.9623814	0	0	0.39	3.6451765e-18
1.0000401670729873e-10	0.0539156	-0.011838799	-0.9632618	0	0	0.39	4.5303975e-18
1.1002924926913547e-10	0.042404782	-0.012692307	-0.9614623	0	0	0.39	3.8830095e-18
1.200139383757772e-10	0.051874425	-0.013172009	-0.96040636	0	0	0.39	5.7446176e-18
1.3001243333694308e-10	0.05177867	-0.02925375	-0.9601809	0	0	0.39	4.154729e-18
1.4001151575366782e-10	0.050034426	-0.045916196	-0.95672697	0	0	0.39	4.374065e-18
1.5003027226516327e-10	0.045437273	-0.041510977	-0.9560706	0	0	0.39	4.720691e-18
1.6006391666731976e-10	0.039497532	-0.04115625	-0.9536822	0	0	0.39	4.982958e-18
1.7002555101859885e-10	0.047499362	-0.026589673	-0.95586693	0	0	0.39	5.247119e-18
1.8000632157123139e-10	0.03374506	-0.022916062	-0.95616543	0	0	0.39	4.792701e-18
1.9000953448068823e-10	0.054399095	-0.031654444	-0.95624787	0	0	0.39	4.996259e-18
2.0000106907488985e-10	0.05727083	-0.025824757	-0.9537184	0	0	0.39	5.0377078e-18
2.100206949432634e-10	0.03708836	-0.047651224	-0.9541277	0	0	0.39	5.045155e-18
2.2001602833142133e-10	0.050238777	-0.047105085	-0.95603245	0	0	0.39	4.9136592e-18
2.3004039088046714e-10	0.044844065	-0.0673332	-0.9551417	0	0	0.39	5.4191166e-18
2.400605646731059e-10	0.038826413	-0.09028961	-0.9539945	0	0	0.39	3.863022e-18
2.500111310711433e-10	0.022827812	-0.08682585	-0.9521573	0	0	0.39	5.1394477e-18
2.600490517316197e-10	0.010557241	-0.096988715	-0.9515827	0	0	0.39	4.6285193e-18
2.7006242967620523e-10	0.004300376	-0.11623022	-0.95134914	0	0	0.39	3.2786052e-18
2.800131969556822e-10	-0.0010984989	-0.11895628	-0.94962573	0	0	0.39	3.993286e-18
2.9006678693280016e-10	-0.015660286	-0.10504299	-0.9496905	0	0	0.39	3.653263e-18
3.0003116961567724e-10	-0.029854333	-0.09630607	-0.9469263	0	0	0.39	4.700795e-18
3.1001352438288556e-10	-0.028679278	-0.08061068	-0.94669676	0	0	0.39	5.0135086e-18
3.2001198865069517e-10	-0.03975557	-0.08505851	-0.95080155	0	0	0.39	4.3757197e-18
3.3005158281087973e-10	-0.024702735	-0.084540024	-0.95178366	0	0	0.39	4.18743e-18
3.4002115529106346e-10	-0.021949425	-0.08959959	-0.9505439	0	0	0.39	5.0900323e-18
3.5002839067440335e-10	-0.028949682	-0.096738026	-0.95253146	0	0	0.39	3.6806125e-18
3.600302517110697e-10	-0.029791454	-0.09713349	-0.95195735	0	0	0.39	5.0042227e-18
3.7000786905699277e-10	-0.044041153	-0.07413273	-0.95257545	0	0	0.39	4.7350565e-18
3.800168292907934e-10	-0.05941794	-0.05996333	-0.9524901	0	0	0.39	4.2723887e-18
3.9001077540745394e-10	-0.05126486	-0.03595807	-0.95036745	0	0	0.39	4.0673898e-18
4.0003025630264316e-10	-0.02247291	-0.03783515	-0.9511696	0	0	0.39	4.3404247e-18
4.100611971538586e-10	-0.010731203	-0.028260855	-0.95488405	0	0	0.39	4.5605213e-18
4.2002293222637377e-10	-0.021551816	-0.050160877	-0.9559369	0	0	0.39	5.2399026e-18
4.300472773596816e-10	-0.037397847	-0.06661376	-0.9546348	0	0	0.39	4.7111447e-18
4.4004262539639604e-10	-0.05277098	-0.06382099	-0.9541975	0	0	0.39	5.1485434e-18
4.500287471567793e-10	-0.08297365	-0.047468156	-0.9523206	0	0	0.39	4.5311374e-18
4.600530585169727e-10	-0.09466049	-0.034282763	-0.94923633	0	0	0.39	4.588378e-18
4.700370984521133e-10	-0.10358058	-0.024795251	-0.9485355	0	0	0.39	5.2700996e-18
4.800541132516081e-10	-0.079564534	-0.02040546	-0.95102954	0	0	0.39	4.590126e-18
4.90012503272605e-10	-0.05678448	-0.01386404	-0.95416903	0	0	0.39	3.9161042e-18
5.000011370877709e-10	-0.022981698	-0.011251085	-0.95257604	0	0	0.39	4.320215e-18
5.100013070865198e-10	-0.029272141	-0.029418264	-0.9499767	0	0	0.39	3.543808e-18
5.200173002112272e-10	-0.049746867	-0.055112988	-0.95100254	0	0	0.39	4.463096e-18
5.300606912809373e-10	-0.07611672	-0.047102675	-0.94704914	0	0	0.39	4.4749383e-18
5.400222308363761e-10	-0.094064705	-0.036768824	-0.94663143	0	0	0.39	4.287967e-18
5.500498399636694e-10	-0.1063691	-0.037582085	-0.9377395	0	0	0.39	4.1990157e-18
5.600478425769372e-10	-0.114616066	-0.01379449	-0.9372141	0	0	0.39	4.8604037e-18
5.700040234505845e-10	-0.09318833	-0.0038122614	-0.9425919	0	0	0.39	3.6660934e-18
5.800406470774155e-10	-0.069818385	-0.0018684829	-0.94509	0	0	0.39	4.650091e-18
5.900622244687462e-10	-0.07387995	-0.00016128136	-0.94422203	0	0	0.39	5.492223e-18
6.000284374251955e-10	-0.073671274	-0.009791393	-0.9431835	0	0	0.39	5.5273412e-18
6.100555557536981e-10	-0.08088245	-0.005338584	-0.9435476	0	0	0.39	4.9659255e-18
6.200452084166932e-10	-0.08048784	0.008365563	-0.9416846	0	0	0.39	4.142431e-18
6.300035569368906e-10	-0.10355529	0.01238485	-0.9397108	0	0	0.39	4.8411118e-18
6.400470968686077e-10	-0.10052013	0.008187622	-0.93915784	0	0	0.39	5.2863926e-18
6.50022581573182e-10	-0.09516589	0.012286484	-0.9435509	0	0	0.39	4.982352e-18
6.600481894174596e-10	-0.07026851	0.021557456	-0.9469696	0	0	0.39	5.1709914e-18
6.700500724323347e-10	-0.059778947	0.009038375	-0.94913733	0	0	0.39	4.1682247e-18
6.800189279837187e-10	-0.05883973	-0.0011135087	-0.95177954	0	0	0.39	4.916601e-18
6.900512000519734e-10	-0.03921937	-0.020974327	-0.9466706	0	0	0.39	4.4439786e-18
7.000309681515198e-10	-0.04817848	-0.031121157	-0.9459048	0	0	0.39	4.24477e-18
7.10058290168166e-10	-0.05779115	-0.047089864	-0.9419463	0	0	0.39	5.100109e-18
7.200108811286469e-10	-0.07179956	-0.03199933	-0.9518361	0	0	0.39	3.0573276e-18
7.300058176528435e-10	-0.07485061	-0.014374921	-0.9496323	0	0	0.39	5.287795e-18
7.400602475353225e-10	-0.082731426	-0.014124069	-0.94862574	0	0	0.39	4.2059516e-18
7.500070780247902e-10	-0.07050985	-0.007580553	-0.94367266	0	0	0.39	5.047765e-18
7.600196474736263e-10	-0.07966651	-0.0047009224	-0.94494534	0	0	0.39	4.3785275e-18
7.700051231250423e-10	-0.07436899	-0.016432293	-0.9417783	0	0	0.39	4.3003205e-18
7.800261031559042e-10	-0.07361692	-0.022624921	-0.94331485	0	0	0.39	4.7403248e-18
7.900093328005181e-10	-0.07003022	-0.018367859	-0.94407314	0	0	0.39	4.8232587e-18
8.000053551743435e-10	-0.07944689	-0.02740501	-0.9428807	0	0	0.39	3.9241663e-18
8.100182116083566e-10	-0.083534315	-0.040130153	-0.9446076	0	0	0.39	5.1309157e-18
8.200611983504785e-10	-0.10287252	-0.026274925	-0.93907404	0	0	0.39	4.5545305e-18
8.300152221671164e-10	-0.10996635	-0.03480543	-0.9329879	0	0	0.39	4.610872e-18
8.400472062111038e-10	-0.09274665	-0.04697613	-0.9301246	0	0	0.39	4.119897e-18
8.50032156739486e-10	-0.08819527	-0.040597606	-0.9325645	0	0	0.39	4.9315516e-18
8.600479155963766e-10	-0.10063199	-0.049668834	-0.92775255	0	0	0.39	4.3525094e-18
8.700462326382967e-10	-0.102868706	-0.03685274	-0.92759246	0	0	0.39	4.7982564e-18
8.800499116279343e-10	-0.12335377	-0.036553722	-0.93058306	0	0	0.39	3.9546153e-18
8.900448690400492e-10	-0.12085266	-0.03252832	-0.933864	0	0	0.39	4.5506688e-18
9.000244488780504e-10	-0.12381841	-0.0132578425	-0.9328633	0	0	0.39	3.976772e-18
9.100325737364252e-10	-0.12236275	-0.023353558	-0.93118286	0	0	0.39	5.7882393e-18
9.200029649143082e-10	-0.118917175	-0.012715316	-0.9342252	0	0	0.39	4.296185e-18
9.300264268829716e-10	-0.11053738	0.003419317	-0.93264407	0	0	0.39	4.024551e-18
9.400084727787997e-10	-0.11004538	0.020140437	-0.93822086	0	0	0.39	3.466181e-18
9.500539140202186e-10	-0.097078174	0.009061621	-0.93447095	0	0	0.39	4.4735665e-18
9.6001777970357e-10	-0.09643532	0.008339698	-0.9326732	0	0	0.39	4.5247917e-18
9.700614358217106e-10	-0.09778017	0.0052443864	-0.9345871	0	0	0.39	3.77911e-18
9.800364767968106e-10	-0.08825579	-0.0053763436	-0.9347493	0	0	0.39	4.706633e-18
9.900151873671864e-10	-0.10350309	-0.01393559	-0.9338191	0	0	0.39	5.3217728e-18
1.0000224214121578e-09	-0.084027156	0.00023902461	-0.9340428	0	0	0.39	4.8396042e-18
1.0100343102339325e-09	-0.08661188	-0.0031997082	-0.9311596	0	0	0.39	4.656839e-18
1.0200555463981416e-09	-0.09549592	0.004132339	-0.9280214	0	0	0.39	4.519637e-18
1.0300557274256343e-09	-0.091986924	0.010594758	-0.92531013	0	0	0.39	4.2086453e-18
1.0400280762609578e-09	-0.07995547	0.018967116	-0.927236	0	0	0.39	4.6857834e-18
1.0500311307984671e-09	-0.060997978	0.022893215	-0.92883164	0	0	0.39	4.968927e-18
1.0600615021701212e-09	-0.05374665	0.02508462	-0.93576366	0	0	0.39	4.443053e-18
1.0700367782869196e-09	-0.07221647	0.028787151	-0.93462247	0	0	0.39	3.6254458e-18
1.080060126053706e-09	-0.07951122	0.02567653	-0.9407001	0	0	0.39	4.2867796e-18
1.090056357112105e-09	-0.09350133	0.012967763	-0.940327	0	0	0.39	5.138184e-18
1.1000184226224902e-09	-0.093574524	0.024010165	-0.9334541	0	0	0.39	4.1992837e-18
1.1100239148715414e-09	-0.08013517	0.03283329	-0.9354639	0	0	0.39	4.5065122e-18
1.1200510617214067e-09	-0.09315803	0.035284065	-0.93135595	0	0	0.39	4.4997277e-18
1.1300548906907906e-09	-0.09803998	0.025874782	-0.9340306	0	0	0.39	3.9551835e-18
1.1400247306474586e-09	-0.09365236	0.018230377	-0.9402209	0	0	0.39	3.2365567e-18
1.1500627954326907e-09	-0.07001351	0.03125635	-0.9359521	0	0	0.39	5.5928643e-18
1.1600187755600624e-09	-0.06334986	0.023778373	-0.93805355	0	0	0.39	4.71502e-18
1.1700102305590765e-09	-0.0648649	0.034080427	-0.94431615	0	0	0.39	4.5610077e-18
1.1800590855608002e-09	-0.059850525	0.035232052	-0.94162995	0	0	0.39	4.511418e-18
1.1900055586260331e-09	-0.07169152	0.0537008	-0.9435178	0	0	0.39	4.8533875e-18
1.2000175887268141e-09	-0.08757282	0.049294583	-0.94552296	0	0	0.39	4.8429837e-18
1.2100277427532312e-09	-0.074083395	0.063943185	-0.946093	0	0	0.39	4.4360604e-18
1.2200126795122014e-09	-0.06543929	0.07730574	-0.94811183	0	0	0.39	5.084961e-18
1.230056866285759e-09	-0.056435797	0.08243684	-0.94802403	0	0	0.39	4.303175e-18
1.240042897485853e-09	-0.056660343	0.07567804	-0.9444543	0	0	0.39	4.523982e-18
1.250032894381201e-09	-0.069943324	0.0700202	-0.9442417	0	0	0.39	4.642877e-18
1.2600433386589474e-09	-0.061214212	0.04564231	-0.94208735	0	0	0.39	4.6744808e-18
1.2700180304742616e-09	-0.055842023	0.058706746	-0.94163024	0	0	0.39	4.094633e-18
1.2800246624376973e-09	-0.046638723	0.07440956	-0.94568443	0	0	0.39	4.4733994e-18
1.2900368188114681e-09	-0.025741251	0.09121241	-0.9472488	0	0	0.39	4.601987e-18
1.3000200973705157e-09	-0.012796403	0.086104594	-0.9447023	0	0	0.39	4.892052e-18
1.3100437788081947e-09	0.0058130696	0.07956912	-0.94519883	0	0	0.39	5.2057433e-18
1.3200579125168055e-09	0.019906335	0.08806456	-0.9391042	0	0	0.39	5.9315256e-18
1.33005492550204e-09	0.01817821	0.0738524	-0.9443328	0	0	0.39	5.2336052e-18
1.3400120184212449e-09	0.03605171	0.07019433	-0.9448688	0	0	0.39	4.4463605e-18
1.3500141010419494e-09	0.031668235	0.05685296	-0.94602257	0	0	0.39	4.735281e-18
1.3600003640537928e-09	0.021556484	0.044861972	-0.9461679	0	0	0.39	4.737035e-18
1.3700144369278562e-09	0.018528229	0.055270124	-0.9471285	0	0	0.39	5.4099903e-18
1.3800257290478955e-09	0.011341603	0.04557802	-0.94919306	0	0	0.39	5.1465457e-18
1.3900528326090759e-09	0.022521565	0.06664834	-0.9506619	0	0	0.39	5.0567962e-18
1.400034069520466e-09	0.03315091	0.06441441	-0.94827676	0	0	0.39	4.081398e-18
1.410048428773915e-09	0.047002524	0.07214522	-0.9478038	0	0	0.39	4.398e-18
1.420012964056817e-09	0.021570446	0.07145613	-0.94464636	0	0	0.39	5.0782814e-18
1.430029476784322e-09	0.030505735	0.07072646	-0.94331425	0	0	0.39	4.338355e-18
1.4400360378976568e-09	0.038627084	0.055692054	-0.94428617	0	0	0.39	4.152454e-18
1.4500203807786927e-09	0.026328275	0.059197765	-0.9484238	0	0	0.39	4.28776e-18
1.4600388507963978e-09	0.028309446	0.07913583	-0.950133	0	0	0.39	4.6623316e-18
1.4700599563901764e-09	0.0255952	0.07270347	-0.94649625	0	0	0.39	4.004862e-18
1.4800459885221823e-09	0.026669739	0.0892813	-0.9519205	0	0	0.39	4.2608367e-18
1.4900027401380865e-09	0.026669802	0.07966233	-0.95154953	0	0	0.39	3.5269087e-18
1.5000180635239964e-09	0.0363465	0.056495775	-0.94701946	0	0	0.39	4.963834e-18
1.5100470691184694e-09	0.025345812	0.05617315	-0.94861865	0	0	0.39	4.2139405e-18
1.5200363936363525e-09	0.035461247	0.045642223	-0.95185775	0	0	0.39	4.3582823e-18
1.5300291567614946e-09	0.020342106	0.048785858	-0.9503304	0	0	0.39	3.9963908e-18
1.5400037759142848e-09	0.010766272	0.05031984	-0.9490651	0	0	0.39	4.7651013e-18
1.550007277371851e-09	0.010904459	0.03491669	-0.94837326	0	0	0.39	4.99337e-18
1.5600062089981426e-09	0.012282714	0.028444959	-0.9470087	0	0	0.39	3.3091685e-18
1.5700181668322614e-09	0.026376503	0.024999985	-0.953979	0	0	0.39	4.421768e-18
1.5800621551386622e-09	0.032923155	0.02667582	-0.95438725	0	0	0.39	4.6958493e-18
1.590049807069652e-09	0.050086986	0.029519735	-0.9523519	0	0	0.39	4.9103468e-18
1.6000277585905573e-09	0.053904083	0.024337828	-0.9494204	0	0	0.39	4.0420975e-18
1.6100016955638915e-09	0.055840723	0.012721314	-0.9487827	0	0	0.39	5.551286e-18
1.620003096586065e-09	0.053968415	0.019416207	-0.94793385	0	0	0.39	4.7442195e-18
1.6300620325995815e-09	0.0501395	0.020029707	-0.9445269	0	0	0.39	5.494299e-18
1.6400176046917417e-09	0.040256497	0.017468274	-0.94571406	0	0	0.39	4.2634717e-18
1.6500250269614996e-09	0.038976293	0.018098822	-0.9458842	0	0	0.39	3.385685e-18
1.6600572148180065e-09	0.038240347	0.027291209	-0.9451553	0	0	0.39	5.057187e-18
1.670061426819087e-09	0.03149916	0.006237387	-0.94028944	0	0	0.39	4.26174e-18
1.6800553684465208e-09	0.034858737	0.001515365	-0.9414638	0	0	0.39	3.8824293e-18
1.6900413073825076e-09	0.023689307	-0.0074403603	-0.9410574	0	0	0.39	5.397391e-18
1.7000088323218562e-09	0.027042586	-0.027682908	-0.94053507	0	0	0.39	4.6007203e-18
1.710012131007549e-09	0.01847643	-0.040242735	-0.9313404	0	0	0.39	4.424632e-18
1.7200477549799643e-09	0.008520014	-0.03981607	-0.9311573	0	0	0.39	4.5241337e-18
1.7300376842356449e-09	0.010378955	-0.060272366	-0.9318959	0	0	0.39	4.2126476e-18
1.740005724377844e-09	0.017465122	-0.064625226	-0.92935675	0	0	0.39	4.1914218e-18
1.7500448207461958e-09	0.011578231	-0.0725941	-0.9342836	0	0	0.39	4.7588127e-18
1.7600431896286735e-09	0.018269062	-0.081527576	-0.93615544	0	0	0.39	3.765642e-18
1.770032529918105e-09	0.03671188	-0.08966014	-0.93407905	0	0	0.39	4.82607e-18
1.7800229589658586e-09	0.041770164	-0.1016711	-0.9375964	0	0	0.39	4.5535387e-18
1.790047766526444e-09	0.03575271	-0.10335721	-0.9400276	0	0	0.39	5.852667e-18
1.800016213952692e-09	0.022251232	-0.102417886	-0.9442447	0	0	0.39	4.8606163e-18
1.8100176939558738e-09	0.021394774	-0.113269486	-0.9422659	0	0	0.39	4.9382703e-18
1.8200329140923974e-09	0.0068242727	-0.11540914	-0.9387222	0	0	0.39	5.148916e-18
1.8300284615085344e-09	-0.005651953	-0.1253505	-0.9382479	0	0	0.39	4.2228046e-18
1.8400510943869435e-09	-0.0038878154	-0.12673137	-0.93638676	0	0	0.39	4.501063e-18
1.850022410644629e-09	-0.016345188	-0.11992411	-0.9342445	0	0	0.39	4.1555325e-18
1.8600024587843824e-09	-0.0062168664	-0.11910492	-0.9305113	0	0	0.39	5.072435e-18
1.870033422526688e-09	-0.029339107	-0.09665965	-0.93857294	0	0	0.39	4.1400448e-18
1.8800096914271228e-09	-0.013475117	-0.0743025	-0.9371471	0	0	0.39	4.4074842e-18
1.890014545035295e-09	-0.009511591	-0.09031868	-0.9359438	0	0	0.39	3.0216918e-18
1.9000457514153926e-09	0.0067252927	-0.08318397	-0.9363654	0	0	0.39	4.3747395e-18
1.910046580253285e-09	0.013557011	-0.08779575	-0.93390465	0	0	0.39	5.7746674e-18
1.9200414926196563e-09	0.007041258	-0.08186354	-0.9364005	0	0	0.39	4.8873028e-18
1.9300432816422466e-09	0.014577475	-0.07184876	-0.94146353	0	0	0.39	4.0347815e-18
1.940047296706509e-09	-0.0035720295	-0.08048611	-0.9445786	0	0	0.39	3.549536e-18
1.950048757930239e-09	-0.015841832	-0.07096941	-0.9478208	0	0	0.39	4.393584e-18
1.9600333688831567e-09	-0.03560856	-0.05893311	-0.9491944	0	0	0.39	5.0905683e-18
1.9700006512279643e-09	-0.034299623	-0.0518741	-0.94756943	0	0	0.39	4.8722952e-18
1.9800584273390077e-09	-0.030730128	-0.036069766	-0.94752246	0	0	0.39	4.2250446e-18
1.9900379793501867e-09	-0.060173355	-0.009048697	-0.9467171	0	0	0.39	5.2964366e-18
2.000054987094306e-09	-0.06269101	-0.0012012232	-0.94550115	0	0	0.39	4.9814165e-18
2.0100014356253553e-09	-0.06928419	0.0052042417	-0.9469115	0	0	0.39	4.6165897e-18
2.0200058497287466e-09	-0.086983904	-0.0031520699	-0.9430097	0	0	0.39	5.056571e-18
2.030034029954092e-09	-0.099163264	-0.005597204	-0.9401268	0	0	0.39	4.2068437e-18
2.040025270453459e-09	-0.08583113	-0.0068633896	-0.942793	0	0	0.39	4.4999907e-18
2.050014316247809e-09	-0.09143638	0.0071644923	-0.94503766	0	0	0.39	5.1042664e-18
2.060031549046156e-09	-0.08861528	0.0086650355	-0.9473612	0	0	0.39	4.8819435e-18
2.070021694693229e-09	-0.11655847	0.026760498	-0.94430625	0	0	0.39	4.062025e-18
2.080055055527759e-09	-0.124049395	0.03708736	-0.9418281	0	0	0.39	4.0079643e-18
2.090020734093619e-09	-0.11269153	0.032453597	-0.9390651	0	0	0.39	5.400934e-18
2.100057516315586e-09	-0.0791711	0.046561528	-0.94178855	0	0	0.39	3.8681075e-18
2.110047923797203e-09	-0.08361665	0.029776499	-0.9378263	0	0	0.39	3.9247962e-18
2.1200272756290156e-09	-0.07096179	0.026593124	-0.94263506	0	0	0.39	3.4907043e-18
2.1300090474567016e-09	-0.06318079	0.03759464	-0.94552666	0	0	0.39	4.1784905e-18
2.140031877174378e-09	-0.075460106	0.018803092	-0.9477663	0	0	0.39	3.5229217e-18
2.1500463074331787e-09	-0.06866673	0.02942143	-0.9517117	0	0	0.39	4.446234e-18
2.160006796540477e-09	-0.073710494	0.049831692	-0.95035803	0	0	0.39	5.1544002e-18
2.1700033937585993e-09	-0.06309998	0.049747687	-0.9510654	0	0	0.39	4.3594383e-18
2.1800337778594173e-09	-0.048012916	0.074734226	-0.95217806	0	0	0.39	4.8968563e-18
2.1900196911272705e-09	-0.043140363	0.06749647	-0.94787115	0	0	0.39	4.9236896e-18
2.2000134845183214e-09	-0.040252913	0.059021786	-0.9459692	0	0	0.39	5.2493084e-18
2.2100072204469107e-09	-0.042698164	0.06587392	-0.94203734	0	0	0.39	3.634223e-18
2.220036122850905e-09	-0.043213934	0.062769055	-0.9425972	0	0	0.39	4.167543e-18
2.2300468319385184e-09	-0.048314366	0.062225327	-0.941471	0	0	0.39	4.4852355e-18
2.2400062203331488e-09	-0.052419826	0.07338817	-0.94105244	0	0	0.39	4.7273674e-18
2.250030621726423e-09	-0.046416152	0.08154085	-0.94398075	0	0	0.39	4.3900928e-18
2.260025935901496e-09	-0.039844483	0.076008886	-0.9426375	0	0	0.39	4.0949233e-18
2.270052267059684e-09	-0.046672933	0.083060935	-0.94246364	0	0	0.39	4.665567e-18
2.2800114755301913e-09	-0.026636971	0.09051542	-0.9450446	0	0	0.39	4.0252776e-18
2.290005507218897e-09	-0.032947216	0.08152551	-0.94748795	0	0	0.39	4.6205585e-18
2.3000239387887733e-09	-0.034089994	0.072492965	-0.9463904	0	0	0.39	5.1004507e-18
2.310030670562068e-09	-0.051870134	0.08427149	-0.94752306	0	0	0.39	4.53651e-18
2.32004487256393e-09	-0.03745824	0.09385063	-0.94064164	0	0	0.39	3.8379e-18
2.330039025140144e-09	-0.02893341	0.08264215	-0.94206786	0	0	0.39	4.622401e-18
2.340021549476809e-09	-0.041124158	0.08434735	-0.95111436	0	0	0.39	3.5042316e-18
2.3500475123964775e-09	-0.025976487	0.085155345	-0.9510687	0	0	0.39	5.097712e-18
2.3600535858549665e-09	-0.03017049	0.089480095	-0.9519025	0	0	0.39	3.8938407e-18
2.3700396854738256e-09	-0.008970139	0.0734792	-0.95230526	0	0	0.39	5.0598237e-18
2.380008369769665e-09	0.001437462	0.07435868	-0.9485712	0	0	0.39	5.317376e-18
2.390004295391305e-09	0.0048286505	0.06892271	-0.9489196	0	0	0.39	4.0566244e-18
2.400002633120746e-09	-0.0053419103	0.06727271	-0.94630575	0	0	0.39	5.871384e-18
2.4100001025102837e-09	-0.01371053	0.06653997	-0.9465362	0	0	0.39	5.110218e-18
2.4200223422927653e-09	-0.0260197	0.071972184	-0.9534771	0	0	0.39	4.046247e-18
2.4300373694047634e-09	-0.027315134	0.058584146	-0.9516333	0	0	0.39	4.940057e-18
2.440050674316957e-09	-0.02403855	0.06214056	-0.9512899	0	0	0.39	4.8486565e-18
2.4500325382428184e-09	-0.017150668	0.06026869	-0.9516598	0	0	0.39	5.7509773e-18
2.460009124431496e-09	-0.010583212	0.060677607	-0.9507873	0	0	0.39	4.1060807e-18
2.4700546693195216e-09	0.0013304587	0.03695909	-0.95416725	0	0	0.39	4.4284297e-18
2.480005183599188e-09	0.012262128	0.025004186	-0.95145017	0	0	0.39	3.8007725e-18
2.490016620539401e-09	0.0062858355	0.042272367	-0.9500388	0	0	0.39	4.1032394e-18
2.500055770120873e-09	0.004964096	0.058527198	-0.9513524	0	0	0.39	4.705168e-18
2.5100124898299133e-09	0.010761937	0.060738362	-0.9495328	0	0	0.39	4.6000626e-18
2.5200532876941792e-09	0.016027244	0.084441446	-0.9503091	0	0	0.39	5.1664605e-18
2.530057618688267e-09	0.024608918	0.09813686	-0.9471683	0	0	0.39	4.2537784e-18
2.5400545813429e-09	0.047258794	0.10105285	-0.9464808	0	0	0.39	4.521219e-18
2.5500430854429974e-09	0.06795805	0.10069369	-0.9442787	0	0	0.39	4.163693e-18
2.560056149242134e-09	0.06318816	0.106929965	-0.9421378	0	0	0.39	4.976173e-18
2.570029425740816e-09	0.053399608	0.07779791	-0.94474083	0	0	0.39	4.7234747e-18
2.5800414532470096e-09	0.043352038	0.06908815	-0.94547087	0	0	0.39	4.3116843e-18
2.590053894464784e-09	0.024865756	0.07412771	-0.941418	0	0	0.39	3.2816656e-18
2.6000500928514613e-09	0.024889387	0.07353405	-0.9412245	0	0	0.39	4.4684462e-18
2.6100077502396395e-09	0.031778563	0.08611362	-0.9430966	0	0	0.39	4.891505e-18
2.620059160505252e-09	0.032030527	0.083866924	-0.9436226	0	0	0.39	3.7208205e-18
2.630030367361017e-09	0.07059784	0.094481595	-0.93814164	0	0	0.39	4.8010464e-18
2.6400493279849474e-09	0.08803771	0.09242215	-0.9356468	0	0	0.39	4.094856e-18
2.6500135082228204e-09	0.08964146	0.07666992	-0.9346426	0	0	0.39	4.5674382e-18
2.660015914408611e-09	0.08740137	0.078218415	-0.93737614	0	0	0.39	4.521317e-18
2.670045614042789e-09	0.06913591	0.07738006	-0.93924147	0	0	0.39	4.9056347e-18
2.6800511008292184e-09	0.056922574	0.06243941	-0.941647	0	0	0.39	4.613023e-18
2.6900292756895827e-09	0.06485671	0.08913213	-0.9364748	0	0	0.39	3.815435e-18
2.700049159838382e-09	0.06568792	0.09239169	-0.9387959	0	0	0.39	4.2451794e-18
2.7100001965032172e-09	0.077723086	0.09591665	-0.9410694	0	0	0.39	4.849413e-18
2.720034297272138e-09	0.0866062	0.09229801	-0.94275475	0	0	0.39	4.7675018e-18
2.730019604085678e-09	0.10267897	0.0831731	-0.9394137	0	0	0.39	4.419531e-18
2.7400571791483514e-09	0.10405489	0.06894931	-0.9396552	0	0	0.39	4.211646e-18
2.7500351497194955e-09	0.12402193	0.06707275	-0.9310769	0	0	0.39	4.7594177e-18
2.7600171728914828e-09	0.112504825	0.047399446	-0.9309107	0	0	0.39	3.989941e-18
2.770035843855369e-09	0.090965874	0.03768699	-0.9307591	0	0	0.39	4.414059e-18
2.7800088419023152e-09	0.07586189	0.045744337	-0.92535657	0	0	0.39	5.1686587e-18
2.7900331794213547e-09	0.06629371	0.085769124	-0.92195094	0	0	0.39	4.970615e-18
2.800021593107037e-09	0.08524768	0.10531833	-0.9157677	0	0	0.39	4.6113727e-18
2.810034517059862e-09	0.09131528	0.112364784	-0.9187356	0	0	0.39	4.3161904e-18
2.8200234491625224e-09	0.102176175	0.12035086	-0.9192195	0	0	0.39	4.875262e-18
2.8300325305216204e-09	0.11191856	0.12413256	-0.9267243	0	0	0.39	3.2599308e-18
2.8400564685456544e-09	0.11004829	0.114550866	-0.926114	0	0	0.39	4.7178432e-18
2.85005693579082e-09	0.09876154	0.10381779	-0.9264072	0	0	0.39	4.204299e-18
2.860057928471513e-09	0.080739066	0.101934716	-0.92661244	0	0	0.39	3.8831952e-18
2.8700599498961135e-09	0.06920176	0.09792847	-0.9313018	0	0	0.39	3.6402316e-18
2.880036143070542e-09	0.0643341	0.10192595	-0.9308593	0	0	0.39	4.0479527e-18
2.8900076840212877e-09	0.06784699	0.10861887	-0.9288094	0	0	0.39	5.5335633e-18
2.90001932121247e-09	0.07890425	0.11822248	-0.9258964	0	0	0.39	4.73966e-18
2.9100550860489772e-09	0.09519717	0.13183305	-0.92048144	0	0	0.39	3.938941e-18
2.920019510798906e-09	0.1062796	0.12776642	-0.9224657	0	0	0.39	4.406643e-18
2.9300377951119003e-09	0.112926506	0.112126596	-0.9210513	0	0	0.39	4.8963124e-18
2.94001495288348e-09	0.11450696	0.09138504	-0.9235017	0	0	0.39	4.43981e-18
2.9500228222001837e-09	0.110426754	0.07994061	-0.92374635	0	0	0.39	4.929881e-18
2.9600256461367386e-09	0.08799785	0.06399201	-0.9228656	0	0	0.39	3.6057068e-18
2.970059229113273e-09	0.06410689	0.07473717	-0.931548	0	0	0.39	4.653102e-18
2.980008787906391e-09	0.071318746	0.08005762	-0.9342019	0	0	0.39	4.8948376e-18
2.990042398619834e-09	0.059562754	0.09751445	-0.9345733	0	0	0.39	3.921192e-18
3.0000561332096994e-09	0.058562227	0.11853309	-0.9339893	0	0	0.39	5.3438932e-18
3.0100313202737623e-09	0.08111343	0.12886877	-0.93070614	0	0	0.39	4.38446e-18
3.0200410107319717e-09	0.08404789	0.121948384	-0.92939097	0	0	0.39	3.5896586e-18
3.0300256575894987e-09	0.09395759	0.14301191	-0.9270471	0	0	0.39	4.5788277e-18
3.040045762105235e-09	0.10472503	0.14404988	-0.92419976	0	0	0.39	5.065814e-18
3.050045116107501e-09	0.10973875	0.13942137	-0.91642386	0	0	0.39	4.628142e-18
3.060033282461293e-09	0.10939372	0.12786318	-0.91590214	0	0	0.39	3.697328e-18
3.070016769902429e-09	0.09454914	0.14484766	-0.9129437	0	0	0.39	4.568763e-18
3.0800159842887468e-09	0.0887313	0.16468026	-0.90906185	0	0	0.39	3.678748e-18
3.0900103061188356e-09	0.106173605	0.18046181	-0.9061915	0	0	0.39	4.420348e-18
3.1000233130824826e-09	0.10500056	0.19805694	-0.9084043	0	0	0.39	4.7391138e-18
3.1100061945851687e-09	0.124110445	0.22027396	-0.9048026	0	0	0.39	4.0455232e-18
3.120063843970815e-09	0.13097127	0.21811451	-0.9074552	0	0	0.39	4.2226983e-18
3.1300130048703317e-09	0.13800094	0.2143855	-0.91016585	0	0	0.39	3.4075734e-18
3.1400516142544666e-09	0.12446872	0.2144023	-0.9103152	0	0	0.39	4.5621418e-18
3.1500291966005287e-09	0.13181825	0.22283901	-0.911306	0	0	0.39	3.8195354e-18
3.1600582794769598e-09	0.1291114	0.21398392	-0.91640425	0	0	0.39	3.7737175e-18
3.170048622551523e-09	0.10479445	0.22846699	-0.92024744	0	0	0.39	4.8899593e-18
3.180002436794718e-09	0.09831856	0.21168418	-0.92392516	0	0	0.39	3.800324e-18
3.1900052789809804e-09	0.09867391	0.20536105	-0.92402905	0	0	0.39	5.122356e-18
3.2000145212440257e-09	0.12200845	0.19375968	-0.9258918	0	0	0.39	3.755026e-18
3.2100454905735522e-09	0.13064171	0.18775956	-0.9282832	0	0	0.39	5.0687775e-18
3.220004014237281e-09	0.14432265	0.18512934	-0.9283578	0	0	0.39	4.738339e-18
3.230059951961586e-09	0.13469033	0.1913849	-0.92574644	0	0	0.39	4.504025e-18
3.2400589543001685e-09	0.14083338	0.18369816	-0.9267748	0	0	0.39	5.0575858e-18
3.250044821329089e-09	0.14559434	0.16261384	-0.92781085	0	0	0.39	4.393683e-18
3.2600115732774455e-09	0.14495768	0.15097429	-0.9268234	0	0	0.39	5.1237184e-18
3.2700325064623983e-09	0.1408792	0.15130708	-0.9262578	0	0	0.39	4.328532e-18
3.280009646813772e-09	0.153438	0.1510463	-0.9257901	0	0	0.39	5.1526875e-18
3.2900339308897572e-09	0.13495973	0.17155823	-0.923086	0	0	0.39	4.843593e-18
3.3000559555677922e-09	0.15097739	0.1810857	-0.9242833	0	0	0.39	4.578418e-18
3.3100064500458443e-09	0.15527122	0.16123459	-0.93171585	0	0	0.39	3.8918207e-18
3.320007374118076e-09	0.14049716	0.14841151	-0.9306742	0	0	0.39	4.938801e-18
3.3300095898322227e-09	0.14905143	0.12694998	-0.9305659	0	0	0.39	5.282586e-18
3.3400178309394065e-09	0.14676322	0.122779585	-0.92811906	0	0	0.39	3.9688606e-18
3.350048092021623e-09	0.14064007	0.12573068	-0.93359005	0	0	0.39	4.8933912e-18
3.3600158418018395e-09	0.14372456	0.12929948	-0.9281542	0	0	0.39	4.9419873e-18
3.3700311137274644e-09	0.1260936	0.11844466	-0.93304175	0	0	0.39	4.4841502e-18
3.380019094183366e-09	0.12568521	0.12858005	-0.93328077	0	0	0.39	5.057956e-18
3.390035620929642e-09	0.1380224	0.12047524	-0.93300337	0	0	0.39	4.9963893e-18
3.4000037520799756e-09	0.15432058	0.1053265	-0.93424314	0	0	0.39	4.826677e-18
3.41000077157839e-09	0.17558679	0.12490137	-0.93234503	0	0	0.39	5.4903575e-18
3.4200535622686348e-09	0.19415702	0.0969233	-0.92854047	0	0	0.39	4.759832e-18
3.4300026098137286e-09	0.20642318	0.0977714	-0.9254334	0	0	0.39	4.625799e-18
3.4400309216959355e-09	0.2214635	0.08211932	-0.92072284	0	0	0.39	5.443053e-18
3.4500388959414746e-09	0.20780022	0.07954139	-0.9291051	0	0	0.39	3.7106524e-18
3.4600237073834383e-09	0.19832177	0.056471378	-0.92941916	0	0	0.39	4.10159e-18
3.470038868645685e-09	0.20708805	0.069755055	-0.92720324	0	0	0.39	3.257383e-18
3.4800162312776484e-09	0.19627431	0.06619026	-0.9258981	0	0	0.39	4.3471687e-18
3.490024231469819e-09	0.20049874	0.055250295	-0.92670804	0	0	0.39	4.8691383e-18
3.500021665673496e-09	0.2179453	0.06293477	-0.9248451	0	0	0.39	4.9278268e-18
3.510034782993191e-09	0.21325845	0.08186718	-0.9238354	0	0	0.39	4.597865e-18
3.520038103493839e-09	0.21485238	0.07647988	-0.92599696	0	0	0.39	4.100647e-18
3.530039528065402e-09	0.22728737	0.06541554	-0.9273871	0	0	0.39	4.1471056e-18
3.5400121139835436e-09	0.2242505	0.05063887	-0.9231038	0	0	0.39	4.5194845e-18
3.5500193885593236e-09	0.21579406	0.05474174	-0.9235577	0	0	0.39	4.413117e-18
3.560033407500099e-09	0.22278869	0.03400096	-0.9202665	0	0	0.39	5.0326343e-18
3.5700487165234957e-09	0.23067877	0.034915544	-0.917032	0	0	0.39	4.790804e-18
3.5800329209979015e-09	0.22214858	0.03223574	-0.91852844	0	0	0.39	4.026591e-18
3.590045495271654e-09	0.23011982	0.032273576	-0.9144572	0	0	0.39	3.543571e-18
3.600001906638576e-09	0.23631942	0.015445297	-0.9114371	0	0	0.39	5.9786084e-18
3.6100599878010983e-09	0.23586585	-0.011739583	-0.9148519	0	0	0.39	5.1802417e-18
3.6200217889460693e-09	0.22615992	-0.009357502	-0.9194303	0	0	0.39	4.2376914e-18
3.6300137914414984e-09	0.22760725	-0.009986118	-0.9180286	0	0	0.39	5.0422035e-18
3.6400594921663624e-09	0.22246143	-0.012984236	-0.9193121	0	0	0.39	4.318974e-18
3.6500170178511057e-09	0.221117	-0.0048108934	-0.91981184	0	0	0.39	3.969297e-18
3.6600049704815496e-09	0.23893498	0.01776036	-0.9182258	0	0	0.39	4.9567826e-18
3.6700047424490564e-09	0.23536777	0.009184549	-0.9218609	0	0	0.39	4.896526e-18
3.6800063084857953e-09	0.25100625	0.0071628056	-0.9141123	0	0	0.39	4.7579334e-18
3.6900239618179e-09	0.22893493	-0.008794624	-0.92609805	0	0	0.39	4.6673133e-18
3.7000026662075317e-09	0.23376481	-0.038277682	-0.9264835	0	0	0.39	4.8711016e-18
3.710054018565725e-09	0.23865828	-0.05100377	-0.9221731	0	0	0.39	4.705493e-18
3.7200043521758673e-09	0.23374832	-0.053378083	-0.92313206	0	0	0.39	3.9798964e-18
3.730003657752018e-09	0.22059259	-0.047751065	-0.92017686	0	0	0.39	5.474941e-18
3.740011797033189e-09	0.2153613	-0.05238071	-0.9155072	0	0	0.39	4.3783476e-18
3.750042805315657e-09	0.21604386	-0.031702083	-0.9134784	0	0	0.39	4.1990844e-18
3.760057347663972e-09	0.22931871	-0.019461947	-0.9105597	0	0	0.39	4.340213e-18
3.770001630835255e-09	0.22763707	0.007682818	-0.91386807	0	0	0.39	4.2419646e-18
3.780030418757643e-09	0.23247331	-0.00202501	-0.91057765	0	0	0.39	4.6067223e-18
3.7900519541694555e-09	0.23674399	-0.004818397	-0.91379595	0	0	0.39	4.1061184e-18
3.80005879172892e-09	0.25208452	-0.019519448	-0.9167599	0	0	0.39	4.801861e-18
3.810015072668475e-09	0.23652177	-0.017451724	-0.9152432	0	0	0.39	5.4219224e-18
3.820021635355689e-09	0.22662187	-0.005445452	-0.9193329	0	0	0.39	4.3980345e-18
3.830054343071285e-09	0.22497192	0.00041270608	-0.91758555	0	0	0.39	4.043331e-18
3.840030230239049e-09	0.21922131	0.010265961	-0.91989243	0	0	0.39	2.9950293e-18
3.8500261610773064e-09	0.21333982	0.0055749826	-0.9207262	0	0	0.39	4.5351124e-18
3.860058802677013e-09	0.21296859	0.022856403	-0.921114	0	0	0.39	4.436729e-18
3.870012608032619e-09	0.22731882	0.015644595	-0.91996765	0	0	0.39	4.705966e-18
3.880043927071625e-09	0.23999533	0.006710135	-0.91602665	0	0	0.39	5.0055635e-18
3.8900185935022545e-09	0.24115933	0.006352549	-0.91388	0	0	0.39	4.4497933e-18
3.9000406295683724e-09	0.2493642	0.022157192	-0.904742	0	0	0.39	5.2890466e-18
3.910061005038747e-09	0.25269988	0.029839361	-0.90037805	0	0	0.39	4.6690685e-18
3.920053845986608e-09	0.24926145	0.053159915	-0.8969147	0	0	0.39	5.120864e-18
3.930020242050139e-09	0.24823028	0.04705087	-0.8924734	0	0	0.39	4.6969044e-18
3.940051163381482e-09	0.25331947	0.074444324	-0.88434815	0	0	0.39	4.14165e-18
3.950053543288765e-09	0.2500223	0.08083836	-0.88953155	0	0	0.39	5.0851234e-18
3.960034800662242e-09	0.2654713	0.08065554	-0.8879636	0	0	0.39	5.340463e-18
3.97004002082502e-09	0.27778307	0.086341076	-0.88314766	0	0	0.39	4.9372914e-18
3.980046686015107e-09	0.26742822	0.097824335	-0.88386756	0	0	0.39	4.6698816e-18
3.990008183025321e-09	0.2666648	0.094459325	-0.88858724	0	0	0.39	3.8465615e-18
4.000035256099775e-09	0.27523214	0.0990647	-0.88734174	0	0	0.39	4.23539e-18
4.010044523960989e-09	0.2748909	0.082584344	-0.88973504	0	0	0.39	5.84703e-18
4.020046247681342e-09	0.28223273	0.06715241	-0.88858867	0	0	0.39	4.756222e-18
4.030030658227493e-09	0.2643781	0.077098384	-0.8927146	0	0	0.39	5.1193923e-18
4.040021384342543e-09	0.24450663	0.071912825	-0.8935526	0	0	0.39	3.910472e-18
4.050044334785244e-09	0.23308605	0.08195504	-0.8923903	0	0	0.39	5.12061e-18
4.060030734409997e-09	0.21623419	0.08402241	-0.8996489	0	0	0.39	4.706874e-18
4.070005331748846e-09	0.2057818	0.09248263	-0.9029589	0	0	0.39	5.430289e-18
4.080018557926099e-09	0.20475717	0.112511545	-0.9066965	0	0	0.39	4.7517254e-18
4.09000935012797e-09	0.21932693	0.11750307	-0.9003631	0	0	0.39	4.3605384e-18
4.100001320717149e-09	0.21463922	0.11130405	-0.899452	0	0	0.39	3.8286386e-18
4.110039001307655e-09	0.2167328	0.10703929	-0.88862634	0	0	0.39	5.2654724e-18
4.120038975693537e-09	0.22116753	0.12388428	-0.88172853	0	0	0.39	5.4534177e-18
4.130025740657784e-09	0.20239235	0.13305044	-0.874105	0	0	0.39	4.4325284e-18
4.140009948744543e-09	0.19177154	0.15127921	-0.8627987	0	0	0.39	4.975552e-18
4.1500558811681675e-09	0.16039194	0.16830586	-0.86182094	0	0	0.39	4.861591e-18
4.1600341351148376e-09	0.13422823	0.1860518	-0.85315317	0	0	0.39	4.5860452e-18
4.170033348265936e-09	0.108337656	0.22218116	-0.8457472	0	0	0.39	4.774925e-18
4.180039876666422e-09	0.07407597	0.20708403	-0.84439856	0	0	0.39	4.8176306e-18
4.190039719725473e-09	0.036029432	0.22572745	-0.83174187	0	0	0.39	5.1087374e-18
4.200010898175918e-09	-0.01679263	0.23377874	-0.8071994	0	0	0.39	5.1609072e-18
4.210045336910998e-09	-0.097966	0.17954202	-0.7874776	0	0	0.39	5.745701e-18
4.2200530628370915e-09	-0.16207856	0.10267252	-0.77089524	0	0	0.39	4.7028018e-18
4.2300467468383425e-09	-0.1715804	-0.008203026	-0.7601185	0	0	0.39	4.8326336e-18
4.240002620427381e-09	-0.17124146	-0.11646733	-0.74867374	0	0	0.39	3.5229924e-18
4.2500035521180434e-09	-0.1281991	-0.22578482	-0.7422428	0	0	0.39	4.7975495e-18
4.260007301050362e-09	-0.036265403	-0.30594254	-0.73755884	0	0	0.39	3.7458808e-18
4.270058855208019e-09	0.0681131	-0.33475417	-0.7252997	0	0	0.39	4.4499993e-18
4.280050957311127e-09	0.17872187	-0.32437953	-0.70806164	0	0	0.39	3.5534633e-18
4.2900317105577545e-09	0.26672748	-0.22687104	-0.6862016	0	0	0.39	3.6985264e-18
4.300038207564011e-09	0.28664577	-0.05862324	-0.6628325	0	0	0.39	4.030892e-18
4.310040429302789e-09	0.22787228	0.0993142	-0.6454664	0	0	0.39	4.990336e-18
4.32004882283468e-09	0.09944249	0.15385444	-0.64709795	0	0	0.39	4.1600725e-18
4.330031451755339e-09	-0.0056013474	0.17169853	-0.63707536	0	0	0.39	4.3312546e-18
4.340047594287009e-09	-0.14091362	0.13563778	-0.6325264	0	0	0.39	4.936447e-18
4.350029719344896e-09	-0.24465021	0.0694926	-0.62918556	0	0	0.39	3.999716e-18
4.360007087399669e-09	-0.31196812	-0.054323968	-0.6210288	0	0	0.39	3.9292245e-18
4.3700264651638615e-09	-0.28640515	-0.22641882	-0.6131823	0	0	0.39	4.532734e-18
4.380026081976784e-09	-0.15612176	-0.36627296	-0.6071395	0	0	0.39	4.0857805e-18
4.3900604885896665e-09	0.02978572	-0.42994317	-0.6047143	0	0	0.39	4.6685242e-18
4.400043737444486e-09	0.1609284	-0.37447876	-0.5949252	0	0	0.39	4.360633e-18
4.410010771503022e-09	0.24699886	-0.2824003	-0.58291286	0	0	0.39	4.5673592e-18
4.420041998251384e-09	0.28643826	-0.16643566	-0.5850534	0	0	0.39	3.5646157e-18
4.430059140127209e-09	0.2553607	0.032606028	-0.5887992	0	0	0.39	4.3038195e-18
4.440012694061609e-09	0.12521128	0.1858887	-0.60516346	0	0	0.39	3.693311e-18
4.450057394970718e-09	-0.047471996	0.22205624	-0.62185615	0	0	0.39	4.8183994e-18
4.460046318808849e-09	-0.16783093	0.18193997	-0.6229334	0	0	0.39	3.778368e-18
4.470060143865776e-09	-0.22614051	0.057644147	-0.62192774	0	0	0.39	4.404952e-18
4.480021241726925e-09	-0.24591762	-0.12355813	-0.59912276	0	0	0.39	3.8055606e-18
4.490058744655978e-09	-0.16878419	-0.28115514	-0.5919596	0	0	0.39	4.5451924e-18
4.500055312851371e-09	-0.035566468	-0.35996014	-0.5831788	0	0	0.39	4.019659e-18
4.510064937867159e-09	0.094330005	-0.37022746	-0.5816364	0	0	0.39	5.0134375e-18
4.520007154851918e-09	0.24089797	-0.3028916	-0.57679445	0	0	0.39	4.0464484e-18
4.530038587338597e-09	0.33742744	-0.106179625	-0.5564824	0	0	0.39	4.5145115e-18
4.540008093629805e-09	0.27334607	0.12413946	-0.54087955	0	0	0.39	4.257016e-18
4.550013239554441e-09	0.1474772	0.2505735	-0.5300447	0	0	0.39	3.7414827e-18
4.560054960593494e-09	-0.0065576057	0.31061637	-0.52758306	0	0	0.39	4.3924908e-18
4.570019657311806e-09	-0.15112169	0.2751056	-0.5356312	0	0	0.39	3.444814e-18
4.580043245464345e-09	-0.29112774	0.17623281	-0.5312592	0	0	0.39	4.1399848e-18
4.590055679249022e-09	-0.34155846	-0.053055514	-0.5052486	0	0	0.39	4.1676312e-18
4.60002612018732e-09	-0.24549189	-0.25299287	-0.50072694	0	0	0.39	3.5416214e-18
4.610033479760705e-09	-0.0728167	-0.3577638	-0.49751315	0	0	0.39	3.5749518e-18
4.620053467196112e-09	0.11056475	-0.33443433	-0.5017487	0	0	0.39	4.3011365e-18
4.630062147603806e-09	0.26494986	-0.2087701	-0.4923875	0	0	0.39	4.967258e-18
4.640021058130348e-09	0.33208567	-0.02282419	-0.47280282	0	0	0.39	4.5255854e-18
4.65001796968661e-09	0.2460109	0.17808244	-0.4641849	0	0	0.39	4.366807e-18
4.660019388076149e-09	0.07511577	0.3399526	-0.45625296	0	0	0.39	4.1124703e-18
4.6700036534918265e-09	-0.14122605	0.35029247	-0.46075782	0	0	0.39	4.22518e-18
4.6800160691446185e-09	-0.30616367	0.22135264	-0.45948577	0	0	0.39	3.7254366e-18
4.69006397097367e-09	-0.3894577	-0.008576645	-0.43768713	0	0	0.39	4.9861616e-18
4.7000212886055e-09	-0.2963543	-0.20949495	-0.41673288	0	0	0.39	4.2278107e-18
4.710040298959446e-09	-0.10334695	-0.33367974	-0.409296	0	0	0.39	3.875167e-18
4.7200542348382444e-09	0.09550235	-0.34664068	-0.40456784	0	0	0.39	3.6854887e-18
4.730017371942606e-09	0.2806079	-0.2090131	-0.38959846	0	0	0.39	3.536961e-18
4.740028189375894e-09	0.35849762	0.0008280806	-0.37753296	0	0	0.39	2.917674e-18
4.750036865433506e-09	0.27282372	0.2371569	-0.3551491	0	0	0.39	3.2095975e-18
4.760046398010364e-09	0.06279398	0.3953168	-0.33107373	0	0	0.39	4.379687e-18
4.7700527982395125e-09	-0.17261471	0.4005801	-0.32152948	0	0	0.39	3.6137085e-18
4.780051342578311e-09	-0.31322926	0.26059863	-0.31339785	0	0	0.39	4.0410312e-18
4.790035850370801e-09	-0.38710946	0.08902107	-0.2999464	0	0	0.39	3.2700557e-18
4.800028413451779e-09	-0.3666051	-0.1680261	-0.28890225	0	0	0.39	3.6571073e-18
4.8100165308820065e-09	-0.17732526	-0.3699256	-0.29171675	0	0	0.39	3.1288766e-18
4.820064413852834e-09	0.11226526	-0.40071377	-0.28190136	0	0	0.39	3.4471385e-18
4.830060547214516e-09	0.29306078	-0.24805097	-0.2808924	0	0	0.39	3.55076e-18
4.840013728365793e-09	0.35298705	-0.08733754	-0.26996714	0	0	0.39	3.4053218e-18
4.850013466474036e-09	0.3473388	0.10939055	-0.26074362	0	0	0.39	3.4505432e-18
4.860028425109259e-09	0.18210511	0.3363873	-0.25495404	0	0	0.39	3.181026e-18
4.870047996302612e-09	-0.092657305	0.41193798	-0.25552043	0	0	0.39	2.8511938e-18
4.880009241976738e-09	-0.32937247	0.27518624	-0.25087106	0	0	0.39	3.8037785e-18
4.890050265568118e-09	-0.3834829	0.048028976	-0.24382974	0	0	0.39	3.231547e-18
4.900063364137074e-09	-0.31273764	-0.15053123	-0.22563179	0	0	0.39	3.6072288e-18
4.910047556569252e-09	-0.1474517	-0.33510053	-0.21752699	0	0	0.39	2.3400307e-18
4.9200101834946816e-09	0.11134831	-0.38690493	-0.20189343	0	0	0.39	2.7036481e-18
4.9300102344186644e-09	0.3404411	-0.21393439	-0.18722416	0	0	0.39	3.171841e-18
4.940016588261194e-09	0.40029004	0.054667	-0.17383431	0	0	0.39	2.1418328e-18
4.950034358301808e-09	0.29934204	0.26883218	-0.15035239	0	0	0.39	3.4969267e-18
4.960015917537432e-09	0.09687094	0.3943946	-0.1618242	0	0	0.39	2.904074e-18
4.970000394902875e-09	-0.1629529	0.36068466	-0.1504952	0	0	0.39	2.4948977e-18
4.980011811743732e-09	-0.336545	0.13950643	-0.13777113	0	0	0.39	2.438236e-18
4.990054845866936e-09	-0.3102653	-0.106823534	-0.11794259	0	0	0.39	2.9038765e-18
5.000022909238555e-09	-0.18884368	-0.31649157	-0.089802824	0	0	0.39	2.6626417e-18
5.010035363914431e-09	0.057223964	-0.44003507	-0.07911851	0	0	0.39	2.7499777e-18
5.020026687331847e-09	0.30093774	-0.355214	-0.060893543	0	0	0.39	2.7876936e-18
5.030031762553817e-09	0.40694928	-0.101780236	-0.056372356	0	0	0.39	1.6098315e-18
5.0400145776707975e-09	0.31677216	0.16761184	-0.037565675	0	0	0.39	1.3650456e-18
5.050010710223439e-09	0.10212196	0.3059233	-0.03248848	0	0	0.39	3.1462975e-18
5.0600529108274665e-09	-0.13566534	0.32589698	-0.024016976	0	0	0.39	2.647515e-18
5.07000774557834e-09	-0.35737434	0.2626049	-0.028239809	0	0	0.39	2.3018927e-18
5.080038509109593e-09	-0.50747067	0.015667148	-0.010453454	0	0	0.39	2.7721794e-18
5.090053019280073e-09	-0.3863674	-0.28721216	0.01324647	0	0	0.39	3.0803739e-18
5.1000517859944675e-09	-0.06856574	-0.41918367	0.022213452	0	0	0.39	2.4835901e-18
5.110052536985039e-09	0.19187605	-0.3067893	0.03538096	0	0	0.39	2.3415117e-18
5.120050978194589e-09	0.29926592	-0.1277336	0.037499525	0	0	0.39	3.155073e-18
5.1300241577031415e-09	0.32924107	0.078804076	0.050143085	0	0	0.39	3.0389067e-18
5.140057106122924e-09	0.21912228	0.3122154	0.070605874	0	0	0.39	2.8453849e-18
5.150044569155801e-09	-0.07230696	0.44585288	0.08343185	0	0	0.39	3.1566707e-18
5.160035774506421e-09	-0.35150343	0.2921662	0.08408094	0	0	0.39	1.664339e-18
5.1700138970274285e-09	-0.43411037	0.03892406	0.095323235	0	0	0.39	1.7310846e-18
5.1800078144042865e-09	-0.29790485	-0.22354524	0.103626475	0	0	0.39	2.3641101e-18
5.190001961208707e-09	-0.04076735	-0.34352157	0.1161779	0	0	0.39	2.3646302e-18
5.200003850222243e-09	0.19519031	-0.30137777	0.114652395	0	0	0.39	2.4604014e-18
5.210051720997393e-09	0.38468182	-0.14090285	0.12738101	0	0	0.39	2.569934e-18
5.220064291240863e-09	0.42428994	0.15259008	0.13931087	0	0	0.39	1.977905e-18
5.230034563251368e-09	0.20313564	0.39839518	0.15196468	0	0	0.39	1.7376405e-18
5.240016792069971e-09	-0.13114834	0.42599368	0.16807376	0	0	0.39	2.1088823e-18
5.250022815227086e-09	-0.34395358	0.24108526	0.18049234	0	0	0.39	1.8929327e-18
5.260047535205658e-09	-0.3779879	-0.023357518	0.2023612	0	0	0.39	2.0363652e-18
5.270057666802344e-09	-0.24886343	-0.24861377	0.21653955	0	0	0.39	2.8119426e-18
5.280002042939463e-09	-0.015154814	-0.35039777	0.22398591	0	0	0.39	1.2484289e-18
5.290014163061347e-09	0.21870418	-0.28566787	0.22361343	0	0	0.39	1.3088965e-18
5.300057782990717e-09	0.37517625	-0.1118392	0.23531918	0	0	0.39	1.9856355e-18
5.3100418543015925e-09	0.38694975	0.18136321	0.25026795	0	0	0.39	1.0410565e-18
5.320041223850783e-09	0.15385869	0.39350012	0.27113244	0	0	0.39	2.3876537e-18
5.330030364302703e-09	-0.17242245	0.33561006	0.2774408	0	0	0.39	1.6122072e-18
5.340025752701423e-09	-0.33482262	0.10778284	0.28828266	0	0	0.39	2.1232153e-18
5.3500507697761675e-09	-0.33242902	-0.13954629	0.30650666	0	0	0.39	1.5587954e-18
5.360062049797143e-09	-0.19682246	-0.33165255	0.31460476	0	0	0.39	1.6455735e-18
5.370041912433054e-09	0.07017702	-0.410819	0.31852558	0	0	0.39	1.0636169e-18
5.380038302568549e-09	0.35456818	-0.21607217	0.32800308	0	0	0.39	1.7518823e-18
5.390055838291663e-09	0.37231413	0.12600566	0.34631264	0	0	0.39	2.1404289e-18
5.400016464525812e-09	0.1547602	0.32152647	0.3551826	0	0	0.39	1.033457e-18
5.4100167860280754e-09	-0.07423652	0.34002653	0.35973036	0	0	0.39	9.053016e-19
5.420024017420688e-09	-0.25094384	0.21747287	0.37250787	0	0	0.39	1.0574467e-18
5.4300171940882636e-09	-0.33689135	-0.022604836	0.38125902	0	0	0.39	1.8942513e-18
5.4400369540404824e-09	-0.26326516	-0.263655	0.39607415	0	0	0.39	1.0124168e-18
5.450038328212136e-09	-0.021863729	-0.41440728	0.40334177	0	0	0.39	1.2417312e-18
5.4600556946909606e-09	0.26121745	-0.3087968	0.40894172	0	0	0.39	5.9446503e-19
5.470011156245456e-09	0.3613214	-0.032109883	0.4230951	0	0	0.39	8.95766e-19
5.4800221386357996e-09	0.26469326	0.20182326	0.43902084	0	0	0.39	1.3355519e-19
5.490017297712607e-09	0.055350054	0.30591917	0.45360348	0	0	0.39	2.071203e-18
5.5000341541443905e-09	-0.14084339	0.27319327	0.4546997	0	0	0.39	3.7311972e-19
5.510048941916891e-09	-0.30845928	0.122121654	0.46482086	0	0	0.39	2.5345256e-19
5.520008402796903e-09	-0.32128504	-0.1451483	0.48095992	0	0	0.39	1.9358926e-18
5.530014970603934e-09	-0.13181265	-0.35722208	0.48511323	0	0	0.39	1.0543105e-18
5.5400534975889695e-09	0.18478388	-0.32994747	0.48937353	0	0	0.39	9.00951e-19
5.5500025898053034e-09	0.347005	-0.079622544	0.49764213	0	0	0.39	2.234077e-18
5.560026767252674e-09	0.28830373	0.19181505	0.5020572	0	0	0.39	7.3037375e-19
5.57003538970436e-09	0.08816344	0.32855237	0.5226568	0	0	0.39	6.3333254e-19
5.580019356030056e-09	-0.16188835	0.2829501	0.5265315	0	0	0.39	2.053476e-18
5.59002546589592e-09	-0.29723227	0.08979675	0.5366005	0	0	0.39	5.3885223e-19
5.600029141328469e-09	-0.27261612	-0.17414786	0.54906446	0	0	0.39	-6.233298e-20
5.6100564249573585e-09	-0.07601544	-0.32729873	0.56814855	0	0	0.39	1.6058099e-18
5.620041052224806e-09	0.16071576	-0.285577	0.575004	0	0	0.39	9.889296e-19
5.630055300606681e-09	0.28615496	-0.079416946	0.57698935	0	0	0.39	4.911169e-19
5.640000237658644e-09	0.2323524	0.16158763	0.5876374	0	0	0.39	4.1066095e-19
5.65005580746294e-09	0.048902895	0.29484808	0.5995521	0	0	0.39	2.2485545e-19
5.660056814240708e-09	-0.18036678	0.25162113	0.61105853	0	0	0.39	7.1209735e-19
5.670062886097093e-09	-0.2980019	0.06415882	0.6162517	0	0	0.39	4.969279e-19
5.680002447373654e-09	-0.24482383	-0.20237441	0.6224726	0	0	0.39	9.225742e-19
5.690041932822062e-09	0.012910906	-0.32505774	0.63421553	0	0	0.39	9.590143e-19
5.700025848736315e-09	0.25615633	-0.18760963	0.6362023	0	0	0.39	-4.6287523e-19
5.710039627478213e-09	0.28018352	0.045191698	0.6357942	0	0	0.39	7.3890745e-20
5.7200537301336966e-09	0.14793673	0.22715901	0.64603937	0	0	0.39	6.323781e-19
5.730054371908126e-09	-0.05708857	0.26223028	0.6585642	0	0	0.39	-3.4279104e-19
5.740008865626505e-09	-0.21808547	0.1318342	0.6644164	0	0	0.39	1.8491237e-19
5.7500047405110514e-09	-0.255494	-0.05278055	0.6700963	0	0	0.39	2.948507e-20
5.760029476392377e-09	-0.14925475	-0.24541716	0.6886755	0	0	0.39	7.018556e-19
5.770031051546565e-09	0.07763052	-0.30787534	0.69844824	0	0	0.39	-1.3521074e-18
5.780039373689988e-09	0.29102236	-0.105050504	0.70432854	0	0	0.39	-5.3859022e-20
5.790000346269813e-09	0.24046788	0.17143032	0.7143448	0	0	0.39	-3.7740122e-20
5.800028956179015e-09	-0.010914446	0.29128614	0.725774	0	0	0.39	-1.1702853e-18
5.810000665723876e-09	-0.19043063	0.1836063	0.73597074	0	0	0.39	5.2706475e-19
5.820021710371609e-09	-0.24898109	-0.020665867	0.735286	0	0	0.39	-5.878141e-20
5.830010678426733e-09	-0.13754156	-0.19577515	0.74564385	0	0	0.39	-2.4793488e-19
5.840042907229249e-09	0.0617516	-0.23268574	0.75710666	0	0	0.39	-7.070537e-20
5.850015251795125e-09	0.216341	-0.10410756	0.7603101	0	0	0.39	-1.0097671e-19
5.860046248440177e-09	0.22554994	0.12697834	0.76258194	0	0	0.39	-7.656883e-19
5.870052244532179e-09	0.028492942	0.25782612	0.7810203	0	0	0.39	-1.1324284e-18
5.8800605881432144e-09	-0.20524685	0.16909452	0.79566556	0	0	0.39	-6.338073e-19
5.890019290179288e-09	-0.24580844	-0.07436093	0.7979488	0	0	0.39	-4.645116e-19
5.900007494520629e-09	-0.060762838	-0.25771898	0.81000644	0	0	0.39	-7.8163817e-19
5.910035318148908e-09	0.18458487	-0.19605313	0.8098579	0	0	0.39	-5.191412e-19
5.920033984886019e-09	0.25137478	0.035049032	0.81266755	0	0	0.39	-6.807943e-19
5.9300346585181664e-09	0.08916699	0.23214462	0.8273105	0	0	0.39	1.2973402e-19
5.940058280505358e-09	-0.16154172	0.18576084	0.8395909	0	0	0.39	-3.9287574e-19
5.950010051926315e-09	-0.22487848	-0.05128272	0.84791654	0	0	0.39	2.6500533e-19
5.960015303246564e-09	-0.06599504	-0.2120337	0.8534895	0	0	0.39	-2.6869026e-19
5.9700384232635205e-09	0.16477333	-0.16513419	0.8570549	0	0	0.39	-9.116241e-19
5.980031582793077e-09	0.22103183	0.079249	0.86388636	0	0	0.39	-2.9010475e-19
5.990049389154432e-09	0.008824777	0.23061115	0.8813934	0	0	0.39	1.5895856e-19
6.000017450210385e-09	-0.21896686	0.09719979	0.88848823	0	0	0.39	8.3485235e-19
6.010006722843408e-09	-0.15965153	-0.17628954	0.89545625	0	0	0.39	-1.2864964e-18
6.0200214745049466e-09	0.13028884	-0.1816304	0.9014735	0	0	0.39	-6.905969e-19
6.030000708502424e-09	0.19159101	0.07794477	0.9083417	0	0	0.39	-1.8398881e-18
6.040001599592897e-09	-0.030407812	0.20007125	0.9157721	0	0	0.39	-1.1502569e-18
6.050020773435876e-09	-0.19831581	-0.008681551	0.9195148	0	0	0.39	-4.0238291e-19
6.0600223139399875e-09	-0.025640154	-0.1768998	0.92806077	0	0	0.39	-2.225671e-18
6.070041450351918e-09	0.15624258	-0.051712103	0.9331262	0	0	0.39	-1.1059976e-18
6.080037063142718e-09	0.0813033	0.13657083	0.94039047	0	0	0.39	-6.6668446e-19
6.090043187441125e-09	-0.12041202	0.10040071	0.9426926	0	0	0.39	-1.3076262e-18
6.100049334520397e-09	-0.09879977	-0.091082804	0.94619316	0	0	0.39	-7.2755017e-19
6.1100132875118805e-09	0.07746874	-0.0970063	0.95095026	0	0	0.39	-1.6933547e-18
6.120061259805172e-09	0.097209506	0.057397623	0.95300126	0	0	0.39	-1.275366e-18
6.130013222150332e-09	-0.02962298	0.097548366	0.9558393	0	0	0.39	-1.4664624e-18
6.1400617724953915e-09	-0.104972914	-0.020410072	0.95682395	0	0	0.39	-1.5271002e-18
6.150052549040764e-09	0.0026354825	-0.11256225	0.95455986	0	0	0.39	-1.858826e-18
6.160024334135912e-09	0.09542329	-0.027224008	0.95788556	0	0	0.39	-1.3264605e-18
6.17003780294032e-09	0.04401704	0.07887832	0.95603794	0	0	0.39	-1.1776546e-18
6.180014607118619e-09	-0.074025646	0.051201798	0.95787203	0	0	0.39	-1.4977239e-18
6.190052434581733e-09	-0.056052476	-0.04322226	0.95994365	0	0	0.39	-1.5272694e-18
6.200000161236437e-09	0.032730207	-0.06884796	0.962077	0	0	0.39	-1.739878e-18
6.210022804338852e-09	0.053745452	0.02764007	0.9629168	0	0	0.39	-1.5651102e-18
6.2200123959668454e-09	-0.021502946	0.047700852	0.96393377	0	0	0.39	-1.9781247e-18
6.230045879393557e-09	-0.052973624	0.004730727	0.96308184	0	0	0.39	-1.4273e-19
6.240024944279654e-09	-0.0051579955	-0.0369576	0.9611846	0	0	0.39	-1.157409e-18
6.250003811233397e-09	0.02569566	-0.018926557	0.96220934	0	0	0.39	-1.5828524e-18
6.260033109247827e-09	0.021339746	0.01660892	0.9636179	0	0	0.39	-1.5288512e-18
6.2700020407081155e-09	-0.02076506	0.025108896	0.96555084	0	0	0.39	-8.5646493e-19
6.280054155428381e-09	-0.008782019	-0.02101528	0.9659194	0	0	0.39	-1.3053009e-18
6.290013714847761e-09	0.019288952	0.002680843	0.9654371	0	0	0.39	-1.841625e-18
6.300044868803752e-09	0.008999043	0.02307485	0.9645915	0	0	0.39	-2.3528751e-18
6.310044034014485e-09	-0.03115727	0.0065141767	0.96496326	0	0	0.39	-2.894169e-19
6.320017644217504e-09	0.0109651685	-0.008362495	0.9653974	0	0	0.39	-1.1173839e-18
6.330046130008617e-09	-0.0043103625	-0.009890596	0.96686655	0	0	0.39	-1.369742e-18
6.340014615840044e-09	0.021176877	-0.0019385439	0.96600825	0	0	0.39	-5.4439357e-19
6.350037401269993e-09	0.0070340973	0.024390776	0.96380043	0	0	0.39	-5.1482186e-19
6.36000053219539e-09	-0.021620182	0.014501091	0.9666258	0	0	0.39	-1.627338e-18
6.370039368374953e-09	-0.009534675	-0.019111242	0.96734214	0	0	0.39	-1.470414e-18
6.380004081243921e-09	0.014803346	0.0021156098	0.96712536	0	0	0.39	-1.4442782e-18
6.390013358697778e-09	0.01770367	0.0090317875	0.9627954	0	0	0.39	-1.4496337e-18
6.4000504363703455e-09	0.0033847804	0.003931494	0.96235573	0	0	0.39	-1.7304437e-18
6.410014153765186e-09	-0.010455198	0.024679804	0.9652609	0	0	0.39	-1.1437557e-18
6.420039083544385e-09	-0.022324825	0.007818268	0.96309626	0	0	0.39	-1.1380664e-18
6.4300341189379945e-09	-0.007974835	-0.027221985	0.96074265	0	0	0.39	-1.3248122e-18
6.4400363702226354e-09	0.019158905	-0.0050955196	0.9638573	0	0	0.39	-1.1101636e-18
6.4500563219013624e-09	0.0049841027	0.023186548	0.9658361	0	0	0.39	-1.8689009e-18
6.460057821296028e-09	-0.026940567	0.014595883	0.96572274	0	0	0.39	-1.3436277e-18
6.470060068849383e-09	-0.010058245	-0.029868023	0.966842	0	0	0.39	-1.2132205e-18
6.480039604786394e-09	0.03815693	-0.0102312	0.96718067	0	0	0.39	-1.3568726e-18
6.4900358748146065e-09	-0.0023765163	0.049479228	0.9637635	0	0	0.39	-1.48422e-18
6.500009624750755e-09	-0.0470276	0.0051834104	0.96365786	0	0	0.39	-1.0282595e-18
6.510020913566139e-09	-0.016876526	-0.045357842	0.96514636	0	0	0.39	-1.897455e-18
6.520059414422991e-09	0.03335818	-0.03384689	0.9644116	0	0	0.39	-2.2882392e-18
6.530016915126547e-09	0.04392295	0.025602205	0.96350366	0	0	0.39	-5.908498e-19
6.540004949725932e-09	-0.007004014	0.037143636	0.9598437	0	0	0.39	-2.765472e-19
6.550010402055607e-09	-0.03176625	-0.006711369	0.96579576	0	0	0.39	-1.3139555e-18
6.560054701760292e-09	-0.004449589	-0.020623596	0.963981	0	0	0.39	-2.9696068e-19
6.570045220753765e-09	0.03049472	-0.020265514	0.96842104	0	0	0.39	-2.093593e-18
6.580037363282392e-09	0.01347221	0.029455092	0.9679304	0	0	0.39	-3.767526e-19
6.590033356891166e-09	-0.028277693	0.016473979	0.96655095	0	0	0.39	-2.0580707e-18
6.600020067308759e-09	-0.0076870252	-0.023509374	0.9666416	0	0	0.39	-1.6181526e-18
6.610048328331537e-09	0.027283428	-0.0072576185	0.9689158	0	0	0.39	-1.0924024e-18
6.620024464559259e-09	0.018928416	0.028780809	0.96789575	0	0	0.39	-9.660946e-19
6.63005202566674e-09	-0.027911289	0.03291642	0.96436703	0	0	0.39	-7.1833347e-19
6.640035835302652e-09	-0.039954785	-0.02522385	0.9642123	0	0	0.39	-8.21303e-19
6.650034870484908e-09	0.02038927	-0.03687319	0.9643676	0	0	0.39	-5.3356805e-19
6.66005670036775e-09	0.043333616	0.013009133	0.9635124	0	0	0.39	-4.8482296e-19
6.67003553167251e-09	-0.0076292576	0.043179598	0.9650924	0	0	0.39	-1.6341596e-18
6.680044063678315e-09	-0.037151854	-0.00089729246	0.9655092	0	0	0.39	-2.075231e-18
6.690002199627837e-09	-0.00019099031	-0.039517768	0.9681189	0	0	0.39	-1.9337241e-18
6.70005620497928e-09	0.02879453	-0.0057044313	0.9661584	0	0	0.39	-1.3643168e-18
6.710020093059975e-09	0.011295229	0.037111647	0.96541846	0	0	0.39	-1.0569695e-18
6.720008845819711e-09	-0.029997943	0.016924826	0.9658373	0	0	0.39	-1.1599306e-18
6.730038106105787e-09	-0.014805993	-0.026278125	0.964829	0	0	0.39	-2.2022319e-18
6.7400046209684116e-09	0.018853081	-0.017041672	0.9635905	0	0	0.39	-8.6388013e-19
6.750021783065903e-09	0.023622924	-0.004404403	0.9614266	0	0	0.39	-1.5680461e-19
6.760058534495993e-09	0.021226423	0.023976076	0.9626095	0	0	0.39	-4.6552856e-19
6.770028655504598e-09	-0.019364472	0.02083216	0.9621884	0	0	0.39	-1.0566545e-18
6.780051778576528e-09	-0.012163029	-0.031795077	0.96068436	0	0	0.39	-7.8055187e-19
6.7900510670776744e-09	0.0372375	0.003438713	0.961511	0	0	0.39	-1.0253795e-18
6.800000687726424e-09	-0.0077606356	0.049289986	0.96033186	0	0	0.39	-1.7040626e-18
6.8100013877092234e-09	-0.032355133	0.002782194	0.9623733	0	0	0.39	-1.7428164e-18
6.820048525577454e-09	-0.0073601305	-0.024850285	0.96402323	0	0	0.39	-1.5017816e-18
6.830009727255803e-09	0.009355506	0.0006125572	0.96254766	0	0	0.39	-8.926044e-19
6.840045931502599e-09	-0.005634537	0.00086583174	0.96535414	0	0	0.39	-1.0738419e-18
6.8500396428231274e-09	0.017846486	0.0239512	0.96283984	0	0	0.39	-1.7829868e-18
6.860001346965512e-09	-0.033991065	0.009475864	0.96445274	0	0	0.39	-1.2040141e-18
6.870025308512984e-09	-0.022610825	-0.026164336	0.9646497	0	0	0.39	-1.5805583e-18
6.880044582620246e-09	0.024235662	-0.02953643	0.9662348	0	0	0.39	-1.5746289e-18
6.890058130045479e-09	0.022083897	0.014998851	0.96538943	0	0	0.39	-1.718292e-18
6.900034129135066e-09	0.001462706	0.008029502	0.9625011	0	0	0.39	-8.672468e-19
6.910062831732883e-09	-0.011685011	-0.0043569864	0.96494853	0	0	0.39	-1.5772675e-18
6.920061592921674e-09	0.005012489	-0.025710648	0.962998	0	0	0.39	-6.510127e-19
6.930035896315766e-09	0.016611954	0.01314594	0.9635626	0	0	0.39	-8.037863e-19
6.940056644796749e-09	-0.0068637677	0.0028108833	0.9646026	0	0	0.39	-1.4149008e-18
6.950038857813774e-09	0.004818017	-0.01949491	0.9661664	0	0	0.39	-9.331105e-19
6.960056803969124e-09	0.008256926	0.0066253687	0.9657304	0	0	0.39	-1.099551e-18
6.9700018850264935e-09	-0.001592151	0.010288801	0.96454227	0	0	0.39	-1.2816253e-18
6.980015773327874e-09	0.00411152	0.0047271806	0.96736914	0	0	0.39	-1.0208676e-18
6.990057250150789e-09	0.0014454003	0.01859781	0.9651402	0	0	0.39	-1.8478444e-18
7.000036290127104e-09	-0.01699686	0.009190803	0.9670983	0	0	0.39	-1.985888e-18
7.010045070251844e-09	-0.017538564	-0.013124865	0.9689044	0	0	0.39	-1.2431141e-18
7.020045590555502e-09	0.0065858327	-0.023248665	0.96567094	0	0	0.39	-6.490708e-19
7.030062434989751e-09	0.017456824	-0.013875574	0.9651784	0	0	0.39	-5.0145317e-19
7.040016231835932e-09	0.012055148	0.008262512	0.9651705	0	0	0.39	-1.2847153e-18
7.050049087930562e-09	-0.0063235066	0.008430316	0.9667077	0	0	0.39	-9.959088e-19
7.0600321851788974e-09	0.0027126174	-0.012528064	0.965637	0	0	0.39	-4.9189696e-19
7.070034469465372e-09	0.013612989	0.0114401365	0.9680815	0	0	0.39	-8.973997e-19
7.08004411291633e-09	-0.008362493	0.010983787	0.96518606	0	0	0.39	-1.8665681e-19
7.090047575938629e-09	-0.008200182	-0.012311385	0.9677052	0	0	0.39	-1.6561171e-18
7.1000554056250285e-09	-0.000283549	-0.008042274	0.9707631	0	0	0.39	-1.9684688e-18
7.110004546448533e-09	0.0053231325	-0.015292756	0.9681177	0	0	0.39	-1.5300665e-18
7.120005526149105e-09	0.007337444	0.0054457374	0.96847624	0	0	0.39	-4.2797087e-19
7.130062534674332e-09	-0.013276896	0.010919657	0.9688047	0	0	0.39	-1.7041935e-18
7.140046941237498e-09	-0.009314692	-0.0105670225	0.96782845	0	0	0.39	-1.4369723e-18
7.150049427461405e-09	0.02003557	-0.023609126	0.9678664	0	0	0.39	-1.2985079e-18
7.160005735415872e-09	0.0068473183	0.020345721	0.96810645	0	0	0.39	-3.6363268e-19
7.170037289913775e-09	-0.013815341	0.0062053977	0.9664275	0	0	0.39	-2.004092e-18
7.180004284764559e-09	0.0024720496	0.0039115064	0.9654821	0	0	0.39	-2.0538307e-18
7.190010874120911e-09	0.0041471845	0.010689947	0.9658465	0	0	0.39	-1.3154166e-18
7.200051744185889e-09	-0.026455186	0.005576386	0.9648463	0	0	0.39	-1.747747e-18
7.210012401862062e-09	-0.0011725399	-0.020872055	0.96174026	0	0	0.39	-1.408135e-18
7.220025063526064e-09	0.016169464	-0.029767985	0.9637624	0	0	0.39	-2.021362e-18
7.230061909778018e-09	0.016268443	0.022563618	0.9642654	0	0	0.39	-8.903448e-19
7.240010388333836e-09	-0.006971557	0.029654114	0.9640023	0	0	0.39	-1.3525279e-18
7.250056706059983e-09	-0.047541145	-0.006923928	0.9637581	0	0	0.39	-1.4831517e-18
7.260061613078489e-09	0.012955734	-0.045740854	0.96450096	0	0	0.39	-4.7590906e-19
7.270005447515894e-09	0.045961346	-0.0019971766	0.9656142	0	0	0.39	-1.395474e-18
7.280044174306714e-09	0.00068529195	0.04477565	0.96662164	0	0	0.39	-1.4101001e-18
7.290053847606114e-09	-0.03902629	0.016115155	0.9644052	0	0	0.39	-1.2042178e-18
7.3000419446565565e-09	-0.00641283	-0.033930413	0.96510506	0	0	0.39	-1.5749044e-18
7.310051940560299e-09	0.037071977	-0.0018520614	0.9682701	0	0	0.39	-9.211332e-19
7.3200503332452034e-09	0.0016666516	0.05176453	0.9667555	0	0	0.39	-1.871717e-18
7.3300168544996836e-09	-0.037718378	-0.0033911143	0.9650133	0	0	0.39	-1.982801e-18
7.34000383113692e-09	0.012011743	-0.035515383	0.9637152	0	0	0.39	-4.443651e-19
7.350028673459155e-09	0.020038338	0.002423301	0.9655554	0	0	0.39	-2.1594836e-18
7.360003508407022e-09	0.022443572	0.02711091	0.9672212	0	0	0.39	-1.4669625e-18
7.370044012594165e-09	-0.020338286	0.013987038	0.9664131	0	0	0.39	-1.1901071e-18
7.380053640213675e-09	-0.02585383	-0.019005733	0.9654529	0	0	0.39	-9.284536e-19
7.390038695342003e-09	0.01017222	-0.01080464	0.964694	0	0	0.39	-8.869553e-19
7.400047295299058e-09	0.0017001326	0.0016544691	0.96517223	0	0	0.39	-1.2055818e-18
7.410025612269273e-09	8.786371e-05	-0.0007825191	0.96564335	0	0	0.39	3.8233978e-19
7.420008243214661e-09	-0.0018651697	0.0053881425	0.9658301	0	0	0.39	-1.0290078e-18
7.43005561620405e-09	-0.018777719	0.0050465926	0.9657564	0	0	0.39	-8.986986e-19
7.440003032832162e-09	0.0057715643	-0.00045856115	0.964409	0	0	0.39	-8.4542656e-19
7.4500228763692966e-09	0.006101361	0.025814626	0.9651112	0	0	0.39	-3.9811877e-19
7.460051376534243e-09	-0.023970146	-0.0037477768	0.9651262	0	0	0.39	-1.6757574e-18
7.470044186458748e-09	-0.017779393	-0.022240192	0.9640443	0	0	0.39	-5.897933e-19
7.480053873594453e-09	0.030019559	-0.017447699	0.9635027	0	0	0.39	-6.956407e-19
7.490002238037148e-09	0.033557907	0.037836395	0.96399826	0	0	0.39	-1.0520647e-18
7.50000335598653e-09	-0.029734356	0.05456946	0.9647525	0	0	0.39	-1.8580762e-18
7.510010770783464e-09	-0.03597597	-0.020971589	0.9646273	0	0	0.39	-5.7426445e-19
7.520039094344741e-09	0.019065626	-0.019727387	0.96498895	0	0	0.39	-1.5456231e-18
7.530052890397334e-09	0.01787839	0.024076369	0.96364963	0	0	0.39	-4.630537e-19
7.540034279606282e-09	-0.015867747	0.015083449	0.96567774	0	0	0.39	-9.446679e-19
7.550023335441444e-09	-0.010201582	0.0046358802	0.9658227	0	0	0.39	-1.1724617e-18
7.560002702275027e-09	0.0055849897	-0.0039854315	0.9648624	0	0	0.39	-1.0492892e-18
7.570035636856168e-09	0.023875508	-0.003127639	0.96204364	0	0	0.39	-1.4352422e-18
7.58005487828728e-09	0.0034386748	0.022721024	0.9663152	0	0	0.39	-2.0021638e-18
7.590038927675244e-09	-0.010226626	0.002013139	0.96528274	0	0	0.39	-1.742969e-18
7.600045294814279e-09	-0.0080875885	0.0047207777	0.9649511	0	0	0.39	-1.2095737e-18
7.610040967656437e-09	-0.014186288	-0.0010622622	0.9639166	0	0	0.39	-1.8024443e-18
7.62000854254452e-09	-0.0059993267	-0.011103519	0.965216	0	0	0.39	-1.0718301e-18
7.630042824198796e-09	0.039947793	-0.007442877	0.96213096	0	0	0.39	-1.426137e-18
7.640029664322276e-09	-0.0046981615	0.042115968	0.9639785	0	0	0.39	-3.3771608e-19
7.650014204071982e-09	-0.038318105	-0.0048410273	0.9615574	0	0	0.39	-6.9763544e-19
7.660036035334403e-09	-0.013385209	-0.030902123	0.96323985	0	0	0.39	-1.4937138e-18
7.67004057135884e-09	0.03008588	0.0018507522	0.961786	0	0	0.39	-1.1507167e-18
7.680011420231887e-09	0.0064790323	0.030058194	0.9636766	0	0	0.39	-1.5625509e-18
7.69000941261262e-09	-0.009071109	0.011587288	0.9655222	0	0	0.39	-1.2091192e-18
7.700054793208106e-09	-0.016422795	-0.005565067	0.96110886	0	0	0.39	-2.9696867e-19
7.710005839409777e-09	-0.01820269	-0.006630769	0.9604098	0	0	0.39	-6.606574e-19
7.720010800976337e-09	0.00081692205	-0.025861626	0.9647065	0	0	0.39	-1.6558208e-18
7.730020117494897e-09	0.016599458	0.015826473	0.96502954	0	0	0.39	-8.5592695e-19
7.740034053375867e-09	-0.021554435	0.013864045	0.9646674	0	0	0.39	-1.6373675e-18
7.750019007526564e-09	-0.0053846473	-0.02391269	0.96429133	0	0	0.39	-1.298383e-18
7.760023534846412e-09	0.010091589	-0.017975787	0.9640692	0	0	0.39	-1.5343163e-18
7.770021981614306e-09	0.0057889405	-0.0027712616	0.964472	0	0	0.39	-1.9607959e-18
7.780005912126557e-09	0.011398568	-0.014897613	0.96371746	0	0	0.39	-1.5048599e-18
7.790010728893871e-09	0.015101141	0.0051474534	0.9634043	0	0	0.39	-6.9009037e-19
7.800001067547675e-09	-0.02064679	0.014483365	0.9646321	0	0	0.39	-8.734475e-19
7.810049640130362e-09	-0.003453374	-0.025175583	0.9669961	0	0	0.39	-1.3377054e-18
7.820039450520029e-09	0.022816686	-0.000100101155	0.9646713	0	0	0.39	-1.4076639e-18
7.830022147913257e-09	-0.008701067	0.02127381	0.9647028	0	0	0.39	-1.1053137e-18
7.840063958752577e-09	-0.042905536	-0.0031967163	0.96393704	0	0	0.39	-2.477477e-18
7.850050687900277e-09	0.0011638808	-0.03727698	0.96402496	0	0	0.39	-7.271358e-19
7.86002065997841e-09	0.020650916	-0.0034790915	0.96397394	0	0	0.39	-1.6752299e-18
7.870010559548931e-09	0.011387583	0.017064933	0.96704704	0	0	0.39	-1.6873446e-18
7.880011008733704e-09	-0.0013373656	0.0098641245	0.9688536	0	0	0.39	-9.450097e-19
7.890058646129747e-09	-0.009683382	-0.012081188	0.9662763	0	0	0.39	-8.993948e-19
7.900028531367581e-09	0.02299461	-0.0035491483	0.96568704	0	0	0.39	-1.1246849e-18
7.910012232125194e-09	-0.0011408981	0.0447109	0.9658696	0	0	0.39	-1.367267e-18
7.920040484000221e-09	-0.040761534	0.0061761104	0.96790606	0	0	0.39	-5.209177e-19
7.930033371251642e-09	-0.004954842	-0.03389962	0.96801186	0	0	0.39	-1.6141839e-18
7.940015587012767e-09	0.022846567	-0.012925347	0.96805954	0	0	0.39	-1.4191196e-18
7.950037413927067e-09	0.015852375	-0.0010067099	0.9689495	0	0	0.39	-1.6744743e-18
7.96006171610847e-09	-0.0044510346	0.016356125	0.96559507	0	0	0.39	-1.163163e-18
7.970014995372023e-09	-0.023149831	0.0016438183	0.9639475	0	0	0.39	-1.1684092e-18
7.98001140652592e-09	0.00800273	-0.014056292	0.9648717	0	0	0.39	-1.6293439e-18
7.990003576214169e-09	0.024925025	0.00069771643	0.9634243	0	0	0.39	-1.7538694e-18
8.000020007770244e-09	-0.014879456	0.021660024	0.96293265	0	0	0.39	-1.2254349e-18
8.01000744229626e-09	-0.008382715	0.0016593499	0.96499234	0	0	0.39	-1.7762943e-18
8.020023720260377e-09	-0.017688273	-0.014845416	0.9627557	0	0	0.39	-4.7449406e-19
8.030060024166974e-09	0.009412811	-0.02162854	0.96534723	0	0	0.39	-1.39053e-18
8.040024917017222e-09	0.006223157	0.0110593615	0.97050184	0	0	0.39	-2.3950154e-18
8.05004226421618e-09	-0.0076472373	-0.0055420506	0.96724033	0	0	0.39	-1.334159e-18
8.060023806553133e-09	-0.00047768396	-0.008533951	0.96749014	0	0	0.39	-1.6280543e-19
8.070058237161962e-09	0.027616149	0.004797061	0.96988624	0	0	0.39	-1.7865114e-18
8.080043607675211e-09	-0.01262789	0.01777625	0.96714187	0	0	0.39	-1.269086e-18
8.090033546459396e-09	-0.025382735	-0.023684548	0.9631275	0	0	0.39	-1.4185185e-18
8.100010515005524e-09	0.039376613	-0.020665232	0.96368873	0	0	0.39	-1.3049299e-18
8.110059953211047e-09	0.031005662	0.032623295	0.9616509	0	0	0.39	-1.5074717e-18
8.120039123000614e-09	-0.03123178	0.038150914	0.9627406	0	0	0.39	-2.1341169e-18
8.130005118084414e-09	-0.06004324	-0.02456089	0.95968103	0	0	0.39	-1.5440649e-18
8.140023407593134e-09	0.012033417	-0.053088676	0.9618389	0	0	0.39	-1.7953376e-18
8.150047107627716e-09	0.044944298	-0.0044393768	0.96227837	0	0	0.39	-1.1682739e-18
8.160050835624005e-09	0.030958544	0.032087505	0.96232086	0	0	0.39	-4.724966e-19
8.170010192385433e-09	-0.021486867	0.042563982	0.9630811	0	0	0.39	-2.537025e-18
8.180043571503984e-09	-0.041027747	-0.007971952	0.9651862	0	0	0.39	-7.71122e-19
8.190037698304605e-09	0.009394521	-0.032107715	0.9667076	0	0	0.39	-1.1976416e-18
8.200063515142801e-09	0.024997475	-0.0057221497	0.9676907	0	0	0.39	-9.419917e-19
8.210036465653253e-09	0.003354997	0.009156495	0.9660156	0	0	0.39	-1.2025008e-18
8.220058191575996e-09	-0.0015775376	0.006505686	0.9669216	0	0	0.39	-7.0492683e-19
8.230060592638815e-09	-0.010764585	-0.008896449	0.9670417	0	0	0.39	-5.480254e-19
8.240021396836954e-09	0.010480589	-0.026011713	0.96363676	0	0	0.39	-1.096138e-18
8.250040830045934e-09	0.023211828	0.01696368	0.9635211	0	0	0.39	-1.2802266e-18
8.260042287017004e-09	-0.00711741	0.021538716	0.96243364	0	0	0.39	-1.1173046e-18
8.270058775089326e-09	-0.030223424	0.003879897	0.96166176	0	0	0.39	-1.1458091e-18
8.280003155996587e-09	-0.006114006	-0.03945792	0.9631486	0	0	0.39	-1.0302126e-18
8.290010903518997e-09	0.036600035	-0.018721437	0.9625515	0	0	0.39	-1.2940647e-18
8.300041297163134e-09	0.033866536	0.021653358	0.96266574	0	0	0.39	-1.5886186e-18
8.310056631753736e-09	-0.003648342	0.043798435	0.9634703	0	0	0.39	-1.0341869e-18
8.32001547021546e-09	-0.034526717	-0.011533751	0.9667401	0	0	0.39	-1.6960227e-18
8.330013759644975e-09	0.023839219	-0.03016236	0.9650482	0	0	0.39	-1.3834959e-18
8.34000833959979e-09	0.015239757	0.009228228	0.9659679	0	0	0.39	-9.821524e-19
8.350010505877486e-09	0.011822744	0.01807722	0.96700597	0	0	0.39	-1.3211386e-18
8.360011153474171e-09	-0.024983857	0.012216864	0.96805	0	0	0.39	-1.1915815e-18
8.370047212914657e-09	-0.007972953	-0.020915626	0.9678773	0	0	0.39	-1.1556339e-18
8.380031712224593e-09	0.00037528377	-0.016606778	0.9687204	0	0	0.39	-1.1867861e-18
8.39002977578993e-09	0.0037726187	0.00022009999	0.9677769	0	0	0.39	-1.5395634e-18
8.400064168606944e-09	0.0119389575	-0.015524752	0.9674505	0	0	0.39	-1.0150927e-18
8.410023374252504e-09	0.02360741	0.016843354	0.96389186	0	0	0.39	-6.6574706e-19
8.420046801822125e-09	-0.021420728	0.026204871	0.96774143	0	0	0.39	-6.315651e-19
8.4300347834797e-09	-0.044064157	-0.015708962	0.9677481	0	0	0.39	-1.4886818e-18
8.440005925207593e-09	0.020048069	-0.05546195	0.9650571	0	0	0.39	-1.893937e-18
8.450018102681755e-09	0.027970854	0.013722379	0.9652861	0	0	0.39	-8.1962623e-19
8.460058149451912e-09	0.007065371	0.015923502	0.9660514	0	0	0.39	-1.4807719e-18
8.470052953763043e-09	-0.0177659	0.0061685815	0.96498793	0	0	0.39	-1.2595889e-18
8.480028138996475e-09	-0.023196084	-0.012677067	0.96277755	0	0	0.39	-2.4456083e-18
8.490005015294606e-09	0.02529578	-0.024433065	0.96262544	0	0	0.39	-1.0135764e-18
8.500015623407355e-09	0.030843189	0.0036767833	0.960603	0	0	0.39	-1.2256867e-18
8.510055723419564e-09	-0.0064104227	0.03679612	0.9611197	0	0	0.39	-9.418631e-19
8.52005478137976e-09	-0.032942012	0.0027722714	0.9647505	0	0	0.39	-1.6326978e-18
8.53001235567471e-09	-0.012048905	-0.0323615	0.96352607	0	0	0.39	-1.2358186e-18
8.540015714420168e-09	0.034669757	-0.018696815	0.9640772	0	0	0.39	-9.362413e-19
8.550025209974108e-09	0.015546572	0.011570693	0.9657575	0	0	0.39	-1.6167625e-18
8.56002103987922e-09	-0.013281484	0.012760066	0.9642644	0	0	0.39	-2.0917938e-18
8.570053760614747e-09	-0.015688194	-0.01916285	0.96554846	0	0	0.39	-1.861857e-18
8.580057845855113e-09	0.011936483	-0.029029142	0.96255875	0	0	0.39	-1.7570803e-18
8.590052518055005e-09	0.022844754	-0.0064699217	0.9644076	0	0	0.39	-1.3350367e-18
8.600026389189847e-09	0.006917458	0.0200235	0.9629171	0	0	0.39	-2.038266e-18
8.610039973516149e-09	-0.018044246	0.005042109	0.964684	0	0	0.39	-9.256156e-19
8.620009314706562e-09	0.011589409	-0.0074683563	0.96459913	0	0	0.39	-4.1994137e-19
8.630003692869997e-09	0.008265534	0.0046385815	0.96703076	0	0	0.39	-8.609639e-19
8.640049353921094e-09	-0.0028484338	-0.0068255286	0.9661798	0	0	0.39	-1.6068007e-18
8.650013831921728e-09	-0.0084782	-0.00813144	0.9647531	0	0	0.39	-1.5256184e-19
8.660060334680195e-09	0.0026543927	-0.020243116	0.9652204	0	0	0.39	-9.626884e-19
8.670029804207622e-09	0.015241412	-0.0061999965	0.9669543	0	0	0.39	-2.9460217e-18
8.680049931792849e-09	0.0034211844	0.025151493	0.9664114	0	0	0.39	-1.5716463e-18
8.690044715588554e-09	-0.024498012	0.015121612	0.9677187	0	0	0.39	-2.3524886e-18
8.700022461303769e-09	-0.04414668	-0.022811895	0.9676959	0	0	0.39	-1.0532624e-18
8.710053928708879e-09	0.035499558	-0.046950616	0.9640845	0	0	0.39	-1.725351e-18
8.720011920629549e-09	0.038616598	0.060488828	0.96404564	0	0	0.39	-1.8396828e-18
8.730002630364778e-09	-0.04797137	0.040448673	0.96215326	0	0	0.39	-6.4625874e-19
8.740063149841183e-09	-0.043586664	-0.038701467	0.9597736	0	0	0.39	-1.4479138e-18
8.750050968927457e-09	0.020193782	-0.04112253	0.9618604	0	0	0.39	-1.1095137e-18
8.760005046750475e-09	0.03507796	0.011426348	0.95934474	0	0	0.39	2.270867e-19
8.770036101286069e-09	0.012906341	0.036682513	0.9591412	0	0	0.39	-1.8624852e-18
8.780033171673581e-09	-0.045698397	0.006375335	0.9595012	0	0	0.39	-1.2056592e-18
8.790039091394849e-09	-0.009350767	-0.056263983	0.96176237	0	0	0.39	-1.6433945e-18
8.800060220421832e-09	0.06558168	-0.025468385	0.9595175	0	0	0.39	-6.795499e-19
8.810040347069054e-09	0.024550201	0.07491977	0.9574806	0	0	0.39	-1.4343673e-18
8.820014225267949e-09	-0.07180763	0.046339173	0.96199465	0	0	0.39	-1.5466681e-18
8.8300580623759e-09	-0.040391777	-0.073091835	0.9600573	0	0	0.39	-1.6431157e-18
8.840050757521283e-09	0.059863977	-0.032824963	0.9621099	0	0	0.39	-1.5378189e-18
8.850011054191962e-09	0.025725631	0.05877709	0.9617588	0	0	0.39	-1.4789621e-18
8.860043244527634e-09	-0.044440594	0.03465335	0.96010077	0	0	0.39	-1.2162276e-18
8.87003825210217e-09	-0.0567929	-0.016449753	0.9603056	0	0	0.39	-8.2978954e-19
8.880033967231124e-09	0.0064141657	-0.060902458	0.961295	0	0	0.39	-1.0321346e-18
8.890012324586117e-09	0.06472692	-0.0016072796	0.9600648	0	0	0.39	-1.5402409e-18
8.900051486839902e-09	1.1876886e-05	0.050748345	0.9634074	0	0	0.39	-2.256067e-18
8.910049391075892e-09	-0.042245746	0.0134107405	0.96382993	0	0	0.39	-5.770449e-19
8.92005400684856e-09	-0.019399622	-0.046006072	0.96043587	0	0	0.39	-2.142682e-18
8.930005303941254e-09	0.039644774	-0.01890645	0.9634294	0	0	0.39	-1.4337095e-18
8.94000885092315e-09	0.018074006	0.028161833	0.9627459	0	0	0.39	-9.992139e-19
8.950029640010599e-09	-0.009676822	0.030301753	0.9682686	0	0	0.39	-1.5125179e-18
8.960003918668035e-09	-0.032627847	0.018765865	0.9677357	0	0	0.39	-1.5870547e-18
8.970048508999967e-09	-0.03284562	-0.03038444	0.96528256	0	0	0.39	-9.523052e-19
8.980055432850313e-09	0.011323708	-0.03664656	0.9649135	0	0	0.39	-1.5187182e-18
8.990052876126764e-09	0.038736407	0.005012303	0.9635456	0	0	0.39	-7.0103536e-19
9.00005898415377e-09	-0.012756617	0.030616807	0.9647899	0	0	0.39	-1.0937724e-18
9.010046344486203e-09	-0.021980854	-0.0017896403	0.96517044	0	0	0.39	-1.0045598e-18
9.020053708737636e-09	-0.007359501	-0.011360569	0.9659711	0	0	0.39	-1.1796285e-18
9.030013577727919e-09	-0.013962974	-0.019739643	0.96674013	0	0	0.39	-4.4875313e-19
9.040025437018708e-09	0.016167935	-0.020074131	0.96282536	0	0	0.39	-1.1804781e-18
9.05000659496356e-09	0.024421807	0.008409286	0.9635876	0	0	0.39	-1.0865408e-18
9.0600477842584e-09	-0.015256508	0.0243817	0.9640229	0	0	0.39	-1.3839469e-18
9.070050564970945e-09	-0.013208458	-0.004594751	0.9658157	0	0	0.39	-1.211131e-18
9.080015894767682e-09	0.0110957725	-0.0032312765	0.9656422	0	0	0.39	-1.8808503e-18
9.090034420016826e-09	-0.0028809453	0.027436523	0.9679569	0	0	0.39	-1.6417247e-18
9.100035962860706e-09	-0.023011193	0.0027303766	0.96464384	0	0	0.39	-1.5591111e-19
9.110028980992959e-09	-0.007258773	-0.0078066043	0.9642303	0	0	0.39	-2.8398972e-19
9.12002368283003e-09	0.022540716	-0.022003183	0.96369296	0	0	0.39	-4.933547e-19
9.130053582471122e-09	0.019837085	0.028188344	0.96412057	0	0	0.39	-1.8058556e-18
9.14003134099544e-09	-0.023298075	0.002435023	0.9647698	0	0	0.39	-1.095931e-18
9.150019160885599e-09	-0.013282588	0.004581731	0.96317834	0	0	0.39	1.839896e-19
9.160014269256157e-09	-0.0016845812	-0.020677721	0.96388596	0	0	0.39	-1.7104573e-18
9.170034896985861e-09	0.003825533	-0.011724791	0.9630945	0	0	0.39	-1.8456496e-18
9.180026938794104e-09	0.014107429	0.0010710256	0.96701676	0	0	0.39	-2.4375143e-18
9.190046798387891e-09	-0.01738167	0.009769678	0.9633386	0	0	0.39	-7.479315e-19
9.200055883308057e-09	0.007946484	-0.024836015	0.96194595	0	0	0.39	-1.6022194e-18
9.210030633363838e-09	0.01950609	0.009319832	0.9603933	0	0	0.39	-9.185661e-19
9.220046118943897e-09	0.004814996	0.006478602	0.9629598	0	0	0.39	-1.782962e-18
9.23001795169185e-09	-0.0013881223	0.00086877734	0.9634814	0	0	0.39	-4.2120153e-19
9.2400609231505e-09	-0.020649226	0.011811367	0.96212125	0	0	0.39	-1.1926249e-18
9.250044430393828e-09	-0.011872416	-0.026370037	0.96360826	0	0	0.39	-1.3769626e-18
9.260039716813739e-09	0.008916563	-0.03947648	0.96419144	0	0	0.39	-1.5288683e-18
9.270011111361316e-09	0.033486545	0.018080235	0.96068877	0	0	0.39	-1.6223708e-18
9.28005365325368e-09	0.0034012443	-0.00029567897	0.961005	0	0	0.39	-1.5900036e-18
9.290050257285958e-09	-0.0045949607	0.001784697	0.96265113	0	0	0.39	-2.5850058e-18
9.300047170899656e-09	0.017975643	-0.029005138	0.96103644	0	0	0.39	-8.2248305e-19
9.310036743920545e-09	0.034550067	0.007714567	0.9645064	0	0	0.39	-1.2714311e-18
9.320055816561687e-09	0.0038613915	0.018350087	0.96463335	0	0	0.39	-1.5218933e-18
9.330020497135167e-09	-0.023270257	0.024664085	0.96618396	0	0	0.39	-1.6432743e-18
9.340002529854133e-09	-0.032790113	-0.016331226	0.9665484	0	0	0.39	-1.1172963e-18
9.350024395753914e-09	0.018172126	-0.01176688	0.9655864	0	0	0.39	-1.947684e-18
9.360013189677236e-09	0.0054432605	0.0032854914	0.9635602	0	0	0.39	-1.7628757e-18
9.370037345333868e-09	0.018791318	0.0068189404	0.96382177	0	0	0.39	-1.538761e-18
9.380014800992822e-09	0.0004540118	0.01256438	0.96204257	0	0	0.39	-1.3050216e-18
9.390053227626895e-09	-0.022901507	0.017181471	0.96300733	0	0	0.39	-3.9573636e-19
9.40000840534647e-09	-0.028532071	-0.027288439	0.96383417	0	0	0.39	-2.2117199e-18
9.41005847442146e-09	0.03695909	-0.05478624	0.9634255	0	0	0.39	-2.0777303e-18
9.420003885144401e-09	0.061361544	0.036080875	0.96430075	0	0	0.39	-1.4405158e-19
9.43004591760071e-09	-0.025524922	0.059851065	0.9652306	0	0	0.39	-1.9109382e-18
9.440025274368026e-09	-0.04955043	-0.0065403655	0.9668008	0	0	0.39	-1.5949744e-18
9.450002396714233e-09	-0.0151672335	-0.075589895	0.96279395	0	0	0.39	-1.3578372e-18
9.460056416535858e-09	0.060874846	-0.008903359	0.96287256	0	0	0.39	-2.0509534e-18
9.470058130391789e-09	0.017686248	0.052419957	0.9634132	0	0	0.39	-5.990041e-19
9.480035070642846e-09	-0.022438696	0.019619599	0.9644807	0	0	0.39	-4.1988264e-19
9.490043690654821e-09	-0.0044036848	-0.011448965	0.964356	0	0	0.39	-1.5778454e-18
9.500017618717894e-09	0.021877803	-0.0022417598	0.9662103	0	0	0.39	-2.2566972e-18
9.510049370461918e-09	0.014352973	0.016242791	0.9674754	0	0	0.39	-1.6493744e-18
9.52006269149206e-09	-0.018627385	0.031361856	0.96539545	0	0	0.39	-1.1909842e-18
9.530056441347854e-09	-0.03761866	-0.008516277	0.9659875	0	0	0.39	-1.3443473e-18
9.540001742080878e-09	0.005932028	-0.033767577	0.9675379	0	0	0.39	-1.4384156e-18
9.550051446594473e-09	0.026152262	0.007237844	0.9660982	0	0	0.39	-1.5112726e-18
9.56006399547947e-09	0.00551065	0.030528996	0.9653167	0	0	0.39	-1.5456342e-18
9.570012510383204e-09	-0.0037416262	-0.024685431	0.96766084	0	0	0.39	-9.726542e-19
9.580054421318226e-09	0.016753716	0.0076873116	0.96584475	0	0	0.39	-1.3081444e-18
9.590004394073378e-09	-0.018488782	0.004478828	0.964912	0	0	0.39	-3.6231953e-19
9.60003155910775e-09	-0.0033632617	-0.028208498	0.9652806	0	0	0.39	-1.8512122e-18
9.610043104274901e-09	0.010015092	-0.013577218	0.9674192	0	0	0.39	-1.9561167e-18
9.620060639703002e-09	0.016293008	0.0064226645	0.9648498	0	0	0.39	-7.373013e-19
9.630028869338855e-09	0.00016823778	0.01633647	0.96770984	0	0	0.39	-1.9369776e-18
9.640036016344729e-09	-0.011586364	0.00067277777	0.9663376	0	0	0.39	-8.937235e-19
9.650013152311408e-09	-0.009209679	-0.020673463	0.96658957	0	0	0.39	-1.7180811e-18
9.660009193478875e-09	0.017872663	-0.00343317	0.96364814	0	0	0.39	-1.6998686e-18
9.670048062098307e-09	-0.0028086323	0.017089862	0.96378076	0	0	0.39	-8.2923915e-19
9.680023337233299e-09	-0.033000026	-0.0036970323	0.96512246	0	0	0.39	-8.1268644e-19
9.690059256743607e-09	-0.0021173214	-0.037804976	0.9634001	0	0	0.39	-1.172876e-18
9.700029846041644e-09	0.03612435	-0.008288267	0.9641653	0	0	0.39	-7.723427e-19
9.710052845132366e-09	0.007154595	0.03968237	0.9661476	0	0	0.39	-2.0743297e-18
9.720004572332748e-09	-0.036196996	0.012967268	0.9618092	0	0	0.39	-1.1979009e-18
9.730011760914011e-09	0.0038312997	-0.030112213	0.96563256	0	0	0.39	-1.3121916e-18
9.740022342267866e-09	0.032706518	-0.016050063	0.9662596	0	0	0.39	-1.0712328e-18
9.750023240755581e-09	0.026885824	0.022358362	0.9646611	0	0	0.39	-1.4277776e-18
9.760059646294149e-09	-0.01382212	0.023860997	0.9659285	0	0	0.39	-1.0593995e-18
9.770030660840668e-09	-0.024786672	-0.014896844	0.9671022	0	0	0.39	-1.0537512e-18
9.780016108667219e-09	0.02137838	-0.01487692	0.9665013	0	0	0.39	-6.732027e-19
9.790050265397873e-09	0.01663082	-0.0026543299	0.96669877	0	0	0.39	-8.2804574e-19
9.800050813333825e-09	0.022273665	0.01702389	0.9658788	0	0	0.39	-1.3159874e-18
9.810013609421608e-09	-0.023000795	0.024278631	0.9663052	0	0	0.39	-1.2333307e-18
9.820038245337846e-09	-0.013536408	-0.038272288	0.9673199	0	0	0.39	-6.1431013e-19
9.83002326702069e-09	0.03265472	-0.0018446221	0.9686463	0	0	0.39	-1.2625072e-18
9.840023508631871e-09	-0.007003863	0.019818747	0.9673421	0	0	0.39	-3.0911107e-18
9.850012583309346e-09	-0.025462052	-0.009653685	0.9652954	0	0	0.39	-2.2339827e-19
9.860053312586464e-09	0.00665848	-0.03230719	0.96675634	0	0	0.39	-1.7795263e-18
9.870043887008777e-09	0.02753486	0.011664133	0.968543	0	0	0.39	-1.3240972e-18
9.880022385954144e-09	-0.007398252	0.020060064	0.96800905	0	0	0.39	-1.1868528e-18
9.890040114073506e-09	-0.03091229	-0.010955482	0.9658781	0	0	0.39	-1.0176547e-18
9.900030321677164e-09	0.00987899	-0.019598851	0.9661506	0	0	0.39	-7.530776e-19
9.910001454936697e-09	0.036208563	-0.0019328339	0.9656208	0	0	0.39	-1.6418347e-18
9.920036647483855e-09	-0.0008001909	0.03699329	0.9672454	0	0	0.39	-8.123117e-19
9.930029359436679e-09	-0.06330899	0.007453866	0.9663768	0	0	0.39	-9.109737e-19
9.94004371021837e-09	-0.013884541	-0.052584257	0.9636958	0	0	0.39	-1.8165643e-18
9.950039714614075e-09	0.04315639	-0.0108166225	0.9639469	0	0	0.39	-7.0358013e-19
9.960023083773157e-09	0.008934474	0.020903042	0.9672151	0	0	0.39	-1.3377101e-18
9.970053018373754e-09	-0.019795364	0.013597634	0.9688669	0	0	0.39	-1.4670026e-18
9.980049230072113e-09	-0.01785681	-0.016735217	0.9665182	0	0	0.39	-1.7535098e-18
9.990050621120676e-09	0.0031614313	-0.019846521	0.9665953	0	0	0.39	-1.4414038e-18
1e-08	0.0066691926	0.009564066	0.9661566	0	0	0.39	-1.0198527e-18
