# t (s)	mx ()	my ()	mz ()	B_extx (T)	B_exty (T)	B_extz (T)
0	0	0	-1	0	0	0.37
1.0026881172080948e-11	0.009746504	0.00033994086	-0.9747928	0	0	0.37
2.0065335453776107e-11	0.018975444	-0.004423434	-0.9671146	0	0	0.37
3.0033190000005924e-11	0.030665746	-0.02911369	-0.9643355	0	0	0.37
4.002692852418358e-11	0.022782592	-0.03177342	-0.963103	0	0	0.37
5.000063375674958e-11	0.0027663414	-0.021996738	-0.96178305	0	0	0.37
6.00291151875838e-11	-0.010692496	-0.015780827	-0.9581897	0	0	0.37
7.000199647485177e-11	-0.0074163615	-0.028091207	-0.9579929	0	0	0.37
8.004562836388478e-11	0.016756251	-0.016120788	-0.95498174	0	0	0.37
9.002779893172164e-11	0.026489234	-0.02472817	-0.9550405	0	0	0.37
1.0004010261426917e-10	0.02413783	-0.029732464	-0.9548394	0	0	0.37
1.1006220993484963e-10	0.02292494	-0.02680406	-0.9556948	0	0	0.37
1.2001598895312178e-10	0.01581436	-0.033286355	-0.9551282	0	0	0.37
1.300622797143702e-10	0.03512358	-0.034883294	-0.9572831	0	0	0.37
1.4000915207787292e-10	0.020183897	-0.039033886	-0.96053076	0	0	0.37
1.500619003620417e-10	0.020561615	-0.053321652	-0.9612705	0	0	0.37
1.600199755186411e-10	0.012162258	-0.040568713	-0.962199	0	0	0.37
1.7002026514551866e-10	0.007708325	-0.050464544	-0.95975673	0	0	0.37
1.8002440091336988e-10	-0.0032159637	-0.053205527	-0.95701367	0	0	0.37
1.900151791488308e-10	-0.0041079214	-0.045187607	-0.9565123	0	0	0.37
2.000596059095798e-10	-0.0062516606	-0.042371355	-0.9578996	0	0	0.37
2.1001882654247613e-10	-0.00029810602	-0.018996587	-0.9536842	0	0	0.37
2.200384618807757e-10	0.0027948066	-0.02678054	-0.9542352	0	0	0.37
2.3004231973976017e-10	-0.005098195	-0.04707719	-0.9548841	0	0	0.37
2.400160460967957e-10	0.004951612	-0.056759454	-0.95701534	0	0	0.37
2.5003877831749606e-10	-0.009901781	-0.06891298	-0.9553547	0	0	0.37
2.6002901112212387e-10	-0.021425238	-0.06262457	-0.95723134	0	0	0.37
2.7003114574864693e-10	-0.03633972	-0.05191344	-0.95511377	0	0	0.37
2.800157254275203e-10	-0.039458707	-0.051412612	-0.9498369	0	0	0.37
2.900575826773307e-10	-0.019577974	-0.04278836	-0.9510116	0	0	0.37
3.0004599619258404e-10	-0.012619855	-0.034986105	-0.950562	0	0	0.37
3.1000819751545327e-10	-0.0015837172	-0.044178195	-0.9519734	0	0	0.37
3.2006271367547847e-10	-0.022654401	-0.05869378	-0.9490632	0	0	0.37
3.300219210891197e-10	-0.032358684	-0.061354756	-0.94985765	0	0	0.37
3.4004576722381033e-10	-0.03748683	-0.062335156	-0.95077187	0	0	0.37
3.5004375000178394e-10	-0.036969595	-0.056178927	-0.9521925	0	0	0.37
3.6003815629701375e-10	-0.040422644	-0.045421515	-0.9530566	0	0	0.37
3.700075733391044e-10	-0.022099001	-0.027517108	-0.95505774	0	0	0.37
3.800210828062512e-10	-0.022805553	-0.018770378	-0.9538173	0	0	0.37
3.900643363947466e-10	-0.00994759	-0.016979843	-0.9564197	0	0	0.37
4.0003673480931226e-10	0.006728715	-0.012869665	-0.9543364	0	0	0.37
4.100417988305271e-10	-0.015184968	-0.026392763	-0.95469	0	0	0.37
4.200028718877913e-10	-0.014701255	-0.03171176	-0.9541084	0	0	0.37
4.300455447485747e-10	-0.029688474	-0.036019422	-0.954996	0	0	0.37
4.4001583891298146e-10	-0.021319276	-0.038489364	-0.9531817	0	0	0.37
4.5004336730020816e-10	-0.018985866	-0.030190036	-0.9561914	0	0	0.37
4.600306641672781e-10	0.00012369813	-0.047886092	-0.95217377	0	0	0.37
4.700302507865111e-10	-0.0039911056	-0.07180324	-0.9519617	0	0	0.37
4.800382037086463e-10	-0.019047141	-0.06863266	-0.95017636	0	0	0.37
4.900555703719199e-10	-0.038382027	-0.062313955	-0.95343256	0	0	0.37
5.000388106837619e-10	-0.03549446	-0.07083699	-0.9514027	0	0	0.37
5.100187058045821e-10	-0.055168714	-0.052028403	-0.9527089	0	0	0.37
5.200352857002659e-10	-0.05158644	-0.052994967	-0.9479447	0	0	0.37
5.300015476419012e-10	-0.05930396	-0.056752022	-0.94800204	0	0	0.37
5.400306329912643e-10	-0.07993181	-0.044692397	-0.9434648	0	0	0.37
5.500513748303819e-10	-0.079860404	-0.027688738	-0.94657665	0	0	0.37
5.600191506956885e-10	-0.08130664	0.0064522685	-0.9456327	0	0	0.37
5.700435318908131e-10	-0.08533438	0.031401552	-0.9458176	0	0	0.37
5.800549939038638e-10	-0.0928091	0.037827622	-0.9469669	0	0	0.37
5.900290327147432e-10	-0.08030907	0.058711603	-0.9510152	0	0	0.37
6.000209888389359e-10	-0.0638102	0.060968738	-0.9490425	0	0	0.37
6.100364812118806e-10	-0.06560608	0.060521077	-0.951276	0	0	0.37
6.200295779230096e-10	-0.061149307	0.06950196	-0.94433963	0	0	0.37
6.300403182612137e-10	-0.07806948	0.055973858	-0.9437011	0	0	0.37
6.400613273655351e-10	-0.07151711	0.075854324	-0.9419774	0	0	0.37
6.500250042567631e-10	-0.05581961	0.077745065	-0.93956405	0	0	0.37
6.600410784991217e-10	-0.05325094	0.0779115	-0.93821937	0	0	0.37
6.700374120360558e-10	-0.03383811	0.06717928	-0.9371108	0	0	0.37
6.800116584774919e-10	-0.026607344	0.066812	-0.9303094	0	0	0.37
6.900240339382545e-10	-0.04016111	0.06242784	-0.92998546	0	0	0.37
7.00003764222531e-10	-0.029070431	0.083229035	-0.93050164	0	0	0.37
7.100508152826278e-10	-0.018567245	0.08987111	-0.9353382	0	0	0.37
7.200475266682991e-10	-0.030248204	0.09553447	-0.93665093	0	0	0.37
7.300376223525048e-10	-0.024713246	0.08625833	-0.94229233	0	0	0.37
7.400661283253576e-10	-0.011037949	0.066644154	-0.9450658	0	0	0.37
7.500356474157932e-10	-0.00086945953	0.05877614	-0.9431185	0	0	0.37
7.600499885676803e-10	-0.0076175793	0.052046422	-0.9372113	0	0	0.37
7.700131801161489e-10	-0.010606028	0.06543136	-0.9309413	0	0	0.37
7.800283901297216e-10	-0.015629958	0.087837696	-0.9282633	0	0	0.37
7.900646621101577e-10	-0.01792047	0.10185491	-0.9280355	0	0	0.37
8.000348852283363e-10	-0.012886968	0.112654105	-0.92722017	0	0	0.37
8.100210299019037e-10	0.019487128	0.12579818	-0.9226034	0	0	0.37
8.200611422022219e-10	0.036006767	0.12797345	-0.9235111	0	0	0.37
8.30009683741794e-10	0.05436616	0.12951382	-0.92903274	0	0	0.37
8.400434048141138e-10	0.061657798	0.112393625	-0.93373126	0	0	0.37
8.500309628931664e-10	0.040800683	0.10831512	-0.9363221	0	0	0.37
8.600523710665146e-10	0.014956585	0.11312697	-0.9338699	0	0	0.37
8.700263955446386e-10	0.007648981	0.13521142	-0.9293116	0	0	0.37
8.800204364645365e-10	0.006110544	0.12258493	-0.93112934	0	0	0.37
8.90006326957747e-10	0.0031310702	0.12118991	-0.9317365	0	0	0.37
9.000002322821123e-10	0.0125266155	0.13435934	-0.930125	0	0	0.37
9.100158367080168e-10	0.026289077	0.13944109	-0.9244587	0	0	0.37
9.200518163546247e-10	0.028530337	0.13256808	-0.91954184	0	0	0.37
9.30045601754238e-10	0.045977846	0.14208515	-0.92328995	0	0	0.37
9.40037695794858e-10	0.048602514	0.1373794	-0.9212782	0	0	0.37
9.500072430438003e-10	0.027163437	0.140298	-0.9242064	0	0	0.37
9.600467112502283e-10	0.025328582	0.1398448	-0.92929655	0	0	0.37
9.700025882011474e-10	0.023573715	0.12929425	-0.92734367	0	0	0.37
9.800574415435734e-10	0.034948606	0.13174747	-0.92964137	0	0	0.37
9.900591431751476e-10	0.052987225	0.12177656	-0.9366325	0	0	0.37
1.000010792942849e-09	0.06741278	0.11579568	-0.9329044	0	0	0.37
1.0100314583110988e-09	0.06712489	0.1012051	-0.93664205	0	0	0.37
1.0200576918958404e-09	0.086288735	0.09731037	-0.9340778	0	0	0.37
1.030044677670796e-09	0.10230051	0.08029596	-0.93280405	0	0	0.37
1.0400142926132481e-09	0.105466515	0.07111534	-0.9331333	0	0	0.37
1.0500236575209604e-09	0.10537278	0.073195145	-0.9307027	0	0	0.37
1.0600284618255265e-09	0.10071049	0.042934075	-0.9340326	0	0	0.37
1.0700156261801132e-09	0.06976368	0.030782238	-0.9409819	0	0	0.37
1.0800301586422603e-09	0.069426455	0.03621417	-0.9493323	0	0	0.37
1.0900262048301184e-09	0.07782689	0.040168505	-0.9428184	0	0	0.37
1.1000490538439274e-09	0.093146235	0.025014399	-0.945648	0	0	0.37
1.1100415540372404e-09	0.089374445	0.020759959	-0.94585574	0	0	0.37
1.120042761674787e-09	0.08546811	0.021612246	-0.94499314	0	0	0.37
1.1300077115004112e-09	0.08094223	0.014773787	-0.9452495	0	0	0.37
1.1400470537250976e-09	0.09975648	0.0053472966	-0.9467011	0	0	0.37
1.1500261898728934e-09	0.10191674	0.0043304637	-0.9452242	0	0	0.37
1.1600370856086045e-09	0.09926948	-0.018951388	-0.94944006	0	0	0.37
1.170048261787575e-09	0.10800819	-0.043384694	-0.9501657	0	0	0.37
1.1800278889100764e-09	0.115264274	-0.047282927	-0.94734186	0	0	0.37
1.1900393257827432e-09	0.07920967	-0.06486922	-0.9495009	0	0	0.37
1.200042377499823e-09	0.064574406	-0.07431545	-0.94788325	0	0	0.37
1.2100607226142627e-09	0.06044731	-0.06463678	-0.94887763	0	0	0.37
1.2200370579012083e-09	0.079127245	-0.057535462	-0.94681907	0	0	0.37
1.2300571021026653e-09	0.075088635	-0.072626114	-0.9428714	0	0	0.37
1.2400365694637794e-09	0.078599565	-0.08659158	-0.9391865	0	0	0.37
1.2500102909919543e-09	0.08503015	-0.103474505	-0.93806225	0	0	0.37
1.26006388296022e-09	0.081831776	-0.113076165	-0.93953854	0	0	0.37
1.2700038906214086e-09	0.04861567	-0.11594222	-0.9419147	0	0	0.37
1.2800066329374779e-09	0.036303565	-0.10712192	-0.94149166	0	0	0.37
1.2900474446449416e-09	0.023232568	-0.083370306	-0.9395116	0	0	0.37
1.3000395968796e-09	0.011314864	-0.08804156	-0.9353301	0	0	0.37
1.3100601362117644e-09	-0.0022854283	-0.07837073	-0.94085574	0	0	0.37
1.3200134758764408e-09	-0.0053570834	-0.08868135	-0.94148827	0	0	0.37
1.3300210300194238e-09	-0.007579635	-0.108064644	-0.94385546	0	0	0.37
1.3400150924360272e-09	-0.01234857	-0.10913594	-0.9419348	0	0	0.37
1.3500548595867762e-09	-0.01247134	-0.122974075	-0.94376945	0	0	0.37
1.3600335413435404e-09	-0.03219208	-0.11829992	-0.94627553	0	0	0.37
1.37001970007761e-09	-0.041698907	-0.11481901	-0.94684374	0	0	0.37
1.3800209036283263e-09	-0.06423746	-0.09333025	-0.9492987	0	0	0.37
1.3900248878721296e-09	-0.055839896	-0.08185469	-0.94740355	0	0	0.37
1.4000347250964857e-09	-0.04686678	-0.06341587	-0.9507084	0	0	0.37
1.4100486586221242e-09	-0.050508406	-0.06797129	-0.9507852	0	0	0.37
1.4200279984880029e-09	-0.05451882	-0.066214934	-0.948999	0	0	0.37
1.4300096485615635e-09	-0.055183206	-0.06864633	-0.94863516	0	0	0.37
1.44006318595372e-09	-0.064664826	-0.07574964	-0.94379216	0	0	0.37
1.4500023231338614e-09	-0.08634526	-0.07613243	-0.9488127	0	0	0.37
1.4600031026471445e-09	-0.09303105	-0.06253671	-0.9487858	0	0	0.37
1.4700341728578514e-09	-0.08406059	-0.05319854	-0.94998395	0	0	0.37
1.4800209187986515e-09	-0.07112653	-0.04102444	-0.9509648	0	0	0.37
1.4900274006465404e-09	-0.07130028	-0.010606606	-0.94922715	0	0	0.37
1.5000516512736223e-09	-0.04390749	-0.03740537	-0.9512139	0	0	0.37
1.5100521669235268e-09	-0.033773445	-0.032121938	-0.9522975	0	0	0.37
1.5200577935455034e-09	-0.04164483	-0.031027637	-0.9496701	0	0	0.37
1.5300206436408814e-09	-0.05007905	-0.025139218	-0.9509562	0	0	0.37
1.5400478152604684e-09	-0.082522236	-0.007787821	-0.9502678	0	0	0.37
1.550031130290679e-09	-0.07802808	0.03631636	-0.9527034	0	0	0.37
1.5600441280566148e-09	-0.07294442	0.04602933	-0.95302457	0	0	0.37
1.5700438004501958e-09	-0.054839138	0.03977382	-0.9505721	0	0	0.37
1.5800547485992164e-09	-0.04247018	0.04026984	-0.95029664	0	0	0.37
1.5900371795202477e-09	-0.04139409	0.04187629	-0.9493826	0	0	0.37
1.600007008867163e-09	-0.038733426	0.037913732	-0.9504316	0	0	0.37
1.610026895893896e-09	-0.051268026	0.026104586	-0.95119643	0	0	0.37
1.6200586740387614e-09	-0.06416362	0.043894716	-0.9480753	0	0	0.37
1.6300440369068213e-09	-0.06508871	0.061848804	-0.9517947	0	0	0.37
1.6400601684755725e-09	-0.058945507	0.08423524	-0.949074	0	0	0.37
1.6500086688041696e-09	-0.0539348	0.12017598	-0.94699126	0	0	0.37
1.6600363327414304e-09	-0.030471731	0.11755185	-0.94694614	0	0	0.37
1.6700476306278785e-09	-0.03816353	0.115929104	-0.94564146	0	0	0.37
1.6800165622511027e-09	-0.023341222	0.101418614	-0.9426202	0	0	0.37
1.6900519073002001e-09	-0.031570252	0.095763765	-0.9417541	0	0	0.37
1.7000034496098834e-09	-0.040965363	0.09185198	-0.93609726	0	0	0.37
1.710039700557839e-09	-0.026176978	0.105507374	-0.93807846	0	0	0.37
1.7200640603590022e-09	-0.020589758	0.11769848	-0.9408541	0	0	0.37
1.7300092430901706e-09	0.008426042	0.12477371	-0.94249797	0	0	0.37
1.7400293289760138e-09	0.0143409725	0.15525956	-0.9375988	0	0	0.37
1.7500263146136397e-09	0.029320663	0.15302339	-0.94034326	0	0	0.37
1.7600415531023472e-09	0.022627516	0.15532814	-0.9467672	0	0	0.37
1.7700096698409724e-09	0.039888214	0.14030349	-0.9431753	0	0	0.37
1.7800077551481e-09	0.041565873	0.11682182	-0.9433776	0	0	0.37
1.7900119246578852e-09	0.028322145	0.10070023	-0.9418736	0	0	0.37
1.800057575874263e-09	0.029762438	0.09565494	-0.9414915	0	0	0.37
1.8100045558930418e-09	0.010115567	0.08894901	-0.94675	0	0	0.37
1.8200227906978099e-09	0.01252289	0.093316495	-0.947014	0	0	0.37
1.8300055627219727e-09	0.0264724	0.117371134	-0.94631094	0	0	0.37
1.840003160415827e-09	0.04717764	0.12370477	-0.9464705	0	0	0.37
1.8500200790731935e-09	0.06920703	0.103911646	-0.9474842	0	0	0.37
1.860010300779056e-09	0.08021848	0.08518835	-0.94868636	0	0	0.37
1.8700072966680154e-09	0.0961715	0.076205015	-0.9487357	0	0	0.37
1.880046658534872e-09	0.07758727	0.05284092	-0.95209163	0	0	0.37
1.890013411106205e-09	0.071976215	0.04879449	-0.9496875	0	0	0.37
1.9000300578477922e-09	0.06274921	0.059929296	-0.9465821	0	0	0.37
1.91001300898729e-09	0.06622555	0.05484145	-0.94600177	0	0	0.37
1.9200084592412206e-09	0.0833194	0.0548922	-0.9458007	0	0	0.37
1.9300029604124803e-09	0.09311758	0.034953315	-0.94948786	0	0	0.37
1.940007164794002e-09	0.109243214	0.017927565	-0.94881105	0	0	0.37
1.9500219458699063e-09	0.1303214	-0.014800064	-0.9433586	0	0	0.37
1.960030716660581e-09	0.11957029	-0.03331557	-0.9459908	0	0	0.37
1.9700594611183376e-09	0.11346406	-0.04921834	-0.94762355	0	0	0.37
1.9800001892998462e-09	0.10560087	-0.03362525	-0.9502406	0	0	0.37
1.9900082570064387e-09	0.109691076	-0.026752478	-0.9505312	0	0	0.37
2.0000140189563633e-09	0.08665158	-0.014954536	-0.9517255	0	0	0.37
2.0100369026047893e-09	0.08806962	-0.0057355417	-0.95269305	0	0	0.37
2.0200184819241744e-09	0.08997839	-0.020652043	-0.94967365	0	0	0.37
2.0300052386752525e-09	0.06929145	-0.045252677	-0.9552008	0	0	0.37
2.040008917573169e-09	0.060679864	-0.057892833	-0.9568479	0	0	0.37
2.0500127979605954e-09	0.057224143	-0.071303464	-0.953488	0	0	0.37
2.060025960178508e-09	0.049265034	-0.06990148	-0.9563229	0	0	0.37
2.070016320473208e-09	0.028387625	-0.06366016	-0.95696694	0	0	0.37
2.080019950523884e-09	0.010060363	-0.062988974	-0.9548821	0	0	0.37
2.090011230159017e-09	0.0025696661	-0.057129234	-0.9522684	0	0	0.37
2.1000090074170653e-09	0.0002125989	-0.04462246	-0.9534405	0	0	0.37
2.1100638274534686e-09	0.019512616	-0.07185385	-0.95347184	0	0	0.37
2.1200122877182815e-09	-0.012240665	-0.09362559	-0.95498025	0	0	0.37
2.130000506490961e-09	-0.018065128	-0.08926092	-0.9563714	0	0	0.37
2.1400138116633847e-09	-0.027067317	-0.08846287	-0.95502794	0	0	0.37
2.1500596338470774e-09	-0.049472988	-0.084761634	-0.9558735	0	0	0.37
2.1600346333927344e-09	-0.06963481	-0.08008632	-0.9528791	0	0	0.37
2.170040331947719e-09	-0.0715132	-0.06851048	-0.9530167	0	0	0.37
2.180001705790071e-09	-0.06997607	-0.06515268	-0.95460576	0	0	0.37
2.190043816805339e-09	-0.059935626	-0.053699553	-0.9545903	0	0	0.37
2.200060029069607e-09	-0.060240895	-0.054480683	-0.95487523	0	0	0.37
2.210022387045287e-09	-0.07434878	-0.06181006	-0.95125574	0	0	0.37
2.220020767834852e-09	-0.07935014	-0.046182454	-0.9522895	0	0	0.37
2.230033875723696e-09	-0.089154914	-0.025185727	-0.95385855	0	0	0.37
2.2400109612492836e-09	-0.10721998	-0.021729738	-0.9517134	0	0	0.37
2.250016532167462e-09	-0.11282658	-0.009667134	-0.9520522	0	0	0.37
2.2600593751760815e-09	-0.1118582	0.0004042522	-0.9491559	0	0	0.37
2.270003368457103e-09	-0.10388468	0.008425327	-0.9449146	0	0	0.37
2.280033240577802e-09	-0.09780911	0.011722204	-0.9485301	0	0	0.37
2.2900239283057594e-09	-0.07886584	0.02820341	-0.9534891	0	0	0.37
2.3000286214195466e-09	-0.07738174	0.036510713	-0.9542428	0	0	0.37
2.3100573204042484e-09	-0.08479878	0.046555243	-0.9533976	0	0	0.37
2.3200492295242878e-09	-0.077309184	0.046245888	-0.95585686	0	0	0.37
2.3300633164743606e-09	-0.06250583	0.05236132	-0.95347846	0	0	0.37
2.3400009818691966e-09	-0.06436162	0.07054286	-0.95107514	0	0	0.37
2.350059905871216e-09	-0.06036994	0.06508424	-0.94858915	0	0	0.37
2.36002466249337e-09	-0.051498756	0.07341537	-0.9530278	0	0	0.37
2.3700581835689412e-09	-0.030913316	0.07140242	-0.95266986	0	0	0.37
2.3800073785170635e-09	-0.04040717	0.055354197	-0.94944495	0	0	0.37
2.3900229266171498e-09	-0.048017167	0.06282704	-0.9470233	0	0	0.37
2.4000443116419075e-09	-0.051791225	0.07627442	-0.94766724	0	0	0.37
2.4100050206837373e-09	-0.048224248	0.10127927	-0.94549155	0	0	0.37
2.4200591070857757e-09	-0.038217288	0.09638776	-0.9442707	0	0	0.37
2.4300616723086623e-09	-0.025449304	0.09016263	-0.94433457	0	0	0.37
2.4400401749376734e-09	-0.013307863	0.09640839	-0.944596	0	0	0.37
2.4500017539305205e-09	-0.015766516	0.07808207	-0.9468384	0	0	0.37
2.460003529077202e-09	-0.0058010058	0.08241287	-0.94405043	0	0	0.37
2.470060819990883e-09	-0.00880841	0.081043534	-0.95009017	0	0	0.37
2.480053190979235e-09	-0.011279607	0.09015015	-0.9509599	0	0	0.37
2.490061900141947e-09	-0.009464808	0.08925185	-0.9470597	0	0	0.37
2.5000320832813724e-09	-0.011506364	0.10801844	-0.946325	0	0	0.37
2.5100435753771133e-09	0.011747437	0.1208267	-0.9430793	0	0	0.37
2.520007354004702e-09	0.034070615	0.1239223	-0.9436334	0	0	0.37
2.530017172117389e-09	0.04710629	0.12051732	-0.9433468	0	0	0.37
2.540057854565591e-09	0.039549354	0.10843277	-0.94376075	0	0	0.37
2.550007209621909e-09	0.041568797	0.10867644	-0.94250786	0	0	0.37
2.560043267229724e-09	0.045467272	0.10728069	-0.9397368	0	0	0.37
2.5700138590545306e-09	0.04962703	0.10135834	-0.93928105	0	0	0.37
2.5800191037165643e-09	0.029763935	0.10710573	-0.93812484	0	0	0.37
2.5900440694960593e-09	0.041875906	0.10613595	-0.93839526	0	0	0.37
2.6000240310027756e-09	0.06401058	0.09949252	-0.93135196	0	0	0.37
2.6100623680246902e-09	0.07919967	0.11140594	-0.93059	0	0	0.37
2.620050883949878e-09	0.089969896	0.11232322	-0.93218595	0	0	0.37
2.6300313387714e-09	0.112841845	0.097319596	-0.93124783	0	0	0.37
2.6400285581735904e-09	0.1257609	0.09957098	-0.9282183	0	0	0.37
2.650017718788858e-09	0.13858512	0.079062216	-0.9309375	0	0	0.37
2.6600054589155574e-09	0.13581681	0.08304298	-0.93472165	0	0	0.37
2.6700438399827448e-09	0.14284448	0.078662775	-0.93473065	0	0	0.37
2.6800588239660114e-09	0.14688025	0.073893555	-0.9317403	0	0	0.37
2.6900603189099524e-09	0.15777777	0.06801869	-0.9307032	0	0	0.37
2.7000491659243933e-09	0.16586575	0.058796596	-0.928012	0	0	0.37
2.710025755098451e-09	0.16174684	0.051557314	-0.9270523	0	0	0.37
2.7200475506515065e-09	0.16655236	0.041468136	-0.92728037	0	0	0.37
2.730001418319993e-09	0.15441152	0.019509722	-0.9262587	0	0	0.37
2.740030464849636e-09	0.15127034	0.0170654	-0.92523766	0	0	0.37
2.750049857563524e-09	0.13913086	-0.000110400724	-0.92206305	0	0	0.37
2.760010383797959e-09	0.128901	0.00078646187	-0.9237097	0	0	0.37
2.770065327007097e-09	0.13794541	-0.018062536	-0.9186702	0	0	0.37
2.7800560557166866e-09	0.13684994	-0.034701597	-0.91606	0	0	0.37
2.790001255823569e-09	0.12404375	-0.045998156	-0.9208547	0	0	0.37
2.8000533361833664e-09	0.11050661	-0.024008319	-0.92838734	0	0	0.37
2.8100404379050355e-09	0.11397857	-0.032738015	-0.92524654	0	0	0.37
2.820001096273646e-09	0.12810169	-0.06031368	-0.9204035	0	0	0.37
2.830027183073073e-09	0.12057316	-0.069727875	-0.92884517	0	0	0.37
2.840027689266589e-09	0.12185065	-0.08287798	-0.92984694	0	0	0.37
2.8500547754760164e-09	0.12708285	-0.08512635	-0.9250584	0	0	0.37
2.8600144355171983e-09	0.13075797	-0.10481081	-0.9219619	0	0	0.37
2.8700052760541084e-09	0.13191743	-0.12096445	-0.9227243	0	0	0.37
2.880011959524983e-09	0.13547431	-0.122852966	-0.91733325	0	0	0.37
2.8900417185711207e-09	0.15115923	-0.13480264	-0.90879995	0	0	0.37
2.900015848830074e-09	0.15511362	-0.14788398	-0.907801	0	0	0.37
2.9100358214350645e-09	0.16127808	-0.16441984	-0.90808123	0	0	0.37
2.9200292823048573e-09	0.17235592	-0.17209095	-0.90186554	0	0	0.37
2.9300134650441643e-09	0.16402271	-0.16637126	-0.89744484	0	0	0.37
2.9400136336591276e-09	0.14751363	-0.16183011	-0.9030534	0	0	0.37
2.950005387524556e-09	0.16299824	-0.1590805	-0.89553916	0	0	0.37
2.960026739917419e-09	0.1647945	-0.16088586	-0.89713216	0	0	0.37
2.970032200834622e-09	0.15538289	-0.15687235	-0.9056936	0	0	0.37
2.9800479259140482e-09	0.13913214	-0.16209923	-0.91043603	0	0	0.37
2.9900127140111675e-09	0.13995852	-0.17036985	-0.9139865	0	0	0.37
3.0000216137539202e-09	0.14068799	-0.1786383	-0.91037107	0	0	0.37
3.0100465956447945e-09	0.13106579	-0.17755163	-0.91478366	0	0	0.37
3.0200311343047697e-09	0.13858013	-0.18624628	-0.9090217	0	0	0.37
3.030003576969588e-09	0.13298436	-0.1723142	-0.9136804	0	0	0.37
3.0400047001715205e-09	0.12611043	-0.16574585	-0.9132307	0	0	0.37
3.050058282194518e-09	0.121645324	-0.16734226	-0.91661817	0	0	0.37
3.0600163353531464e-09	0.10989606	-0.15844929	-0.91389847	0	0	0.37
3.0700377359410567e-09	0.09824795	-0.16580422	-0.9126252	0	0	0.37
3.0800035356706026e-09	0.09057685	-0.17578706	-0.9103043	0	0	0.37
3.0900647506835807e-09	0.08762513	-0.18511613	-0.9113989	0	0	0.37
3.1000543569783657e-09	0.0734073	-0.20358203	-0.90992236	0	0	0.37
3.1100042724913795e-09	0.052651003	-0.20014523	-0.91588813	0	0	0.37
3.120024887788538e-09	0.056867395	-0.19600727	-0.9233663	0	0	0.37
3.1300437157552736e-09	0.03673316	-0.1909169	-0.9253022	0	0	0.37
3.1400568134125966e-09	0.03479666	-0.18588826	-0.92541564	0	0	0.37
3.150054525291363e-09	0.029335473	-0.19970287	-0.91507107	0	0	0.37
3.1600647494779144e-09	0.03647881	-0.2108896	-0.9115482	0	0	0.37
3.1700641987553755e-09	0.024928309	-0.22727086	-0.9011444	0	0	0.37
3.1800604855404524e-09	0.002626978	-0.22512333	-0.8987317	0	0	0.37
3.1900386680916066e-09	-0.0063739694	-0.24213785	-0.89586085	0	0	0.37
3.200051710173643e-09	-0.019063978	-0.24608405	-0.8937559	0	0	0.37
3.2100034468889933e-09	-0.0134321125	-0.24866733	-0.89069545	0	0	0.37
3.2200607171748354e-09	-0.018833805	-0.27149403	-0.8885803	0	0	0.37
3.2300313089806257e-09	-0.024609199	-0.2656018	-0.89482975	0	0	0.37
3.2400242567388074e-09	-0.02944911	-0.27348194	-0.89363885	0	0	0.37
3.2500428811152447e-09	-0.041559234	-0.2841104	-0.8894225	0	0	0.37
3.2600347283342826e-09	-0.038869955	-0.29004803	-0.89040244	0	0	0.37
3.270050132392343e-09	-0.043438315	-0.2838852	-0.88798445	0	0	0.37
3.2800208365335483e-09	-0.029854406	-0.29446837	-0.88485986	0	0	0.37
3.2900480540348667e-09	-0.029155571	-0.290777	-0.89101636	0	0	0.37
3.3000518039107645e-09	-0.025996095	-0.29215539	-0.88962907	0	0	0.37
3.310046458974061e-09	-0.049670238	-0.29561406	-0.8884762	0	0	0.37
3.3200207899758412e-09	-0.051990222	-0.27398783	-0.89265496	0	0	0.37
3.3300544767153227e-09	-0.04670219	-0.25947338	-0.8981312	0	0	0.37
3.340005066437999e-09	-0.05320489	-0.25817522	-0.9004276	0	0	0.37
3.3500333428034254e-09	-0.06307066	-0.24838069	-0.9032871	0	0	0.37
3.360033290243655e-09	-0.06942782	-0.24359351	-0.8967132	0	0	0.37
3.3700212863532403e-09	-0.07710844	-0.2650731	-0.892446	0	0	0.37
3.380030186879025e-09	-0.09398274	-0.2802013	-0.88846725	0	0	0.37
3.390003778184154e-09	-0.10158901	-0.27409172	-0.89245635	0	0	0.37
3.4000240991672513e-09	-0.097729996	-0.28305727	-0.89376223	0	0	0.37
3.410012401670698e-09	-0.12551671	-0.2869793	-0.8868984	0	0	0.37
3.4200129220303965e-09	-0.14025448	-0.28560463	-0.87879074	0	0	0.37
3.43002427246035e-09	-0.12818195	-0.29200596	-0.87981397	0	0	0.37
3.4400359210933827e-09	-0.13711506	-0.28351298	-0.8809497	0	0	0.37
3.450052798729705e-09	-0.11757634	-0.2809066	-0.88222796	0	0	0.37
3.4600243580245395e-09	-0.10536572	-0.28019595	-0.8843851	0	0	0.37
3.4700411511863074e-09	-0.092522055	-0.27771008	-0.88604873	0	0	0.37
3.4800223792300913e-09	-0.0925166	-0.27573395	-0.8867607	0	0	0.37
3.490059990079475e-09	-0.08728858	-0.2725571	-0.88988364	0	0	0.37
3.500008194956841e-09	-0.0819339	-0.28961542	-0.89285827	0	0	0.37
3.5100072359601794e-09	-0.0973432	-0.30609596	-0.89150226	0	0	0.37
3.5200573883896432e-09	-0.10870745	-0.2971972	-0.89576614	0	0	0.37
3.5300458220171443e-09	-0.12106248	-0.29330346	-0.89277774	0	0	0.37
3.540030102962295e-09	-0.119049214	-0.26895982	-0.89255166	0	0	0.37
3.5500195996622634e-09	-0.120022	-0.26591823	-0.8883758	0	0	0.37
3.5600508302376313e-09	-0.09912249	-0.27093223	-0.892363	0	0	0.37
3.570004554552068e-09	-0.07562801	-0.2670477	-0.89098084	0	0	0.37
3.580034709393032e-09	-0.06561822	-0.26585045	-0.8962503	0	0	0.37
3.5900506352980303e-09	-0.05981906	-0.29361153	-0.8910119	0	0	0.37
3.6000072083145538e-09	-0.06550245	-0.3022648	-0.89387745	0	0	0.37
3.6100301510244093e-09	-0.07143816	-0.3124372	-0.89134353	0	0	0.37
3.620053661660575e-09	-0.100688994	-0.30728653	-0.8908413	0	0	0.37
3.6300531336558322e-09	-0.12511417	-0.2881686	-0.8874092	0	0	0.37
3.6400032233024033e-09	-0.12643732	-0.27184373	-0.89215416	0	0	0.37
3.650021927029616e-09	-0.14209102	-0.26467907	-0.8834257	0	0	0.37
3.6600310321638156e-09	-0.13639529	-0.24745998	-0.88099873	0	0	0.37
3.670003409571255e-09	-0.123506196	-0.2565501	-0.88264805	0	0	0.37
3.68000369486618e-09	-0.11547806	-0.26995286	-0.8853728	0	0	0.37
3.6900239665991385e-09	-0.11086212	-0.29873955	-0.88128144	0	0	0.37
3.700064263556323e-09	-0.11597813	-0.31877726	-0.87959087	0	0	0.37
3.710014268210808e-09	-0.120653294	-0.3180448	-0.8847276	0	0	0.37
3.7200209409636292e-09	-0.13742805	-0.3287061	-0.8805459	0	0	0.37
3.730025478350542e-09	-0.13737905	-0.32070088	-0.8815927	0	0	0.37
3.740036955570545e-09	-0.14653438	-0.31894132	-0.8743775	0	0	0.37
3.750006365115797e-09	-0.15170139	-0.3080895	-0.87668884	0	0	0.37
3.760044908940503e-09	-0.1342491	-0.31062618	-0.8784534	0	0	0.37
3.770047473376722e-09	-0.11832593	-0.306018	-0.8765437	0	0	0.37
3.780003274737773e-09	-0.10067081	-0.30873603	-0.8763175	0	0	0.37
3.79000682867136e-09	-0.081330165	-0.3304442	-0.86679363	0	0	0.37
3.800034817964642e-09	-0.08565292	-0.3425686	-0.8632694	0	0	0.37
3.8100609575129e-09	-0.08738302	-0.3471467	-0.8737785	0	0	0.37
3.820014243691086e-09	-0.10324061	-0.34422666	-0.873359	0	0	0.37
3.830003085436299e-09	-0.11681554	-0.3457974	-0.8790885	0	0	0.37
3.840007037839712e-09	-0.12262732	-0.35408404	-0.8794576	0	0	0.37
3.850044324629819e-09	-0.13784872	-0.32752255	-0.8820302	0	0	0.37
3.860049202731954e-09	-0.14968409	-0.30533826	-0.88421625	0	0	0.37
3.870003365736984e-09	-0.16029298	-0.2899159	-0.87997097	0	0	0.37
3.880014811427866e-09	-0.16046624	-0.2774167	-0.8831028	0	0	0.37
3.890052509083058e-09	-0.11968622	-0.2750598	-0.88364047	0	0	0.37
3.9000110778994186e-09	-0.09249589	-0.28882426	-0.8824364	0	0	0.37
3.910034598073474e-09	-0.09499526	-0.30074492	-0.8795293	0	0	0.37
3.920002114310499e-09	-0.08722481	-0.30326667	-0.8785421	0	0	0.37
3.930021209682551e-09	-0.082080565	-0.3292782	-0.8760252	0	0	0.37
3.9400218205632364e-09	-0.107048005	-0.33275992	-0.8701034	0	0	0.37
3.950047104091737e-09	-0.11210548	-0.3340784	-0.8681534	0	0	0.37
3.960040389828768e-09	-0.12437666	-0.32663006	-0.87201214	0	0	0.37
3.970016013093479e-09	-0.13809018	-0.31740767	-0.8736723	0	0	0.37
3.980058655331589e-09	-0.15817858	-0.30389458	-0.87098026	0	0	0.37
3.9900252074713594e-09	-0.14537352	-0.30372337	-0.8719758	0	0	0.37
4.000004419432227e-09	-0.15447977	-0.30118698	-0.8692448	0	0	0.37
4.010022157357173e-09	-0.13177909	-0.28679633	-0.87784773	0	0	0.37
4.0200213399815565e-09	-0.11414892	-0.3151716	-0.8729986	0	0	0.37
4.030012333094942e-09	-0.122186184	-0.3299877	-0.86402893	0	0	0.37
4.040025446688519e-09	-0.11058956	-0.3535217	-0.8617226	0	0	0.37
4.050043508460142e-09	-0.10337203	-0.3690724	-0.8650066	0	0	0.37
4.0600256192605725e-09	-0.13638616	-0.385881	-0.86723095	0	0	0.37
4.0700328638533e-09	-0.16439475	-0.3932208	-0.854236	0	0	0.37
4.080034465588212e-09	-0.1613466	-0.37733123	-0.85493153	0	0	0.37
4.090048473472716e-09	-0.181513	-0.37072468	-0.8506954	0	0	0.37
4.100053943502227e-09	-0.173884	-0.35893822	-0.84731126	0	0	0.37
4.110045376389498e-09	-0.15341926	-0.35112864	-0.84090245	0	0	0.37
4.120051155160824e-09	-0.123129226	-0.34409705	-0.8402322	0	0	0.37
4.130063795681677e-09	-0.09708271	-0.3590792	-0.8357759	0	0	0.37
4.140040407820846e-09	-0.05726404	-0.34586474	-0.84460974	0	0	0.37
4.150037044086609e-09	-0.012558006	-0.36769617	-0.8489906	0	0	0.37
4.160018002306458e-09	0.02365154	-0.39345455	-0.8426497	0	0	0.37
4.170041186853105e-09	0.022623245	-0.41113883	-0.8331981	0	0	0.37
4.180050378225817e-09	0.040590446	-0.4178382	-0.82206863	0	0	0.37
4.190058444610559e-09	0.063502945	-0.41438136	-0.822511	0	0	0.37
4.200010177242827e-09	0.09871713	-0.4086674	-0.8150764	0	0	0.37
4.210037948376174e-09	0.13755304	-0.40244466	-0.7988481	0	0	0.37
4.220044677463314e-09	0.16839068	-0.35888255	-0.7997373	0	0	0.37
4.230034286103478e-09	0.21070157	-0.3147376	-0.7842928	0	0	0.37
4.240066092508205e-09	0.24928859	-0.24345864	-0.77216965	0	0	0.37
4.2500625683608e-09	0.292432	-0.135209	-0.7658582	0	0	0.37
4.260031794833665e-09	0.27845365	-0.04079702	-0.7593068	0	0	0.37
4.270001801963967e-09	0.21903086	0.04088994	-0.7616886	0	0	0.37
4.2800498253203446e-09	0.15937656	0.09228786	-0.7526689	0	0	0.37
4.290058749984649e-09	0.07652494	0.13435118	-0.7431368	0	0	0.37
4.300026421494037e-09	-0.04569198	0.13855127	-0.73108137	0	0	0.37
4.310001846568489e-09	-0.15867025	0.08012668	-0.7083111	0	0	0.37
4.3200166672974065e-09	-0.24703686	-0.05421977	-0.6879086	0	0	0.37
4.330062860972332e-09	-0.26792127	-0.20958732	-0.6701741	0	0	0.37
4.34006010868919e-09	-0.20108025	-0.33505479	-0.66853064	0	0	0.37
4.350062459672668e-09	-0.10297945	-0.3895146	-0.6614057	0	0	0.37
4.360043674790885e-09	0.0053004515	-0.45524094	-0.6572493	0	0	0.37
4.370031042705362e-09	0.16322285	-0.43968275	-0.63698065	0	0	0.37
4.380050676842707e-09	0.30099452	-0.3150099	-0.62287927	0	0	0.37
4.390055288006753e-09	0.35131732	-0.13945717	-0.6195572	0	0	0.37
4.400035742140592e-09	0.28813478	-0.0165221	-0.6246653	0	0	0.37
4.410063070855695e-09	0.19724934	0.0876811	-0.6250418	0	0	0.37
4.4200460100255025e-09	0.053071026	0.15819162	-0.6206812	0	0	0.37
4.4300532011756174e-09	-0.092778146	0.16315848	-0.6111807	0	0	0.37
4.440062008781959e-09	-0.24571452	0.11852819	-0.6011614	0	0	0.37
4.450045217789045e-09	-0.35630062	-0.008104489	-0.5939739	0	0	0.37
4.460021107442894e-09	-0.39938265	-0.1701835	-0.58390784	0	0	0.37
4.470036478797599e-09	-0.3373534	-0.3403424	-0.5700951	0	0	0.37
4.480007912842966e-09	-0.15125225	-0.46160084	-0.54912	0	0	0.37
4.490045991233319e-09	0.020606859	-0.44423085	-0.54156154	0	0	0.37
4.500023192751645e-09	0.142985	-0.35678172	-0.54608244	0	0	0.37
4.510024620663756e-09	0.24247596	-0.21165164	-0.5448366	0	0	0.37
4.520047962239549e-09	0.2624549	-0.04491634	-0.55234736	0	0	0.37
4.5300326604211336e-09	0.16943368	0.14956646	-0.5627434	0	0	0.37
4.540043272035639e-09	0.007515358	0.24618053	-0.56884134	0	0	0.37
4.550052123707987e-09	-0.1521666	0.2440637	-0.5634936	0	0	0.37
4.560002029464179e-09	-0.28627202	0.17504436	-0.55138767	0	0	0.37
4.570040591300506e-09	-0.37923118	0.041641492	-0.53756374	0	0	0.37
4.580018759995402e-09	-0.36540064	-0.14381494	-0.5342514	0	0	0.37
4.590036273036005e-09	-0.2801612	-0.27392054	-0.52130437	0	0	0.37
4.600065186817764e-09	-0.08423323	-0.3246132	-0.5120291	0	0	0.37
4.6100553195493615e-09	0.10860496	-0.28006575	-0.50708	0	0	0.37
4.620011807690157e-09	0.2336392	-0.15530726	-0.48565966	0	0	0.37
4.630021852628819e-09	0.28848767	-0.004367086	-0.46694487	0	0	0.37
4.640040033326965e-09	0.2767059	0.16860007	-0.4550354	0	0	0.37
4.650029161900988e-09	0.1597428	0.31454197	-0.45980716	0	0	0.37
4.660038288427347e-09	0.010344294	0.3643259	-0.4544002	0	0	0.37
4.6700265375706385e-09	-0.194657	0.32033858	-0.4444538	0	0	0.37
4.680018093003084e-09	-0.32749823	0.13048643	-0.4228406	0	0	0.37
4.690004878146259e-09	-0.32500055	-0.08423469	-0.42215517	0	0	0.37
4.700025704675565e-09	-0.21759911	-0.2917257	-0.41036424	0	0	0.37
4.710003832717566e-09	-0.020194462	-0.37867534	-0.40970075	0	0	0.37
4.7200270698661955e-09	0.13899375	-0.31593385	-0.41588718	0	0	0.37
4.7300163101990975e-09	0.26272494	-0.20700121	-0.40827048	0	0	0.37
4.740028621819351e-09	0.3213083	-0.014250867	-0.39718983	0	0	0.37
4.750046552651027e-09	0.2690518	0.2387041	-0.38394207	0	0	0.37
4.760031448149284e-09	0.1396359	0.40009937	-0.36979702	0	0	0.37
4.770014409139299e-09	-0.041064173	0.43919295	-0.3567505	0	0	0.37
4.780051640419469e-09	-0.22511107	0.38673428	-0.34624055	0	0	0.37
4.790016476797926e-09	-0.35847962	0.19072725	-0.32861272	0	0	0.37
4.800045826649881e-09	-0.34926322	-0.07732765	-0.31703463	0	0	0.37
4.81005104519856e-09	-0.23407553	-0.24818747	-0.31332165	0	0	0.37
4.820052291975487e-09	-0.09560109	-0.3308005	-0.30395988	0	0	0.37
4.830021064318029e-09	0.08556845	-0.32893285	-0.3138889	0	0	0.37
4.840020521623478e-09	0.2695833	-0.22507203	-0.3004673	0	0	0.37
4.850019476673893e-09	0.35412845	0.012146337	-0.2676815	0	0	0.37
4.86004381158172e-09	0.30389178	0.24431622	-0.25123802	0	0	0.37
4.870049935168627e-09	0.10049777	0.3884397	-0.2488787	0	0	0.37
4.880047338532779e-09	-0.14156212	0.37903824	-0.24090514	0	0	0.37
4.890051623467394e-09	-0.3412868	0.23511831	-0.23040001	0	0	0.37
4.90000025554372e-09	-0.39613095	-0.011695192	-0.21828073	0	0	0.37
4.910012748533314e-09	-0.2742067	-0.22680652	-0.21276875	0	0	0.37
4.9200313555184664e-09	-0.11803218	-0.3299165	-0.1986346	0	0	0.37
4.930039725842397e-09	0.07886859	-0.35502234	-0.19622134	0	0	0.37
4.9400536130143755e-09	0.27402264	-0.22548835	-0.18203108	0	0	0.37
4.9500584300715664e-09	0.3935422	0.010488832	-0.15882275	0	0	0.37
4.960003936086506e-09	0.35164872	0.26472476	-0.140815	0	0	0.37
4.97003461400301e-09	0.17413454	0.45793682	-0.13401788	0	0	0.37
4.980045909578262e-09	-0.059435606	0.48168287	-0.110715404	0	0	0.37
4.990038346228806e-09	-0.26686066	0.33999407	-0.09633104	0	0	0.37
5.000056647755008e-09	-0.35586098	0.060261462	-0.0847192	0	0	0.37
5.010017896412105e-09	-0.25409773	-0.20850575	-0.07115433	0	0	0.37
5.020015278875125e-09	-0.06904518	-0.30960315	-0.06606801	0	0	0.37
5.030063851214309e-09	0.08282335	-0.3338121	-0.063921094	0	0	0.37
5.040002482839178e-09	0.29025754	-0.30788952	-0.05743001	0	0	0.37
5.0500447022003425e-09	0.45943636	-0.03669176	-0.039396614	0	0	0.37
5.060026672616919e-09	0.3750869	0.3230556	-0.031372596	0	0	0.37
5.070049790517503e-09	0.08314445	0.46078184	-0.016814217	0	0	0.37
5.08005135061816e-09	-0.15819241	0.38913018	-0.0084794145	0	0	0.37
5.090052485931176e-09	-0.31807217	0.21864259	0.009685526	0	0	0.37
5.1000205982896e-09	-0.33457088	-0.052578386	0.009435155	0	0	0.37
5.1100607268803625e-09	-0.21407634	-0.2769105	0.01594317	0	0	0.37
5.120005564143397e-09	-0.05445203	-0.34684226	0.013901076	0	0	0.37
5.1300381904111975e-09	0.14811186	-0.3587826	0.01804986	0	0	0.37
5.140031154769856e-09	0.36093268	-0.18861799	0.030952632	0	0	0.37
5.150038149728491e-09	0.3897131	0.11759813	0.03724805	0	0	0.37
5.16005831599637e-09	0.21406467	0.31995746	0.047786508	0	0	0.37
5.170020333155012e-09	0.007572449	0.39852527	0.051161412	0	0	0.37
5.180038049685589e-09	-0.20216334	0.38930306	0.06672205	0	0	0.37
5.1900324360860115e-09	-0.3920975	0.19251601	0.084568664	0	0	0.37
5.20000615875577e-09	-0.39296892	-0.12105413	0.10214619	0	0	0.37
5.2100151329917495e-09	-0.21528502	-0.33487877	0.115311965	0	0	0.37
5.220024828709647e-09	-0.027940637	-0.396398	0.12458367	0	0	0.37
5.230057190472223e-09	0.18317887	-0.2885641	0.13873592	0	0	0.37
5.2400233195866196e-09	0.3201255	-0.114905015	0.15034515	0	0	0.37
5.250019889830528e-09	0.34451059	0.1544552	0.16748543	0	0	0.37
5.260054427999416e-09	0.15673023	0.37933823	0.17521113	0	0	0.37
5.270046675664977e-09	-0.110220924	0.3986291	0.18099307	0	0	0.37
5.2800639038038724e-09	-0.31125748	0.22506297	0.20005567	0	0	0.37
5.290042690718235e-09	-0.38877845	-0.024809673	0.2157608	0	0	0.37
5.300013118455655e-09	-0.26642027	-0.29378262	0.2355302	0	0	0.37
5.310060024932744e-09	0.00541561	-0.41328543	0.2374582	0	0	0.37
5.3200598371054444e-09	0.24033765	-0.30972508	0.26073116	0	0	0.37
5.330006095474841e-09	0.39016882	-0.098177955	0.27785224	0	0	0.37
5.340045227886569e-09	0.35994154	0.1755326	0.2908761	0	0	0.37
5.350033611675467e-09	0.1461766	0.34284613	0.29206082	0	0	0.37
5.360044666296573e-09	-0.1131897	0.32669917	0.29045427	0	0	0.37
5.370026590937549e-09	-0.30991346	0.18651247	0.3183555	0	0	0.37
5.380013761001047e-09	-0.352363	-0.023131385	0.3438115	0	0	0.37
5.3900090821489885e-09	-0.28551957	-0.21482725	0.36265832	0	0	0.37
5.4000293571473374e-09	-0.09969632	-0.36132857	0.37158558	0	0	0.37
5.410010770595651e-09	0.17715093	-0.36207595	0.37403116	0	0	0.37
5.420014649331993e-09	0.36974305	-0.15719819	0.3829115	0	0	0.37
5.430007744395039e-09	0.34035707	0.13661937	0.3995694	0	0	0.37
5.44005283903916e-09	0.13736495	0.3175283	0.41271183	0	0	0.37
5.4500052653079045e-09	-0.10705008	0.33429426	0.422186	0	0	0.37
5.460022885267437e-09	-0.30381528	0.19145173	0.44212443	0	0	0.37
5.470062607761244e-09	-0.37295285	-0.056714702	0.45368966	0	0	0.37
5.480061710085814e-09	-0.24246821	-0.29833862	0.4695757	0	0	0.37
5.490038887319193e-09	0.03194926	-0.38519377	0.4754404	0	0	0.37
5.500008988052709e-09	0.2913419	-0.2399139	0.48354942	0	0	0.37
5.510045868413745e-09	0.35954136	0.03632115	0.50061315	0	0	0.37
5.520030918519863e-09	0.21832749	0.27950197	0.51965594	0	0	0.37
5.530003798985427e-09	-0.028724996	0.33699742	0.5293325	0	0	0.37
5.540042228836641e-09	-0.22829373	0.22638738	0.5509329	0	0	0.37
5.550001915193284e-09	-0.3196823	0.0015779352	0.5653712	0	0	0.37
5.560003339251638e-09	-0.23788033	-0.2537604	0.5785129	0	0	0.37
5.570040169323506e-09	0.010233746	-0.3557476	0.5870427	0	0	0.37
5.580014855588779e-09	0.26040965	-0.23057756	0.5932877	0	0	0.37
5.590010989703896e-09	0.3365189	0.03813188	0.61328006	0	0	0.37
5.600045598303382e-09	0.20610476	0.23941939	0.6267116	0	0	0.37
5.6100441050351355e-09	-0.011242606	0.30550113	0.63106036	0	0	0.37
5.620042791760233e-09	-0.21924536	0.19101393	0.63833636	0	0	0.37
5.630036459408937e-09	-0.3057531	-0.031893667	0.64644545	0	0	0.37
5.640020712361394e-09	-0.20293312	-0.23773114	0.64677507	0	0	0.37
5.6500288466183684e-09	0.02159103	-0.317032	0.65139544	0	0	0.37
5.660031277744097e-09	0.2534969	-0.18334852	0.6611081	0	0	0.37
5.67002953487139e-09	0.28797728	0.061488662	0.6786654	0	0	0.37
5.680022412287228e-09	0.15072869	0.21026908	0.6941888	0	0	0.37
5.6900051341689815e-09	-0.04285276	0.2459072	0.7015206	0	0	0.37
5.700032955452283e-09	-0.23829268	0.12373785	0.7205387	0	0	0.37
5.710042733810492e-09	-0.2561983	-0.087048374	0.7288901	0	0	0.37
5.720017394227962e-09	-0.09394391	-0.23822397	0.72763497	0	0	0.37
5.730031797769597e-09	0.13745408	-0.2369169	0.74244744	0	0	0.37
5.740056275267337e-09	0.29189822	-0.048597243	0.75507736	0	0	0.37
5.750027362373092e-09	0.21471585	0.19915023	0.7604749	0	0	0.37
5.760033287707224e-09	-0.016444484	0.26863787	0.7544623	0	0	0.37
5.7700080068452205e-09	-0.17483619	0.14645362	0.7685253	0	0	0.37
5.780037978299331e-09	-0.21458565	-0.015384615	0.7763514	0	0	0.37
5.790000620061159e-09	-0.1339136	-0.17250557	0.77678406	0	0	0.37
5.8000605864744465e-09	0.049397163	-0.22688273	0.78267604	0	0	0.37
5.810022601027616e-09	0.22425492	-0.10046436	0.80061954	0	0	0.37
5.8200127613702825e-09	0.20278412	0.1406815	0.8129964	0	0	0.37
5.830064630681609e-09	-0.0085598	0.25221962	0.8148838	0	0	0.37
5.840045690046754e-09	-0.20426914	0.12259058	0.82578117	0	0	0.37
5.850044110698027e-09	-0.21087977	-0.11041977	0.83563924	0	0	0.37
5.860060087974242e-09	-0.03068423	-0.24361177	0.83833146	0	0	0.37
5.870046466962627e-09	0.18432719	-0.15430027	0.8573341	0	0	0.37
5.880008059418189e-09	0.22650325	0.09184978	0.86207646	0	0	0.37
5.890007019480251e-09	0.021114936	0.24528481	0.865177	0	0	0.37
5.900022176238521e-09	-0.22352731	0.12266926	0.8822163	0	0	0.37
5.9100281697220045e-09	-0.17557617	-0.181257	0.89287096	0	0	0.37
5.920025668049355e-09	0.12641226	-0.21543999	0.90347135	0	0	0.37
5.9300264361758e-09	0.23080105	0.072948866	0.9022272	0	0	0.37
5.940007652257006e-09	0.007032406	0.21881191	0.91287214	0	0	0.37
5.9500301905461206e-09	-0.18727551	0.049667105	0.9178344	0	0	0.37
5.960042333265262e-09	-0.0861001	-0.17242777	0.92452276	0	0	0.37
5.970051669801721e-09	0.14863749	-0.111634895	0.9291597	0	0	0.37
5.98000123949067e-09	0.1402923	0.12900703	0.93307763	0	0	0.37
5.9900421999801266e-09	-0.10160194	0.16703026	0.93259823	0	0	0.37
6.000054631894993e-09	-0.16052675	-0.06118604	0.94190985	0	0	0.37
6.010013569183461e-09	0.015380803	-0.15800823	0.94538015	0	0	0.37
6.0200283524507635e-09	0.15332897	-0.033641577	0.9499482	0	0	0.37
6.030008599623845e-09	0.053432554	0.13711064	0.95188326	0	0	0.37
6.04001946075103e-09	-0.099715084	0.0726016	0.95256364	0	0	0.37
6.0500339810977894e-09	-0.0974151	-0.083934374	0.9523298	0	0	0.37
6.060020819380562e-09	0.05682671	-0.0826336	0.95548224	0	0	0.37
6.070042457159087e-09	0.09368161	0.015418209	0.95545095	0	0	0.37
6.080029716649017e-09	-0.014290631	0.08904987	0.95713747	0	0	0.37
6.09004278688373e-09	-0.08073397	-0.011619886	0.9605483	0	0	0.37
6.100032264619865e-09	0.0060884748	-0.06564725	0.9627023	0	0	0.37
6.110050548492067e-09	0.054908074	-0.008915249	0.96189886	0	0	0.37
6.120050607762011e-09	0.011841212	0.04654508	0.96384627	0	0	0.37
6.130029491512548e-09	-0.036161155	0.033954516	0.9636928	0	0	0.37
6.140022488648607e-09	-0.04591272	-0.022404285	0.9660129	0	0	0.37
6.150018639413904e-09	0.015784914	-0.035060942	0.966568	0	0	0.37
6.16001578760806e-09	0.022411516	0.013284056	0.9663611	0	0	0.37
6.17005222556772e-09	-0.006284188	0.022120051	0.9671688	0	0	0.37
6.180047518935619e-09	-0.018794268	0.0011811929	0.9692015	0	0	0.37
6.190027546541384e-09	-0.006540217	-0.00044240616	0.968017	0	0	0.37
6.200023113623449e-09	-0.008161807	-0.010994487	0.96717626	0	0	0.37
6.210049630558957e-09	-0.0024381604	-0.014006141	0.9676467	0	0	0.37
6.220004625324512e-09	-0.008985016	0.011982418	0.96487796	0	0	0.37
6.230013818524097e-09	-0.009871014	-0.02122324	0.961487	0	0	0.37
6.240033308542786e-09	0.028868362	-0.029915232	0.96331906	0	0	0.37
6.250042555975597e-09	0.03663175	0.030903835	0.96363264	0	0	0.37
6.2600569810915605e-09	-0.02166464	0.028173301	0.9647258	0	0	0.37
6.270058362065043e-09	-0.011302341	-0.013113126	0.9635975	0	0	0.37
6.280036664400947e-09	0.005458061	-0.0017150535	0.96149945	0	0	0.37
6.2900042218131135e-09	-0.009817875	-0.008752624	0.9578385	0	0	0.37
6.300001294072434e-09	0.007964359	-0.002551956	0.9597807	0	0	0.37
6.310016669082047e-09	-0.007681424	0.020323798	0.96037734	0	0	0.37
6.320011145374382e-09	-0.02865059	-0.00041761773	0.9593961	0	0	0.37
6.330010633841979e-09	0.0010793421	-0.01898669	0.95969963	0	0	0.37
6.340016638435445e-09	-0.0028645876	-0.01188163	0.96183467	0	0	0.37
6.350034683675671e-09	0.011849598	0.0064453846	0.9631262	0	0	0.37
6.36003014273919e-09	0.0070232316	0.019263403	0.9631327	0	0	0.37
6.370021533662407e-09	-0.02917619	0.005499922	0.96421474	0	0	0.37
6.380029027870846e-09	0.008893028	-0.039003305	0.96378237	0	0	0.37
6.390010404033481e-09	0.0330869	0.0018262288	0.9654699	0	0	0.37
6.4000551015472525e-09	0.0013012722	0.017858252	0.9673059	0	0	0.37
6.410012529118502e-09	-0.017327078	-0.013072355	0.96506596	0	0	0.37
6.4200242780005915e-09	0.008931996	-0.010943801	0.964107	0	0	0.37
6.4300164459598015e-09	0.0045826165	0.011543774	0.96320933	0	0	0.37
6.4400202126987816e-09	-0.0187709	0.013890434	0.9617886	0	0	0.37
6.4500628842324495e-09	-0.021180468	-0.018033246	0.9646877	0	0	0.37
6.460065497966153e-09	0.01637657	-0.011776718	0.96345663	0	0	0.37
6.470010564357444e-09	0.0013312977	0.017152777	0.96386695	0	0	0.37
6.480020739110236e-09	-0.016772367	0.01435343	0.95944434	0	0	0.37
6.490015364187652e-09	-0.028387522	-0.017624011	0.96183693	0	0	0.37
6.500039389393369e-09	0.0021866625	-0.040721167	0.9622642	0	0	0.37
6.510036435782676e-09	0.042101137	-0.01754966	0.96074116	0	0	0.37
6.520048963341223e-09	0.01786349	0.04023736	0.96317196	0	0	0.37
6.530015453785267e-09	-0.024609378	0.024715524	0.9603805	0	0	0.37
6.540032682183485e-09	-0.034644276	-0.0281164	0.9621832	0	0	0.37
6.5500312630559995e-09	0.012809997	-0.034841176	0.9634183	0	0	0.37
6.5600184300941e-09	0.026164318	-0.0032651776	0.96233183	0	0	0.37
6.570030385879998e-09	0.0057389676	0.029400699	0.9634331	0	0	0.37
6.580007257214601e-09	-0.033260316	0.006271047	0.96348834	0	0	0.37
6.5900370087960434e-09	-0.027687937	-0.030605331	0.9637051	0	0	0.37
6.600020217163027e-09	0.02636419	-0.028872635	0.9640635	0	0	0.37
6.610051846810643e-09	0.03125165	0.023194289	0.96401	0	0	0.37
6.6200470300481174e-09	-0.0074502346	0.022752393	0.9659702	0	0	0.37
6.6300008436468905e-09	-0.011484633	-0.0027660097	0.9663409	0	0	0.37
6.640015280199606e-09	0.012706666	0.013107529	0.96230024	0	0	0.37
6.650057435847176e-09	-0.01350317	0.032028608	0.96331334	0	0	0.37
6.660022835037686e-09	-0.030047651	-0.0139942495	0.96339095	0	0	0.37
6.670032359480311e-09	-0.0022130306	-0.04651316	0.9618905	0	0	0.37
6.6800487261832135e-09	0.032858755	-0.02051406	0.95974463	0	0	0.37
6.690052186638745e-09	0.001740414	0.046493944	0.9623356	0	0	0.37
6.7000140409394275e-09	-0.04453385	0.005306208	0.9656985	0	0	0.37
6.7100511960865556e-09	-0.035720512	-0.03830852	0.962887	0	0	0.37
6.7200165618786654e-09	0.042964786	-0.01797977	0.964524	0	0	0.37
6.730045380452131e-09	0.04891621	0.04755646	0.9625348	0	0	0.37
6.740034820148277e-09	-0.046175167	0.059767567	0.9631587	0	0	0.37
6.750013317369992e-09	-0.050776195	-0.039470173	0.9655973	0	0	0.37
6.760009240177217e-09	0.026052712	-0.04024667	0.9658538	0	0	0.37
6.7700590430493885e-09	0.04663646	0.020820022	0.96529824	0	0	0.37
6.780043549494135e-09	-0.03226696	0.0530052	0.9649757	0	0	0.37
6.790051187005336e-09	-0.04802239	-0.020919267	0.9672996	0	0	0.37
6.800034673967627e-09	-0.004395073	-0.057623312	0.96460277	0	0	0.37
6.810033630935487e-09	0.048589196	-0.011509608	0.96657634	0	0	0.37
6.82005746898477e-09	0.017622594	0.043154262	0.96675116	0	0	0.37
6.830053658334873e-09	-0.038267005	0.008015847	0.9659427	0	0	0.37
6.8400150734794086e-09	-0.008910979	-0.029101865	0.96516055	0	0	0.37
6.850045562980829e-09	0.040708378	-0.018263964	0.96426225	0	0	0.37
6.86004862689137e-09	0.01505391	0.028187484	0.9604042	0	0	0.37
6.870032493728868e-09	-0.03696183	0.016681448	0.96212095	0	0	0.37
6.880054745478814e-09	-0.013034646	-0.04124505	0.9642667	0	0	0.37
6.8900039859162265e-09	0.040809255	-0.0071039763	0.9614303	0	0	0.37
6.900004421290753e-09	0.042222135	0.032141358	0.96506774	0	0	0.37
6.91001435276418e-09	-0.04934406	0.061305653	0.9633395	0	0	0.37
6.920033574778016e-09	-0.073132075	-0.031497233	0.9631101	0	0	0.37
6.9300097843712525e-09	0.014151664	-0.06697454	0.9673439	0	0	0.37
6.940016979919225e-09	0.06956755	0.012400173	0.9664672	0	0	0.37
6.950010211812702e-09	-0.0039491807	0.059592325	0.96384007	0	0	0.37
6.960057404480014e-09	-0.053504076	0.016411614	0.96443725	0	0	0.37
6.970033385302315e-09	-0.030310769	-0.045859054	0.96731013	0	0	0.37
6.980020715532731e-09	0.026505368	-0.053024594	0.964967	0	0	0.37
6.990055825289489e-09	0.06450051	0.010189164	0.964489	0	0	0.37
7.000054076714398e-09	0.0130842915	0.076785326	0.96418625	0	0	0.37
7.0100182032654365e-09	-0.07610828	0.013040565	0.9648005	0	0	0.37
7.020045066281121e-09	-0.018417655	-0.067123346	0.96539366	0	0	0.37
7.0300177756095355e-09	0.081437945	-0.032075997	0.9636918	0	0	0.37
7.040058741203228e-09	0.030201415	0.074474744	0.96267134	0	0	0.37
7.050017082319815e-09	-0.06199103	0.052435156	0.96248835	0	0	0.37
7.0600021310625675e-09	-0.05241334	-0.04248576	0.9638848	0	0	0.37
7.0700293987312845e-09	0.0338581	-0.0604455	0.9634353	0	0	0.37
7.080000669099914e-09	0.05910271	0.030606138	0.96310395	0	0	0.37
7.090007898589728e-09	-0.0106441025	0.03528595	0.9683017	0	0	0.37
7.1000288474926195e-09	-0.05052262	0.012099856	0.9666061	0	0	0.37
7.110002282473141e-09	0.00017914514	-0.043070395	0.9648048	0	0	0.37
7.120035708832522e-09	0.03244415	-0.012640619	0.9640073	0	0	0.37
7.130015642900982e-09	0.009491785	0.043012552	0.9649553	0	0	0.37
7.140062459658185e-09	-0.025949605	0.012714152	0.9661952	0	0	0.37
7.150035422325827e-09	-0.006623306	-0.019897524	0.9671079	0	0	0.37
7.160008092233878e-09	0.013631271	-0.0016990647	0.9665381	0	0	0.37
7.170004531098042e-09	0.0021658172	0.012659528	0.96478003	0	0	0.37
7.180041431574038e-09	-0.010352423	0.0034982243	0.9661856	0	0	0.37
7.190002546397694e-09	-0.012405459	-0.027481634	0.96627975	0	0	0.37
7.2000198772729725e-09	0.036839563	-0.030623097	0.96753365	0	0	0.37
7.210042342775734e-09	0.029429605	0.030727474	0.965541	0	0	0.37
7.220034550864083e-09	-0.020368855	0.03851755	0.96553737	0	0	0.37
7.2300041342299775e-09	-0.044790346	-0.019080946	0.9655452	0	0	0.37
7.240007872039393e-09	0.0045395237	-0.042044662	0.9655356	0	0	0.37
7.250035292583941e-09	0.024775792	-0.0059945444	0.9683338	0	0	0.37
7.260012243540197e-09	0.019582871	0.03464161	0.9652511	0	0	0.37
7.270043584808718e-09	-0.039628014	0.020544691	0.9654362	0	0	0.37
7.280015315571968e-09	-0.035217773	-0.036996014	0.96242857	0	0	0.37
7.290001052347841e-09	0.031478826	-0.036526237	0.96322227	0	0	0.37
7.300003785773478e-09	0.027791193	0.0045295684	0.9639189	0	0	0.37
7.310023744666539e-09	0.009594686	0.029709445	0.9636454	0	0	0.37
7.320052523361458e-09	-0.023067193	0.02031687	0.96471065	0	0	0.37
7.330011714582412e-09	-0.016524691	-0.018230984	0.9632759	0	0	0.37
7.3400272631244375e-09	-0.0012552281	-0.023369394	0.96483475	0	0	0.37
7.3500318392610515e-09	0.02418248	0.009907591	0.9650805	0	0	0.37
7.36003003986386e-09	-0.006031061	0.034693103	0.9654637	0	0	0.37
7.37003043503827e-09	-0.043725144	-0.015987147	0.964054	0	0	0.37
7.380031576662393e-09	0.010266379	-0.025156524	0.9670145	0	0	0.37
7.3900032123520115e-09	0.024774998	-0.0052064387	0.967538	0	0	0.37
7.4000504907384405e-09	0.02138504	0.006663213	0.96715397	0	0	0.37
7.410022453468516e-09	0.007039021	0.01002609	0.9699539	0	0	0.37
7.420006927727148e-09	-0.0077130427	0.0028752082	0.97090065	0	0	0.37
7.430040603222503e-09	-0.00971363	0.025594639	0.9676637	0	0	0.37
7.4400057996059255e-09	-0.033783127	0.012018406	0.96617866	0	0	0.37
7.450014057723416e-09	-0.030567592	-0.034291245	0.96432686	0	0	0.37
7.460063561886211e-09	0.027811347	-0.029295724	0.9627445	0	0	0.37
7.47004478390351e-09	0.036885943	0.012618514	0.96258074	0	0	0.37
7.480013346469661e-09	0.013775267	0.051940702	0.9618943	0	0	0.37
7.490011030187106e-09	-0.05221068	-0.0024253628	0.96216136	0	0	0.37
7.500018957955747e-09	-0.006396948	-0.04372661	0.9626416	0	0	0.37
7.510002213911414e-09	0.052856386	-0.0030188689	0.9644594	0	0	0.37
7.520007241544163e-09	-0.0037138357	0.03172941	0.9660619	0	0	0.37
7.530044319293838e-09	-0.03150982	0.019371087	0.9656616	0	0	0.37
7.54005905187518e-09	-0.02192986	-0.01653436	0.9661615	0	0	0.37
7.550055301421435e-09	0.009401118	-0.034787446	0.9655165	0	0	0.37
7.560062722870649e-09	0.041575544	-0.015132662	0.9647245	0	0	0.37
7.570043757431477e-09	0.009568835	0.032916028	0.9665784	0	0	0.37
7.580024142430099e-09	-0.016974213	0.0132596595	0.9649183	0	0	0.37
7.590040425175144e-09	-0.026817454	0.007227644	0.9648391	0	0	0.37
7.600050899945887e-09	-0.0093309255	-0.024066044	0.9644709	0	0	0.37
7.610010136253988e-09	0.010552808	-0.0041456115	0.9639273	0	0	0.37
7.62002582558056e-09	0.007905047	0.007495851	0.9648665	0	0	0.37
7.63004008618848e-09	-0.011765493	0.0016792096	0.9666526	0	0	0.37
7.64005007723212e-09	-4.6659574e-05	0.007817696	0.96464425	0	0	0.37
7.650060341906414e-09	-0.018352125	-0.0053372052	0.9643816	0	0	0.37
7.66001071435091e-09	0.0062356372	-0.005165491	0.968764	0	0	0.37
7.670044135313999e-09	-0.005051158	0.00089282735	0.96802974	0	0	0.37
7.680048292456975e-09	-0.0083089145	-0.02085117	0.9688297	0	0	0.37
7.69001845136588e-09	0.008933556	0.0038515923	0.9694538	0	0	0.37
7.700014723455867e-09	-0.0043301545	0.0070481757	0.9677041	0	0	0.37
7.71003278686903e-09	-0.006242793	-0.014970406	0.9643037	0	0	0.37
7.720059898815696e-09	0.018300086	0.0009299828	0.96703666	0	0	0.37
7.730015839651886e-09	0.0020859006	0.02109384	0.9675911	0	0	0.37
7.740041746071722e-09	-0.019987294	0.002162966	0.96518874	0	0	0.37
7.750034634534762e-09	0.0036352514	-0.024152074	0.9669011	0	0	0.37
7.760019782711471e-09	0.020870319	0.003048057	0.9669791	0	0	0.37
7.770027966673035e-09	-0.0027255553	0.017726092	0.9671378	0	0	0.37
7.780053544793512e-09	-0.0050930204	0.002712251	0.96398723	0	0	0.37
7.790000534082807e-09	-0.011282321	-0.010364535	0.9651576	0	0	0.37
7.800052091690855e-09	0.009584467	-0.005644589	0.96909815	0	0	0.37
7.810009725981473e-09	0.014773638	0.008961289	0.9637134	0	0	0.37
7.820023367187743e-09	0.0040456885	0.00016019438	0.9653609	0	0	0.37
7.830029756034718e-09	-0.0071847695	-0.0001891775	0.9632669	0	0	0.37
7.840042873776831e-09	0.0027101457	-0.02421588	0.9649254	0	0	0.37
7.850037378661554e-09	0.0094604185	0.011207644	0.96301883	0	0	0.37
7.860021247576675e-09	0.00804868	0.015170854	0.96330553	0	0	0.37
7.87004431809785e-09	-0.019972444	0.010543962	0.9614103	0	0	0.37
7.880036888807062e-09	-0.025966471	-0.018784562	0.9627475	0	0	0.37
7.890024926089192e-09	0.02703458	-0.03070925	0.9649029	0	0	0.37
7.900045230381468e-09	0.035452083	0.010915946	0.9647205	0	0	0.37
7.910004606560225e-09	0.015424648	0.023904271	0.9624434	0	0	0.37
7.920012247280391e-09	-0.020000149	0.016985204	0.96062714	0	0	0.37
7.93002979743091e-09	-0.019912316	-0.019653097	0.9596495	0	0	0.37
7.94003541100039e-09	0.011726267	-0.022896428	0.9604106	0	0	0.37
7.950051990783944e-09	0.044649675	0.013263202	0.96171826	0	0	0.37
7.960029784715364e-09	-0.0044115237	0.042976953	0.9613141	0	0	0.37
7.970060397925422e-09	-0.040749844	-0.003947627	0.96340764	0	0	0.37
7.98006085397737e-09	0.0046044546	-0.030799756	0.96565783	0	0	0.37
7.990004042611685e-09	0.052169487	-0.0019328207	0.9651862	0	0	0.37
8.000025738155265e-09	0.019623047	0.038213197	0.96366215	0	0	0.37
8.010054641679169e-09	-0.0445066	0.040231213	0.9631863	0	0	0.37
8.02005008525951e-09	-0.04463882	-0.03906361	0.9637852	0	0	0.37
8.030056864378616e-09	0.03524859	-0.03999906	0.9673465	0	0	0.37
8.040040749467233e-09	0.0508584	0.027561802	0.96575314	0	0	0.37
8.050023106963187e-09	0.0005541059	0.04845281	0.96843326	0	0	0.37
8.060054584460099e-09	-0.061395094	0.017792635	0.96237993	0	0	0.37
8.070046041873855e-09	-0.03128656	-0.05547262	0.96648616	0	0	0.37
8.080036545404219e-09	0.025383983	-0.035480108	0.9679047	0	0	0.37
8.090013982920243e-09	0.045456532	0.022338048	0.96234626	0	0	0.37
8.100017500165954e-09	-0.0278725	0.032842755	0.96346384	0	0	0.37
8.110033401091212e-09	-0.044340506	-0.025836766	0.96202457	0	0	0.37
8.120026405877776e-09	0.014332784	-0.056523614	0.9633647	0	0	0.37
8.130016527712467e-09	0.050153106	0.023525028	0.96319866	0	0	0.37
8.140063266162714e-09	-0.012769626	0.042735096	0.9630017	0	0	0.37
8.150048396063835e-09	-0.04487901	-0.0018135785	0.9627579	0	0	0.37
8.160061547296263e-09	-0.012146338	-0.03875841	0.9636447	0	0	0.37
8.170011093929444e-09	0.0365074	-0.008390637	0.9640953	0	0	0.37
8.180045223349746e-09	0.016268833	0.011094	0.96653605	0	0	0.37
8.190050108651284e-09	0.0019339722	0.010248891	0.9680926	0	0	0.37
8.200006877286214e-09	-0.023247782	0.0035579146	0.96498024	0	0	0.37
8.210004874933198e-09	-0.0021547913	-0.029840171	0.966106	0	0	0.37
8.220005792341592e-09	0.022714451	0.0073462273	0.966794	0	0	0.37
8.230040704006762e-09	0.016796669	0.014592979	0.9667517	0	0	0.37
8.240050501160424e-09	-0.0023835576	0.026775677	0.96674216	0	0	0.37
8.25005433042406e-09	-0.05585379	0.0016664119	0.96454585	0	0	0.37
8.260017578682146e-09	0.0077674207	-0.06862771	0.96166724	0	0	0.37
8.2700043842649e-09	0.06482631	0.010304954	0.9618685	0	0	0.37
8.280056461435541e-09	-0.0030755526	0.04668601	0.96132565	0	0	0.37
8.29003386067953e-09	-0.041313842	0.013256198	0.96304923	0	0	0.37
8.3000224327825e-09	-0.014915634	-0.02378423	0.96003956	0	0	0.37
8.310032960639421e-09	0.016759189	-0.0205561	0.96331364	0	0	0.37
8.32006028383537e-09	0.027406782	0.023510916	0.96233726	0	0	0.37
8.330041526851248e-09	-0.020380696	0.027472029	0.9593348	0	0	0.37
8.340056360333219e-09	-0.033010297	-0.013487311	0.95889753	0	0	0.37
8.350003511632166e-09	0.0116173	-0.02183647	0.9607003	0	0	0.37
8.360027960714892e-09	0.007726246	0.015714481	0.96468824	0	0	0.37
8.370008557211424e-09	-0.016299324	-0.003787416	0.9646019	0	0	0.37
8.380012911194092e-09	0.020581262	-0.016705558	0.96233565	0	0	0.37
8.39005465319571e-09	0.021672143	0.019847032	0.96145403	0	0	0.37
8.400023920080782e-09	-0.014262721	0.012894283	0.96424013	0	0	0.37
8.410049222740753e-09	0.00069502654	-0.008773407	0.9656572	0	0	0.37
8.42004377372443e-09	0.0060317935	0.012624465	0.96669436	0	0	0.37
8.430042427206189e-09	-0.0048732795	0.011102223	0.96458876	0	0	0.37
8.440020053079506e-09	0.01606578	-0.0068652676	0.9642682	0	0	0.37
8.450049092511399e-09	-0.017949402	0.03625705	0.96426934	0	0	0.37
8.460038501681834e-09	-0.043495324	-0.0076804934	0.9626209	0	0	0.37
8.470022957603609e-09	0.0014603552	-0.030858705	0.9631342	0	0	0.37
8.48000713449613e-09	0.0070473477	-0.013783225	0.96308994	0	0	0.37
8.49000986413933e-09	0.01192161	-0.0075296587	0.96401614	0	0	0.37
8.500020350503019e-09	0.017960869	0.023388261	0.9649448	0	0	0.37
8.510015181211267e-09	-0.018511191	0.025772193	0.96595716	0	0	0.37
8.52000528358047e-09	-0.011883757	-0.03082529	0.9650682	0	0	0.37
8.53005472203344e-09	0.030838259	-0.017502524	0.96476394	0	0	0.37
8.540049968754245e-09	0.0177188	0.034848053	0.96386176	0	0	0.37
8.550005740602336e-09	-0.055841073	0.020078935	0.96262586	0	0	0.37
8.56006297731266e-09	-0.019611198	-0.033818915	0.96212196	0	0	0.37
8.570030295863759e-09	0.015771309	-0.020762105	0.9646304	0	0	0.37
8.580049489649086e-09	0.015813727	0.0074520735	0.9660897	0	0	0.37
8.590045358929193e-09	-0.00834733	0.01091953	0.96818334	0	0	0.37
8.600054731332533e-09	-0.019094491	-0.0054087075	0.9657848	0	0	0.37
8.610038597780342e-09	-0.0062796543	-0.03719073	0.96430767	0	0	0.37
8.620047459337952e-09	0.032991506	-0.004593708	0.9634264	0	0	0.37
8.630026329143386e-09	0.019535579	0.02398319	0.9633868	0	0	0.37
8.640040129756217e-09	-0.022806274	0.023383826	0.96251726	0	0	0.37
8.650046906669185e-09	-0.017341377	-0.023812544	0.96362495	0	0	0.37
8.660036299715635e-09	0.013347973	-0.01366995	0.96528316	0	0	0.37
8.670011307308053e-09	0.009737905	0.0076876637	0.96762323	0	0	0.37
8.680057495059946e-09	-0.008951983	0.019377546	0.9668425	0	0	0.37
8.690019965897008e-09	-0.014166853	0.0008348056	0.965666	0	0	0.37
8.700016276088831e-09	-0.013025631	-0.015999049	0.96498704	0	0	0.37
8.710024464754944e-09	0.01113407	-0.008974914	0.96565944	0	0	0.37
8.720050173667584e-09	0.0026712436	0.01739087	0.96273303	0	0	0.37
8.730049752787405e-09	-0.012871627	0.0021777146	0.9624029	0	0	0.37
8.74000944874845e-09	-0.014866679	-0.007751887	0.96299314	0	0	0.37
8.750057816056878e-09	-0.0040987954	-0.0177054	0.9637132	0	0	0.37
8.76001737584286e-09	0.030889034	-0.002686026	0.9635715	0	0	0.37
8.770062098479723e-09	5.4615764e-05	0.03986773	0.96270156	0	0	0.37
8.780007451684212e-09	-0.05040923	0.00803356	0.963564	0	0	0.37
8.790023834185708e-09	-0.013715419	-0.047316756	0.9628288	0	0	0.37
8.800002899363379e-09	0.026490284	-0.030361438	0.96497047	0	0	0.37
8.81001507125114e-09	0.025191255	0.025454465	0.9615424	0	0	0.37
8.820032093863365e-09	-0.0096405735	0.010066956	0.9643062	0	0	0.37
8.83003288400341e-09	-0.0075166835	-0.0002147959	0.96230066	0	0	0.37
8.840040191064118e-09	-0.020177187	0.002353515	0.9618727	0	0	0.37
8.850039417580583e-09	-0.025490338	-0.025251778	0.96142083	0	0	0.37
8.86002683805975e-09	0.039583568	-0.032528594	0.963581	0	0	0.37
8.87001493041636e-09	0.025278669	0.04594373	0.9621128	0	0	0.37
8.880008907921679e-09	-0.021650968	0.016575146	0.9613323	0	0	0.37
8.890003713483195e-09	-0.021234982	-0.010774571	0.9617574	0	0	0.37
8.900032170058984e-09	0.007238689	-0.027719822	0.96305454	0	0	0.37
8.910031339757746e-09	0.03095586	0.004470319	0.96283877	0	0	0.37
8.920034430253348e-09	-0.014310329	0.039329946	0.96530086	0	0	0.37
8.930038105271013e-09	-0.033141237	-0.0064539704	0.9674089	0	0	0.37
8.940058151695782e-09	0.0005173393	-0.035549052	0.96741086	0	0	0.37
8.950004317756365e-09	0.034318443	0.0006804284	0.96573025	0	0	0.37
8.960039167546948e-09	0.0047766417	0.0279357	0.966546	0	0	0.37
8.970058719792146e-09	-0.018200323	0.008789723	0.9650047	0	0	0.37
8.980006889432729e-09	-0.012026484	-0.013276396	0.9651997	0	0	0.37
8.990021007655763e-09	0.010812256	-0.0064944727	0.96749985	0	0	0.37
9.00002823963858e-09	0.020948328	0.012852868	0.96649283	0	0	0.37
9.010005694524506e-09	-0.0019701954	0.012260632	0.9677271	0	0	0.37
9.020031704961688e-09	-0.020922033	0.0026278812	0.96728784	0	0	0.37
9.03003781271808e-09	-0.011926919	-0.03087714	0.96735346	0	0	0.37
9.040055818415542e-09	0.02597831	-0.013884954	0.9673686	0	0	0.37
9.050002483099005e-09	0.024510285	0.032135654	0.9652073	0	0	0.37
9.060034553513931e-09	-0.031082613	0.0424224	0.9642883	0	0	0.37
9.070022182247597e-09	-0.041327123	-0.021593725	0.9661728	0	0	0.37
9.080018806207809e-09	-0.00072812644	-0.0472821	0.9651202	0	0	0.37
9.090043312484248e-09	0.04029334	-0.006037533	0.96052396	0	0	0.37
9.100011846423197e-09	0.017901104	0.030019335	0.9609398	0	0	0.37
9.11003510929676e-09	-0.041794483	0.014046251	0.96169645	0	0	0.37
9.120032696826357e-09	-0.018208455	-0.043813944	0.963025	0	0	0.37
9.130052342231559e-09	0.03747741	-0.009102617	0.9635416	0	0	0.37
9.140012376869749e-09	0.03361499	0.04100515	0.9622319	0	0	0.37
9.150011125630882e-09	-0.04920929	0.048567213	0.9638686	0	0	0.37
9.160049267970403e-09	-0.052802812	-0.03168649	0.96510684	0	0	0.37
9.170059809173098e-09	0.022416161	-0.0670361	0.965473	0	0	0.37
9.18003139396826e-09	0.06453099	0.019113235	0.96363574	0	0	0.37
9.190058402693206e-09	-0.0073176967	0.06317645	0.9617503	0	0	0.37
9.200001428882398e-09	-0.049172763	-0.011562016	0.96283454	0	0	0.37
9.210040810616325e-09	-0.004422223	-0.043323133	0.9643237	0	0	0.37
9.220058335585728e-09	0.03546625	-0.020937864	0.9666336	0	0	0.37
9.230010710671486e-09	0.033292145	0.035136443	0.96541756	0	0	0.37
9.240004036862882e-09	-0.02621074	0.029768653	0.9675072	0	0	0.37
9.250043179973945e-09	-0.0044368356	-0.012802524	0.96616846	0	0	0.37
9.260017029458334e-09	-0.0039257687	-0.013237171	0.96617895	0	0	0.37
9.270003776317377e-09	0.02073933	-0.02479034	0.96627945	0	0	0.37
9.280001131341031e-09	0.04240379	0.018624423	0.9650688	0	0	0.37
9.290046231089938e-09	0.0017749494	0.039547432	0.9640989	0	0	0.37
9.300061753949077e-09	-0.02615226	0.003075972	0.96457344	0	0	0.37
9.310049012328896e-09	0.004992492	-0.014628106	0.96791595	0	0	0.37
9.320018719006668e-09	0.012383308	-0.008338842	0.96746796	0	0	0.37
9.330027373040986e-09	0.023080457	0.01717205	0.9655362	0	0	0.37
9.340002729932428e-09	-0.010396795	0.017118735	0.9677112	0	0	0.37
9.350024652783221e-09	-0.01095437	-0.003799428	0.9673313	0	0	0.37
9.360060136607432e-09	0.00065188104	-0.014977074	0.96525806	0	0	0.37
9.370042546817257e-09	0.01997998	0.0072959526	0.9655161	0	0	0.37
9.380035373284096e-09	-0.027466346	0.023390763	0.9664761	0	0	0.37
9.390015369853848e-09	-0.03392298	-0.035522092	0.9651664	0	0	0.37
9.400026322388029e-09	0.039540075	-0.033044174	0.96599096	0	0	0.37
9.410007264829645e-09	0.0444608	0.033011973	0.96517336	0	0	0.37
9.420003904559313e-09	-0.027838735	0.037953164	0.96567553	0	0	0.37
9.43000020206977e-09	-0.03760445	-0.009422621	0.9640989	0	0	0.37
9.440026977746683e-09	0.024398893	-0.029328894	0.9669132	0	0	0.37
9.450040867227635e-09	0.020342512	0.012477712	0.966272	0	0	0.37
9.460033676775185e-09	-0.011048613	0.013068576	0.9680261	0	0	0.37
9.470040129035314e-09	-0.013847918	0.0021559498	0.968497	0	0	0.37
9.48005075989355e-09	0.0035933214	-0.014497294	0.9678428	0	0	0.37
9.490002083170185e-09	0.01371099	0.011087666	0.9665732	0	0	0.37
9.50000086330517e-09	-0.035391558	0.013338058	0.96538126	0	0	0.37
9.510039178821223e-09	-0.017610803	-0.03923855	0.96269935	0	0	0.37
9.520037970011337e-09	0.021522466	-0.032140244	0.9600597	0	0	0.37
9.530010922170719e-09	0.027938014	0.0060276003	0.9637283	0	0	0.37
9.540003757928331e-09	-0.007855878	0.040099554	0.96504366	0	0	0.37
9.550008244681205e-09	-0.03919573	0.0154925445	0.9655906	0	0	0.37
9.560060640386128e-09	-0.024216302	-0.040379062	0.9688759	0	0	0.37
9.570030721045427e-09	0.025121773	-0.036728483	0.9662046	0	0	0.37
9.580032073661558e-09	0.040469307	0.02737532	0.96698236	0	0	0.37
9.590008665188694e-09	-0.018115802	0.054672983	0.9652976	0	0	0.37
9.600016492558422e-09	-0.040781632	-0.0106906565	0.96358716	0	0	0.37
9.610004338191387e-09	0.004166182	-0.030889276	0.96309674	0	0	0.37
9.62002204529937e-09	0.017426174	0.007267858	0.96609676	0	0	0.37
9.63002039607289e-09	0.013537168	0.014093246	0.9656954	0	0	0.37
9.640001934701184e-09	-0.005898553	0.025441496	0.965452	0	0	0.37
9.650015828571806e-09	-0.0254165	-0.0048501575	0.96647274	0	0	0.37
9.660050768935452e-09	0.0047712307	0.004463897	0.96561617	0	0	0.37
9.670058673276589e-09	-0.02426548	-0.00026387477	0.9644801	0	0	0.37
9.680035912203992e-09	-0.0017991409	-0.014663174	0.9644386	0	0	0.37
9.690053783320518e-09	0.021818973	-0.02961123	0.96469575	0	0	0.37
9.700035725402113e-09	0.007618629	0.015628314	0.96394944	0	0	0.37
9.710013333066464e-09	-0.004860387	-0.0045594755	0.96666735	0	0	0.37
9.720050664978263e-09	0.0066155284	-0.010173844	0.9649252	0	0	0.37
9.73000674642052e-09	0.016512726	0.02710678	0.96129787	0	0	0.37
9.740030676972598e-09	-0.021787481	0.004566497	0.96104515	0	0	0.37
9.750000578049755e-09	0.011594079	-0.0103115775	0.9634112	0	0	0.37
9.760023976984808e-09	0.024240935	0.00021150077	0.9646308	0	0	0.37
9.770036975807205e-09	0.0018567364	0.019624824	0.9631982	0	0	0.37
9.780051193981757e-09	-0.016434113	0.004522981	0.9659544	0	0	0.37
9.790057257401683e-09	-0.025807884	-0.01144675	0.9651705	0	0	0.37
9.800039521602319e-09	0.010582901	-0.018153872	0.9686021	0	0	0.37
9.810030544605822e-09	0.027684355	0.0022368343	0.9673991	0	0	0.37
9.820035629907474e-09	0.016123196	0.021156771	0.9665564	0	0	0.37
9.83001081114036e-09	0.0033757589	0.0035474324	0.9664009	0	0	0.37
9.840040120412058e-09	-0.006699619	-0.01577256	0.9691111	0	0	0.37
9.850019932883876e-09	0.016015986	-0.010603149	0.9666123	0	0	0.37
9.860011262803503e-09	0.007617412	0.0025193333	0.9698515	0	0	0.37
9.8700440338456e-09	-0.0051720906	0.015193799	0.96752477	0	0	0.37
9.880014656725219e-09	-0.014400411	-0.0056257807	0.9657677	0	0	0.37
9.890031649365295e-09	-0.0062092133	-0.014059282	0.9646339	0	0	0.37
9.90005438902645e-09	0.0035669256	0.0040522586	0.9609519	0	0	0.37
9.910052122386043e-09	-0.023365524	0.0092600575	0.963249	0	0	0.37
9.920003383487276e-09	-0.002880033	-0.04224111	0.96124417	0	0	0.37
9.930058927049351e-09	0.04844655	-0.0012625467	0.96475565	0	0	0.37
9.94000371280927e-09	0.0045067496	0.034770332	0.9657349	0	0	0.37
9.95003872833942e-09	-0.024053788	0.0045796568	0.9659905	0	0	0.37
9.960045794700521e-09	-0.009132846	-0.025695864	0.96726936	0	0	0.37
9.97005649623053e-09	0.018791467	-0.018298395	0.96726	0	0	0.37
9.980040040804914e-09	0.012111213	4.98195e-05	0.96342343	0	0	0.37
9.990011293856757e-09	0.015607825	0.028659819	0.96346265	0	0	0.37
1e-08	-0.043665513	0.01549037	0.96284807	0	0	0.37
