# t (s)	mx ()	my ()	mz ()	B_extx (T)	B_exty (T)	B_extz (T)	E_total (J)
0	0	0	-1	0	0	0.4	1.2498702e-18
1.004229136534124e-11	-0.0029697777	-0.0012638108	-0.97435755	0	0	0.4	4.536821e-18
2.0061345897775154e-11	-0.025655417	-0.02653906	-0.96831834	0	0	0.4	5.0789295e-18
3.001275052966031e-11	-0.0017586324	-0.013215903	-0.96372384	0	0	0.4	5.0074193e-18
4.0018403976004444e-11	-0.0034353351	-0.005313124	-0.9628049	0	0	0.4	4.0645145e-18
5.004593899931833e-11	-0.0016741706	0.005799999	-0.95726323	0	0	0.4	4.8272776e-18
6.001300622927479e-11	0.0016161373	0.012466714	-0.95774734	0	0	0.4	3.9447453e-18
7.004008922231741e-11	0.014866782	0.008509897	-0.95826095	0	0	0.4	4.500452e-18
8.004780902633334e-11	-0.0018848528	-0.007276852	-0.9580642	0	0	0.4	4.9478085e-18
9.001457731901415e-11	0.010127879	-0.0010812553	-0.9551096	0	0	0.4	4.61732e-18
1.0003918237570063e-10	0.003339916	-0.010636731	-0.95413864	0	0	0.4	4.36125e-18
1.1002093222486934e-10	-0.00210853	-0.02408444	-0.9554391	0	0	0.4	4.952292e-18
1.200436683433982e-10	-0.0038848005	-0.007993649	-0.95590466	0	0	0.4	5.542063e-18
1.3000676847764843e-10	-0.002114794	-0.0151601955	-0.95670456	0	0	0.4	4.8902996e-18
1.4001908902280654e-10	-0.013755352	-0.0155620845	-0.9563732	0	0	0.4	4.1115397e-18
1.5004665963540812e-10	-0.00083754805	0.0024679352	-0.95581204	0	0	0.4	4.890743e-18
1.6002330454740861e-10	0.0055010403	-0.005654237	-0.9577282	0	0	0.4	4.019829e-18
1.700174290079402e-10	0.003494282	-0.018381372	-0.9618085	0	0	0.4	5.293244e-18
1.800226891749235e-10	0.013621039	0.0045865276	-0.9579764	0	0	0.4	4.6431674e-18
1.9006218567943414e-10	0.01998814	0.015633019	-0.96035486	0	0	0.4	4.9645056e-18
2.0004090813330612e-10	0.012397285	0.022237439	-0.95967424	0	0	0.4	4.759128e-18
2.1000009695333773e-10	0.02693116	0.03684837	-0.9604705	0	0	0.4	4.180188e-18
2.2000190270556572e-10	0.038805023	0.041780762	-0.95848536	0	0	0.4	4.6316258e-18
2.3002551604313057e-10	0.037503276	0.037111096	-0.9606833	0	0	0.4	4.5510807e-18
2.4004497199645613e-10	0.016939089	0.03194005	-0.96355975	0	0	0.4	4.6416128e-18
2.500186208000654e-10	0.018168153	0.027696582	-0.96046966	0	0	0.4	4.7441877e-18
2.600094762784632e-10	0.013655581	0.03057091	-0.9596684	0	0	0.4	4.1915173e-18
2.700217999537047e-10	0.00955756	0.048413206	-0.9562871	0	0	0.4	4.7592366e-18
2.8001648112545177e-10	0.006072148	0.04952951	-0.95568234	0	0	0.4	4.4563938e-18
2.900439264757771e-10	0.016273929	0.05543937	-0.9542263	0	0	0.4	3.9687675e-18
3.0001737815430334e-10	0.02077011	0.062333684	-0.9512401	0	0	0.4	4.8996195e-18
3.1006302709019255e-10	0.03440206	0.062258452	-0.9505149	0	0	0.4	4.445991e-18
3.200152058672578e-10	0.029810382	0.07175899	-0.95124704	0	0	0.4	4.9311115e-18
3.300211652762132e-10	0.04291228	0.07564384	-0.94969904	0	0	0.4	4.661091e-18
3.4001242121110044e-10	0.020762926	0.08126573	-0.9480993	0	0	0.4	3.8136546e-18
3.500284999377873e-10	0.014740416	0.062478818	-0.95031166	0	0	0.4	3.797469e-18
3.6002311398718464e-10	0.015419122	0.059355725	-0.95298815	0	0	0.4	4.471532e-18
3.700542250110417e-10	0.034430284	0.05841093	-0.9527259	0	0	0.4	4.081888e-18
3.800383695391806e-10	0.041919094	0.036977556	-0.94871026	0	0	0.4	4.6130266e-18
3.90057784353945e-10	0.029560434	0.05359331	-0.94819576	0	0	0.4	4.544567e-18
4.0004996423920035e-10	0.046224546	0.07273021	-0.9447089	0	0	0.4	5.1246205e-18
4.100162802962511e-10	0.048943587	0.06927591	-0.94133663	0	0	0.4	5.3846306e-18
4.200666768519665e-10	0.042614616	0.052133888	-0.94290537	0	0	0.4	3.8057695e-18
4.3001452773103553e-10	0.063399576	0.03063373	-0.9414891	0	0	0.4	4.795583e-18
4.400442914887167e-10	0.053957928	0.031254917	-0.9472103	0	0	0.4	3.976559e-18
4.5005876210133127e-10	0.07001254	0.03654614	-0.9447629	0	0	0.4	5.0429637e-18
4.6000091867616244e-10	0.08400574	0.020340687	-0.9459517	0	0	0.4	5.4219005e-18
4.70034464811274e-10	0.07552024	0.019414486	-0.94253534	0	0	0.4	4.6561736e-18
4.800065578057895e-10	0.07887053	0.045220982	-0.94023544	0	0	0.4	4.6917932e-18
4.90012507920937e-10	0.10028255	0.04455683	-0.9464002	0	0	0.4	4.2153624e-18
5.000391108838029e-10	0.11223301	0.040337272	-0.9437215	0	0	0.4	4.4076216e-18
5.100244050734243e-10	0.112217925	0.030103628	-0.9407858	0	0	0.4	4.618528e-18
5.200393066167487e-10	0.09982454	0.015418358	-0.9417316	0	0	0.4	4.9035502e-18
5.300580180467067e-10	0.09943649	-0.013230873	-0.93890804	0	0	0.4	4.8252634e-18
5.400415704869763e-10	0.092324376	-0.008314668	-0.937332	0	0	0.4	4.951881e-18
5.500525343913946e-10	0.08968928	-0.012257287	-0.9408796	0	0	0.4	4.3835345e-18
5.600284718331662e-10	0.1051901	-0.008826188	-0.93862766	0	0	0.4	4.690361e-18
5.700486492008523e-10	0.09437222	-0.0044445107	-0.9369274	0	0	0.4	5.2087232e-18
5.80005694882816e-10	0.10621513	-0.0056098886	-0.94167024	0	0	0.4	4.91195e-18
5.900197320110438e-10	0.11815489	-0.020423908	-0.93888676	0	0	0.4	4.391883e-18
6.00030876452008e-10	0.110478744	-0.031966783	-0.93952626	0	0	0.4	4.5038222e-18
6.100628219549157e-10	0.10021222	-0.014118533	-0.9401504	0	0	0.4	4.4915436e-18
6.200346960683813e-10	0.096423894	-0.033619083	-0.94144535	0	0	0.4	4.7895437e-18
6.300074226413572e-10	0.101914294	-0.032246523	-0.9405502	0	0	0.4	5.3324326e-18
6.400339002691794e-10	0.11198072	-0.038086563	-0.9393127	0	0	0.4	4.6233374e-18
6.500640211613487e-10	0.080532715	-0.027685365	-0.9436342	0	0	0.4	5.3458354e-18
6.600108846751729e-10	0.07762118	-0.024870582	-0.9433799	0	0	0.4	4.398902e-18
6.700180331596957e-10	0.08405732	-0.035126988	-0.9402452	0	0	0.4	4.50327e-18
6.80033012290158e-10	0.08106004	-0.040649507	-0.94165736	0	0	0.4	3.6650954e-18
6.900192764853082e-10	0.09012256	-0.05273694	-0.9435977	0	0	0.4	4.2150026e-18
7.000388404309391e-10	0.08311519	-0.05217293	-0.9458068	0	0	0.4	4.6830537e-18
7.10030534286327e-10	0.08837356	-0.039723717	-0.9440058	0	0	0.4	4.0431778e-18
7.200543244848981e-10	0.095425025	-0.054714143	-0.9456332	0	0	0.4	4.7480606e-18
7.300156290576694e-10	0.080006614	-0.058186	-0.9468708	0	0	0.4	4.497426e-18
7.400090096302473e-10	0.076793425	-0.046894506	-0.9458606	0	0	0.4	5.5539235e-18
7.500002519638215e-10	0.06207679	-0.048668064	-0.9477052	0	0	0.4	3.3736402e-18
7.600164657095356e-10	0.06982925	-0.030346269	-0.9500448	0	0	0.4	4.31851e-18
7.700335785877626e-10	0.07756758	-0.025498047	-0.9466375	0	0	0.4	4.7324765e-18
7.800536959753779e-10	0.08564389	-0.012859136	-0.94568413	0	0	0.4	4.9976056e-18
7.900073451971118e-10	0.07249444	-0.026641846	-0.9446679	0	0	0.4	5.3010895e-18
8.000191166073523e-10	0.079113044	-0.024760103	-0.9502927	0	0	0.4	4.65093e-18
8.100350731475806e-10	0.07351369	-0.04655683	-0.9481596	0	0	0.4	3.7721955e-18
8.20010669957579e-10	0.055889856	-0.053018205	-0.9498014	0	0	0.4	4.738639e-18
8.300228158432825e-10	0.0416092	-0.038941044	-0.9486182	0	0	0.4	4.428246e-18
8.400610678608821e-10	0.053412315	-0.023446755	-0.95288265	0	0	0.4	4.0446274e-18
8.500354677203687e-10	0.053597186	-0.02110256	-0.9497033	0	0	0.4	4.664358e-18
8.600624421417487e-10	0.05983569	0.0026039726	-0.9500087	0	0	0.4	5.466619e-18
8.700245277038982e-10	0.07141021	-0.0038009605	-0.94886744	0	0	0.4	4.660672e-18
8.800192417581247e-10	0.07488373	0.0010852579	-0.9480325	0	0	0.4	4.0499387e-18
8.900269201004017e-10	0.08842525	0.00911248	-0.94791603	0	0	0.4	4.3394482e-18
9.000210703829481e-10	0.0959679	0.0015427937	-0.9499378	0	0	0.4	4.4766026e-18
9.100584099340443e-10	0.08293655	0.0074950065	-0.9499437	0	0	0.4	4.643715e-18
9.200273366580548e-10	0.088884674	-0.0031606352	-0.94840795	0	0	0.4	4.127503e-18
9.300371222224237e-10	0.08855074	-0.009564668	-0.9474252	0	0	0.4	5.7276872e-18
9.400157074398073e-10	0.072595745	-0.02348976	-0.9442092	0	0	0.4	5.1136616e-18
9.500326459655447e-10	0.078503005	-0.016859692	-0.9461168	0	0	0.4	4.7487103e-18
9.600238740741448e-10	0.08332408	-0.034471024	-0.9527465	0	0	0.4	4.6803715e-18
9.700327171242075e-10	0.0960753	-0.03042487	-0.94740766	0	0	0.4	4.028125e-18
9.800279150008395e-10	0.07930133	-0.0154909175	-0.9525925	0	0	0.4	4.2521215e-18
9.900108447176726e-10	0.07430886	-0.015210408	-0.9502938	0	0	0.4	4.5919344e-18
1.0000112795883243e-09	0.0764921	-0.013577593	-0.9489132	0	0	0.4	4.3310693e-18
1.0100207946207657e-09	0.077390715	-0.01565084	-0.9488108	0	0	0.4	3.9933277e-18
1.0200009168784794e-09	0.07098364	-0.0020923028	-0.9485387	0	0	0.4	5.492245e-18
1.0300330441304303e-09	0.07091242	0.0009469469	-0.9481695	0	0	0.4	3.8608494e-18
1.0400199509322876e-09	0.07072488	0.020565141	-0.9482153	0	0	0.4	4.352838e-18
1.0500497062852204e-09	0.06065621	0.032131918	-0.9496081	0	0	0.4	4.4282093e-18
1.0600525069432118e-09	0.05217445	0.039255578	-0.95354366	0	0	0.4	4.1469377e-18
1.0700444786159511e-09	0.052923232	0.035557713	-0.95704085	0	0	0.4	4.0233523e-18
1.0800428463802562e-09	0.04199185	0.04495539	-0.9559412	0	0	0.4	4.890041e-18
1.0900597038044515e-09	0.04502081	0.029405018	-0.95705056	0	0	0.4	5.367682e-18
1.1000401065445553e-09	0.048143554	0.0017930378	-0.95877486	0	0	0.4	5.2900963e-18
1.1100360703221278e-09	0.053624246	-0.011417187	-0.95546055	0	0	0.4	4.7295234e-18
1.1200387452029912e-09	0.06418432	-0.01052066	-0.95079094	0	0	0.4	4.653803e-18
1.1300406483356875e-09	0.0753995	-0.009446277	-0.94254744	0	0	0.4	4.246411e-18
1.1400104824980734e-09	0.07439142	-0.010343063	-0.94522095	0	0	0.4	4.8705995e-18
1.1500259624113899e-09	0.07070458	-0.0006561749	-0.94544435	0	0	0.4	6.013924e-18
1.160058192897931e-09	0.049107358	0.010583649	-0.9479367	0	0	0.4	4.4919084e-18
1.170004863694392e-09	0.057356343	-0.0025525494	-0.9470421	0	0	0.4	4.852412e-18
1.1800343594039273e-09	0.042395137	0.0025471677	-0.9507688	0	0	0.4	3.3341516e-18
1.1900137101716264e-09	0.035975274	-0.0006848022	-0.9513709	0	0	0.4	4.4602443e-18
1.2000045001910723e-09	0.042425122	0.00045582812	-0.95219094	0	0	0.4	4.4237028e-18
1.2100543903867471e-09	0.04404746	-0.006027628	-0.9505104	0	0	0.4	4.6766687e-18
1.2200630590413411e-09	0.025948	-0.017955676	-0.9575661	0	0	0.4	5.524769e-18
1.2300294621711121e-09	0.013917968	-0.020376828	-0.9555378	0	0	0.4	5.2746483e-18
1.240056812872893e-09	-0.0015411165	-0.021271268	-0.95237756	0	0	0.4	4.3416642e-18
1.2500547068392839e-09	0.0057389257	-0.012343345	-0.9551429	0	0	0.4	5.2307196e-18
1.2600585469633776e-09	0.019315992	-0.009451292	-0.95457715	0	0	0.4	4.3126927e-18
1.2700279407136295e-09	0.016112568	-0.004891257	-0.9532514	0	0	0.4	5.6006397e-18
1.2800351241767511e-09	0.023846341	0.012676259	-0.95419735	0	0	0.4	4.294439e-18
1.2900350979676205e-09	0.039497804	0.006935061	-0.9556053	0	0	0.4	5.274693e-18
1.3000606620154682e-09	0.05388422	0.018063989	-0.95218754	0	0	0.4	4.2189963e-18
1.3100449400962533e-09	0.04411422	0.016033342	-0.95032364	0	0	0.4	4.1628534e-18
1.3200179542297094e-09	0.03810601	0.018778853	-0.95228606	0	0	0.4	4.2954207e-18
1.3300166357372807e-09	0.037313294	0.01909331	-0.9510165	0	0	0.4	4.570809e-18
1.3400239371805866e-09	0.05163943	0.0135234	-0.95499694	0	0	0.4	4.749893e-18
1.3500187334026184e-09	0.051662162	0.015877428	-0.95193326	0	0	0.4	3.8692e-18
1.360050922013811e-09	0.0684475	0.016835598	-0.9511871	0	0	0.4	4.907744e-18
1.3700389605623832e-09	0.070399836	0.0023084767	-0.9524774	0	0	0.4	4.374203e-18
1.380019993924912e-09	0.07463411	-0.022770887	-0.9536122	0	0	0.4	4.426201e-18
1.3900366935991109e-09	0.060617156	-0.020064712	-0.94865906	0	0	0.4	4.5020397e-18
1.4000027859574965e-09	0.058012277	-0.02596141	-0.9528121	0	0	0.4	4.6468935e-18
1.4100403366498241e-09	0.04590239	-0.023099797	-0.95396894	0	0	0.4	5.0890997e-18
1.4200225212656416e-09	0.03715894	-0.00012657736	-0.9531953	0	0	0.4	5.8662884e-18
1.4300130872335077e-09	0.043600045	0.011017579	-0.95407057	0	0	0.4	6.254014e-18
1.4400147052792827e-09	0.044065643	0.0058219573	-0.95208085	0	0	0.4	4.383514e-18
1.4500420361777807e-09	0.041008122	-0.0026015972	-0.95071924	0	0	0.4	4.6589443e-18
1.4600614154136122e-09	0.06355977	-0.008086545	-0.94920975	0	0	0.4	4.6849694e-18
1.4700622799621668e-09	0.06258216	-0.0223825	-0.9465875	0	0	0.4	3.8295456e-18
1.4800666342565824e-09	0.048024338	-0.021837201	-0.9460174	0	0	0.4	4.475373e-18
1.4900395460199345e-09	0.035701662	-0.030830707	-0.9484396	0	0	0.4	5.167305e-18
1.5000121855244743e-09	0.0241816	-0.018402645	-0.9479779	0	0	0.4	5.149371e-18
1.5100022176719772e-09	0.01982309	0.01709446	-0.9461658	0	0	0.4	3.797498e-18
1.5200513660784989e-09	0.015390128	0.043020736	-0.9490578	0	0	0.4	4.6510914e-18
1.5300610570111207e-09	0.038242478	0.048190225	-0.9500693	0	0	0.4	3.8743676e-18
1.5400207149754766e-09	0.051255103	0.05192226	-0.9491427	0	0	0.4	5.3257656e-18
1.5500089019396523e-09	0.06342684	0.05095462	-0.94947577	0	0	0.4	4.9359327e-18
1.5600117730380225e-09	0.054408487	0.024093593	-0.9487215	0	0	0.4	4.5333443e-18
1.5700330726394982e-09	0.047261436	0.009813551	-0.9502691	0	0	0.4	4.660313e-18
1.5800017463813473e-09	0.024781838	0.011473938	-0.95346713	0	0	0.4	4.747105e-18
1.5900129605136778e-09	0.020060154	0.024125664	-0.95196563	0	0	0.4	3.64832e-18
1.6000168758396566e-09	0.00051274983	0.046256986	-0.952175	0	0	0.4	4.243356e-18
1.6100334547866526e-09	0.012508978	0.063959755	-0.95103925	0	0	0.4	4.643268e-18
1.6200089773855293e-09	0.00937339	0.06615058	-0.9471904	0	0	0.4	4.1718734e-18
1.630058398818874e-09	0.010976277	0.07284399	-0.949543	0	0	0.4	5.3691334e-18
1.6400472354211372e-09	0.028222857	0.06465713	-0.9509002	0	0	0.4	4.4665904e-18
1.650058434934081e-09	0.02163988	0.041946765	-0.9519133	0	0	0.4	4.392856e-18
1.660040845083441e-09	0.020920772	0.01802093	-0.95344883	0	0	0.4	4.777979e-18
1.670059798003246e-09	0.0017429478	-0.0017144633	-0.95502007	0	0	0.4	4.2787088e-18
1.6800054620371468e-09	-0.01749151	-0.017573169	-0.9517833	0	0	0.4	4.260612e-18
1.6900546038834448e-09	-0.025017317	0.003273001	-0.9574925	0	0	0.4	4.289683e-18
1.700015266826936e-09	-0.025622154	0.038477708	-0.9562599	0	0	0.4	3.933376e-18
1.7100114422463198e-09	0.0061649852	0.04089769	-0.95481765	0	0	0.4	4.5682166e-18
1.72003885376731e-09	0.020087965	0.03151044	-0.95583194	0	0	0.4	3.5401357e-18
1.7300348832860787e-09	0.021040415	0.004457098	-0.9565559	0	0	0.4	3.3930291e-18
1.740040954511745e-09	0.023494748	-0.0039919047	-0.9571729	0	0	0.4	3.9435976e-18
1.7500364777431117e-09	0.01614394	-0.0016265855	-0.95649695	0	0	0.4	4.8987137e-18
1.7600202640566116e-09	-0.003469843	-0.010601544	-0.95571357	0	0	0.4	4.4978546e-18
1.77004140232513e-09	-0.010123995	0.0007461139	-0.9543357	0	0	0.4	4.928918e-18
1.7800613248463406e-09	-0.0029203247	0.0041989484	-0.95219684	0	0	0.4	4.1028167e-18
1.7900230535807724e-09	0.011912886	-0.014728295	-0.9525109	0	0	0.4	4.821002e-18
1.800023359650813e-09	0.02165674	-0.016560879	-0.94933975	0	0	0.4	4.9998903e-18
1.8100018107942005e-09	0.03654997	-0.017569818	-0.9490232	0	0	0.4	4.20912e-18
1.820015662019539e-09	0.019714892	-0.021852301	-0.95123816	0	0	0.4	4.082042e-18
1.8300051135303402e-09	0.014098375	-0.017256612	-0.9514538	0	0	0.4	4.5020752e-18
1.8400565525233555e-09	-0.0070205955	-0.0069272364	-0.9507174	0	0	0.4	4.66944e-18
1.8500324213326735e-09	0.009389041	-0.00036505057	-0.95138353	0	0	0.4	4.940505e-18
1.8600452460288042e-09	-0.0021940616	-0.0013189057	-0.95475453	0	0	0.4	4.428925e-18
1.8700024741358493e-09	0.0069594174	0.0006901854	-0.9540796	0	0	0.4	4.5007484e-18
1.8800384264267984e-09	0.0017961775	-0.0046310755	-0.953387	0	0	0.4	4.64345e-18
1.8900296018320585e-09	0.00046460383	-0.01599698	-0.95447814	0	0	0.4	3.6184226e-18
1.9000613051946464e-09	-0.0071886606	-0.021288743	-0.9514183	0	0	0.4	5.233951e-18
1.910037468046966e-09	-0.011718407	7.461386e-05	-0.952722	0	0	0.4	4.6906852e-18
1.920001427696597e-09	-0.017131448	0.007889557	-0.95348305	0	0	0.4	5.7318066e-18
1.930050176110715e-09	-0.0330181	0.0065734587	-0.9521418	0	0	0.4	4.402429e-18
1.9400361026816665e-09	-0.017120227	-0.0033001525	-0.948947	0	0	0.4	4.2834845e-18
1.9500458294266693e-09	-0.008516486	-0.0033558167	-0.9461503	0	0	0.4	3.57097e-18
1.960054677731199e-09	-0.01025886	-0.009616147	-0.94606686	0	0	0.4	5.285551e-18
1.97004280024489e-09	-0.02873516	-0.010963757	-0.9460754	0	0	0.4	4.030074e-18
1.9800425394153035e-09	-0.058998197	-0.0024921542	-0.9498613	0	0	0.4	4.3284157e-18
1.9900429770832924e-09	-0.059633527	-0.0063918894	-0.94703233	0	0	0.4	4.582097e-18
2.000047035030215e-09	-0.05155004	-0.004921833	-0.94919664	0	0	0.4	4.5631133e-18
2.0100263374202546e-09	-0.050156068	0.0015384951	-0.95117563	0	0	0.4	4.429239e-18
2.020046241944724e-09	-0.044843547	0.023309818	-0.94608504	0	0	0.4	4.787025e-18
2.030008169404142e-09	-0.028338991	0.025834966	-0.9437268	0	0	0.4	5.5104882e-18
2.0400179612945544e-09	-0.015974252	0.0138156805	-0.9440835	0	0	0.4	4.2916856e-18
2.0500442944338498e-09	0.005632795	-0.006793351	-0.9416897	0	0	0.4	5.477969e-18
2.060000413483443e-09	-0.0007782264	-0.0047377017	-0.9360219	0	0	0.4	5.22337e-18
2.0700486422355504e-09	0.002757392	-0.0028704172	-0.9386344	0	0	0.4	4.843063e-18
2.080051738986527e-09	-0.012756963	-0.0057656965	-0.9402508	0	0	0.4	4.5375873e-18
2.090032471830379e-09	-0.023111967	-0.022279002	-0.94018835	0	0	0.4	5.622496e-18
2.1000198897648723e-09	-0.033677712	-0.03396803	-0.93303084	0	0	0.4	4.2953525e-18
2.110010561492858e-09	-0.030868225	-0.019181838	-0.93571645	0	0	0.4	4.7114045e-18
2.1200631818292333e-09	-0.038945243	-0.011259483	-0.93573517	0	0	0.4	4.9406055e-18
2.1300573813507552e-09	-0.03792728	0.009488294	-0.94092405	0	0	0.4	4.9262353e-18
2.140035970076963e-09	-0.03835274	0.022414269	-0.9451126	0	0	0.4	3.9496997e-18
2.150012717455492e-09	-0.030511089	0.008983236	-0.9487655	0	0	0.4	4.345922e-18
2.1600491878097193e-09	-0.040882412	0.0049869227	-0.94936794	0	0	0.4	5.540782e-18
2.1700483499597215e-09	-0.050543223	0.017145148	-0.9470189	0	0	0.4	4.445131e-18
2.180055715597202e-09	-0.056479387	0.034999482	-0.9394958	0	0	0.4	4.8013504e-18
2.1900254197741954e-09	-0.05338823	0.033275977	-0.9415615	0	0	0.4	5.3552583e-18
2.200003683868635e-09	-0.04417049	0.037594393	-0.93970996	0	0	0.4	3.6133412e-18
2.210032125785491e-09	-0.027147086	0.050067846	-0.9414452	0	0	0.4	3.8013255e-18
2.220016292259193e-09	-0.026678061	0.058576453	-0.9431354	0	0	0.4	4.383164e-18
2.2300241176112114e-09	-0.028165074	0.05543747	-0.9442836	0	0	0.4	3.7540997e-18
2.240049988251811e-09	-0.02992871	0.05763416	-0.94404685	0	0	0.4	4.252128e-18
2.250056342457837e-09	-0.019809444	0.062148184	-0.94366974	0	0	0.4	4.2063065e-18
2.2600346519747857e-09	-0.016149381	0.059754465	-0.9447169	0	0	0.4	5.0483325e-18
2.270018870437174e-09	-0.011843657	0.06358312	-0.94738704	0	0	0.4	4.66409e-18
2.2800040646005613e-09	-0.023962839	0.07991252	-0.94399124	0	0	0.4	4.4563917e-18
2.290010949895974e-09	-0.009162743	0.081344485	-0.9434311	0	0	0.4	4.1023456e-18
2.3000289696218702e-09	-0.0005061051	0.08568441	-0.9474027	0	0	0.4	5.371404e-18
2.3100376133236017e-09	0.0030881197	0.0978454	-0.94228405	0	0	0.4	4.7148244e-18
2.320051964926138e-09	-0.0077954605	0.11161352	-0.93558794	0	0	0.4	5.397051e-18
2.330026592429752e-09	-0.0034497266	0.10400446	-0.9327343	0	0	0.4	5.2476975e-18
2.3400271474698507e-09	0.0011642884	0.107676476	-0.9315324	0	0	0.4	4.5475735e-18
2.3500466990872864e-09	-0.023421293	0.09549138	-0.936489	0	0	0.4	4.550368e-18
2.360023905414485e-09	-0.032606557	0.11167343	-0.93327063	0	0	0.4	3.3862512e-18
2.3700236808748927e-09	-0.036013972	0.11191268	-0.9231179	0	0	0.4	4.5933025e-18
2.380057061366655e-09	-0.05559739	0.12558094	-0.9188586	0	0	0.4	5.8232746e-18
2.3900252121778212e-09	-0.054948345	0.1287186	-0.9244615	0	0	0.4	4.9474955e-18
2.4000440920599437e-09	-0.051999662	0.12433484	-0.9281176	0	0	0.4	4.8844556e-18
2.410018217058974e-09	-0.05008913	0.12133504	-0.9294719	0	0	0.4	4.076841e-18
2.4200420553517875e-09	-0.036453106	0.12855741	-0.93095374	0	0	0.4	3.850986e-18
2.4300559797149065e-09	-0.022724375	0.12746531	-0.9303126	0	0	0.4	4.1905268e-18
2.4400320580698977e-09	-0.031098008	0.123516016	-0.9313686	0	0	0.4	5.314448e-18
2.4500366717504327e-09	-0.06459397	0.10510765	-0.93318415	0	0	0.4	4.570134e-18
2.4600043276456908e-09	-0.06292956	0.10646972	-0.9385752	0	0	0.4	4.9381624e-18
2.4700590970329228e-09	-0.06591508	0.11148327	-0.9412487	0	0	0.4	5.290207e-18
2.480051114509324e-09	-0.07522764	0.13600571	-0.9372051	0	0	0.4	4.4764264e-18
2.4900079694296482e-09	-0.051984105	0.12585583	-0.9370546	0	0	0.4	4.5481525e-18
2.5000145558720995e-09	-0.011908865	0.1069742	-0.9393903	0	0	0.4	5.5487453e-18
2.5100470094444106e-09	-0.019593183	0.08240498	-0.9353244	0	0	0.4	5.3798934e-18
2.5200592769290814e-09	-0.019090636	0.08064717	-0.9364199	0	0	0.4	4.5426633e-18
2.5300137254094788e-09	-0.028833324	0.06879398	-0.939637	0	0	0.4	4.398652e-18
2.5400079709867504e-09	-0.031820137	0.06451083	-0.94633895	0	0	0.4	4.9550844e-18
2.5500319405278894e-09	-0.03644676	0.05480347	-0.9466045	0	0	0.4	5.1471694e-18
2.5600021713036956e-09	-0.025532247	0.058616884	-0.9422624	0	0	0.4	5.0525507e-18
2.5700243017820567e-09	-0.011849672	0.060724624	-0.9476819	0	0	0.4	4.7979685e-18
2.580062771038824e-09	-0.002865749	0.06467798	-0.9469552	0	0	0.4	5.3186096e-18
2.5900564607962325e-09	0.0031602888	0.052709483	-0.944143	0	0	0.4	4.0101633e-18
2.6000508165139774e-09	-0.004213824	0.061635822	-0.9444962	0	0	0.4	4.1722246e-18
2.6100200187454467e-09	-0.015749482	0.061584976	-0.9460219	0	0	0.4	4.35845e-18
2.620010905793332e-09	-0.008746857	0.047202107	-0.950045	0	0	0.4	4.544699e-18
2.6300370492650294e-09	-0.003921441	0.036690034	-0.94997054	0	0	0.4	4.951681e-18
2.64005859110931e-09	-0.019891506	0.029322607	-0.94921786	0	0	0.4	5.9218464e-18
2.6500594998016835e-09	-0.009726839	0.012704093	-0.95130956	0	0	0.4	5.056203e-18
2.6600113907402902e-09	-0.0074617015	0.008502225	-0.9502558	0	0	0.4	5.9161136e-18
2.6700599212687526e-09	0.0054034507	0.009712445	-0.9534123	0	0	0.4	4.6599774e-18
2.6800094700340257e-09	0.027516488	-0.0021675678	-0.9511273	0	0	0.4	4.501547e-18
2.690063629281011e-09	0.038728997	-0.009694824	-0.9482603	0	0	0.4	4.8337577e-18
2.7000454532193983e-09	0.024829987	-0.013868897	-0.94827944	0	0	0.4	4.818218e-18
2.710040135039435e-09	0.017518809	-0.016201062	-0.9474307	0	0	0.4	4.1814352e-18
2.7200479622435532e-09	0.013501325	-0.033799455	-0.9453005	0	0	0.4	4.3702723e-18
2.7300489319413194e-09	0.027653817	-0.035392962	-0.9480567	0	0	0.4	4.482535e-18
2.7400581873660557e-09	0.030159561	-0.011367012	-0.94799364	0	0	0.4	4.82408e-18
2.7500557254584307e-09	0.04221287	-0.015611813	-0.94517326	0	0	0.4	4.858985e-18
2.7600628382190002e-09	0.044146713	0.0042249886	-0.94579524	0	0	0.4	3.7297173e-18
2.7700499670760994e-09	0.059859373	-0.0072534564	-0.9467725	0	0	0.4	3.3265044e-18
2.780045502311011e-09	0.063164614	-0.016253365	-0.9476839	0	0	0.4	3.8114286e-18
2.790021211953003e-09	0.061451815	-0.004866755	-0.943605	0	0	0.4	4.902294e-18
2.8000345136183617e-09	0.060377844	-0.011271566	-0.94545615	0	0	0.4	4.3392352e-18
2.8100174030246796e-09	0.050560646	-0.018684272	-0.9467577	0	0	0.4	5.680803e-18
2.8200095384886303e-09	0.0415247	-0.018841477	-0.95245075	0	0	0.4	4.962244e-18
2.83000023422504e-09	0.064737454	-0.02140911	-0.9492658	0	0	0.4	4.5304016e-18
2.8400125591999135e-09	0.06832246	-0.009336965	-0.9504158	0	0	0.4	4.686887e-18
2.850060557132175e-09	0.08030766	-0.016715223	-0.9499701	0	0	0.4	4.540093e-18
2.8600003793227207e-09	0.081923604	-0.034401465	-0.94896543	0	0	0.4	4.3957395e-18
2.8700291399973602e-09	0.0721097	-0.044130936	-0.9456819	0	0	0.4	4.7465307e-18
2.880029937641161e-09	0.0659346	-0.046153467	-0.9447674	0	0	0.4	4.714366e-18
2.890016814893152e-09	0.071244955	-0.052405253	-0.9440204	0	0	0.4	3.564547e-18
2.9000200182522854e-09	0.09077046	-0.05922559	-0.9416274	0	0	0.4	4.413389e-18
2.910055228842667e-09	0.0960914	-0.07594296	-0.93959326	0	0	0.4	4.473844e-18
2.9200408728460714e-09	0.082957156	-0.08474722	-0.9386416	0	0	0.4	6.664989e-18
2.9300445962900856e-09	0.07517717	-0.0761443	-0.9400611	0	0	0.4	4.677681e-18
2.9400452910548045e-09	0.09388063	-0.095165715	-0.9341093	0	0	0.4	5.282998e-18
2.9500471741401074e-09	0.09855681	-0.10279882	-0.93111175	0	0	0.4	4.719449e-18
2.960030736542181e-09	0.09790907	-0.09899535	-0.93174917	0	0	0.4	5.3739464e-18
2.9700551920182126e-09	0.10477164	-0.113936886	-0.9310405	0	0	0.4	5.5759778e-18
2.9800632405549535e-09	0.099030904	-0.111235745	-0.9275205	0	0	0.4	4.491422e-18
2.990060571147553e-09	0.10906061	-0.107673176	-0.9313688	0	0	0.4	3.7084e-18
3.0000387452761125e-09	0.12674123	-0.10281314	-0.93203783	0	0	0.4	5.424209e-18
3.0100058413715847e-09	0.12648724	-0.10720251	-0.92989445	0	0	0.4	4.666026e-18
3.0200110831623153e-09	0.12637693	-0.09804313	-0.9254092	0	0	0.4	3.9415727e-18
3.030018099075201e-09	0.14533336	-0.08659677	-0.92305225	0	0	0.4	3.8931487e-18
3.0400151659439048e-09	0.13212493	-0.10515741	-0.92425185	0	0	0.4	5.284365e-18
3.0500610516093134e-09	0.14177382	-0.10455811	-0.9262494	0	0	0.4	4.6547124e-18
3.060042140934284e-09	0.13199015	-0.13819154	-0.92225885	0	0	0.4	4.8757615e-18
3.070023401239214e-09	0.13560954	-0.14276682	-0.9192246	0	0	0.4	5.3996407e-18
3.080017638955261e-09	0.11751987	-0.1388071	-0.91922945	0	0	0.4	5.7615284e-18
3.090033178069623e-09	0.13212538	-0.14463423	-0.9186405	0	0	0.4	3.99851e-18
3.100019881351495e-09	0.14077893	-0.1441518	-0.91829437	0	0	0.4	5.7812526e-18
3.110042311105504e-09	0.14431165	-0.14601713	-0.92231905	0	0	0.4	4.092181e-18
3.120047824476248e-09	0.15705977	-0.12798984	-0.9211985	0	0	0.4	4.456786e-18
3.130061200773848e-09	0.1909032	-0.11984873	-0.92064345	0	0	0.4	4.846929e-18
3.1400126307250475e-09	0.19810858	-0.11951462	-0.9216532	0	0	0.4	5.4132192e-18
3.150052353518477e-09	0.21610937	-0.13141727	-0.91884863	0	0	0.4	4.0813666e-18
3.160056255791216e-09	0.22605602	-0.12919922	-0.91437256	0	0	0.4	5.7354656e-18
3.170024262777388e-09	0.20777014	-0.12525253	-0.9164498	0	0	0.4	3.844354e-18
3.1800287184781733e-09	0.18430535	-0.12726074	-0.920232	0	0	0.4	5.1508446e-18
3.1900238056319077e-09	0.19098306	-0.12896338	-0.91660583	0	0	0.4	4.429345e-18
3.2000480883876772e-09	0.18402554	-0.12665796	-0.92271394	0	0	0.4	3.9881636e-18
3.210013191795329e-09	0.1890332	-0.13466752	-0.92402774	0	0	0.4	4.521992e-18
3.2200401069555963e-09	0.18976961	-0.13954538	-0.9227033	0	0	0.4	4.9055487e-18
3.2300100768612702e-09	0.19993666	-0.14916553	-0.91984195	0	0	0.4	4.373377e-18
3.240008840658937e-09	0.2059322	-0.14322811	-0.9220043	0	0	0.4	4.576726e-18
3.250006506808306e-09	0.2107353	-0.15302673	-0.9164921	0	0	0.4	3.938717e-18
3.2600149251813293e-09	0.20901208	-0.1584451	-0.9157056	0	0	0.4	4.1966206e-18
3.2700594346103146e-09	0.19982444	-0.16070195	-0.9188612	0	0	0.4	4.9510743e-18
3.2800074060764987e-09	0.1971782	-0.16196674	-0.9180899	0	0	0.4	4.264549e-18
3.2900596100191627e-09	0.19824593	-0.15058634	-0.91530883	0	0	0.4	4.7598003e-18
3.3000158354983574e-09	0.2199052	-0.15068394	-0.9078735	0	0	0.4	4.4001893e-18
3.310060279344848e-09	0.233348	-0.14268614	-0.9088792	0	0	0.4	4.023027e-18
3.320029167791622e-09	0.25292638	-0.14201036	-0.9040965	0	0	0.4	4.7097154e-18
3.3300478611098593e-09	0.24821815	-0.13987257	-0.9048786	0	0	0.4	5.2024197e-18
3.3400202457946906e-09	0.2624535	-0.1289854	-0.90813565	0	0	0.4	5.200103e-18
3.3500285669828508e-09	0.25536868	-0.1458777	-0.90963084	0	0	0.4	5.0976693e-18
3.3600159379081382e-09	0.23203652	-0.13065986	-0.9103491	0	0	0.4	4.798657e-18
3.370059440455617e-09	0.23376991	-0.13066728	-0.90721947	0	0	0.4	4.921223e-18
3.3800337761970932e-09	0.22729996	-0.12588228	-0.9122151	0	0	0.4	4.736026e-18
3.3900431938338506e-09	0.22567114	-0.11761993	-0.9148424	0	0	0.4	3.8262525e-18
3.4000606582799184e-09	0.23475651	-0.10628917	-0.91866714	0	0	0.4	4.9928804e-18
3.410057601647356e-09	0.24083887	-0.11599774	-0.91545516	0	0	0.4	4.1280502e-18
3.4200534550221053e-09	0.24811071	-0.10415001	-0.91353416	0	0	0.4	4.2773915e-18
3.430064621863441e-09	0.24924101	-0.11422805	-0.9136324	0	0	0.4	4.6057656e-18
3.440042914807752e-09	0.23690104	-0.11398917	-0.9150528	0	0	0.4	5.108645e-18
3.450058311585792e-09	0.23011346	-0.121154316	-0.92044413	0	0	0.4	4.607857e-18
3.4600018834945644e-09	0.227578	-0.12768017	-0.91860235	0	0	0.4	4.5877856e-18
3.4700308822136628e-09	0.21690483	-0.11131802	-0.9147799	0	0	0.4	4.099661e-18
3.480020088567793e-09	0.21353947	-0.11109521	-0.9163771	0	0	0.4	4.39576e-18
3.4900140378371694e-09	0.20386498	-0.12793949	-0.9135869	0	0	0.4	4.6319926e-18
3.5000098004719584e-09	0.21188982	-0.14666492	-0.91277325	0	0	0.4	5.113848e-18
3.5100102524391567e-09	0.21897924	-0.15822794	-0.9063196	0	0	0.4	4.9184366e-18
3.5200400872652933e-09	0.23607779	-0.14852421	-0.90792847	0	0	0.4	5.3689026e-18
3.530003850421188e-09	0.2334497	-0.15806967	-0.9071063	0	0	0.4	4.1985645e-18
3.5400627133558144e-09	0.23452441	-0.15882573	-0.90724176	0	0	0.4	5.4171736e-18
3.550010877936726e-09	0.23705488	-0.15074731	-0.9092174	0	0	0.4	4.883068e-18
3.5600435608356586e-09	0.25593403	-0.1654994	-0.904795	0	0	0.4	4.852181e-18
3.5700177962798414e-09	0.24144027	-0.17613688	-0.90236056	0	0	0.4	4.3665305e-18
3.5800456715808218e-09	0.24436438	-0.18242948	-0.8924556	0	0	0.4	4.898183e-18
3.5900473885358223e-09	0.28057602	-0.15572444	-0.8912014	0	0	0.4	3.957537e-18
3.600020033809045e-09	0.29964018	-0.14208461	-0.8853471	0	0	0.4	4.6283353e-18
3.610009105685401e-09	0.30710715	-0.099469334	-0.8869776	0	0	0.4	5.071498e-18
3.6200369431555926e-09	0.30191848	-0.06525204	-0.8894455	0	0	0.4	4.312703e-18
3.630066911758166e-09	0.3138816	-0.072691925	-0.8941317	0	0	0.4	4.9965357e-18
3.6400047936317893e-09	0.3185586	-0.07421731	-0.89105564	0	0	0.4	5.0379282e-18
3.6500278335014987e-09	0.326015	-0.072507896	-0.8899894	0	0	0.4	4.548135e-18
3.6600011440228575e-09	0.33328933	-0.065906234	-0.88997674	0	0	0.4	4.3659288e-18
3.6700421163911357e-09	0.33052167	-0.065671965	-0.89452296	0	0	0.4	4.2826486e-18
3.680028538811596e-09	0.3035093	-0.05625939	-0.8973768	0	0	0.4	4.90222e-18
3.690017280690179e-09	0.29042837	-0.03549467	-0.8992971	0	0	0.4	5.264126e-18
3.7000061502040795e-09	0.27700087	-0.017100936	-0.9049686	0	0	0.4	4.97763e-18
3.710044646956646e-09	0.27205542	-0.0021898705	-0.9034505	0	0	0.4	4.0126395e-18
3.7200547098728635e-09	0.27053255	0.024149785	-0.9039612	0	0	0.4	4.9496838e-18
3.7300338824501955e-09	0.26757285	0.051215928	-0.90222377	0	0	0.4	4.971756e-18
3.740032861241767e-09	0.2735725	0.040505555	-0.9050731	0	0	0.4	4.3118423e-18
3.7500556297487955e-09	0.2757898	0.059578322	-0.9057338	0	0	0.4	5.5519933e-18
3.760057048192946e-09	0.2676919	0.052292246	-0.9092358	0	0	0.4	4.392588e-18
3.770009061486179e-09	0.26183257	0.037088726	-0.91588616	0	0	0.4	5.3155635e-18
3.780009943437094e-09	0.25826988	0.019871846	-0.91829413	0	0	0.4	4.109408e-18
3.790066916468998e-09	0.23211898	0.014032061	-0.92328864	0	0	0.4	4.9919204e-18
3.800041266748812e-09	0.21851969	0.035567205	-0.9170022	0	0	0.4	4.5335825e-18
3.810062751407031e-09	0.22376901	0.07027483	-0.9184004	0	0	0.4	3.804983e-18
3.820056342457112e-09	0.21936813	0.07983487	-0.9130413	0	0	0.4	4.177919e-18
3.8300288807660435e-09	0.2211599	0.09206836	-0.9237487	0	0	0.4	4.7444123e-18
3.840034868719678e-09	0.22774796	0.08718079	-0.92842823	0	0	0.4	4.238627e-18
3.850054720251233e-09	0.22824915	0.078795545	-0.92093694	0	0	0.4	5.0496973e-18
3.8600545272952135e-09	0.22209623	0.07808247	-0.9193143	0	0	0.4	4.101866e-18
3.8700022806608175e-09	0.21379691	0.07524221	-0.92173743	0	0	0.4	4.837649e-18
3.880045926729589e-09	0.19139539	0.05409237	-0.9213893	0	0	0.4	4.5335623e-18
3.890052771150966e-09	0.1526789	0.046720415	-0.9261828	0	0	0.4	4.534638e-18
3.900061516497852e-09	0.15155675	0.06906091	-0.92265195	0	0	0.4	4.629656e-18
3.91005883657351e-09	0.1482004	0.08001972	-0.9194276	0	0	0.4	4.1530687e-18
3.9200219421595695e-09	0.15532014	0.09865292	-0.9213568	0	0	0.4	4.589905e-18
3.930028629057842e-09	0.16249195	0.09422383	-0.92629236	0	0	0.4	4.4435944e-18
3.940024232877226e-09	0.17860644	0.099164106	-0.9292962	0	0	0.4	4.7226016e-18
3.950005577605243e-09	0.19776484	0.08180123	-0.92744815	0	0	0.4	4.8164295e-18
3.960041144801336e-09	0.20638677	0.061280306	-0.92513514	0	0	0.4	4.4120366e-18
3.9700478412214635e-09	0.21448502	0.063401364	-0.917549	0	0	0.4	4.7121415e-18
3.980005246749763e-09	0.19950174	0.04511292	-0.9235823	0	0	0.4	4.510623e-18
3.9900119669743824e-09	0.18862344	0.036583144	-0.9279164	0	0	0.4	3.987266e-18
4.000006583645406e-09	0.19350794	0.0518152	-0.9219204	0	0	0.4	5.0536467e-18
4.010041119611611e-09	0.18556364	0.08033627	-0.9174952	0	0	0.4	3.958072e-18
4.0200534576606274e-09	0.18464907	0.08613553	-0.9158984	0	0	0.4	4.3666658e-18
4.0300339312566916e-09	0.19417858	0.10637196	-0.9135117	0	0	0.4	5.0396893e-18
4.040038165064004e-09	0.2241308	0.10595398	-0.9069985	0	0	0.4	5.3685217e-18
4.050007917435965e-09	0.21715365	0.09598613	-0.91114354	0	0	0.4	4.0822286e-18
4.060042878398915e-09	0.20979035	0.082728595	-0.9192428	0	0	0.4	5.2170753e-18
4.0700062725309785e-09	0.2021677	0.08374208	-0.91944104	0	0	0.4	4.963474e-18
4.080059638269341e-09	0.19297032	0.08938839	-0.9206573	0	0	0.4	5.267608e-18
4.090028542140077e-09	0.18793668	0.09716974	-0.92031723	0	0	0.4	4.998163e-18
4.100045992656373e-09	0.1813241	0.08813227	-0.9251323	0	0	0.4	3.5425838e-18
4.110004514866884e-09	0.18476406	0.09685746	-0.92266726	0	0	0.4	4.2290986e-18
4.120019531949237e-09	0.18631314	0.106825404	-0.9241918	0	0	0.4	4.7340316e-18
4.1300187037717845e-09	0.19069411	0.09655194	-0.9259129	0	0	0.4	4.6145553e-18
4.140038157646627e-09	0.18359366	0.09896775	-0.92912465	0	0	0.4	4.846718e-18
4.150030340138651e-09	0.17013139	0.101162426	-0.9306827	0	0	0.4	5.4473144e-18
4.160051683535633e-09	0.14312166	0.099883996	-0.9332603	0	0	0.4	3.832616e-18
4.170018963962195e-09	0.13281162	0.10385363	-0.93466157	0	0	0.4	3.654547e-18
4.180050722417202e-09	0.13408792	0.11423155	-0.93002576	0	0	0.4	4.627894e-18
4.1900635808637814e-09	0.14464965	0.10251547	-0.9334918	0	0	0.4	5.8297113e-18
4.20004070770958e-09	0.13163628	0.12216551	-0.9332934	0	0	0.4	4.46918e-18
4.2100149529411035e-09	0.14988618	0.13061084	-0.92727286	0	0	0.4	4.010757e-18
4.220036962803017e-09	0.15699208	0.13368233	-0.9265352	0	0	0.4	4.2013856e-18
4.230044995586905e-09	0.1704563	0.14248072	-0.92083776	0	0	0.4	5.367608e-18
4.240025251422246e-09	0.17396344	0.14251225	-0.92007697	0	0	0.4	5.147075e-18
4.250056813438046e-09	0.17303999	0.13996418	-0.92597723	0	0	0.4	3.4390514e-18
4.2600097126675584e-09	0.16049887	0.15388611	-0.9218342	0	0	0.4	4.4348015e-18
4.270062247898292e-09	0.1647072	0.14575288	-0.9264893	0	0	0.4	4.3969873e-18
4.28002454949099e-09	0.14489223	0.16826484	-0.92725444	0	0	0.4	3.8247963e-18
4.290022536286414e-09	0.14468123	0.15788403	-0.92891014	0	0	0.4	5.257726e-18
4.3000577942179735e-09	0.13120279	0.17821145	-0.9260755	0	0	0.4	4.113157e-18
4.310041054708135e-09	0.1262424	0.17152657	-0.93130475	0	0	0.4	4.4676285e-18
4.320002483615975e-09	0.13520142	0.15344785	-0.9393249	0	0	0.4	4.1844317e-18
4.330044846474781e-09	0.12099104	0.13102362	-0.9390479	0	0	0.4	5.551319e-18
4.3400130562004966e-09	0.13040528	0.1215783	-0.9369351	0	0	0.4	4.3642244e-18
4.350011160133008e-09	0.12488505	0.120105155	-0.93174934	0	0	0.4	3.9913222e-18
4.3600371434509845e-09	0.11958467	0.096053	-0.9366588	0	0	0.4	5.657561e-18
4.370032838562265e-09	0.1007307	0.10109269	-0.93795866	0	0	0.4	4.72378e-18
4.380043415856495e-09	0.09551092	0.11110434	-0.93895125	0	0	0.4	4.1034424e-18
4.3900013278586766e-09	0.103484005	0.110887535	-0.9397246	0	0	0.4	5.0491018e-18
4.40000507814603e-09	0.10963652	0.10727494	-0.9399668	0	0	0.4	4.0590216e-18
4.410014147081537e-09	0.11253762	0.11323057	-0.93597007	0	0	0.4	5.15285e-18
4.4200086507434595e-09	0.121091686	0.116774574	-0.93655545	0	0	0.4	4.360836e-18
4.430024303171884e-09	0.124877796	0.11620317	-0.931281	0	0	0.4	4.5746694e-18
4.440039317713608e-09	0.1418203	0.12054201	-0.93476665	0	0	0.4	4.3129962e-18
4.450015217864143e-09	0.16102362	0.093858525	-0.9286828	0	0	0.4	3.951932e-18
4.460051082794982e-09	0.15307961	0.09982738	-0.9266604	0	0	0.4	4.366236e-18
4.470039589067913e-09	0.13444024	0.122744195	-0.92585385	0	0	0.4	4.486853e-18
4.48001049741047e-09	0.1268515	0.1287258	-0.92378604	0	0	0.4	4.365269e-18
4.4900349449021e-09	0.12370202	0.12771273	-0.92035	0	0	0.4	4.3440668e-18
4.500002156978006e-09	0.11732537	0.15921013	-0.919683	0	0	0.4	4.0506406e-18
4.510025066368537e-09	0.1295188	0.16543804	-0.9193076	0	0	0.4	5.0466976e-18
4.5200464130409325e-09	0.12705857	0.16574492	-0.9151638	0	0	0.4	4.8869525e-18
4.530047642261675e-09	0.12234719	0.15089802	-0.92390406	0	0	0.4	4.0436596e-18
4.540035015147938e-09	0.12780942	0.14548546	-0.9254911	0	0	0.4	4.6594575e-18
4.55000384102104e-09	0.13445453	0.13583775	-0.92551833	0	0	0.4	4.705304e-18
4.560051161316143e-09	0.13887033	0.12559108	-0.92434955	0	0	0.4	4.471475e-18
4.5700382703971435e-09	0.1437293	0.11742749	-0.92837507	0	0	0.4	4.927585e-18
4.580018619948248e-09	0.13234767	0.113918245	-0.9226455	0	0	0.4	4.657537e-18
4.590018334054247e-09	0.11898243	0.12201811	-0.9253534	0	0	0.4	4.6108784e-18
4.600020358426345e-09	0.11905029	0.14610569	-0.9253853	0	0	0.4	5.0465743e-18
4.610026920301088e-09	0.10387107	0.15766868	-0.92616296	0	0	0.4	4.1615655e-18
4.620007922062453e-09	0.10410632	0.15446906	-0.9224165	0	0	0.4	4.776199e-18
4.630016533662596e-09	0.12215337	0.15476908	-0.92342824	0	0	0.4	4.061091e-18
4.6400578973571025e-09	0.13161634	0.17498806	-0.9213965	0	0	0.4	5.56608e-18
4.650005129896886e-09	0.14589387	0.17662229	-0.92106766	0	0	0.4	4.3572926e-18
4.660062468375211e-09	0.15007526	0.166854	-0.91897404	0	0	0.4	4.717084e-18
4.670000084325639e-09	0.13289244	0.16604494	-0.9221612	0	0	0.4	4.3603283e-18
4.680028654954278e-09	0.10762531	0.17961404	-0.91961265	0	0	0.4	5.029456e-18
4.6900422010662e-09	0.10231025	0.1907555	-0.91822535	0	0	0.4	3.914551e-18
4.700032845107692e-09	0.09171165	0.2083246	-0.91739553	0	0	0.4	3.479969e-18
4.710034831476638e-09	0.08391336	0.21176581	-0.9185956	0	0	0.4	5.350789e-18
4.7200373330006565e-09	0.10688811	0.21209241	-0.91902477	0	0	0.4	5.2313847e-18
4.730004209223679e-09	0.10890299	0.2059162	-0.9245447	0	0	0.4	4.33218e-18
4.74003695494197e-09	0.12969059	0.22271417	-0.91560036	0	0	0.4	5.1562006e-18
4.7500212128929545e-09	0.12469735	0.22507413	-0.91522527	0	0	0.4	4.1194298e-18
4.760043554657231e-09	0.12360105	0.22024442	-0.91625017	0	0	0.4	4.8016693e-18
4.770057680368345e-09	0.11417058	0.21609132	-0.9215853	0	0	0.4	4.4254068e-18
4.780043021473406e-09	0.10446814	0.21009725	-0.9200998	0	0	0.4	5.2453723e-18
4.7900176951137085e-09	0.09742489	0.22418398	-0.91459906	0	0	0.4	5.634979e-18
4.8000079000434104e-09	0.077268474	0.22054122	-0.912544	0	0	0.4	4.180764e-18
4.8100295135880074e-09	0.06948367	0.24277787	-0.9123959	0	0	0.4	4.6420826e-18
4.820058643783287e-09	0.0566828	0.26308322	-0.9113701	0	0	0.4	4.4497093e-18
4.830004498467462e-09	0.047869615	0.27421808	-0.91137666	0	0	0.4	4.4412564e-18
4.840048506246939e-09	0.04393263	0.27530637	-0.91203135	0	0	0.4	4.386242e-18
4.8500034276537595e-09	0.048451625	0.2697406	-0.9160926	0	0	0.4	4.6945312e-18
4.860019810749872e-09	0.061750103	0.2742557	-0.9143012	0	0	0.4	4.285273e-18
4.870033831601521e-09	0.07096018	0.27855095	-0.9119826	0	0	0.4	5.5293256e-18
4.880003799094987e-09	0.06931769	0.28874677	-0.9107803	0	0	0.4	4.4141604e-18
4.8900401758573845e-09	0.065676324	0.28584933	-0.909577	0	0	0.4	4.77003e-18
4.900054246839591e-09	0.05379892	0.29624057	-0.90131915	0	0	0.4	4.347644e-18
4.910008077551135e-09	0.045954656	0.30296537	-0.90066797	0	0	0.4	4.9324904e-18
4.92002289429022e-09	0.05207997	0.28431502	-0.9041606	0	0	0.4	4.9721202e-18
4.930034950335035e-09	0.04716306	0.30097482	-0.897048	0	0	0.4	3.8933315e-18
4.940061820522967e-09	0.0463836	0.3126527	-0.8924383	0	0	0.4	4.8109242e-18
4.9500307346952615e-09	0.040551156	0.335133	-0.8876958	0	0	0.4	3.790791e-18
4.960007254930578e-09	0.020709522	0.34478986	-0.88797796	0	0	0.4	4.9642963e-18
4.970013068753022e-09	0.0014344953	0.35036477	-0.88784623	0	0	0.4	4.7601163e-18
4.980010258049551e-09	-0.013178402	0.35766098	-0.88731813	0	0	0.4	3.8347957e-18
4.990005280367536e-09	-0.007230426	0.35677782	-0.8848372	0	0	0.4	4.9152185e-18
5.0000542537253874e-09	-0.0023599095	0.35338864	-0.88370156	0	0	0.4	3.726796e-18
5.010049073907588e-09	-0.020787627	0.33910632	-0.88467574	0	0	0.4	4.55506e-18
5.0200492492592346e-09	-0.03708466	0.3307344	-0.885256	0	0	0.4	4.5529464e-18
5.030016418673454e-09	-0.058135465	0.3186989	-0.8838334	0	0	0.4	5.301612e-18
5.040039275227027e-09	-0.08520827	0.33801892	-0.8776067	0	0	0.4	5.2062045e-18
5.0500659625677364e-09	-0.092983305	0.33580375	-0.87851614	0	0	0.4	3.9489073e-18
5.060064301342238e-09	-0.10866633	0.31875566	-0.8821501	0	0	0.4	3.847547e-18
5.070009073143756e-09	-0.12235808	0.32237354	-0.8760063	0	0	0.4	4.1990116e-18
5.080053093711361e-09	-0.13465658	0.323817	-0.872066	0	0	0.4	4.5903213e-18
5.090025621343076e-09	-0.14857684	0.29937884	-0.87030494	0	0	0.4	4.6499673e-18
5.100041053210772e-09	-0.16477421	0.27566713	-0.86487454	0	0	0.4	5.0391276e-18
5.110009263054792e-09	-0.19129047	0.23519975	-0.8633245	0	0	0.4	4.05612e-18
5.1200465433239804e-09	-0.20023818	0.2072016	-0.8593886	0	0	0.4	4.6495065e-18
5.130026689908648e-09	-0.22484083	0.17328109	-0.85569197	0	0	0.4	4.98117e-18
5.140021886386755e-09	-0.2506906	0.14442067	-0.8492654	0	0	0.4	4.221934e-18
5.1500391702923765e-09	-0.2714066	0.09373835	-0.8446028	0	0	0.4	4.979853e-18
5.160060076857131e-09	-0.2901787	0.04178746	-0.8432268	0	0	0.4	4.5639314e-18
5.1700573411796294e-09	-0.3073631	-0.0024056577	-0.83053964	0	0	0.4	4.8371736e-18
5.180015582064676e-09	-0.30692455	-0.04470187	-0.8146409	0	0	0.4	5.0052203e-18
5.190063335191469e-09	-0.24542645	-0.12989861	-0.79115623	0	0	0.4	4.6222443e-18
5.200014322401316e-09	-0.1712312	-0.20959146	-0.7793801	0	0	0.4	4.6551024e-18
5.210035839160188e-09	-0.092973195	-0.26982734	-0.7686073	0	0	0.4	4.3622648e-18
5.220039381994015e-09	0.0015599903	-0.3052284	-0.76939887	0	0	0.4	5.352041e-18
5.2300423029817385e-09	0.095217876	-0.27956963	-0.77344424	0	0	0.4	4.499732e-18
5.240007212650232e-09	0.16779016	-0.20795889	-0.76362735	0	0	0.4	4.185969e-18
5.250009763100489e-09	0.22321916	-0.14026636	-0.75274676	0	0	0.4	4.4106734e-18
5.2600105844534536e-09	0.24891949	-0.025604075	-0.72869664	0	0	0.4	4.5440497e-18
5.270009342029559e-09	0.2190422	0.08735087	-0.7040978	0	0	0.4	4.4125586e-18
5.280039195844623e-09	0.09544827	0.20110998	-0.68422437	0	0	0.4	4.390928e-18
5.290065384543223e-09	-0.09562321	0.23077542	-0.6647075	0	0	0.4	5.756281e-18
5.3000050035409015e-09	-0.23318902	0.19376786	-0.65073985	0	0	0.4	4.576932e-18
5.310030102116157e-09	-0.32248557	0.10818338	-0.6437076	0	0	0.4	4.4225406e-18
5.320055961956406e-09	-0.366873	-0.0042539747	-0.6286042	0	0	0.4	5.0099323e-18
5.330039581002857e-09	-0.3406391	-0.14044714	-0.6230973	0	0	0.4	4.3005137e-18
5.340014853465722e-09	-0.22437339	-0.25699115	-0.6274144	0	0	0.4	5.177335e-18
5.350056848072566e-09	-0.06490273	-0.31807217	-0.63613826	0	0	0.4	4.2139827e-18
5.360029023048723e-09	0.09932215	-0.30414563	-0.64524806	0	0	0.4	4.914498e-18
5.370010317542036e-09	0.24770664	-0.22201575	-0.66269207	0	0	0.4	5.0871115e-18
5.380029459130982e-09	0.30150908	-0.09098103	-0.6505047	0	0	0.4	4.4439708e-18
5.390039432174827e-09	0.22957818	0.022406677	-0.6422422	0	0	0.4	4.4911788e-18
5.400030028280253e-09	0.10582301	0.104382485	-0.6368105	0	0	0.4	5.227875e-18
5.410002672880866e-09	-0.04707607	0.14549805	-0.63039696	0	0	0.4	4.766023e-18
5.420034355604893e-09	-0.21482597	0.10675542	-0.6386603	0	0	0.4	4.2051422e-18
5.430045250297779e-09	-0.30077392	0.005209561	-0.6377445	0	0	0.4	4.0478216e-18
5.440015392470196e-09	-0.35901034	-0.11368074	-0.6264498	0	0	0.4	3.9413403e-18
5.450058556105611e-09	-0.30002508	-0.27340448	-0.6068055	0	0	0.4	5.357665e-18
5.460052302530796e-09	-0.12935305	-0.36707506	-0.5707521	0	0	0.4	4.4644675e-18
5.4700049489298775e-09	0.10470551	-0.34204218	-0.5657081	0	0	0.4	4.2324938e-18
5.480043866575498e-09	0.2494075	-0.20347907	-0.5601362	0	0	0.4	4.8949323e-18
5.4900618342645115e-09	0.3059872	-0.11320509	-0.539365	0	0	0.4	5.1210905e-18
5.5000556266447274e-09	0.32650134	0.02064725	-0.5373561	0	0	0.4	5.270117e-18
5.510019310794897e-09	0.22713058	0.1763734	-0.52128035	0	0	0.4	3.6234705e-18
5.520019928961546e-09	0.0035328607	0.24068046	-0.5072373	0	0	0.4	4.7440417e-18
5.53003615463576e-09	-0.1960448	0.16251567	-0.50785214	0	0	0.4	4.335568e-18
5.540006214810167e-09	-0.28379282	0.009623688	-0.5146393	0	0	0.4	4.435183e-18
5.5500132028548825e-09	-0.2675807	-0.13960512	-0.5005864	0	0	0.4	3.6192824e-18
5.5600142306216235e-09	-0.17679092	-0.24295405	-0.48434654	0	0	0.4	4.3393126e-18
5.570055994288084e-09	0.033471342	-0.30946973	-0.47503567	0	0	0.4	4.0623547e-18
5.580008007464974e-09	0.26244986	-0.22383268	-0.4664484	0	0	0.4	3.514936e-18
5.590052832692897e-09	0.347963	-0.015760494	-0.46496278	0	0	0.4	5.063543e-18
5.600011303365258e-09	0.2806984	0.1682448	-0.44824752	0	0	0.4	4.0799724e-18
5.610059742477385e-09	0.15378375	0.25667265	-0.43104768	0	0	0.4	4.011786e-18
5.620061894907483e-09	-0.01686474	0.30061263	-0.42355746	0	0	0.4	3.742986e-18
5.6300562893291976e-09	-0.2154023	0.21647537	-0.41305143	0	0	0.4	3.4031023e-18
5.640039191457985e-09	-0.350047	0.046569955	-0.41069952	0	0	0.4	3.9974777e-18
5.6500567558396635e-09	-0.32894796	-0.15461345	-0.4037114	0	0	0.4	3.364867e-18
5.660005009599427e-09	-0.17839865	-0.28943875	-0.39359307	0	0	0.4	4.530102e-18
5.6700029283996695e-09	0.036764175	-0.31607357	-0.37206978	0	0	0.4	3.1236096e-18
5.6800033179244e-09	0.22107573	-0.265235	-0.35624585	0	0	0.4	4.1279324e-18
5.690054190294797e-09	0.3540973	-0.12231903	-0.3478835	0	0	0.4	3.3920824e-18
5.700039311446236e-09	0.3501336	0.10274641	-0.3463354	0	0	0.4	2.1894968e-18
5.710030040419408e-09	0.21203463	0.26914603	-0.3297823	0	0	0.4	3.5598776e-18
5.720060992237467e-09	-0.023268538	0.313857	-0.3158235	0	0	0.4	4.462569e-18
5.7300438583089546e-09	-0.24356095	0.20801233	-0.29719725	0	0	0.4	3.4157391e-18
5.74001094825598e-09	-0.34226012	-0.0001245508	-0.29735765	0	0	0.4	3.7094406e-18
5.750056972789447e-09	-0.3187546	-0.22795916	-0.287146	0	0	0.4	2.8614742e-18
5.7600429637866156e-09	-0.14190812	-0.3539617	-0.2774156	0	0	0.4	3.4103784e-18
5.77004469127609e-09	0.121578045	-0.3444664	-0.25875267	0	0	0.4	3.0331913e-18
5.7800409893298715e-09	0.3385426	-0.15752283	-0.2589868	0	0	0.4	4.6107163e-18
5.7900503182300205e-09	0.36677337	0.09402066	-0.26436833	0	0	0.4	2.8110397e-18
5.80001545191293e-09	0.23962311	0.267557	-0.25697154	0	0	0.4	2.9406992e-18
5.810066198204306e-09	0.040693425	0.3319941	-0.2511776	0	0	0.4	4.329648e-18
5.820057198432912e-09	-0.18119493	0.27717787	-0.23368354	0	0	0.4	3.1243412e-18
5.8300325581380415e-09	-0.37691617	0.09821016	-0.23007454	0	0	0.4	3.8501957e-18
5.840060977371863e-09	-0.41713768	-0.18644677	-0.22354844	0	0	0.4	3.847303e-18
5.850032963305704e-09	-0.27282238	-0.37797704	-0.20905346	0	0	0.4	3.5778155e-18
5.860055814269891e-09	-0.034458395	-0.4017749	-0.20754515	0	0	0.4	3.688594e-18
5.870020919941967e-09	0.17112666	-0.2620818	-0.19443864	0	0	0.4	2.1309176e-18
5.880017298788786e-09	0.28133005	-0.064178154	-0.1846826	0	0	0.4	3.4040075e-18
5.890060683031845e-09	0.28454015	0.1620798	-0.18108247	0	0	0.4	3.6019026e-18
5.900060556301143e-09	0.14435866	0.3640687	-0.17670102	0	0	0.4	2.999751e-18
5.910016886841609e-09	-0.12576954	0.39193854	-0.16004959	0	0	0.4	2.8921808e-18
5.920031036837551e-09	-0.37060034	0.2407962	-0.15141726	0	0	0.4	3.7118328e-18
5.9300387460945295e-09	-0.42535663	-0.042158954	-0.13998432	0	0	0.4	2.5836165e-18
5.940058341112744e-09	-0.27428612	-0.2273551	-0.13981833	0	0	0.4	3.408275e-18
5.950041645429782e-09	-0.06400335	-0.2817743	-0.12433237	0	0	0.4	2.8070976e-18
5.960035906063232e-09	0.16654682	-0.25434333	-0.11604341	0	0	0.4	2.4571348e-18
5.970011124660325e-09	0.36370763	-0.06441099	-0.09854893	0	0	0.4	3.1725969e-18
5.980038083103186e-09	0.37962446	0.20737025	-0.08862318	0	0	0.4	3.719161e-18
5.990001995215539e-09	0.21998958	0.39725506	-0.080955975	0	0	0.4	2.4353428e-18
6.000026319259559e-09	-0.034446273	0.38872674	-0.056341454	0	0	0.4	2.9079131e-18
6.010059004597699e-09	-0.2464774	0.22138365	-0.03973216	0	0	0.4	2.0803838e-18
6.020054103874391e-09	-0.31477797	-0.041139264	-0.030962018	0	0	0.4	2.7114794e-18
6.03002040540177e-09	-0.2574315	-0.24346781	-0.020998837	0	0	0.4	3.219969e-18
6.040054048293858e-09	-0.108403794	-0.38372013	-0.012050638	0	0	0.4	2.7431226e-18
6.050010412651248e-09	0.16514881	-0.3771508	0.0029150206	0	0	0.4	1.5168456e-18
6.060041081855077e-09	0.3772766	-0.17416446	0.02899852	0	0	0.4	2.1950015e-18
6.070024636030371e-09	0.39604187	0.10413063	0.039077573	0	0	0.4	2.7260508e-18
6.080051077762222e-09	0.24311599	0.28847557	0.043046303	0	0	0.4	2.0839724e-18
6.090064271618164e-09	-0.0013326354	0.32326335	0.061219502	0	0	0.4	3.0385828e-18
6.100058147973819e-09	-0.22141041	0.21043238	0.084009215	0	0	0.4	2.6634668e-18
6.11002575492381e-09	-0.35340804	-0.0041829846	0.09508622	0	0	0.4	2.6934155e-18
6.120018165295661e-09	-0.32030496	-0.23855095	0.10495403	0	0	0.4	2.7480106e-18
6.1300610425541715e-09	-0.12760128	-0.37239838	0.13042575	0	0	0.4	1.8206493e-18
6.14005245100964e-09	0.13625391	-0.34913832	0.15208377	0	0	0.4	2.1204787e-18
6.150027605879985e-09	0.34702837	-0.13646589	0.18020847	0	0	0.4	2.427093e-18
6.160002823952624e-09	0.34348533	0.19558232	0.18289362	0	0	0.4	2.537156e-18
6.17000162862643e-09	0.11555453	0.36072567	0.18818758	0	0	0.4	2.419581e-18
6.180057591295297e-09	-0.10903697	0.3483416	0.20572257	0	0	0.4	2.8854616e-18
6.190044252476734e-09	-0.3166099	0.1796094	0.22361864	0	0	0.4	2.1549548e-18
6.200040571382454e-09	-0.35323098	-0.1058233	0.23889849	0	0	0.4	1.5361571e-18
6.210046731484024e-09	-0.22382167	-0.29375777	0.2399405	0	0	0.4	9.574732e-19
6.220012087945519e-09	0.010035654	-0.38227868	0.26012462	0	0	0.4	1.1839036e-18
6.230048027498253e-09	0.2864567	-0.24812675	0.28354976	0	0	0.4	2.1856784e-18
6.24004398677954e-09	0.40156546	0.038687658	0.29081142	0	0	0.4	1.375111e-18
6.250036400726908e-09	0.2543833	0.27792585	0.29891437	0	0	0.4	2.3166107e-18
6.2600362507328525e-09	0.060638793	0.34568855	0.30692607	0	0	0.4	1.514264e-18
6.2700663483427715e-09	-0.16780654	0.29873905	0.32771185	0	0	0.4	1.4773258e-18
6.280021779514735e-09	-0.3446475	0.097086094	0.3440878	0	0	0.4	1.3401359e-18
6.2900444935376206e-09	-0.3124726	-0.17842051	0.3535205	0	0	0.4	6.091397e-19
6.300050076018621e-09	-0.09608788	-0.35434005	0.35091683	0	0	0.4	1.4269722e-18
6.31000048183867e-09	0.17412984	-0.31113264	0.36687458	0	0	0.4	1.2539811e-18
6.320038639662187e-09	0.31940544	-0.077752545	0.39175454	0	0	0.4	1.1930429e-18
6.330037719094949e-09	0.30737162	0.16838294	0.3946452	0	0	0.4	6.6807046e-19
6.34000774504093e-09	0.12525806	0.32651177	0.39969406	0	0	0.4	1.7460271e-18
6.350012565871477e-09	-0.13754241	0.33239186	0.42214075	0	0	0.4	4.1620867e-19
6.360014912253628e-09	-0.35693958	0.10403838	0.4381469	0	0	0.4	1.5177734e-18
6.370065663157698e-09	-0.31169254	-0.21750396	0.44375202	0	0	0.4	1.2665341e-18
6.38005388417621e-09	-0.028870568	-0.35308862	0.45314702	0	0	0.4	1.0688659e-18
6.390018156299785e-09	0.2145407	-0.24178466	0.47242302	0	0	0.4	-6.0469353e-19
6.400016130004532e-09	0.31144097	-0.041727573	0.48568907	0	0	0.4	1.1748992e-18
6.410022653268125e-09	0.28024325	0.15139979	0.4889004	0	0	0.4	1.6297096e-18
6.4200167168683635e-09	0.09452125	0.2977229	0.4940911	0	0	0.4	1.5679321e-18
6.430037522327054e-09	-0.16792549	0.25966045	0.50621676	0	0	0.4	1.4420972e-18
6.440008800788985e-09	-0.32033613	0.019914899	0.5244841	0	0	0.4	1.2001891e-18
6.450012827367636e-09	-0.26564914	-0.20398365	0.5258104	0	0	0.4	1.0453713e-18
6.4600308723082525e-09	-0.047091562	-0.32470712	0.5376261	0	0	0.4	-1.3313027e-19
6.470044454153011e-09	0.1755213	-0.23203789	0.547462	0	0	0.4	8.6464667e-19
6.480017104313432e-09	0.31349704	-0.0029242968	0.564118	0	0	0.4	3.6900866e-19
6.490051794855337e-09	0.22884959	0.24355537	0.5780036	0	0	0.4	7.3729286e-19
6.500064187729503e-09	-0.017944824	0.33186224	0.584369	0	0	0.4	8.41013e-19
6.510031649108341e-09	-0.26263618	0.19625796	0.5923681	0	0	0.4	8.773626e-19
6.520050606197716e-09	-0.34434578	-0.06708422	0.5968077	0	0	0.4	1.4442456e-18
6.530021097650258e-09	-0.17594789	-0.28284192	0.6144307	0	0	0.4	1.5290184e-19
6.540021353208878e-09	0.108232245	-0.27577814	0.6208942	0	0	0.4	-1.9151257e-20
6.550042694650407e-09	0.26402164	-0.093904786	0.63466436	0	0	0.4	1.1811599e-18
6.560048497756681e-09	0.2795732	0.13899165	0.65442586	0	0	0.4	3.8531539e-19
6.570025767542739e-09	0.09939207	0.29869097	0.6585405	0	0	0.4	3.9428567e-19
6.5800597226042505e-09	-0.15864438	0.24933797	0.67084414	0	0	0.4	-4.103912e-19
6.59005208819764e-09	-0.27918872	0.034202706	0.7002612	0	0	0.4	3.2842847e-19
6.600053183058579e-09	-0.19411232	-0.19756837	0.71144974	0	0	0.4	-1.7228197e-19
6.610022425085381e-09	0.01596629	-0.27456826	0.7199921	0	0	0.4	5.299474e-19
6.6200420122326216e-09	0.2180345	-0.16793364	0.7364033	0	0	0.4	-1.1298916e-18
6.630026031883362e-09	0.2703799	0.067250185	0.75217736	0	0	0.4	-7.252351e-19
6.640062400822206e-09	0.09076427	0.25311497	0.7577076	0	0	0.4	2.0052395e-19
6.650056440246953e-09	-0.15551752	0.22764452	0.7659285	0	0	0.4	-9.430593e-19
6.66003673492389e-09	-0.30237353	0.005116277	0.77496046	0	0	0.4	4.787421e-19
6.6700309417620176e-09	-0.17107362	-0.25516936	0.7803152	0	0	0.4	2.453884e-19
6.680038381133165e-09	0.13787778	-0.25035	0.785508	0	0	0.4	-7.1000913e-19
6.690038281008969e-09	0.2628725	-0.018017601	0.8030295	0	0	0.4	5.4042305e-19
6.700043400999743e-09	0.143424	0.19386423	0.8152152	0	0	0.4	-6.9317286e-19
6.710023064784108e-09	-0.065636	0.21161073	0.8175699	0	0	0.4	-1.2902834e-19
6.720054655501815e-09	-0.19464262	0.07745072	0.83519304	0	0	0.4	-5.8589397e-20
6.7300157193011766e-09	-0.18793532	-0.120011605	0.8393511	0	0	0.4	-6.1369734e-19
6.740014649866333e-09	0.026306717	-0.24397187	0.8412827	0	0	0.4	-9.198034e-19
6.750063507496646e-09	0.23632482	-0.079896845	0.8559659	0	0	0.4	-6.1180863e-19
6.760047178264303e-09	0.17944509	0.17313015	0.8573377	0	0	0.4	-6.973472e-19
6.770033601988106e-09	-0.09964658	0.22722732	0.85919416	0	0	0.4	-8.4837644e-19
6.780040189439255e-09	-0.25869352	-0.0059840833	0.8756029	0	0	0.4	-1.6340775e-18
6.790029756927144e-09	-0.084006734	-0.24519506	0.8690111	0	0	0.4	-1.3505343e-18
6.800056627821178e-09	0.20603344	-0.14633016	0.8869733	0	0	0.4	-5.5536565e-19
6.810017845617515e-09	0.18829218	0.15997137	0.89521587	0	0	0.4	-1.5297002e-19
6.820031933424881e-09	-0.1016027	0.20018163	0.9076297	0	0	0.4	-5.3015577e-19
6.83000762413827e-09	-0.205485	-0.06663717	0.91829956	0	0	0.4	-1.0172365e-18
6.840052686975874e-09	0.033035647	-0.18521555	0.9261154	0	0	0.4	-2.1986386e-18
6.850056924736511e-09	0.18320385	0.009459751	0.93312395	0	0	0.4	-7.476449e-19
6.860034342921424e-09	0.009083055	0.17237276	0.9408607	0	0	0.4	-1.740932e-18
6.870033252572288e-09	-0.16088344	0.031872567	0.9444065	0	0	0.4	-6.1126207e-19
6.880010992437794e-09	-0.047970846	-0.14842579	0.94820565	0	0	0.4	-1.1475216e-18
6.890055456197266e-09	0.12620273	-0.052359708	0.95227027	0	0	0.4	-1.7480754e-18
6.900012738734625e-09	0.07346154	0.095584445	0.95413375	0	0	0.4	-9.448771e-19
6.910009760784921e-09	-0.07768583	0.07327322	0.95554644	0	0	0.4	-1.1333992e-18
6.920050754648868e-09	-0.06783492	-0.06588415	0.9583069	0	0	0.4	-1.3370475e-18
6.93002101168844e-09	0.060718037	-0.09049153	0.9596604	0	0	0.4	-8.074377e-19
6.940015998228108e-09	0.08027177	0.023970414	0.960109	0	0	0.4	-4.450466e-19
6.9500270676347765e-09	-0.011239065	0.079750784	0.96063614	0	0	0.4	-1.1941283e-18
6.960013875723233e-09	-0.095522866	-0.006600095	0.96143365	0	0	0.4	-8.4709416e-19
6.970010635283092e-09	-0.017332587	-0.09062421	0.9573566	0	0	0.4	-1.5824418e-18
6.980020020562007e-09	0.07851274	-0.032150913	0.96158665	0	0	0.4	-6.995073e-19
6.990043025853327e-09	0.0354379	0.08006216	0.96484005	0	0	0.4	-2.0818653e-18
7.000059508400231e-09	-0.07216226	0.04179192	0.9664346	0	0	0.4	-4.353802e-19
7.0100058958202e-09	-0.033812243	-0.05993951	0.96583116	0	0	0.4	-1.0423478e-18
7.0200071203326255e-09	0.0489512	-0.029383631	0.96561843	0	0	0.4	-1.2536844e-18
7.030025354832019e-09	0.038587395	0.033658013	0.96402264	0	0	0.4	-1.9473955e-18
7.040047803271417e-09	-0.019961445	0.052544106	0.96724516	0	0	0.4	-1.428836e-18
7.050010975994313e-09	-0.047849353	-0.021861034	0.96740186	0	0	0.4	-1.2932891e-18
7.060023091338039e-09	0.03626221	-0.036364093	0.9655473	0	0	0.4	-1.2783126e-18
7.07003760689729e-09	0.018557088	0.032878555	0.9646759	0	0	0.4	-9.278376e-19
7.080011969189487e-09	-0.019987762	0.01293666	0.96389097	0	0	0.4	-1.2773562e-18
7.090026743116144e-09	-0.012389225	0.0073083597	0.9650858	0	0	0.4	-1.5525209e-18
7.100014621909192e-09	-0.00483803	0.00027945594	0.9640131	0	0	0.4	-1.6970383e-18
7.110009655294163e-09	-0.007271224	-0.021841956	0.96531916	0	0	0.4	-1.4547454e-18
7.1200035818586286e-09	0.011948541	-0.002326296	0.96507037	0	0	0.4	-1.3879663e-18
7.130045546250557e-09	-0.018788252	0.017963022	0.967616	0	0	0.4	-2.532141e-18
7.140060654683784e-09	-0.017316302	-0.024660423	0.96571356	0	0	0.4	-1.582108e-18
7.150037681041718e-09	0.029255245	-0.009411478	0.9641364	0	0	0.4	-1.0287592e-18
7.160058063670483e-09	0.00014691988	0.025529306	0.96310663	0	0	0.4	-2.016633e-18
7.170018826149654e-09	-0.038056396	-0.008474755	0.9644256	0	0	0.4	-9.379916e-19
7.180050166760318e-09	0.0067302394	-0.022247756	0.96521986	0	0	0.4	-9.621558e-19
7.1900487811718076e-09	0.010996581	-0.00407426	0.9638393	0	0	0.4	-1.2766152e-18
7.2000356471430254e-09	6.954541e-05	0.011408688	0.96496475	0	0	0.4	-6.431403e-19
7.210000059634162e-09	-0.024358395	0.010006491	0.9651558	0	0	0.4	-1.2768223e-18
7.22002681863354e-09	-0.017804211	-0.025777971	0.9634764	0	0	0.4	-8.810562e-19
7.2300177909965145e-09	0.018140763	-0.013691615	0.9689836	0	0	0.4	-1.3367587e-18
7.2400042313109736e-09	-0.0013338486	0.036242798	0.9681285	0	0	0.4	-1.55885e-18
7.250011933081176e-09	-0.032249756	-0.009202907	0.96552086	0	0	0.4	-5.96362e-19
7.260038972224821e-09	-0.0022346468	-0.015315502	0.9631426	0	0	0.4	-3.8847429e-19
7.270050359406051e-09	0.017889544	-0.007138774	0.9639315	0	0	0.4	-9.444305e-19
7.280040059360109e-09	0.023722647	0.011540234	0.9642809	0	0	0.4	-1.2454833e-18
7.2900128363346e-09	-0.011255214	0.019666234	0.96447456	0	0	0.4	-1.2733411e-18
7.300054298884629e-09	-0.02233947	-0.014719963	0.9654815	0	0	0.4	-1.1547594e-18
7.3100427111827045e-09	0.024509251	-0.009432562	0.9674328	0	0	0.4	-2.2030392e-18
7.320059842047416e-09	0.028570082	0.035276283	0.96444213	0	0	0.4	-1.8573298e-18
7.330064006169865e-09	-0.028657973	0.034086544	0.96743286	0	0	0.4	-2.1399268e-18
7.340007588191404e-09	-0.047773913	-0.030427102	0.9654932	0	0	0.4	-1.7514985e-18
7.350051286151837e-09	0.033661578	-0.042917795	0.96760446	0	0	0.4	-1.5310632e-18
7.3600291760791465e-09	0.049476538	0.02228648	0.9671044	0	0	0.4	-1.4459741e-18
7.370045727575514e-09	-0.010426511	0.046317168	0.9672756	0	0	0.4	-1.3038831e-18
7.380064272600482e-09	-0.055526983	0.018139197	0.9659231	0	0	0.4	-7.171989e-19
7.390058797907331e-09	-0.01790008	-0.055185843	0.962478	0	0	0.4	-4.002449e-19
7.4000641138361184e-09	0.049045548	-0.032271747	0.96443725	0	0	0.4	-1.3466353e-18
7.410042163774315e-09	0.018308373	0.04397291	0.96774316	0	0	0.4	-1.6453454e-18
7.420026075818889e-09	-0.041345745	0.020394625	0.96586543	0	0	0.4	-1.949937e-18
7.430063198919309e-09	-0.021935543	-0.024181025	0.9675532	0	0	0.4	-8.487734e-19
7.440044968443305e-09	0.015610393	-0.025954697	0.96797717	0	0	0.4	-1.6285275e-18
7.450040540848191e-09	0.026036281	0.007128605	0.96627223	0	0	0.4	-7.2431595e-19
7.460053138598265e-09	0.00330776	0.017641993	0.96778554	0	0	0.4	-1.60874e-18
7.470040454474857e-09	-0.018615276	0.018037096	0.9678504	0	0	0.4	-1.8757716e-18
7.480044696153773e-09	-0.02610015	-0.013028983	0.96848476	0	0	0.4	-1.3470216e-18
7.49003448859107e-09	0.002102094	-0.02064836	0.96783715	0	0	0.4	-1.8636146e-18
7.500026419097079e-09	0.013880662	-0.03051479	0.96129066	0	0	0.4	-2.1104244e-18
7.510029535470368e-09	0.05632631	0.009423959	0.96031225	0	0	0.4	-9.517934e-19
7.520024552298402e-09	-0.011823428	0.07208348	0.96008664	0	0	0.4	-1.0618657e-18
7.530005273535736e-09	-0.075894855	0.012841674	0.9626582	0	0	0.4	-3.654853e-19
7.540058460451852e-09	-0.004541251	-0.07737577	0.9609923	0	0	0.4	-1.0688621e-18
7.55001335856705e-09	0.067161486	-0.022349894	0.963182	0	0	0.4	-8.5490295e-19
7.560060306612987e-09	0.028509958	0.057897005	0.9621137	0	0	0.4	-1.1359511e-18
7.570007188527223e-09	-0.053465717	0.049929325	0.9600015	0	0	0.4	-1.5811483e-18
7.580058292352443e-09	-0.0594509	-0.036815602	0.9626035	0	0	0.4	-2.1505224e-18
7.590038886713643e-09	0.023891116	-0.07111338	0.9564535	0	0	0.4	-4.9191945e-19
7.600024194378783e-09	0.061452333	0.019272018	0.9595058	0	0	0.4	-1.2529203e-18
7.610004020361203e-09	-0.0085562	0.07309007	0.9575788	0	0	0.4	-1.3227211e-18
7.620051506926028e-09	-0.07745378	-0.00764452	0.95824426	0	0	0.4	-1.5834608e-18
7.630014739354023e-09	-0.0092280265	-0.05735399	0.96300846	0	0	0.4	-1.4446343e-18
7.640022551262735e-09	0.07213428	-0.022977872	0.96446145	0	0	0.4	-2.3049198e-18
7.650015775563395e-09	0.03600186	0.06810754	0.96428406	0	0	0.4	-2.05104e-18
7.660017385470972e-09	-0.06463886	0.044532053	0.96605635	0	0	0.4	-1.3905285e-18
7.670007476579831e-09	-0.052284762	-0.05720415	0.96419567	0	0	0.4	-2.7707455e-18
7.68000115279289e-09	0.03465816	-0.060984436	0.96301204	0	0	0.4	-1.7959046e-18
7.690036681234574e-09	0.051813293	0.024794104	0.96507543	0	0	0.4	-2.186932e-18
7.700012109482483e-09	0.0011595752	0.046835124	0.9649757	0	0	0.4	-1.9883381e-19
7.710028739721086e-09	-0.040227663	-0.007204856	0.9656517	0	0	0.4	-1.7452967e-18
7.720035189992266e-09	0.010701184	-0.050532702	0.965022	0	0	0.4	-1.0611562e-18
7.73001627137829e-09	0.050465275	0.020869981	0.9633979	0	0	0.4	-1.8551422e-18
7.740023604461611e-09	-0.026121406	0.03623415	0.9660637	0	0	0.4	-1.9726963e-18
7.75001159644028e-09	-0.026111025	-0.016729895	0.9638465	0	0	0.4	-4.5761327e-19
7.760035610905147e-09	0.027634714	-0.027464317	0.9634422	0	0	0.4	-5.6532827e-19
7.770011603581326e-09	0.037418485	0.0061747124	0.96258783	0	0	0.4	-8.336953e-19
7.780050451057643e-09	0.007032878	0.018768542	0.9650781	0	0	0.4	-1.9665828e-18
7.790030186645745e-09	-0.025739204	0.009572975	0.9660064	0	0	0.4	-7.809801e-19
7.800031399906656e-09	-0.005357437	-0.023752345	0.9663872	0	0	0.4	-1.9300465e-18
7.810013844612828e-09	0.035930593	-0.019064426	0.9668916	0	0	0.4	-2.0934272e-18
7.820053828673232e-09	0.021453258	0.040603116	0.9658126	0	0	0.4	-7.9364495e-19
7.830010742750353e-09	-0.027715128	0.015679939	0.96721077	0	0	0.4	-1.0316716e-18
7.840006289253618e-09	-0.016627863	-0.030236883	0.96626604	0	0	0.4	-2.0005423e-18
7.850020959699548e-09	0.013720779	-0.02406562	0.9660461	0	0	0.4	-4.864898e-19
7.860005558184753e-09	0.031170493	0.013372699	0.96657544	0	0	0.4	-1.6257366e-18
7.870006508191261e-09	-0.024710383	0.035684597	0.9668496	0	0	0.4	-1.2139861e-18
7.880040984565777e-09	-0.04636867	-0.01788032	0.965266	0	0	0.4	-2.0898327e-18
7.890010761028591e-09	0.015658261	-0.02754841	0.965898	0	0	0.4	-1.859889e-18
7.900008824276622e-09	0.021609528	-0.00081544794	0.96662474	0	0	0.4	-1.7786035e-18
7.910039685206441e-09	-0.006691786	0.024863722	0.9639567	0	0	0.4	-1.2939174e-18
7.920015396695318e-09	-0.020420488	0.010576624	0.9648936	0	0	0.4	-1.583431e-18
7.930007529195444e-09	-0.014772486	-0.020417646	0.9643366	0	0	0.4	-1.2535516e-18
7.940028294339468e-09	0.024275258	0.0056650294	0.96476865	0	0	0.4	-1.7133136e-18
7.950033388411933e-09	-0.003944663	0.027222142	0.9655909	0	0	0.4	-1.6029384e-18
7.960053027058497e-09	-0.014249428	-0.0040150676	0.9645513	0	0	0.4	-1.0550777e-18
7.970057154956788e-09	-0.0021984924	-0.039945435	0.96111107	0	0	0.4	-1.379001e-18
7.980021740364041e-09	0.03635645	-0.012302996	0.96447295	0	0	0.4	-2.2518255e-18
7.990014935547254e-09	0.020062687	0.03785204	0.9624622	0	0	0.4	-1.2371666e-18
8.00005302354495e-09	-0.024628358	0.024332939	0.9646964	0	0	0.4	-1.3452885e-18
8.010053588093618e-09	-0.032173693	-0.0058754324	0.9653813	0	0	0.4	-4.766881e-19
8.02001510420922e-09	0.0036447835	-0.029145325	0.9652056	0	0	0.4	-1.3367686e-18
8.030062318361386e-09	0.0361121	-0.0043647275	0.9630688	0	0	0.4	-2.6338056e-19
8.040004698803347e-09	0.006956084	0.036372796	0.9636731	0	0	0.4	-1.0610949e-18
8.050010329857275e-09	-0.026024483	0.01471187	0.964257	0	0	0.4	-6.66591e-19
8.060021733952822e-09	-0.003626682	-0.02375924	0.96516323	0	0	0.4	-1.8276076e-18
8.070059257583609e-09	0.04056603	-0.011195114	0.9635664	0	0	0.4	-9.406332e-19
8.08002639904383e-09	0.017808909	0.026344923	0.963674	0	0	0.4	-4.3002354e-19
8.090021231100967e-09	-0.008376498	0.013013373	0.9644398	0	0	0.4	-1.1108373e-18
8.100017860890754e-09	-0.017363833	0.0018733238	0.96522915	0	0	0.4	-8.496157e-19
8.110049006154229e-09	0.016426336	-0.008768883	0.9647821	0	0	0.4	-9.631447e-19
8.120017973226012e-09	0.0076352824	0.023434835	0.96570265	0	0	0.4	-1.3558897e-18
8.130054622454684e-09	-0.017494114	-0.0004764578	0.96527565	0	0	0.4	-1.0273566e-18
8.140054235388604e-09	-0.006288497	-0.014969062	0.96526664	0	0	0.4	-7.246359e-19
8.150030903297058e-09	0.014645137	-0.006069686	0.96501905	0	0	0.4	-1.2893047e-18
8.16000566176736e-09	0.0053703533	0.015972657	0.9659697	0	0	0.4	-9.964175e-19
8.170029172953471e-09	0.0013931849	0.002983858	0.9628385	0	0	0.4	-1.6253382e-18
8.180000841909622e-09	-0.0029963618	0.013380828	0.96604896	0	0	0.4	-1.9394314e-18
8.190013792681482e-09	-0.014864778	-0.015482552	0.96207184	0	0	0.4	-1.226302e-18
8.200027641721595e-09	0.0028069466	0.012104971	0.9640745	0	0	0.4	-9.192531e-19
8.210006587887066e-09	-0.034899306	0.010927525	0.9628791	0	0	0.4	-7.8536834e-19
8.220040544356065e-09	-0.025892066	-0.029741293	0.96239257	0	0	0.4	-1.8355878e-18
8.230020532072029e-09	0.027678542	-0.02113659	0.9609479	0	0	0.4	-4.650224e-19
8.240015530871364e-09	0.002657322	0.02160467	0.96429074	0	0	0.4	-1.9259703e-18
8.250015439071725e-09	-0.011513889	0.0003815819	0.9651916	0	0	0.4	-1.6490536e-18
8.260035913942678e-09	-0.0053483243	0.0017303393	0.96452624	0	0	0.4	-1.0196225e-18
8.270041738430688e-09	0.005256734	0.013473907	0.9657109	0	0	0.4	-8.0971764e-19
8.280042460389476e-09	0.0007979811	-0.018278133	0.9640678	0	0	0.4	-2.8254794e-19
8.290027377993418e-09	0.011326893	-0.011590175	0.9680558	0	0	0.4	-1.492562e-18
8.30005719872831e-09	0.011417005	0.022178631	0.9671712	0	0	0.4	-1.2116994e-18
8.310063265322969e-09	-0.015519297	0.0049320096	0.9665086	0	0	0.4	-1.2877489e-18
8.32001832150374e-09	0.0040760967	-0.008737086	0.96476316	0	0	0.4	-2.7127246e-18
8.3300609027285e-09	0.005143105	0.010454255	0.9655169	0	0	0.4	-1.6928831e-18
8.340055412422742e-09	-0.018647587	0.009717301	0.9642498	0	0	0.4	-3.7470667e-19
8.350056096663372e-09	-0.0106172385	-0.015989346	0.96882004	0	0	0.4	-2.619846e-18
8.36005880092206e-09	0.007909494	-0.019336216	0.968283	0	0	0.4	-2.5275815e-18
8.370051422761358e-09	0.017235024	-0.004541053	0.969359	0	0	0.4	-4.2508483e-19
8.380023520763893e-09	0.0009280306	0.008454659	0.9680313	0	0	0.4	-1.9262997e-18
8.39005709277899e-09	-0.003352192	-0.004111557	0.96612567	0	0	0.4	-1.0825286e-18
8.400024925317248e-09	0.004669569	0.0228689	0.96508956	0	0	0.4	-1.883916e-18
8.410013857626773e-09	-0.01910652	0.0068779495	0.9658863	0	0	0.4	2.1048204e-19
8.420057699874979e-09	-0.019431423	-0.017215783	0.9662348	0	0	0.4	-1.6496765e-18
8.430043311731074e-09	-0.0034124735	-0.022155471	0.9646774	0	0	0.4	-1.6966073e-18
8.440033115943697e-09	0.03294167	-0.019142793	0.96586555	0	0	0.4	-7.578357e-19
8.450062612917868e-09	0.019452509	0.01927444	0.9657805	0	0	0.4	-7.102416e-19
8.46005251643497e-09	-0.018006757	0.013627645	0.96808493	0	0	0.4	-1.5903031e-18
8.47004333576244e-09	-0.011272152	-0.00920691	0.96853244	0	0	0.4	-1.3955787e-18
8.480020649099645e-09	0.005831132	-0.0056689736	0.96475476	0	0	0.4	-1.1792846e-18
8.490003886699306e-09	0.0053184633	-0.010405779	0.96399635	0	0	0.4	-1.5716377e-18
8.500055627449204e-09	-0.0028493423	-0.0043455437	0.966265	0	0	0.4	-2.1370356e-18
8.510048038818873e-09	-0.0080677625	0.0026377589	0.96399623	0	0	0.4	-1.8535066e-18
8.520025563642968e-09	-0.0035596564	-0.0061471546	0.96466666	0	0	0.4	-1.7810425e-18
8.530045991510012e-09	0.03474529	-0.00044978075	0.96418965	0	0	0.4	-1.9970386e-18
8.540018388355729e-09	0.010128723	0.04058676	0.96520936	0	0	0.4	-2.1398246e-18
8.550059255534644e-09	-0.057490677	0.012389643	0.9614203	0	0	0.4	-1.4301077e-18
8.560010902922067e-09	-0.01116914	-0.048835445	0.962367	0	0	0.4	-1.0218504e-18
8.570018903701315e-09	0.050877143	-0.037848275	0.96009344	0	0	0.4	-1.3277476e-18
8.580043126902534e-09	0.04979673	0.056608427	0.960721	0	0	0.4	-8.4138915e-19
8.590022667304573e-09	-0.062298253	0.06335365	0.9591903	0	0	0.4	-9.442496e-19
8.6000093481412e-09	-0.077299915	-0.060117014	0.95890725	0	0	0.4	-6.822599e-19
8.610050366161816e-09	0.05479451	-0.06773737	0.963573	0	0	0.4	-1.3910043e-18
8.620012328710004e-09	0.06815197	0.050360713	0.96535957	0	0	0.4	-3.8633747e-19
8.63004917682736e-09	-0.040419385	0.0668985	0.964695	0	0	0.4	-1.8259782e-18
8.640026898730094e-09	-0.06883037	-0.03288269	0.96247977	0	0	0.4	-8.541753e-19
8.650019091628796e-09	0.017385589	-0.07766346	0.96198636	0	0	0.4	-1.3831443e-18
8.660035164801414e-09	0.077499114	-0.015869057	0.96132433	0	0	0.4	-1.6879236e-18
8.670008050677737e-09	0.030551553	0.07125312	0.9627858	0	0	0.4	-1.3358191e-18
8.680034934347249e-09	-0.04759843	0.037406538	0.9619356	0	0	0.4	-1.4936381e-18
8.69003469642918e-09	-0.031744566	-0.060737863	0.96518743	0	0	0.4	-5.381128e-19
8.700037299027802e-09	0.04911706	-0.03696587	0.9607388	0	0	0.4	3.8879473e-20
8.710026344251681e-09	0.048144914	0.020931475	0.96309876	0	0	0.4	-2.0634862e-18
8.720009027829593e-09	-0.01223649	0.05902033	0.9636194	0	0	0.4	-1.6458941e-18
8.730061453995104e-09	-0.050662063	-0.010199664	0.96199435	0	0	0.4	-8.635748e-19
8.74004962489401e-09	-0.008672004	-0.04948048	0.9594926	0	0	0.4	-1.2534325e-18
8.750055963149714e-09	0.053737786	-0.017293435	0.9626286	0	0	0.4	-1.2024931e-19
8.76006530436267e-09	0.020690847	0.048345063	0.96449184	0	0	0.4	-1.4020385e-18
8.77000611734339e-09	-0.04027708	0.043063797	0.9610464	0	0	0.4	-1.8083938e-18
8.780018452854819e-09	-0.042083826	-0.02532756	0.9645078	0	0	0.4	-8.478158e-19
8.790030235201804e-09	0.023994422	-0.03700264	0.9614898	0	0	0.4	-9.08311e-19
8.800024257749129e-09	0.038111795	0.011619614	0.96493876	0	0	0.4	-1.6333866e-18
8.810042096948437e-09	-0.0003731791	0.039715856	0.9653105	0	0	0.4	-2.6676246e-18
8.820008717553191e-09	-0.039370272	0.008898826	0.9653905	0	0	0.4	-2.5791363e-18
8.830042856764319e-09	-0.023304122	-0.045496557	0.963553	0	0	0.4	-2.451081e-18
8.840054209025044e-09	0.05257582	-0.017411577	0.96284163	0	0	0.4	-1.960672e-18
8.850031982978e-09	0.025564233	0.046507955	0.9583159	0	0	0.4	-1.2333448e-18
8.860010616734871e-09	-0.033765007	0.021481477	0.9605261	0	0	0.4	-9.228023e-19
8.870005845988823e-09	-0.02080158	-0.018826662	0.96343064	0	0	0.4	-2.1460285e-18
8.880051867086665e-09	0.016416036	-0.025877535	0.96371883	0	0	0.4	-5.316072e-19
8.8900119447762e-09	0.035457265	0.021469217	0.96337605	0	0	0.4	-1.2845832e-18
8.900031112675369e-09	-0.008629994	0.027370283	0.96590793	0	0	0.4	-1.6771907e-18
8.910037204859384e-09	-0.037702702	-0.008105693	0.9620306	0	0	0.4	-1.284736e-18
8.92000481480016e-09	-0.0029424787	-0.011579893	0.96625555	0	0	0.4	-6.699977e-19
8.930026858857009e-09	0.00878731	-0.016695136	0.9670819	0	0	0.4	-1.376367e-18
8.940029554761385e-09	0.018769933	0.02124655	0.967255	0	0	0.4	-1.3610609e-18
8.950029994795244e-09	-0.027967684	0.02584033	0.9693172	0	0	0.4	-7.918446e-19
8.960016270576065e-09	-0.009728038	-0.0227689	0.96968824	0	0	0.4	-2.8532946e-18
8.970014003074685e-09	0.022800097	-0.009640512	0.9688431	0	0	0.4	-2.0542487e-18
8.980051708962548e-09	0.0072746417	0.027527208	0.96634424	0	0	0.4	-2.2228363e-18
8.990029064315055e-09	-0.0313342	0.012017524	0.966578	0	0	0.4	-2.1399657e-18
9.000048947883284e-09	-0.016710835	-0.028358119	0.9669861	0	0	0.4	-1.2869584e-18
9.010051171005007e-09	0.001862126	-0.008687086	0.96811575	0	0	0.4	1.6611974e-19
9.020025255223354e-09	0.0015863561	-0.008508877	0.968558	0	0	0.4	-2.1654408e-18
9.030007682435162e-09	0.006293712	0.001363827	0.9684295	0	0	0.4	-1.3199253e-18
9.040048388958736e-09	0.008464721	0.0051501207	0.9682655	0	0	0.4	-2.1864177e-18
9.05004663627907e-09	-0.0031667768	0.011033949	0.9659917	0	0	0.4	-1.553449e-18
9.060030597173768e-09	-0.008512882	-0.0049736216	0.96464443	0	0	0.4	-2.021902e-18
9.070056014855304e-09	0.0039922055	-0.010013751	0.96634525	0	0	0.4	-1.906914e-18
9.08002383839521e-09	0.016652212	-0.00031117472	0.96335983	0	0	0.4	-1.3333796e-18
9.090013544661662e-09	0.018144123	0.01638956	0.96241045	0	0	0.4	-1.1374737e-18
9.100036341187755e-09	-0.009492174	0.027453015	0.9646001	0	0	0.4	-1.640424e-18
9.110030453690394e-09	-0.033592653	-0.025945887	0.96601295	0	0	0.4	-1.4532497e-18
9.120024762861034e-09	0.0132634025	-0.034544196	0.9653633	0	0	0.4	-8.1793294e-19
9.130060847068927e-09	0.033020493	0.0131475525	0.96575344	0	0	0.4	-4.0940428e-19
9.14001969997622e-09	-0.0035852	0.03837578	0.9637236	0	0	0.4	-1.2828011e-18
9.150030106869393e-09	-0.041643433	0.01171095	0.9665921	0	0	0.4	-2.3825178e-18
9.160037531517149e-09	-0.019978046	-0.025994672	0.9664087	0	0	0.4	-1.0519193e-18
9.170041673595158e-09	0.043908592	-0.010200376	0.9684227	0	0	0.4	-2.1059512e-18
9.180062213814434e-09	0.014108297	0.037065055	0.9674421	0	0	0.4	-2.3289777e-18
9.190047670435172e-09	-0.029482173	0.017246041	0.96837735	0	0	0.4	-1.5907514e-18
9.200002730372906e-09	-0.02820753	-0.029472237	0.9658992	0	0	0.4	-2.5704834e-18
9.210011104945842e-09	0.02583037	-0.038111042	0.9662064	0	0	0.4	-1.4189521e-18
9.220059367258462e-09	0.048070222	0.014462877	0.96322346	0	0	0.4	-4.369468e-19
9.230058466648772e-09	-0.01716393	0.0528569	0.9616621	0	0	0.4	-1.0153768e-18
9.24001061366036e-09	-0.03919624	-0.011929531	0.9660584	0	0	0.4	-1.0781977e-18
9.250013431390395e-09	0.008831011	-0.027204385	0.9652964	0	0	0.4	-1.2457318e-18
9.260030838903449e-09	0.00842731	-0.0114247445	0.9665944	0	0	0.4	-5.393724e-19
9.270024533665367e-09	-0.0049239267	-0.023855533	0.96744484	0	0	0.4	-9.967388e-19
9.280029796231839e-09	0.02532722	-0.0030672138	0.96786577	0	0	0.4	-1.845618e-18
9.290004608403431e-09	0.0046184314	0.022608778	0.9689047	0	0	0.4	-1.436745e-18
9.300038934116538e-09	-0.0091346	-0.0117898425	0.9659583	0	0	0.4	-2.0418982e-18
9.310061214213901e-09	0.0039070444	0.014306338	0.9625492	0	0	0.4	-1.3550532e-18
9.32003905679239e-09	-0.021663321	0.0044986275	0.9634287	0	0	0.4	-1.8435869e-18
9.330026378515631e-09	-0.017093813	-0.027964316	0.96448016	0	0	0.4	-6.9582076e-19
9.340021461140822e-09	0.017588943	-0.004981345	0.9669687	0	0	0.4	-9.228716e-19
9.350038242667789e-09	0.0073956763	0.010767951	0.96399844	0	0	0.4	-5.1150936e-19
9.360049469965762e-09	-0.016708925	-0.0030822067	0.96609926	0	0	0.4	-1.1886172e-18
9.370004038703427e-09	-0.0048737507	-0.001636223	0.96481836	0	0	0.4	-1.5548818e-18
9.380008613717296e-09	-0.023082992	-0.019608755	0.9659156	0	0	0.4	-2.2125164e-18
9.390047324185358e-09	0.011956026	-0.01968975	0.966429	0	0	0.4	-1.6310898e-18
9.400002492226556e-09	0.022063203	0.03164689	0.9653857	0	0	0.4	-1.0418641e-18
9.41003849286124e-09	-0.037638195	0.02459977	0.9624738	0	0	0.4	-1.6009978e-18
9.420017337367303e-09	-0.029621756	-0.038926534	0.96532345	0	0	0.4	-1.5654144e-18
9.430057145927788e-09	0.021090675	-0.0037502537	0.96348417	0	0	0.4	-1.6050331e-18
9.44002800662079e-09	0.0067698522	0.008126114	0.9668044	0	0	0.4	-1.490834e-18
9.450061785894501e-09	-0.016473692	-0.0008808257	0.9657762	0	0	0.4	-1.2467529e-18
9.46000442155697e-09	-0.016324192	-0.0031307978	0.9659804	0	0	0.4	-1.7386511e-18
9.47003074935235e-09	-0.0015147988	-0.01233974	0.9652189	0	0	0.4	-1.1836365e-18
9.480009573953146e-09	0.011620329	-0.011321819	0.9670035	0	0	0.4	-2.0792301e-18
9.490041987233334e-09	0.0058576064	0.027186561	0.9662504	0	0	0.4	-1.8478359e-18
9.50002077846044e-09	-0.020570664	0.016220065	0.965775	0	0	0.4	-9.0006e-19
9.510016353482275e-09	-0.008364904	-0.023743942	0.9674393	0	0	0.4	-5.7783224e-19
9.520033702192868e-09	0.02163923	0.0061539956	0.9656109	0	0	0.4	-1.4814163e-18
9.530042928418684e-09	0.0021167411	0.015703466	0.9632208	0	0	0.4	-1.4098719e-18
9.540042447032161e-09	-0.02854974	0.0070612244	0.9669082	0	0	0.4	-1.6081491e-18
9.55001045340782e-09	-0.0016813842	-0.032428462	0.96577656	0	0	0.4	3.6226042e-20
9.560053191757216e-09	0.02021161	0.0020267058	0.96856683	0	0	0.4	-1.6051714e-18
9.570013399945022e-09	-0.0029260134	0.020180281	0.96704775	0	0	0.4	-1.2366374e-18
9.580006398165736e-09	-0.008356345	0.002626898	0.9674288	0	0	0.4	-1.2763798e-18
9.59001205492372e-09	0.0073034246	-0.0013253423	0.96810776	0	0	0.4	-2.033489e-18
9.600040714607086e-09	0.0015479206	-0.010501857	0.9680233	0	0	0.4	-1.2707791e-18
9.610001817839073e-09	0.018146195	0.007658866	0.9695495	0	0	0.4	-1.8215338e-18
9.620054627099542e-09	-0.017804328	0.03801282	0.9678107	0	0	0.4	-6.564154e-19
9.630034674701942e-09	-0.041137192	-0.017401135	0.9679788	0	0	0.4	-1.7484143e-18
9.640020150099303e-09	0.0058208094	-0.041731894	0.9656141	0	0	0.4	-7.6505806e-19
9.650023985690753e-09	0.0442009	0.02249355	0.9650766	0	0	0.4	-6.8675776e-19
9.6600586283377e-09	-0.025775434	0.03538459	0.9690613	0	0	0.4	-1.914224e-18
9.670019177934368e-09	-0.049966536	-0.021948466	0.9676737	0	0	0.4	-1.7946988e-18
9.68005042900602e-09	0.04560474	-0.034243923	0.96700925	0	0	0.4	-1.8133598e-18
9.690008684070272e-09	0.03929014	0.044478092	0.96502835	0	0	0.4	-1.0745479e-18
9.70002072793838e-09	-0.032683995	0.037758753	0.9660521	0	0	0.4	-1.0683248e-18
9.710043369942756e-09	-0.052638058	-0.028411599	0.96223503	0	0	0.4	-1.4145414e-18
9.720025396130553e-09	0.014463061	-0.033801816	0.96590316	0	0	0.4	-2.3289886e-18
9.730014468353608e-09	0.0358743	0.007375529	0.96487033	0	0	0.4	-1.2412647e-18
9.740024416640496e-09	-0.011268378	0.038193338	0.9672411	0	0	0.4	-9.957353e-19
9.750011159709609e-09	-0.03370557	-0.0036177768	0.9667005	0	0	0.4	-2.2840128e-18
9.760054538031593e-09	0.009220235	-0.021003306	0.96606296	0	0	0.4	-1.2469625e-18
9.770013964445471e-09	-0.0145066045	-0.014417059	0.9663847	0	0	0.4	-1.2776785e-18
9.780003111022552e-09	0.023040269	0.011692867	0.9665013	0	0	0.4	-5.662243e-19
9.790024311156926e-09	-0.020997986	0.021836253	0.9673954	0	0	0.4	-7.327403e-19
9.800000332568323e-09	-0.02606179	-0.01973341	0.9656695	0	0	0.4	-7.488717e-19
9.81004393689329e-09	0.029655226	-0.032342926	0.9650156	0	0	0.4	-7.314965e-19
9.820060590697832e-09	0.037172914	0.005694316	0.9640071	0	0	0.4	-1.1780568e-18
9.830050288258608e-09	-0.004612983	0.03068885	0.9634055	0	0	0.4	-5.939802e-19
9.84006134174321e-09	-0.035661325	0.0014866625	0.964243	0	0	0.4	-1.3595227e-18
9.850022535692825e-09	0.0053665508	-0.051103346	0.9632224	0	0	0.4	-1.2134253e-18
9.86002566883596e-09	0.054102603	-0.0033064394	0.9605074	0	0	0.4	-1.1763432e-18
9.870044685435212e-09	0.010073942	0.06095131	0.9641071	0	0	0.4	-2.0119138e-18
9.880019607902294e-09	-0.049142707	0.024249746	0.9648189	0	0	0.4	-1.071914e-18
9.890021928578559e-09	-0.01149362	-0.033222757	0.96770066	0	0	0.4	-1.1743497e-18
9.900020872436507e-09	0.028320186	-0.013476288	0.96424454	0	0	0.4	-1.7694483e-18
9.91001975734871e-09	0.021854077	0.035213888	0.9649027	0	0	0.4	-1.71319e-18
9.920028860758987e-09	-0.0343035	0.008147454	0.96500576	0	0	0.4	-1.4120176e-18
9.930028922822942e-09	-0.026799059	-0.023353817	0.9610149	0	0	0.4	-1.6015646e-18
9.940007531925008e-09	0.02385007	-0.01117284	0.9614413	0	0	0.4	-9.217765e-19
9.950023689122457e-09	0.01224422	0.02531512	0.96183485	0	0	0.4	-1.0134083e-18
9.96003586198744e-09	-0.032716915	0.025741553	0.96379405	0	0	0.4	-1.6055546e-18
9.970035631339766e-09	-0.022897048	-0.032295156	0.9655944	0	0	0.4	-1.4627076e-18
9.98002339594605e-09	0.024359873	-0.018972624	0.9636558	0	0	0.4	-6.11777e-19
9.990048366538502e-09	0.020473752	0.022332463	0.96436477	0	0	0.4	-1.3777268e-18
1e-08	-0.016402585	0.029655783	0.9664764	0	0	0.4	-1.0468001e-18
