# t (s)	mx ()	my ()	mz ()	B_extx (T)	B_exty (T)	B_extz (T)	E_total (J)
0	0	0	-1	0	0	0.38	1.0996098e-18
1.0037801551062887e-11	-0.003060431	-0.0012751471	-0.9743845	0	0	0.38	4.388985e-18
2.005191866757483e-11	-0.02649863	-0.025874326	-0.9683656	0	0	0.38	4.9261654e-18
3.006021769735657e-11	-0.0034496686	-0.012817153	-0.9639483	0	0	0.38	4.6465523e-18
4.0062991933224485e-11	-0.0059158215	-0.005349506	-0.96332073	0	0	0.38	4.6030244e-18
5.002287282563109e-11	-0.003238685	0.0074972427	-0.9573683	0	0	0.38	4.683196e-18
6.004982932101476e-11	0.0013042788	0.014904096	-0.9579597	0	0	0.38	4.9316822e-18
7.00060012515067e-11	0.013594195	0.008840902	-0.958632	0	0	0.38	4.3516454e-18
8.000995044025809e-11	-0.0030551972	-0.006423268	-0.95851356	0	0	0.38	4.7756603e-18
9.003326373497193e-11	0.008892913	-0.0012441127	-0.9559324	0	0	0.38	4.866378e-18
1.0005028395752407e-10	0.0015209884	-0.009982789	-0.9549711	0	0	0.38	4.4173004e-18
1.1002732938372261e-10	-0.00279428	-0.022115367	-0.9552233	0	0	0.38	5.147172e-18
1.200450316830575e-10	-0.0037315069	-0.0053922674	-0.9564765	0	0	0.38	4.796254e-18
1.30003223457267e-10	-0.0042142347	-0.012034128	-0.95634377	0	0	0.38	4.7192164e-18
1.4000907327526065e-10	-0.016999735	-0.013028099	-0.9557429	0	0	0.38	4.1233986e-18
1.5003352246734022e-10	-0.0027959968	0.003496508	-0.95562196	0	0	0.38	5.2394584e-18
1.600107875566473e-10	8.541786e-05	-0.0052990336	-0.95781136	0	0	0.38	4.6155533e-18
1.7000250475875363e-10	-0.00212589	-0.01767681	-0.96143466	0	0	0.38	4.1758034e-18
1.8000098388807352e-10	0.0070990636	0.0062063173	-0.9591825	0	0	0.38	5.341817e-18
1.9003127603227886e-10	0.014072989	0.017545775	-0.96029973	0	0	0.38	4.4409656e-18
2.0001057762590868e-10	0.010860436	0.026913205	-0.96057266	0	0	0.38	3.7049655e-18
2.1002871251732083e-10	0.030801127	0.038625002	-0.9622474	0	0	0.38	3.840186e-18
2.200237203930969e-10	0.041368473	0.042073563	-0.9587553	0	0	0.38	5.322023e-18
2.300410513855946e-10	0.0420633	0.032314736	-0.96008223	0	0	0.38	3.9930754e-18
2.40053554415253e-10	0.022321843	0.0253164	-0.9645342	0	0	0.38	3.4668012e-18
2.5002049576243586e-10	0.02115227	0.01846482	-0.9611797	0	0	0.38	4.7968754e-18
2.6000999628282234e-10	0.012538506	0.023226222	-0.9602535	0	0	0.38	4.4531202e-18
2.7002310609872337e-10	0.01122623	0.040834576	-0.9568185	0	0	0.38	4.5009242e-18
2.800150940496578e-10	0.011746973	0.043422464	-0.9569854	0	0	0.38	4.266328e-18
2.9003822569326717e-10	0.027671654	0.04803305	-0.9562689	0	0	0.38	4.343638e-18
3.000047797400856e-10	0.03777981	0.050054803	-0.9541589	0	0	0.38	5.2477984e-18
3.100444727122438e-10	0.050674766	0.04493074	-0.95194745	0	0	0.38	4.448205e-18
3.200586779698421e-10	0.049314685	0.05277837	-0.9522713	0	0	0.38	4.4502333e-18
3.300548951247151e-10	0.058020554	0.051803343	-0.95039076	0	0	0.38	4.375221e-18
3.4004079944824416e-10	0.033798475	0.057017073	-0.9511131	0	0	0.38	4.8722617e-18
3.50054872038492e-10	0.029982327	0.039744128	-0.95348096	0	0	0.38	3.0921087e-18
3.6004231874271657e-10	0.030856177	0.040214047	-0.9561407	0	0	0.38	3.878562e-18
3.700000693862321e-10	0.054743823	0.03735775	-0.9549118	0	0	0.38	4.6236786e-18
3.8004419568453356e-10	0.06389067	0.010183855	-0.9500145	0	0	0.38	5.1340574e-18
3.900014844453096e-10	0.05509571	0.0253452	-0.95082265	0	0	0.38	4.7901715e-18
4.000542167190447e-10	0.074703455	0.03591244	-0.94911516	0	0	0.38	5.1902717e-18
4.1000879692607255e-10	0.07287994	0.02408188	-0.9475184	0	0	0.38	4.2701855e-18
4.200525805134082e-10	0.065161586	0.0055836528	-0.9489832	0	0	0.38	4.4020104e-18
4.3006041468198364e-10	0.08180657	-0.021279935	-0.94533896	0	0	0.38	4.021763e-18
4.4001849165304605e-10	0.068007015	-0.016774835	-0.9491497	0	0	0.38	5.3535307e-18
4.5003298504827194e-10	0.08276807	-0.011714993	-0.9468945	0	0	0.38	3.1497367e-18
4.600332433172056e-10	0.097147554	-0.025284875	-0.9467079	0	0	0.38	5.5037202e-18
4.700027521320991e-10	0.09163213	-0.03179163	-0.94458604	0	0	0.38	5.0953954e-18
4.800323910105133e-10	0.102868214	-0.008413265	-0.9440891	0	0	0.38	4.655915e-18
4.900358519586738e-10	0.120477796	-0.022680933	-0.9462638	0	0	0.38	4.113086e-18
5.000550400465546e-10	0.12181195	-0.036963586	-0.94736403	0	0	0.38	3.489579e-18
5.100293782112351e-10	0.113437615	-0.05259464	-0.9445265	0	0	0.38	4.6643685e-18
5.200288718937826e-10	0.095662646	-0.07425858	-0.9455874	0	0	0.38	4.209561e-18
5.300440634099832e-10	0.08496928	-0.10182733	-0.94378555	0	0	0.38	4.4157114e-18
5.400119692154396e-10	0.07045693	-0.09602867	-0.9413883	0	0	0.38	3.984678e-18
5.500061532225947e-10	0.06453693	-0.0984644	-0.94529784	0	0	0.38	4.681337e-18
5.60038383003907e-10	0.0832453	-0.09615851	-0.94498277	0	0	0.38	4.0757195e-18
5.700410022205032e-10	0.0760809	-0.089281365	-0.94547236	0	0	0.38	4.012487e-18
5.800605010795173e-10	0.08418642	-0.10338218	-0.94547987	0	0	0.38	4.4982495e-18
5.900148456008758e-10	0.08305376	-0.12393257	-0.94165325	0	0	0.38	4.4705547e-18
6.000211343459261e-10	0.06147647	-0.13954704	-0.94023687	0	0	0.38	4.457435e-18
6.100193600419085e-10	0.041297387	-0.12548743	-0.94195	0	0	0.38	4.3495134e-18
6.200273214804512e-10	0.0224331	-0.14226627	-0.941393	0	0	0.38	4.5300108e-18
6.300012526916336e-10	0.021416778	-0.14033288	-0.9393046	0	0	0.38	5.98512e-18
6.400265386857556e-10	0.02232849	-0.1442638	-0.9379854	0	0	0.38	3.860764e-18
6.500545592578546e-10	-0.009674689	-0.13467674	-0.9376667	0	0	0.38	4.643606e-18
6.600009357276796e-10	-0.013778438	-0.12995313	-0.9382705	0	0	0.38	4.160135e-18
6.70055946954262e-10	-0.009108426	-0.14701726	-0.9385288	0	0	0.38	5.232991e-18
6.800548473685089e-10	-0.012966861	-0.15691519	-0.9353182	0	0	0.38	3.714932e-18
6.900257789134943e-10	-0.013381194	-0.1708551	-0.9372636	0	0	0.38	4.61123e-18
7.00052052736872e-10	-0.0323502	-0.16801263	-0.9378723	0	0	0.38	5.6790958e-18
7.100460402637959e-10	-0.03718513	-0.15163971	-0.9391473	0	0	0.38	3.4091232e-18
7.200486906709393e-10	-0.0469161	-0.15883937	-0.9397078	0	0	0.38	5.2335027e-18
7.300224224429374e-10	-0.06334405	-0.14961939	-0.94180673	0	0	0.38	5.4704527e-18
7.400153675112068e-10	-0.07551351	-0.13769685	-0.9400519	0	0	0.38	3.5720566e-18
7.500473299289676e-10	-0.08755948	-0.12427765	-0.9414235	0	0	0.38	4.6662636e-18
7.600592272832072e-10	-0.078137055	-0.105432905	-0.94401604	0	0	0.38	4.9910796e-18
7.700058774275605e-10	-0.073038846	-0.10742097	-0.94348323	0	0	0.38	4.2898314e-18
7.800170009893988e-10	-0.07348154	-0.09540725	-0.9428958	0	0	0.38	4.9129114e-18
7.90033195779659e-10	-0.09257791	-0.10372673	-0.9396154	0	0	0.38	4.455596e-18
8.000401164871831e-10	-0.092831306	-0.09379001	-0.9444825	0	0	0.38	4.200624e-18
8.100531626082822e-10	-0.10959762	-0.1006476	-0.93885374	0	0	0.38	4.393067e-18
8.200275810746714e-10	-0.12176643	-0.09640956	-0.9396953	0	0	0.38	4.6630624e-18
8.300605785430955e-10	-0.13673934	-0.07121085	-0.9374747	0	0	0.38	4.540008e-18
8.400329041766568e-10	-0.12677248	-0.04818184	-0.9430354	0	0	0.38	3.8982843e-18
8.50008894859136e-10	-0.12607342	-0.036521986	-0.93765277	0	0	0.38	4.4324713e-18
8.600361347276364e-10	-0.11661557	-0.014955671	-0.9350683	0	0	0.38	4.5134833e-18
8.700287191372371e-10	-0.10260154	-0.019052584	-0.93582183	0	0	0.38	4.3299596e-18
8.800212744001994e-10	-0.101297535	-0.014344772	-0.9382458	0	0	0.38	4.5171626e-18
8.900028882874731e-10	-0.08936518	-0.0057597067	-0.9418753	0	0	0.38	4.4340413e-18
9.000504869154052e-10	-0.08875782	-0.003838411	-0.9444986	0	0	0.38	4.0572254e-18
9.100255425290158e-10	-0.10313286	0.012921258	-0.9466661	0	0	0.38	4.127961e-18
9.200605988815031e-10	-0.08791459	0.01592308	-0.9486487	0	0	0.38	4.6930555e-18
9.300232125897115e-10	-0.084909245	0.022887347	-0.9494951	0	0	0.38	5.1470147e-18
9.400179406644861e-10	-0.09368025	0.013537717	-0.9473952	0	0	0.38	4.313068e-18
9.50046151234444e-10	-0.07964598	0.023587063	-0.9473463	0	0	0.38	4.629605e-18
9.600180759316169e-10	-0.07761168	0.0027742197	-0.952329	0	0	0.38	4.440639e-18
9.70022529906005e-10	-0.068678066	0.016306529	-0.94913787	0	0	0.38	4.2934533e-18
9.80051167271697e-10	-0.08195431	0.038512614	-0.9526806	0	0	0.38	4.5793194e-18
9.900402241915667e-10	-0.080834776	0.04647074	-0.9487745	0	0	0.38	3.9861217e-18
1.0000288397078612e-09	-0.07534089	0.058194418	-0.95027506	0	0	0.38	4.8911355e-18
1.0100551575691065e-09	-0.06152108	0.07140848	-0.950522	0	0	0.38	4.539251e-18
1.0200313307290077e-09	-0.05812479	0.09723293	-0.94988495	0	0	0.38	4.7548567e-18
1.0300212650258482e-09	-0.048903987	0.1086762	-0.95020616	0	0	0.38	5.032984e-18
1.040016724223278e-09	-0.039617866	0.12705687	-0.94337696	0	0	0.38	4.1886925e-18
1.0500635750178567e-09	-0.043468814	0.1432026	-0.9384094	0	0	0.38	4.6133612e-18
1.060055761591779e-09	-0.05078472	0.14927661	-0.9393811	0	0	0.38	4.001914e-18
1.070063592850648e-09	-0.04336107	0.15351574	-0.94031185	0	0	0.38	4.1665063e-18
1.0800108587289412e-09	-0.050790496	0.16635515	-0.93954515	0	0	0.38	4.8623608e-18
1.0900271513011732e-09	-0.033592355	0.15738489	-0.94111264	0	0	0.38	4.6096803e-18
1.1000273397613978e-09	-0.0175736	0.13531248	-0.94777733	0	0	0.38	4.256365e-18
1.1100298352338276e-09	0.0016185372	0.12501432	-0.94902956	0	0	0.38	5.0224537e-18
1.1200412608601825e-09	0.022546958	0.12728128	-0.94490945	0	0	0.38	3.351306e-18
1.1300646960943118e-09	0.043002833	0.127311	-0.93723243	0	0	0.38	4.509169e-18
1.1400240155828513e-09	0.047399394	0.12149497	-0.9383902	0	0	0.38	5.4218376e-18
1.1500486106279279e-09	0.04136286	0.12826572	-0.93738306	0	0	0.38	3.6347044e-18
1.1600051540559384e-09	0.02989943	0.14023823	-0.9365758	0	0	0.38	4.766644e-18
1.1700265222609596e-09	0.043085326	0.12984626	-0.93783075	0	0	0.38	4.825608e-18
1.180060825399633e-09	0.035877988	0.13214615	-0.94241244	0	0	0.38	5.46043e-18
1.1900531109653504e-09	0.039244037	0.12979488	-0.9413545	0	0	0.38	3.6942027e-18
1.2000420005603976e-09	0.059064206	0.12757787	-0.9409366	0	0	0.38	3.9152783e-18
1.2100347966188962e-09	0.0713977	0.119310096	-0.9376897	0	0	0.38	4.1880274e-18
1.2200370510545777e-09	0.06015414	0.1071385	-0.94662327	0	0	0.38	4.974008e-18
1.2300136845345334e-09	0.056108475	0.103786245	-0.94556326	0	0	0.38	4.583199e-18
1.2400267970525395e-09	0.055276167	0.09758017	-0.94426185	0	0	0.38	5.1977395e-18
1.2500228397903054e-09	0.06618981	0.097061135	-0.9464233	0	0	0.38	4.8954513e-18
1.2600294986397756e-09	0.08474266	0.09449368	-0.9475078	0	0	0.38	2.9563909e-18
1.2700235262692727e-09	0.084767625	0.096672155	-0.9467068	0	0	0.38	4.0324174e-18
1.280021910087766e-09	0.09732659	0.10849351	-0.94591224	0	0	0.38	4.198168e-18
1.2900248650948939e-09	0.11742165	0.09738073	-0.9442622	0	0	0.38	5.23473e-18
1.300050634569554e-09	0.13392025	0.10399397	-0.93914515	0	0	0.38	4.094573e-18
1.310028799398735e-09	0.13188969	0.09313818	-0.93708116	0	0	0.38	5.0336004e-18
1.3200213708993133e-09	0.13121298	0.091415234	-0.9367572	0	0	0.38	3.8099335e-18
1.330035216651972e-09	0.13658856	0.08428785	-0.93702316	0	0	0.38	4.9311917e-18
1.3400231370371716e-09	0.15629993	0.06959662	-0.9409215	0	0	0.38	3.5592163e-18
1.3500238966886683e-09	0.15630645	0.06447831	-0.9395435	0	0	0.38	4.6606296e-18
1.3600082137101166e-09	0.17805076	0.0602921	-0.9368684	0	0	0.38	3.8736893e-18
1.3700058945934402e-09	0.18313862	0.037608195	-0.93906647	0	0	0.38	5.9705363e-18
1.3800558933210584e-09	0.18806736	0.0061772186	-0.93890744	0	0	0.38	4.0809026e-18
1.3900110646882693e-09	0.17565516	-0.0016511626	-0.93419117	0	0	0.38	5.012501e-18
1.4000033268140215e-09	0.17298818	-0.015385674	-0.93704116	0	0	0.38	4.542402e-18
1.410054144980927e-09	0.15891849	-0.018195525	-0.9397995	0	0	0.38	4.638231e-18
1.4200226155572164e-09	0.15330777	-0.0052794637	-0.93972224	0	0	0.38	5.070278e-18
1.4300136540092673e-09	0.15950775	-0.000902291	-0.9420759	0	0	0.38	4.9852997e-18
1.4400210931862055e-09	0.15654206	-0.016830418	-0.9421138	0	0	0.38	4.778655e-18
1.4500515962493183e-09	0.15257359	-0.031247202	-0.9408299	0	0	0.38	4.2616548e-18
1.4600078388417353e-09	0.1728948	-0.04527017	-0.93602794	0	0	0.38	5.484355e-18
1.4700649644079178e-09	0.16925567	-0.06253091	-0.93492585	0	0	0.38	4.532839e-18
1.4800059152084258e-09	0.15277185	-0.06796268	-0.9361693	0	0	0.38	4.722885e-18
1.4900400827618914e-09	0.14092226	-0.08497357	-0.9375069	0	0	0.38	4.2935294e-18
1.5000072991860001e-09	0.12665774	-0.07254612	-0.9378859	0	0	0.38	4.8491234e-18
1.510061801398471e-09	0.117083065	-0.04263844	-0.9354911	0	0	0.38	5.017927e-18
1.5200466369148722e-09	0.11243546	-0.02568353	-0.94046456	0	0	0.38	3.8735574e-18
1.5300626014086598e-09	0.13608012	-0.02917037	-0.94229966	0	0	0.38	4.4622763e-18
1.5400280615561955e-09	0.14533229	-0.034416698	-0.94102997	0	0	0.38	5.090562e-18
1.5500229108224482e-09	0.15085572	-0.042932764	-0.94187033	0	0	0.38	5.012995e-18
1.5600263702267254e-09	0.13596913	-0.073662855	-0.94257265	0	0	0.38	4.7710835e-18
1.5700591864069559e-09	0.123799294	-0.089100786	-0.94417673	0	0	0.38	3.1538207e-18
1.5800126524407523e-09	0.09589324	-0.09074129	-0.94792813	0	0	0.38	5.114498e-18
1.5900314982739944e-09	0.08558999	-0.07945788	-0.9473397	0	0	0.38	5.1268795e-18
1.6000405009369036e-09	0.06556516	-0.058670428	-0.9500307	0	0	0.38	5.1586536e-18
1.6100403656329816e-09	0.07664145	-0.04956067	-0.94767636	0	0	0.38	5.559854e-18
1.6200318235552817e-09	0.07348233	-0.056364153	-0.94633454	0	0	0.38	4.2828786e-18
1.630021030109487e-09	0.070930615	-0.053960983	-0.94899535	0	0	0.38	3.9324373e-18
1.6400009432059638e-09	0.0791274	-0.068403326	-0.9493898	0	0	0.38	5.7892655e-18
1.6500081324275415e-09	0.060271837	-0.09264233	-0.9503286	0	0	0.38	4.1948157e-18
1.6600491739678794e-09	0.05023927	-0.116602585	-0.95010614	0	0	0.38	4.5953097e-18
1.6700611794538708e-09	0.022092735	-0.13001595	-0.95073277	0	0	0.38	3.5321237e-18
1.6800124924820925e-09	-0.0016103067	-0.14154209	-0.94629204	0	0	0.38	5.044537e-18
1.6900531539746772e-09	-0.011865255	-0.11688077	-0.95285255	0	0	0.38	4.396246e-18
1.7000169791049212e-09	-0.013470126	-0.08472737	-0.9552555	0	0	0.38	4.1083377e-18
1.7100160979665246e-09	0.013238221	-0.0881582	-0.9524094	0	0	0.38	4.302518e-18
1.7200375200841639e-09	0.02197532	-0.1025849	-0.9515629	0	0	0.38	3.8187997e-18
1.7300264172734587e-09	0.00974074	-0.13251463	-0.9497867	0	0	0.38	4.9688102e-18
1.7400346306566571e-09	-0.0025828506	-0.13957354	-0.9494715	0	0	0.38	4.0518876e-18
1.750023693876426e-09	-0.0234748	-0.12947063	-0.95144325	0	0	0.38	4.8294944e-18
1.7600188112682513e-09	-0.053141024	-0.1330513	-0.94990104	0	0	0.38	3.5906752e-18
1.7700534150139485e-09	-0.06136508	-0.114403896	-0.948169	0	0	0.38	2.935977e-18
1.7800201671629003e-09	-0.054705385	-0.10512223	-0.94770783	0	0	0.38	4.2654685e-18
1.7900492801043794e-09	-0.043053724	-0.12078322	-0.9473865	0	0	0.38	4.8513696e-18
1.8000352956355545e-09	-0.04151443	-0.12243799	-0.9421385	0	0	0.38	3.724308e-18
1.8100168610767323e-09	-0.036148354	-0.124237634	-0.9427105	0	0	0.38	4.3228885e-18
1.8200196823895134e-09	-0.060423546	-0.12217771	-0.9435244	0	0	0.38	4.225416e-18
1.830011854426543e-09	-0.077089764	-0.11156097	-0.9471808	0	0	0.38	4.7917882e-18
1.840052819105887e-09	-0.10199213	-0.09210249	-0.94568235	0	0	0.38	3.7734023e-18
1.8500206714218675e-09	-0.09547065	-0.07365188	-0.9463334	0	0	0.38	4.880983e-18
1.8600224280879402e-09	-0.10560849	-0.06651726	-0.94703406	0	0	0.38	5.101042e-18
1.8700601626190643e-09	-0.102115765	-0.060227245	-0.9449883	0	0	0.38	5.040998e-18
1.880020444567285e-09	-0.108843	-0.063140444	-0.9448335	0	0	0.38	4.1300326e-18
1.8900170364772778e-09	-0.117711656	-0.06971223	-0.94650763	0	0	0.38	4.3199586e-18
1.9000397505307823e-09	-0.12405736	-0.067551896	-0.94255203	0	0	0.38	4.042945e-18
1.9100225096641516e-09	-0.13210784	-0.041066986	-0.9459809	0	0	0.38	4.1162774e-18
1.9200578483968473e-09	-0.14520463	-0.024712056	-0.9458621	0	0	0.38	4.7660013e-18
1.930042605151011e-09	-0.1576133	-0.011863037	-0.94520503	0	0	0.38	4.4164166e-18
1.9400167997620937e-09	-0.14128587	-0.012719607	-0.9415961	0	0	0.38	4.2192514e-18
1.9500203939064255e-09	-0.13157423	-0.0036070682	-0.93911105	0	0	0.38	4.624775e-18
1.960031795509056e-09	-0.13761194	-0.006406062	-0.9362681	0	0	0.38	4.839209e-18
1.9700224020244395e-09	-0.15748242	-0.0032837659	-0.9349215	0	0	0.38	4.431567e-18
1.9800330182191972e-09	-0.18532866	0.011810227	-0.9344681	0	0	0.38	5.0758458e-18
1.9900467376407052e-09	-0.18594182	0.015743226	-0.9327506	0	0	0.38	4.9347192e-18
2.000024212616428e-09	-0.17365056	0.024703182	-0.93799293	0	0	0.38	5.2474473e-18
2.0100000107536874e-09	-0.16854873	0.03737986	-0.9410184	0	0	0.38	2.8961219e-18
2.0200186037014374e-09	-0.15725309	0.061919715	-0.935981	0	0	0.38	4.9144934e-18
2.0300288303788308e-09	-0.1402464	0.073683746	-0.9370926	0	0	0.38	4.0134237e-18
2.0400405343835407e-09	-0.12350022	0.0679595	-0.9399118	0	0	0.38	4.9202068e-18
2.050066095295078e-09	-0.1013016	0.049191184	-0.9431629	0	0	0.38	3.4340602e-18
2.0600222895545952e-09	-0.10159042	0.053035136	-0.9399109	0	0	0.38	4.595231e-18
2.0700672484790076e-09	-0.09912251	0.060322702	-0.94403404	0	0	0.38	5.0233566e-18
2.0800663511744438e-09	-0.11477011	0.056794304	-0.94261056	0	0	0.38	4.1013604e-18
2.09005644143899e-09	-0.12380583	0.046538536	-0.94261116	0	0	0.38	4.806239e-18
2.100045787211198e-09	-0.1294658	0.04472729	-0.9374655	0	0	0.38	4.296872e-18
2.1100457960080124e-09	-0.120059684	0.06327096	-0.9388787	0	0	0.38	4.0125564e-18
2.1200153591225565e-09	-0.11791729	0.079891644	-0.9407871	0	0	0.38	4.7737433e-18
2.1300512594340367e-09	-0.11223294	0.100553535	-0.94386166	0	0	0.38	4.447665e-18
2.1400133175761063e-09	-0.10106751	0.121337354	-0.9432463	0	0	0.38	4.3617275e-18
2.150058647489637e-09	-0.08155791	0.11478528	-0.9448786	0	0	0.38	4.464202e-18
2.16002304657816e-09	-0.08764987	0.11301696	-0.9422749	0	0	0.38	4.6409973e-18
2.170024257844315e-09	-0.091720685	0.12889566	-0.93969995	0	0	0.38	2.709449e-18
2.1800435081160217e-09	-0.09150554	0.15065205	-0.9341094	0	0	0.38	4.698304e-18
2.190026073839078e-09	-0.08306727	0.15390357	-0.9386884	0	0	0.38	4.2760883e-18
2.200062679522731e-09	-0.06105975	0.16583762	-0.9381642	0	0	0.38	4.8195463e-18
2.2100267678165455e-09	-0.033605326	0.17601371	-0.9400387	0	0	0.38	4.5103454e-18
2.2200081189772437e-09	-0.019228332	0.1815793	-0.93928087	0	0	0.38	4.972004e-18
2.230029596031648e-09	-0.0155976545	0.17173912	-0.94157064	0	0	0.38	4.6249624e-18
2.2400436556374125e-09	-0.01090478	0.17262493	-0.9406452	0	0	0.38	3.99846e-18
2.25004541625164e-09	-0.0009102381	0.17736286	-0.9368321	0	0	0.38	4.443478e-18
2.2600302200808096e-09	0.015335543	0.17448395	-0.93608844	0	0	0.38	4.1572067e-18
2.270018662404223e-09	0.029759109	0.18132117	-0.9335387	0	0	0.38	4.993308e-18
2.280013818004772e-09	0.023001233	0.19731627	-0.92912763	0	0	0.38	4.1362315e-18
2.290019560442945e-09	0.04090588	0.20004393	-0.924277	0	0	0.38	4.3912512e-18
2.3000601584407798e-09	0.06427362	0.20154263	-0.9280375	0	0	0.38	4.390488e-18
2.310010074173573e-09	0.07435911	0.20533827	-0.9225424	0	0	0.38	4.7858172e-18
2.320049392468153e-09	0.06998982	0.20978573	-0.9175951	0	0	0.38	4.538812e-18
2.3300186818161918e-09	0.07395463	0.19736554	-0.9196957	0	0	0.38	4.6852064e-18
2.340049959280712e-09	0.08341247	0.20153649	-0.92028916	0	0	0.38	4.9908372e-18
2.3500549652213972e-09	0.06404273	0.18874936	-0.92898077	0	0	0.38	4.943376e-18
2.3600601471182465e-09	0.06501234	0.2048064	-0.92689687	0	0	0.38	5.011777e-18
2.3700467429923636e-09	0.06911258	0.20155089	-0.91884214	0	0	0.38	5.230494e-18
2.3800249413048157e-09	0.0603035	0.2154284	-0.9155001	0	0	0.38	4.087341e-18
2.390001493039614e-09	0.071284465	0.22006448	-0.9211713	0	0	0.38	4.601197e-18
2.4000150364257203e-09	0.08627643	0.20944849	-0.9204168	0	0	0.38	4.163435e-18
2.41006329642388e-09	0.092046596	0.20496225	-0.9205497	0	0	0.38	3.756002e-18
2.4200185146535927e-09	0.10862877	0.20982526	-0.92059267	0	0	0.38	5.050373e-18
2.430023797738813e-09	0.12873186	0.20537308	-0.91236645	0	0	0.38	4.596809e-18
2.4400527421441827e-09	0.11775985	0.19978505	-0.91239506	0	0	0.38	4.931301e-18
2.450036823297477e-09	0.08970807	0.18277277	-0.91764945	0	0	0.38	4.612542e-18
2.4600196144306106e-09	0.09453866	0.1818708	-0.9190286	0	0	0.38	3.853192e-18
2.4700116897911097e-09	0.096503556	0.18307295	-0.9192711	0	0	0.38	3.848875e-18
2.480058802142288e-09	0.08740677	0.19630022	-0.91766673	0	0	0.38	4.340105e-18
2.4900105447842395e-09	0.11254667	0.18437755	-0.91904676	0	0	0.38	3.8865966e-18
2.5000256280732543e-09	0.14971918	0.15975088	-0.918086	0	0	0.38	4.779157e-18
2.5100107061456135e-09	0.14811368	0.13813406	-0.9187458	0	0	0.38	5.2916245e-18
2.520008532405227e-09	0.14795111	0.13473946	-0.9195524	0	0	0.38	4.614763e-18
2.5300156358955475e-09	0.1405351	0.12042232	-0.9228171	0	0	0.38	4.0132905e-18
2.5400060573278646e-09	0.13925007	0.112790115	-0.9288843	0	0	0.38	4.0693113e-18
2.5500307596488567e-09	0.13646339	0.09372373	-0.9340426	0	0	0.38	5.206136e-18
2.560005120069576e-09	0.15020049	0.09258458	-0.9313584	0	0	0.38	4.6332144e-18
2.5700502770789285e-09	0.16596521	0.086524434	-0.9305929	0	0	0.38	4.3306127e-18
2.5800402673949203e-09	0.18144248	0.081361875	-0.9269438	0	0	0.38	4.2172186e-18
2.590052337058271e-09	0.18958305	0.06458837	-0.92293304	0	0	0.38	4.794739e-18
2.600040702803994e-09	0.18216741	0.06745663	-0.9217754	0	0	0.38	4.5905224e-18
2.6100459934200306e-09	0.17438026	0.06424532	-0.92442316	0	0	0.38	5.1455e-18
2.620050917334411e-09	0.18549246	0.044527948	-0.9300624	0	0	0.38	3.8101167e-18
2.630010588167601e-09	0.19252552	0.02464826	-0.9285367	0	0	0.38	4.978038e-18
2.640035597593154e-09	0.17617393	0.010225451	-0.9333666	0	0	0.38	3.7989945e-18
2.6500611641617794e-09	0.1886203	-0.016570937	-0.93362576	0	0	0.38	4.828729e-18
2.6600088348700517e-09	0.18882732	-0.0339694	-0.93247736	0	0	0.38	4.250334e-18
2.6700513535478326e-09	0.19521762	-0.047458827	-0.9319506	0	0	0.38	4.5172296e-18
2.68003004841323e-09	0.21023217	-0.06411047	-0.92438143	0	0	0.38	4.1053036e-18
2.690013897511998e-09	0.21451713	-0.07734698	-0.91725683	0	0	0.38	4.4962966e-18
2.700005091565535e-09	0.19886181	-0.08291742	-0.92250615	0	0	0.38	4.81343e-18
2.7100291545515797e-09	0.19113281	-0.08881219	-0.9207442	0	0	0.38	3.9174074e-18
2.720047799938644e-09	0.19013785	-0.11183599	-0.9186922	0	0	0.38	4.2598093e-18
2.7300514139839806e-09	0.2013559	-0.11756085	-0.91774595	0	0	0.38	4.183368e-18
2.7400241334352168e-09	0.20222755	-0.10378057	-0.91881317	0	0	0.38	4.616923e-18
2.7500631633203836e-09	0.2095613	-0.10997611	-0.9144081	0	0	0.38	5.056036e-18
2.7600179903431845e-09	0.20559117	-0.09749397	-0.9181403	0	0	0.38	3.8022478e-18
2.7700398217210697e-09	0.22038662	-0.10880178	-0.9153373	0	0	0.38	5.23146e-18
2.7800012838930534e-09	0.21535885	-0.12379362	-0.9177022	0	0	0.38	4.6897245e-18
2.7900586583367135e-09	0.20793763	-0.11886677	-0.91791356	0	0	0.38	4.2952503e-18
2.8000029322999243e-09	0.207051	-0.1255932	-0.9182831	0	0	0.38	4.214626e-18
2.8100625681755284e-09	0.19381951	-0.13986063	-0.91803414	0	0	0.38	3.87464e-18
2.8200095042763384e-09	0.17589723	-0.14256383	-0.92475075	0	0	0.38	4.78953e-18
2.830017307257255e-09	0.19916782	-0.14961293	-0.9156151	0	0	0.38	4.4746426e-18
2.840064995922379e-09	0.19976412	-0.14306106	-0.91834694	0	0	0.38	5.29443e-18
2.850011527252013e-09	0.20604323	-0.15833384	-0.9179773	0	0	0.38	5.262529e-18
2.860050109648959e-09	0.197974	-0.1831514	-0.9147604	0	0	0.38	4.8525632e-18
2.870024023562353e-09	0.18302284	-0.19682823	-0.9107158	0	0	0.38	5.2813e-18
2.8800624276089285e-09	0.1725681	-0.20122059	-0.9093601	0	0	0.38	4.932921e-18
2.8900080455133805e-09	0.17507231	-0.20686041	-0.90687025	0	0	0.38	5.0809495e-18
2.900031615913971e-09	0.18775122	-0.21257755	-0.8996723	0	0	0.38	3.838333e-18
2.9100195783601658e-09	0.19662032	-0.22355978	-0.897186	0	0	0.38	5.2834817e-18
2.920019570614278e-09	0.179536	-0.23997088	-0.8935959	0	0	0.38	4.2726947e-18
2.9300607234325874e-09	0.16917628	-0.2297696	-0.8956461	0	0	0.38	5.181563e-18
2.940037686636049e-09	0.1855594	-0.24573907	-0.88546586	0	0	0.38	3.557347e-18
2.9500053660244497e-09	0.18631826	-0.25401255	-0.8846776	0	0	0.38	4.9403226e-18
2.960040049261573e-09	0.18267849	-0.24801666	-0.8879975	0	0	0.38	4.186919e-18
2.9700170522620465e-09	0.1951722	-0.26433742	-0.88393897	0	0	0.38	5.7185577e-18
2.980032811570697e-09	0.18445414	-0.26406822	-0.880647	0	0	0.38	4.5522007e-18
2.9900542175468944e-09	0.19650656	-0.2596327	-0.88184315	0	0	0.38	3.8183236e-18
3.000005732201922e-09	0.20915407	-0.25065574	-0.88409764	0	0	0.38	4.7805088e-18
3.010027142026651e-09	0.21844369	-0.25443918	-0.8773383	0	0	0.38	4.301161e-18
3.020056489942955e-09	0.2177144	-0.23137195	-0.8748304	0	0	0.38	3.8195148e-18
3.030000335049647e-09	0.24489519	-0.21546593	-0.8750069	0	0	0.38	4.9417217e-18
3.0400408995451847e-09	0.25272906	-0.23010561	-0.87334317	0	0	0.38	5.2164607e-18
3.0500460568085296e-09	0.2649689	-0.2256487	-0.87488365	0	0	0.38	4.7583176e-18
3.060050595938293e-09	0.2720115	-0.2462154	-0.866307	0	0	0.38	4.868015e-18
3.0700077268385346e-09	0.2702023	-0.26204762	-0.8629256	0	0	0.38	4.556559e-18
3.0800069953394517e-09	0.25989193	-0.25759435	-0.8645383	0	0	0.38	4.1619762e-18
3.090044960838346e-09	0.2763766	-0.2668782	-0.8572532	0	0	0.38	3.9729927e-18
3.1000260288020237e-09	0.29448107	-0.2512932	-0.8534762	0	0	0.38	3.6114966e-18
3.1100584446185844e-09	0.29130194	-0.2579132	-0.8558683	0	0	0.38	4.2217545e-18
3.1200292594225775e-09	0.29779217	-0.22948866	-0.85836023	0	0	0.38	5.136814e-18
3.130050388225514e-09	0.33148336	-0.20073053	-0.8566079	0	0	0.38	4.9249254e-18
3.140044774002637e-09	0.34852713	-0.1883719	-0.85848576	0	0	0.38	4.5058013e-18
3.1500164133978336e-09	0.3674493	-0.18006323	-0.8532542	0	0	0.38	3.03061e-18
3.16005783752e-09	0.39521137	-0.1557272	-0.8460157	0	0	0.38	5.2310095e-18
3.1700001906488564e-09	0.39976457	-0.14386287	-0.84648365	0	0	0.38	4.119631e-18
3.180023445043908e-09	0.38595796	-0.14889063	-0.85570943	0	0	0.38	4.235579e-18
3.190059335044653e-09	0.39085463	-0.14989412	-0.85136676	0	0	0.38	4.6118504e-18
3.200054777492977e-09	0.38565966	-0.14678204	-0.85525346	0	0	0.38	5.9658578e-18
3.210057182675008e-09	0.3894914	-0.15474705	-0.8482663	0	0	0.38	3.8741703e-18
3.220059363200547e-09	0.3752556	-0.14878662	-0.85528314	0	0	0.38	4.5274035e-18
3.2300441138892147e-09	0.37055698	-0.13523374	-0.8498913	0	0	0.38	4.8004848e-18
3.2400364735093523e-09	0.38673586	-0.10407635	-0.8487854	0	0	0.38	4.9465206e-18
3.2500278365539123e-09	0.38678136	-0.094690144	-0.84330595	0	0	0.38	4.725969e-18
3.260056927483423e-09	0.4095786	-0.068881065	-0.8421912	0	0	0.38	5.3114454e-18
3.2700150580635286e-09	0.41424903	-0.05822936	-0.8406715	0	0	0.38	4.0437307e-18
3.2800502237727834e-09	0.426184	-0.030490909	-0.83924097	0	0	0.38	4.6646406e-18
3.290022030119598e-09	0.4209685	-0.017480746	-0.8387396	0	0	0.38	4.060402e-18
3.3000543621657003e-09	0.4274183	-0.012560319	-0.8259703	0	0	0.38	4.6506894e-18
3.3100548330119577e-09	0.44153637	0.011819807	-0.820681	0	0	0.38	4.8146813e-18
3.320047387800238e-09	0.44573185	0.03472804	-0.81639874	0	0	0.38	5.4039846e-18
3.3300640741974814e-09	0.42553908	0.06280724	-0.81625074	0	0	0.38	4.239045e-18
3.3400238810808018e-09	0.40837875	0.110046215	-0.81104404	0	0	0.38	5.514649e-18
3.3500447850425364e-09	0.38512042	0.15356642	-0.8144565	0	0	0.38	3.8686662e-18
3.3600114932708645e-09	0.34103203	0.20353714	-0.8195082	0	0	0.38	3.2570065e-18
3.370047846673203e-09	0.33117542	0.25228205	-0.8165134	0	0	0.38	3.9723066e-18
3.380009105236028e-09	0.3130664	0.29884544	-0.8197116	0	0	0.38	4.9478296e-18
3.390032309438177e-09	0.29053393	0.32128066	-0.82012427	0	0	0.38	3.8966547e-18
3.400026865452234e-09	0.27565306	0.35491946	-0.8139309	0	0	0.38	4.190141e-18
3.410027583292051e-09	0.2627361	0.37228265	-0.8043434	0	0	0.38	4.434321e-18
3.420012656422459e-09	0.25580338	0.3901766	-0.78597105	0	0	0.38	5.3019655e-18
3.4300454052925025e-09	0.23892185	0.3980613	-0.7813516	0	0	0.38	4.7828675e-18
3.4400077874630357e-09	0.18806413	0.41607794	-0.77326965	0	0	0.38	4.3814707e-18
3.45006517990602e-09	0.13759682	0.4021262	-0.7629696	0	0	0.38	4.390913e-18
3.4600367551793717e-09	0.06686136	0.35407457	-0.7540143	0	0	0.38	3.461983e-18
3.470021311889972e-09	-0.040450707	0.30997714	-0.7437163	0	0	0.38	4.1511695e-18
3.48006269761812e-09	-0.13037428	0.21812516	-0.7337044	0	0	0.38	4.693904e-18
3.4900552940261413e-09	-0.21290207	0.092101656	-0.7370026	0	0	0.38	3.335905e-18
3.5000263802186585e-09	-0.22810556	-0.04032104	-0.72489154	0	0	0.38	5.405719e-18
3.5100485729568397e-09	-0.21679206	-0.14020647	-0.7191574	0	0	0.38	4.7804004e-18
3.5200078574086054e-09	-0.17841826	-0.21080908	-0.7154401	0	0	0.38	4.8591497e-18
3.5300480893436522e-09	-0.08343728	-0.26602563	-0.71295226	0	0	0.38	3.8864006e-18
3.5400543275518606e-09	0.047640964	-0.29725537	-0.7086319	0	0	0.38	4.8170276e-18
3.550001225348085e-09	0.16492522	-0.22859904	-0.69189703	0	0	0.38	4.7442936e-18
3.5600047019804234e-09	0.2684719	-0.09666586	-0.65986884	0	0	0.38	4.9062415e-18
3.5700345799056204e-09	0.25656673	0.06299255	-0.64560264	0	0	0.38	4.5573934e-18
3.580047243383739e-09	0.1751265	0.1818798	-0.64111936	0	0	0.38	4.4208246e-18
3.5900173282996507e-09	0.09055535	0.2809953	-0.6313011	0	0	0.38	4.118216e-18
3.6000022800025963e-09	-0.029139815	0.35751027	-0.627995	0	0	0.38	4.972087e-18
3.610020975806069e-09	-0.18678893	0.36463538	-0.6208262	0	0	0.38	4.911862e-18
3.6200084010689085e-09	-0.3321373	0.281065	-0.6070524	0	0	0.38	4.431961e-18
3.6300559126957977e-09	-0.40687665	0.08965334	-0.5953036	0	0	0.38	4.446457e-18
3.6400305607737682e-09	-0.34680393	-0.08592285	-0.5969612	0	0	0.38	4.4937443e-18
3.650049779342426e-09	-0.2231035	-0.19444479	-0.5967161	0	0	0.38	4.0683158e-18
3.660009868118201e-09	-0.06384269	-0.22091724	-0.59162843	0	0	0.38	4.279142e-18
3.6700283989042825e-09	0.09917314	-0.15686314	-0.5806803	0	0	0.38	4.0981398e-18
3.6800295161277443e-09	0.1990883	-0.07813528	-0.5751234	0	0	0.38	3.6339025e-18
3.690061857503839e-09	0.2906645	0.09867021	-0.56844914	0	0	0.38	4.6710335e-18
3.700041044930838e-09	0.26244077	0.3054741	-0.5623278	0	0	0.38	4.519306e-18
3.7100507497355775e-09	0.12129651	0.43263063	-0.55972654	0	0	0.38	3.919827e-18
3.7200357848633846e-09	-0.060607024	0.49183485	-0.5507987	0	0	0.38	3.4114484e-18
3.730026532019378e-09	-0.216958	0.44507298	-0.5422505	0	0	0.38	4.3643666e-18
3.740000740508513e-09	-0.34165	0.31665617	-0.5241215	0	0	0.38	3.9067327e-18
3.75004582987238e-09	-0.39417738	0.12514235	-0.5274394	0	0	0.38	5.3488443e-18
3.760042174447875e-09	-0.31788832	-0.03326052	-0.52104187	0	0	0.38	4.5467327e-18
3.770041140802194e-09	-0.19511606	-0.14679591	-0.52107435	0	0	0.38	3.9750148e-18
3.780008832986806e-09	-0.022727149	-0.18063712	-0.51516473	0	0	0.38	3.9430964e-18
3.79004778675922e-09	0.13139415	-0.13185896	-0.50542986	0	0	0.38	4.2938917e-18
3.800008772888246e-09	0.27582848	-0.019750345	-0.49160507	0	0	0.38	3.5307427e-18
3.810016485552646e-09	0.3788062	0.16876517	-0.474256	0	0	0.38	3.5832922e-18
3.8200070585983334e-09	0.33320737	0.38640994	-0.46113893	0	0	0.38	4.616063e-18
3.830020853521284e-09	0.14437169	0.51981926	-0.46201017	0	0	0.38	4.4999593e-18
3.840021617895422e-09	-0.09170361	0.49957415	-0.4550709	0	0	0.38	3.8575237e-18
3.850011800936681e-09	-0.23255429	0.31478974	-0.43175977	0	0	0.38	4.247219e-18
3.860027339848879e-09	-0.23401777	0.0985471	-0.42576468	0	0	0.38	4.110541e-18
3.870057663112539e-09	-0.22440906	-0.05928079	-0.4274825	0	0	0.38	3.19236e-18
3.880056654873329e-09	-0.12847698	-0.25451356	-0.42692423	0	0	0.38	3.4646574e-18
3.890032874175378e-09	0.074457556	-0.37406686	-0.41917387	0	0	0.38	3.6925876e-18
3.900064064133541e-09	0.28456482	-0.30551046	-0.40892163	0	0	0.38	3.988502e-18
3.910030778295362e-09	0.4077692	-0.13810657	-0.39322808	0	0	0.38	3.5573337e-18
3.9200207770172356e-09	0.4230848	0.079703204	-0.3847089	0	0	0.38	2.534214e-18
3.9300126645352245e-09	0.30839366	0.2614726	-0.37595886	0	0	0.38	3.7008482e-18
3.940003263193655e-09	0.11262174	0.33669707	-0.3680299	0	0	0.38	3.1509078e-18
3.950022878014961e-09	-0.09632603	0.3075602	-0.3564158	0	0	0.38	3.4206274e-18
3.960013340113821e-09	-0.23385778	0.13661718	-0.3395203	0	0	0.38	3.1596645e-18
3.970054706190598e-09	-0.30515552	-0.08355286	-0.31685576	0	0	0.38	3.3630397e-18
3.980024044530195e-09	-0.26971275	-0.32057407	-0.31022176	0	0	0.38	4.043009e-18
3.990029572784255e-09	-0.10919585	-0.492295	-0.29136676	0	0	0.38	2.9996462e-18
4.000000196442105e-09	0.13928036	-0.46554318	-0.27970996	0	0	0.38	2.964024e-18
4.01002831293988e-09	0.32560197	-0.2805853	-0.26323378	0	0	0.38	3.1682312e-18
4.020008537235815e-09	0.3734507	-0.0029090121	-0.24578439	0	0	0.38	3.5762372e-18
4.030057505274542e-09	0.25076672	0.21268398	-0.24123882	0	0	0.38	2.7132002e-18
4.040050237250065e-09	0.089141525	0.33301255	-0.22356048	0	0	0.38	2.909864e-18
4.0500340148436866e-09	-0.09968639	0.34934592	-0.21518865	0	0	0.38	2.8480813e-18
4.060057482786506e-09	-0.30349708	0.24692543	-0.20771144	0	0	0.38	2.5092983e-18
4.070029909093466e-09	-0.4403571	0.030209005	-0.17792949	0	0	0.38	2.8057594e-18
4.080023266593467e-09	-0.38256133	-0.22935762	-0.15937524	0	0	0.38	2.6856396e-18
4.0900256805763745e-09	-0.13011487	-0.38295478	-0.15594408	0	0	0.38	3.2348842e-18
4.100040914700695e-09	0.10969613	-0.3282366	-0.14875403	0	0	0.38	3.561708e-18
4.110022719631063e-09	0.2759792	-0.15417174	-0.13376063	0	0	0.38	2.5490108e-18
4.120058862422923e-09	0.3196976	0.09275625	-0.10653878	0	0	0.38	3.1741958e-18
4.130004227625611e-09	0.2364217	0.33075258	-0.09787076	0	0	0.38	3.180474e-18
4.140062653044127e-09	-0.012485951	0.49628812	-0.090228885	0	0	0.38	2.822891e-18
4.150062562930035e-09	-0.2976285	0.40509582	-0.08738748	0	0	0.38	2.160271e-18
4.16003946396185e-09	-0.40509576	0.107312284	-0.05109424	0	0	0.38	2.5774369e-18
4.170021039060874e-09	-0.30772138	-0.124562256	-0.028241407	0	0	0.38	1.1853927e-18
4.1800070847370005e-09	-0.15310574	-0.2569936	-0.026448913	0	0	0.38	2.0551807e-18
4.190013118208665e-09	0.018027123	-0.32867607	-0.021830348	0	0	0.38	1.7447832e-18
4.200034058509301e-09	0.22992428	-0.29497662	-0.012052931	0	0	0.38	2.7381043e-18
4.210051031522875e-09	0.40445065	-0.09767308	0.0035673338	0	0	0.38	2.7612199e-18
4.220050901375715e-09	0.3801789	0.19489232	0.026804103	0	0	0.38	1.6870333e-18
4.23005199458463e-09	0.16877533	0.36594546	0.040134806	0	0	0.38	2.2571842e-18
4.240022852719078e-09	-0.042924777	0.3490081	0.05305531	0	0	0.38	3.0290614e-18
4.2500184439856724e-09	-0.26345253	0.22843134	0.07073078	0	0	0.38	2.0335754e-18
4.260034082435975e-09	-0.36486125	-0.032625005	0.09530063	0	0	0.38	2.3434068e-18
4.270004567764343e-09	-0.24109232	-0.30247185	0.123779595	0	0	0.38	1.1745699e-18
4.280054597026501e-09	0.012079789	-0.42245638	0.12621251	0	0	0.38	2.4968862e-18
4.2900631303675135e-09	0.21903485	-0.3633338	0.13010767	0	0	0.38	1.9456227e-18
4.300042313812412e-09	0.3746619	-0.18504478	0.14044692	0	0	0.38	2.6848481e-18
4.310058046552424e-09	0.38389602	0.1349098	0.15008712	0	0	0.38	3.3232219e-18
4.320041941793784e-09	0.15023768	0.37130478	0.13880907	0	0	0.38	2.2601637e-18
4.33004930400006e-09	-0.13592538	0.35893002	0.13761126	0	0	0.38	2.1025794e-18
4.340063790244977e-09	-0.30678123	0.20230909	0.14805739	0	0	0.38	2.763653e-18
4.350010556371383e-09	-0.37148577	-0.01660953	0.17069793	0	0	0.38	1.7225296e-18
4.3600447223305745e-09	-0.2816289	-0.2569547	0.18357475	0	0	0.38	1.7781935e-18
4.3700124817540636e-09	-0.061317153	-0.40014288	0.20268065	0	0	0.38	1.8799381e-18
4.380059633503181e-09	0.2024299	-0.32878122	0.20368916	0	0	0.38	1.7338135e-18
4.390015429456547e-09	0.3370645	-0.11878604	0.2170198	0	0	0.38	2.6891104e-18
4.400045164224033e-09	0.3207484	0.15352568	0.22685847	0	0	0.38	2.0319907e-18
4.410030575986317e-09	0.13996507	0.33671358	0.24214022	0	0	0.38	1.6490882e-18
4.420046143545639e-09	-0.072275124	0.36378297	0.25606173	0	0	0.38	1.5850245e-18
4.430009461100783e-09	-0.2655375	0.27105728	0.25538093	0	0	0.38	1.4378128e-18
4.4400442174795584e-09	-0.3585738	0.010800587	0.2737813	0	0	0.38	2.5927736e-18
4.450019289110999e-09	-0.24858458	-0.26574335	0.2901714	0	0	0.38	1.7629473e-18
4.460054379618385e-09	-0.0026576084	-0.40179443	0.29353172	0	0	0.38	1.5828047e-18
4.470037151447059e-09	0.24710728	-0.31509125	0.29328844	0	0	0.38	1.1008442e-18
4.480062853504909e-09	0.3687092	-0.09607313	0.30041403	0	0	0.38	1.3118418e-18
4.490028072021381e-09	0.3223842	0.14378868	0.31774014	0	0	0.38	1.1664866e-18
4.500013888896693e-09	0.13900071	0.33265424	0.33278883	0	0	0.38	2.1294435e-18
4.510015795973371e-09	-0.12452519	0.3561193	0.3403425	0	0	0.38	1.3823598e-18
4.520030180538227e-09	-0.3337422	0.17393383	0.354398	0	0	0.38	2.1859724e-18
4.530046735412403e-09	-0.38799703	-0.08580643	0.36604163	0	0	0.38	1.4441802e-18
4.540012882515612e-09	-0.2433522	-0.30051512	0.37957105	0	0	0.38	1.7829626e-18
4.55001552283801e-09	0.0042611016	-0.36424217	0.38542116	0	0	0.38	8.579133e-19
4.560052554871377e-09	0.2418981	-0.23561709	0.38804376	0	0	0.38	1.2565258e-18
4.57005629247869e-09	0.34757403	-0.0288539	0.39754042	0	0	0.38	1.315023e-18
4.580002805373426e-09	0.28680566	0.21910498	0.4082885	0	0	0.38	9.735521e-19
4.590044714447275e-09	0.07565842	0.37150434	0.42377684	0	0	0.38	1.785036e-18
4.600036903598857e-09	-0.17901158	0.3117473	0.43316206	0	0	0.38	-4.54676e-20
4.6100224111019576e-09	-0.31818935	0.11230159	0.4506121	0	0	0.38	1.1437783e-18
4.620035568665292e-09	-0.33897713	-0.14936155	0.46818274	0	0	0.38	7.8147025e-19
4.630012704062354e-09	-0.12201709	-0.3550016	0.47197473	0	0	0.38	8.839614e-19
4.6400425564559875e-09	0.18836589	-0.3413073	0.47593054	0	0	0.38	6.7582e-19
4.650060736134815e-09	0.36467665	-0.12578705	0.48884642	0	0	0.38	1.72432e-18
4.660011801821625e-09	0.35366687	0.17629747	0.51197875	0	0	0.38	6.0561946e-19
4.670035453405445e-09	0.13732347	0.34227782	0.52046543	0	0	0.38	5.3242633e-19
4.680058336931934e-09	-0.11278324	0.2919692	0.53304094	0	0	0.38	5.8277123e-19
4.690021664134711e-09	-0.24756095	0.14474572	0.54218537	0	0	0.38	2.0640153e-19
4.7000384769460145e-09	-0.2876048	-0.055357534	0.5486361	0	0	0.38	2.2296496e-19
4.7100540414650515e-09	-0.20689058	-0.25031406	0.56987816	0	0	0.38	1.3521818e-18
4.7200315213941385e-09	0.048075646	-0.34468225	0.57632715	0	0	0.38	6.0305794e-19
4.7300217692744385e-09	0.2848291	-0.18417697	0.58187824	0	0	0.38	-1.0940332e-19
4.740053835249877e-09	0.34560153	0.078376114	0.59238684	0	0	0.38	1.0486838e-18
4.75001968292175e-09	0.17161286	0.3134453	0.6125571	0	0	0.38	8.6067626e-19
4.7600232010790315e-09	-0.10950464	0.32443783	0.6177725	0	0	0.38	4.3010716e-19
4.7700408970194975e-09	-0.2817337	0.13376264	0.6330215	0	0	0.38	-1.5210495e-21
4.780039570551407e-09	-0.28475642	-0.102066964	0.64316505	0	0	0.38	6.961426e-19
4.79004708156397e-09	-0.10716588	-0.27578133	0.6511952	0	0	0.38	5.2856657e-20
4.800009564107423e-09	0.12155007	-0.2519708	0.65264076	0	0	0.38	-4.789428e-19
4.810052348914844e-09	0.26332396	-0.071986094	0.65694076	0	0	0.38	1.5447019e-18
4.820019279590591e-09	0.23836453	0.12728158	0.66299564	0	0	0.38	2.884118e-19
4.830025516268893e-09	0.097796276	0.26895428	0.67456484	0	0	0.38	8.8165963e-20
4.840056591513385e-09	-0.12008984	0.24710414	0.6744053	0	0	0.38	6.008657e-19
4.850024407529349e-09	-0.24755973	0.076907374	0.6788121	0	0	0.38	9.00212e-19
4.860028925790507e-09	-0.24504286	-0.12581673	0.6866694	0	0	0.38	2.025737e-19
4.870019840826258e-09	-0.074365556	-0.30133045	0.6976195	0	0	0.38	-3.28202e-19
4.880061173812355e-09	0.17222556	-0.25997984	0.7109838	0	0	0.38	9.137527e-19
4.890061187624045e-09	0.28152692	-0.030589147	0.71673954	0	0	0.38	1.8527437e-19
4.900025442291076e-09	0.19074355	0.20046595	0.72791743	0	0	0.38	-1.3118489e-18
4.910007852468993e-09	-0.021935193	0.2683208	0.73561174	0	0	0.38	4.051893e-20
4.920042794681285e-09	-0.20838368	0.1387494	0.74004275	0	0	0.38	1.0570693e-18
4.930058168276084e-09	-0.21112321	-0.07893573	0.7413607	0	0	0.38	-5.6614666e-19
4.9400050393164825e-09	-0.098574884	-0.20679745	0.7476991	0	0	0.38	3.5213448e-19
4.950023445113346e-09	0.09701461	-0.20791891	0.7490865	0	0	0.38	-3.6914535e-19
4.960015131766216e-09	0.22036602	-0.068711996	0.7532541	0	0	0.38	-1.7037184e-19
4.970057364960762e-09	0.21401824	0.14586021	0.762191	0	0	0.38	-8.387367e-19
4.980011314060569e-09	0.017030805	0.27012917	0.77196485	0	0	0.38	-4.462682e-19
4.990009468432884e-09	-0.19940093	0.1787305	0.7747839	0	0	0.38	1.8035297e-19
5.000052436011765e-09	-0.26145577	-0.08154809	0.7810923	0	0	0.38	-6.2427915e-19
5.010022261263051e-09	-0.07632714	-0.24983494	0.79782706	0	0	0.38	3.2810664e-19
5.020001459024779e-09	0.12545563	-0.20023474	0.80397224	0	0	0.38	6.9654895e-20
5.030049591565192e-09	0.2445056	-0.012004392	0.80378896	0	0	0.38	-1.868696e-19
5.040031160213039e-09	0.1539044	0.19655761	0.8111419	0	0	0.38	8.735888e-19
5.050024690012503e-09	-0.08047831	0.22884408	0.8212131	0	0	0.38	-8.728403e-19
5.060036621240208e-09	-0.20820245	0.05141204	0.82058954	0	0	0.38	-7.626451e-19
5.070024815796569e-09	-0.15621822	-0.1425526	0.82601506	0	0	0.38	-7.740114e-19
5.08001672973239e-09	0.049161263	-0.22817309	0.84116316	0	0	0.38	-3.7172975e-19
5.090055316849513e-09	0.22078693	-0.05612167	0.8413242	0	0	0.38	-6.5099366e-20
5.100023170833923e-09	0.14750996	0.16454802	0.8470111	0	0	0.38	-3.9473333e-19
5.1100252361261534e-09	-0.0717839	0.19730411	0.8490577	0	0	0.38	-1.3832902e-18
5.120031279128386e-09	-0.18304767	0.043035045	0.86065644	0	0	0.38	3.174927e-19
5.130050380081429e-09	-0.13632917	-0.15746401	0.86359423	0	0	0.38	-4.04556e-19
5.140005378997123e-09	0.068060935	-0.19160154	0.87169385	0	0	0.38	-1.3982685e-18
5.15001064606775e-09	0.21752392	-0.014461855	0.88021106	0	0	0.38	-8.708386e-19
5.160019360642598e-09	0.08681901	0.2053229	0.89478654	0	0	0.38	-1.2772367e-18
5.170003189212277e-09	-0.1721575	0.14233486	0.8987783	0	0	0.38	-5.3490875e-20
5.180043563183232e-09	-0.19155611	-0.14127629	0.9051422	0	0	0.38	-1.0036428e-18
5.190033091891487e-09	0.0962852	-0.20597367	0.9118442	0	0	0.38	-1.1667281e-18
5.2000204173649225e-09	0.21181944	0.04445046	0.9175326	0	0	0.38	-1.4213629e-18
5.210051840676859e-09	-0.004310054	0.2139259	0.9251756	0	0	0.38	-5.6495066e-19
5.220061539013463e-09	-0.1858859	0.027836893	0.9356987	0	0	0.38	-9.483278e-19
5.230024267646927e-09	-0.05919907	-0.17460664	0.940012	0	0	0.38	-1.3607095e-18
5.24001369313397e-09	0.1487023	-0.07007888	0.9410838	0	0	0.38	-3.4221545e-19
5.2500444382343475e-09	0.09755103	0.121735804	0.944705	0	0	0.38	-1.254993e-18
5.260004709622201e-09	-0.12236545	0.11758182	0.9452063	0	0	0.38	-1.5725848e-18
5.270041238284526e-09	-0.105931565	-0.0738097	0.9495395	0	0	0.38	-1.1711801e-18
5.280054521072256e-09	0.06160454	-0.11179814	0.94849	0	0	0.38	-1.6114882e-18
5.290018264136814e-09	0.10425579	0.036007326	0.95436466	0	0	0.38	-1.5635391e-18
5.300046667456559e-09	-0.028744956	0.09491153	0.95540804	0	0	0.38	-1.0751498e-18
5.310063270862269e-09	-0.0819304	0.004594737	0.9587321	0	0	0.38	-1.1359709e-18
5.320015737258322e-09	-0.016335439	-0.07421514	0.9593436	0	0	0.38	-2.5209917e-18
5.330061060909127e-09	0.06744049	-0.032441843	0.95813483	0	0	0.38	-4.838236e-19
5.34002713903457e-09	0.03916156	0.036730427	0.96108645	0	0	0.38	-2.45905e-19
5.350037877632761e-09	-0.039289694	0.04154911	0.9606678	0	0	0.38	-7.902132e-19
5.360057704190649e-09	-0.04561466	-0.044785794	0.9609159	0	0	0.38	-9.31354e-19
5.370037449234181e-09	0.040950503	-0.034967247	0.9614948	0	0	0.38	-1.829278e-18
5.3800646458003444e-09	0.028732516	0.029775614	0.9609881	0	0	0.38	-5.8028783e-19
5.390064383354679e-09	-0.042152632	0.035470665	0.9600262	0	0	0.38	-7.756042e-19
5.400054438106435e-09	-0.039726634	-0.03041753	0.9620387	0	0	0.38	-9.899931e-19
5.410049822288036e-09	0.012959224	-0.028992524	0.9629682	0	0	0.38	-7.0796197e-19
5.420016496694576e-09	0.030580968	0.013922117	0.9673355	0	0	0.38	-1.465385e-18
5.430063051605218e-09	-0.0038015784	0.034136858	0.96722096	0	0	0.38	-4.730802e-19
5.4400116081070315e-09	-0.013975031	0.014764666	0.9658136	0	0	0.38	-1.7724001e-18
5.450044426485246e-09	-0.01886377	-0.0032305922	0.9642044	0	0	0.38	-8.462791e-19
5.46004139985009e-09	0.012317251	-0.03599372	0.96538144	0	0	0.38	-6.0295413e-19
5.47000766302313e-09	0.021077408	0.019350303	0.9651708	0	0	0.38	-9.001775e-19
5.480017247798348e-09	-0.025328545	0.030133966	0.96418434	0	0	0.38	-1.0762987e-18
5.490013541706309e-09	-0.01166806	-0.020650988	0.96696436	0	0	0.38	-1.5491748e-18
5.50000912162907e-09	0.020328421	-0.018134475	0.9652272	0	0	0.38	-1.7564825e-18
5.510024947438236e-09	0.014918611	0.020014115	0.9645714	0	0	0.38	-7.534924e-19
5.520037861180622e-09	-0.033104476	0.01734786	0.9662685	0	0	0.38	-2.346734e-18
5.530035183511001e-09	-0.01618692	-0.028857537	0.9641901	0	0	0.38	-9.910532e-19
5.540001695892961e-09	0.01269272	-0.02236962	0.9628754	0	0	0.38	-1.7372573e-18
5.550011485493463e-09	0.009450956	0.016111143	0.9646359	0	0	0.38	-6.818502e-19
5.560001609732908e-09	-0.028176067	0.008940477	0.9680106	0	0	0.38	-1.5301597e-18
5.570053206665127e-09	-0.012657158	-0.02916739	0.96649456	0	0	0.38	-1.1733858e-18
5.580009714958715e-09	0.0205033	-0.025104944	0.96634424	0	0	0.38	-9.319915e-19
5.590041908326099e-09	0.030712599	0.008075859	0.96579933	0	0	0.38	-8.219758e-19
5.6000418977133616e-09	0.016900362	0.019736998	0.9661477	0	0	0.38	-9.697586e-19
5.610055227651013e-09	-0.00899727	0.02012531	0.9654637	0	0	0.38	-2.0012599e-18
5.620012874731449e-09	-0.013182191	4.171738e-06	0.96450263	0	0	0.38	-2.8058646e-19
5.630017558594566e-09	0.01124796	-0.012712473	0.96249855	0	0	0.38	-6.400459e-19
5.640033899583458e-09	0.011205645	0.0153291775	0.96393824	0	0	0.38	-1.341845e-18
5.650045869022703e-09	-0.021179596	0.015730828	0.96082157	0	0	0.38	-8.831834e-19
5.660022729791097e-09	-0.017610924	-0.006453701	0.9641283	0	0	0.38	-1.5089778e-18
5.670061786605173e-09	-0.003757351	0.002994693	0.9637603	0	0	0.38	-7.4586643e-19
5.680015660043282e-09	0.0052815797	-0.0020423864	0.9658035	0	0	0.38	-7.8708246e-19
5.690055153279922e-09	0.006638835	-0.0005281575	0.96742094	0	0	0.38	-1.4286274e-18
5.700026266462211e-09	-0.01133104	0.0056067794	0.96561533	0	0	0.38	-7.2156785e-19
5.7100284606063335e-09	-0.004060732	-0.020837765	0.9663719	0	0	0.38	-1.6267294e-18
5.720022968352576e-09	0.018299596	-0.008677434	0.9658597	0	0	0.38	-1.6107088e-18
5.730029440783928e-09	0.0040620887	0.012103631	0.9626286	0	0	0.38	-1.0434718e-18
5.740004790390167e-09	-0.010269663	0.0012497186	0.9636938	0	0	0.38	-6.3299293e-19
5.750007637964352e-09	-0.012930946	-0.012132815	0.96691126	0	0	0.38	-1.0540662e-18
5.7600411668829e-09	0.023143262	-0.008262314	0.9638338	0	0	0.38	-9.847669e-19
5.770035243419276e-09	0.020736525	0.024377778	0.9637773	0	0	0.38	-9.341678e-19
5.780008807249497e-09	-0.035668977	0.01776322	0.96462315	0	0	0.38	-1.7862996e-19
5.790034113869744e-09	-0.014348956	-0.035866614	0.96392286	0	0	0.38	-1.2048951e-18
5.800055189074164e-09	0.044533707	-0.006892849	0.96487063	0	0	0.38	-1.314028e-18
5.8100269269759115e-09	-0.0142694255	0.04092541	0.9659006	0	0	0.38	-1.7286226e-18
5.8200313808387816e-09	-0.045923486	0.0044566905	0.9637158	0	0	0.38	-1.0541439e-18
5.830004032186354e-09	-0.01024216	-0.057644155	0.96535414	0	0	0.38	-1.7610419e-18
5.840035102022095e-09	0.047958758	-0.008244638	0.96436435	0	0	0.38	-1.0414342e-18
5.850030885813283e-09	0.011863638	0.03975633	0.96817255	0	0	0.38	-2.4484428e-18
5.8600173934239065e-09	-0.071752146	0.03177948	0.9658222	0	0	0.38	-1.3810373e-18
5.870026654177625e-09	-0.02187307	-0.055688627	0.96486795	0	0	0.38	-2.0551553e-18
5.8800595295140205e-09	0.059211798	-0.023209497	0.9651745	0	0	0.38	-5.702958e-19
5.890039906346808e-09	0.047362134	0.060401436	0.964837	0	0	0.38	-1.2227429e-18
5.900051635154732e-09	-0.065283515	0.03526257	0.9641075	0	0	0.38	-1.1680272e-18
5.91001463158929e-09	-0.036748763	-0.05932693	0.9639317	0	0	0.38	-1.1163851e-18
5.920009161998409e-09	0.049588922	-0.05703042	0.96231735	0	0	0.38	-4.0527678e-19
5.930036827947329e-09	0.050063696	0.024763186	0.9633144	0	0	0.38	-9.591759e-19
5.940053691606386e-09	-0.022728316	0.05281457	0.9632817	0	0	0.38	-1.777236e-18
5.950057242369318e-09	-0.07125025	-0.018614879	0.9623179	0	0	0.38	1.815971e-19
5.9600511729788994e-09	0.014642989	-0.07219515	0.9628118	0	0	0.38	-1.2857309e-18
5.970023532844921e-09	0.06242799	-0.0011370769	0.9635202	0	0	0.38	-2.0890393e-18
5.980001055066521e-09	0.021455431	0.072191864	0.96460605	0	0	0.38	-1.7922684e-18
5.990047009395168e-09	-0.0674039	0.0233041	0.96582127	0	0	0.38	-3.9808897e-19
6.000060716419357e-09	-0.04000928	-0.047596198	0.96257097	0	0	0.38	-6.148217e-20
6.010029765594052e-09	0.035182465	-0.048003465	0.9637917	0	0	0.38	-1.16235e-18
6.02002680396373e-09	0.053930823	0.008080083	0.9656946	0	0	0.38	-1.3410253e-18
6.030025522018435e-09	-0.01911991	0.050309356	0.9646226	0	0	0.38	-2.0965164e-18
6.040016445894813e-09	-0.045082994	-0.0013126972	0.9655802	0	0	0.38	-1.9624167e-18
6.050057927836693e-09	0.0027579297	-0.03725287	0.9681538	0	0	0.38	-1.9945533e-18
6.060012242750561e-09	0.036065456	-0.012107147	0.9616432	0	0	0.38	-3.5993213e-19
6.070054963503366e-09	0.026810132	0.02005028	0.9612093	0	0	0.38	-8.298739e-19
6.0800218323875364e-09	-0.012916872	0.026266504	0.9626369	0	0	0.38	-1.1349947e-18
6.090007109340807e-09	-0.027930167	-0.013933142	0.9627152	0	0	0.38	-1.3524653e-18
6.100051871490974e-09	0.010896831	-0.008409155	0.9614492	0	0	0.38	-1.9321349e-18
6.110011025448218e-09	-0.007304923	0.0132799335	0.9660835	0	0	0.38	-1.5123782e-18
6.120061871365052e-09	-0.020415135	-0.0019769862	0.9646768	0	0	0.38	-1.6097702e-18
6.130007732166307e-09	0.023081373	-0.008828304	0.96394444	0	0	0.38	-3.6400967e-19
6.140021336311745e-09	0.0040493207	0.013725026	0.96789515	0	0	0.38	-2.0265286e-18
6.150014572777332e-09	-0.012862985	0.0006162744	0.968133	0	0	0.38	-1.6546963e-18
6.1600091275124795e-09	-0.0023836268	-0.032217577	0.96570563	0	0	0.38	-2.2743281e-18
6.170007657742135e-09	0.035588637	-0.00030707257	0.9667847	0	0	0.38	-1.1884888e-18
6.180039408820302e-09	0.013442911	0.05056073	0.96511257	0	0	0.38	-2.0046404e-19
6.1900356708129885e-09	-0.062479123	0.026754633	0.9635405	0	0	0.38	-3.7474366e-19
6.2000190557121424e-09	-0.040756833	-0.0379819	0.96516067	0	0	0.38	-1.5813771e-18
6.210033908287758e-09	0.046816338	-0.043650426	0.96366876	0	0	0.38	-2.1029818e-18
6.220021957612598e-09	0.031941228	0.054107774	0.9658488	0	0	0.38	-1.5199463e-18
6.2300270806668325e-09	-0.04900067	0.025865972	0.96333635	0	0	0.38	-4.593412e-19
6.240043198739943e-09	-0.026076099	-0.039929405	0.96568954	0	0	0.38	-1.5319367e-18
6.250057544954698e-09	0.039325867	-0.017144509	0.9646947	0	0	0.38	-1.481115e-18
6.26004325669532e-09	0.018052386	0.040067255	0.96523046	0	0	0.38	1.0363694e-20
6.270023002732413e-09	-0.0333353	0.025308942	0.96482956	0	0	0.38	-1.623775e-18
6.280063968060548e-09	-0.024586525	-0.01351729	0.96764153	0	0	0.38	-1.1018245e-18
6.290021868912692e-09	-0.0042987233	-0.029524948	0.96701455	0	0	0.38	-1.149638e-18
6.3000240941232684e-09	0.046232868	-0.0027575563	0.96646357	0	0	0.38	-1.2335356e-18
6.310055250765431e-09	0.024495369	0.030117275	0.9649197	0	0	0.38	-5.9293697e-19
6.320001359018212e-09	-0.020668855	0.02263672	0.96413445	0	0	0.38	-7.6686333e-19
6.330033703620104e-09	-0.0303028	-0.024977999	0.9639568	0	0	0.38	-1.5766078e-18
6.340058694914475e-09	0.014102554	-0.037796292	0.9627406	0	0	0.38	-1.5662259e-18
6.350001944773358e-09	0.03555787	0.0155479945	0.9633145	0	0	0.38	-1.1221425e-18
6.360042930505161e-09	-0.008071644	0.035892427	0.9650589	0	0	0.38	-1.0234247e-18
6.370059350303814e-09	-0.024065293	-0.017318437	0.9651005	0	0	0.38	-1.6716683e-18
6.3800319810009014e-09	0.01587067	-0.030012308	0.962932	0	0	0.38	-2.0659973e-18
6.390029887185853e-09	0.012926609	0.014106025	0.96082556	0	0	0.38	-6.25899e-19
6.400032427452627e-09	-0.005384438	0.004802488	0.96150726	0	0	0.38	-1.5005655e-18
6.410018772667159e-09	0.0007242358	-0.016987897	0.96126837	0	0	0.38	-2.0968668e-19
6.420026199262195e-09	0.009276751	-0.0024456326	0.96373427	0	0	0.38	-1.7598555e-18
6.430032072281349e-09	0.016438078	0.010002876	0.9629885	0	0	0.38	-1.09512e-18
6.440021676077892e-09	-0.0116994195	0.019931559	0.96540755	0	0	0.38	-7.589226e-19
6.450011525146618e-09	-0.012343439	-0.00037139037	0.96655095	0	0	0.38	-1.2742243e-18
6.460028286181979e-09	-0.0057388246	-0.030052686	0.9659122	0	0	0.38	-9.453427e-19
6.470050192317028e-09	0.029836724	-0.002818056	0.96448493	0	0	0.38	-8.0749713e-19
6.480002061049356e-09	-0.0038163033	0.021969488	0.9678316	0	0	0.38	-1.6556616e-18
6.490030908310768e-09	-0.037518427	-0.015878588	0.9623651	0	0	0.38	-1.112188e-18
6.5000247105906175e-09	0.010255891	-0.0214225	0.965207	0	0	0.38	-1.8598922e-18
6.510037682522205e-09	0.020623999	0.0075375726	0.965069	0	0	0.38	-1.0109545e-18
6.5200251786184495e-09	-0.008825401	0.014906155	0.9624709	0	0	0.38	-1.7116726e-19
6.530054223623164e-09	-0.01503781	0.0005099644	0.96583813	0	0	0.38	-7.590079e-19
6.540032634794915e-09	0.0057544084	-0.015781557	0.96791023	0	0	0.38	-3.9621103e-19
6.5500111749961286e-09	0.028122174	0.008733907	0.9654799	0	0	0.38	-1.4016533e-18
6.56000828597791e-09	0.009260314	0.03747426	0.96521294	0	0	0.38	-2.098388e-18
6.570041919800644e-09	-0.020438425	0.020350931	0.96602607	0	0	0.38	-2.077584e-19
6.580052512377738e-09	-0.031032542	-0.021427559	0.96468455	0	0	0.38	-3.0930664e-19
6.590033254793426e-09	0.008464301	-0.038588688	0.9641761	0	0	0.38	-2.3663034e-18
6.600012570233662e-09	0.032944042	-0.0027832915	0.96616155	0	0	0.38	-5.2275563e-20
6.61000088838145e-09	0.011196483	0.023886014	0.965751	0	0	0.38	-1.224314e-18
6.620033912782268e-09	-0.01477432	0.023091335	0.9649623	0	0	0.38	-9.967122e-19
6.630031301785343e-09	-0.03657644	-0.014539476	0.9635533	0	0	0.38	-9.977389e-19
6.6400150249762455e-09	0.009764887	-0.047718912	0.96389925	0	0	0.38	-4.3808917e-19
6.6500050805345765e-09	0.048306875	0.018534087	0.9647588	0	0	0.38	-2.6531053e-19
6.660002593725514e-09	-0.01254334	0.045323826	0.9661741	0	0	0.38	-5.249519e-19
6.670048919384328e-09	-0.031391647	0.0046080067	0.9665066	0	0	0.38	-1.4973895e-18
6.680016955549089e-09	0.005852045	-0.02630543	0.9668059	0	0	0.38	-7.5662154e-19
6.690015840036662e-09	0.040831532	0.0037556752	0.9682701	0	0	0.38	-1.5998873e-18
6.7000596985882075e-09	-0.0067552747	0.028494935	0.96831316	0	0	0.38	-1.2841604e-18
6.710015946616217e-09	-0.010318657	0.0023534785	0.967291	0	0	0.38	-1.3402222e-18
6.7200107685747345e-09	-0.016943948	-0.023017678	0.96657723	0	0	0.38	1.7592662e-19
6.730033450374955e-09	0.019502155	-0.0070724436	0.9671933	0	0	0.38	2.5771741e-20
6.7400495035475886e-09	0.0056660306	0.004129615	0.96523684	0	0	0.38	-2.192267e-18
6.750051474688326e-09	-0.01918376	0.004766099	0.9655963	0	0	0.38	-9.796104e-19
6.7600409740217324e-09	-0.004178303	-0.025164515	0.964458	0	0	0.38	-6.2826916e-19
6.770045829634318e-09	0.014306468	-0.017913185	0.9682934	0	0	0.38	-1.3161069e-18
6.780018975346163e-09	0.02434809	0.013700337	0.9670251	0	0	0.38	-9.406853e-19
6.790006525942212e-09	-0.0060624937	0.020402541	0.96737546	0	0	0.38	-1.2651823e-18
6.800057623510764e-09	-0.004812544	0.006039192	0.9656581	0	0	0.38	-5.824676e-19
6.810062848611496e-09	0.00095156376	0.0031633882	0.9658286	0	0	0.38	-1.0997632e-18
6.820050182940254e-09	-0.0006048274	0.013679382	0.96474326	0	0	0.38	-2.242916e-18
6.830024599859569e-09	-0.018222738	-0.0013941204	0.9639043	0	0	0.38	-7.876063e-19
6.840028369163623e-09	-0.002749496	-0.007910707	0.9620961	0	0	0.38	-8.915268e-19
6.850038520861293e-09	0.01255928	-0.0018261515	0.96169615	0	0	0.38	-2.0238132e-18
6.860007091861298e-09	0.0016450917	0.0140839	0.9603572	0	0	0.38	-2.0208508e-18
6.870026754230739e-09	-0.000680597	-0.0041965875	0.96000844	0	0	0.38	-1.8328422e-18
6.880026672898271e-09	0.0039968304	0.004526083	0.9613759	0	0	0.38	-1.0929657e-18
6.890036195199239e-09	0.011262888	-0.003504133	0.96347934	0	0	0.38	-6.731777e-19
6.90004595998449e-09	-0.0042790286	-0.009496339	0.96296376	0	0	0.38	-1.9045896e-18
6.910002976923158e-09	-0.0023184633	-0.0064951926	0.96226245	0	0	0.38	-1.2700521e-18
6.920034589947372e-09	-0.0011974039	0.01578922	0.9611701	0	0	0.38	-9.978111e-19
6.930009338942978e-09	-0.018670836	-0.0035358085	0.9605037	0	0	0.38	-8.375734e-19
6.940039940442266e-09	-0.0012075948	-0.014096021	0.9623864	0	0	0.38	-7.396765e-19
6.950027427726966e-09	0.018677045	-0.017103344	0.9651417	0	0	0.38	-1.6606967e-18
6.960024024340453e-09	0.01618082	0.022797449	0.9663706	0	0	0.38	-1.2341097e-18
6.970015496835682e-09	-0.015917398	0.010846705	0.96724564	0	0	0.38	-1.119883e-18
6.980025438717464e-09	-0.009451886	-0.009391735	0.96430427	0	0	0.38	-2.0850219e-18
6.9900089085716934e-09	-0.007528033	-0.0040945807	0.9639602	0	0	0.38	-1.5397173e-18
7.000058568542696e-09	0.032696735	-0.0038635212	0.96512896	0	0	0.38	-4.289784e-19
7.010005845712132e-09	-0.005071071	0.02224702	0.9648887	0	0	0.38	-6.8954e-19
7.02005829030791e-09	-0.008240541	-0.0069964267	0.966035	0	0	0.38	-1.2047765e-18
7.0300353073056935e-09	0.011120455	0.004623998	0.9662246	0	0	0.38	-1.7595488e-18
7.040008796829085e-09	-0.024606302	0.009292158	0.9629707	0	0	0.38	2.7954424e-19
7.050007757021194e-09	0.008307863	-0.017773708	0.9643954	0	0	0.38	-1.3194939e-18
7.060061945459675e-09	0.015778156	0.036581073	0.96380013	0	0	0.38	-1.2815742e-18
7.070001037148374e-09	-0.035199612	0.028142273	0.9636931	0	0	0.38	-2.122808e-18
7.080032702978269e-09	-0.016579585	-0.03390865	0.96269006	0	0	0.38	-1.0865049e-18
7.090046358109101e-09	0.012474977	-0.009241743	0.96508324	0	0	0.38	-1.1749461e-18
7.100024689666105e-09	-0.001057996	0.021335296	0.9663929	0	0	0.38	-1.3509011e-18
7.1100458153819944e-09	-0.000121586425	-0.009550652	0.9642852	0	0	0.38	-1.5130832e-18
7.120058170980863e-09	0.0034770896	0.01232871	0.9637756	0	0	0.38	-1.5686613e-18
7.130013272928269e-09	-0.025445856	0.010158735	0.9616046	0	0	0.38	-7.966341e-19
7.140006605565392e-09	-0.011481957	-0.026557013	0.96420527	0	0	0.38	-1.6110252e-18
7.150046950384967e-09	0.019075466	-0.0045747305	0.9647194	0	0	0.38	-2.1570052e-18
7.160040601819037e-09	-0.0025503444	0.010008089	0.9644985	0	0	0.38	-1.7520066e-18
7.1700064549491286e-09	-0.019095361	-0.0038711915	0.96680516	0	0	0.38	-6.8969906e-19
7.180030324300138e-09	-0.021449296	-0.0089886235	0.9676939	0	0	0.38	-1.3802241e-18
7.19004215896198e-09	0.0056697642	-0.013949233	0.96658564	0	0	0.38	-1.2474737e-18
7.200034581053392e-09	0.020966452	0.01616598	0.9681126	0	0	0.38	-1.3812124e-18
7.210038767164672e-09	-0.027787862	0.019247625	0.96651405	0	0	0.38	-1.4241284e-18
7.220021633535082e-09	-0.01230143	-0.021805702	0.96473086	0	0	0.38	-1.8850162e-18
7.230062026490149e-09	0.017439013	-0.017485252	0.9618568	0	0	0.38	-1.0479393e-19
7.240001437424327e-09	0.022420118	0.0048588766	0.96413296	0	0	0.38	-1.1371177e-18
7.250013633867274e-09	-0.0017184131	0.020241497	0.96462846	0	0	0.38	-1.52318e-18
7.260030894967599e-09	-0.027956586	0.0055580633	0.9656271	0	0	0.38	-8.92111e-19
7.270051850320289e-09	-0.004234246	-0.022321695	0.9653197	0	0	0.38	-6.985612e-19
7.28005248249412e-09	0.03683462	0.0056537027	0.9683447	0	0	0.38	-1.6659876e-18
7.290042712003645e-09	0.014656629	0.044983644	0.9628702	0	0	0.38	-7.620741e-19
7.300046757173776e-09	-0.04446615	0.012927108	0.9675495	0	0	0.38	-1.7413378e-18
7.31000867156932e-09	-0.016568223	-0.05266911	0.9659985	0	0	0.38	-1.2250633e-18
7.320025155546822e-09	0.05087546	-0.03614462	0.96585137	0	0	0.38	-1.3815545e-18
7.330048362376793e-09	0.04538228	0.03178982	0.96589524	0	0	0.38	-1.3772929e-18
7.340056168403898e-09	-0.021304106	0.043415427	0.96793413	0	0	0.38	-1.8434491e-18
7.35004747917985e-09	-0.061370622	-0.0042173085	0.9650383	0	0	0.38	-1.1813819e-18
7.360027163218569e-09	-0.0058962875	-0.053726394	0.96508896	0	0	0.38	-7.284596e-19
7.370034162783065e-09	0.049891245	-0.0033538095	0.9679945	0	0	0.38	-1.5460132e-18
7.380000901445946e-09	0.008863197	0.049006175	0.9670606	0	0	0.38	-6.2708174e-19
7.390025712100532e-09	-0.04517301	0.02046619	0.96478784	0	0	0.38	-2.068854e-19
7.400008226418208e-09	-0.023819664	-0.02996129	0.96784925	0	0	0.38	3.4160117e-20
7.4100093079813445e-09	0.024897639	-0.030728217	0.9657858	0	0	0.38	-1.947477e-18
7.420059734220403e-09	0.027201107	0.016351828	0.96729404	0	0	0.38	-1.2446721e-18
7.430044030452804e-09	0.0075935246	0.024874136	0.96802706	0	0	0.38	-1.4263654e-18
7.440016496785363e-09	-0.039580923	0.023751315	0.96669835	0	0	0.38	-1.317941e-18
7.450011464005188e-09	-0.01884439	-0.035048544	0.96623975	0	0	0.38	-9.422614e-19
7.460023530242401e-09	0.0050032632	-0.03388579	0.96324986	0	0	0.38	-1.0324609e-18
7.4700344282662e-09	0.051433336	-0.027391408	0.9585121	0	0	0.38	-6.5553e-19
7.480034878789831e-09	0.039331064	0.055469636	0.96052426	0	0	0.38	-3.250576e-19
7.490044688269337e-09	-0.04873038	0.07003916	0.960264	0	0	0.38	-1.5607153e-18
7.500005673111772e-09	-0.07562643	-0.030178618	0.9625573	0	0	0.38	-1.6991335e-18
7.510021027205766e-09	0.028965691	-0.07246758	0.96288735	0	0	0.38	-1.9177153e-18
7.52005239559302e-09	0.07471786	0.017335203	0.96303177	0	0	0.38	-1.5706785e-18
7.530048309150028e-09	0.012463034	0.074247904	0.96147764	0	0	0.38	-7.5979347e-19
7.540031919923109e-09	-0.07220699	0.022666894	0.9590855	0	0	0.38	-6.731778e-19
7.550013536197431e-09	-0.03475487	-0.062747374	0.9588056	0	0	0.38	-6.2846143e-19
7.560006470806975e-09	0.049851198	-0.058468804	0.95773685	0	0	0.38	-8.730174e-19
7.570007501248985e-09	0.05451847	0.034545373	0.95793563	0	0	0.38	-9.124508e-19
7.580049324904699e-09	-0.03540127	0.06847227	0.9586262	0	0	0.38	-7.256725e-19
7.59006171470506e-09	-0.07247138	-0.033694826	0.95969063	0	0	0.38	-9.323435e-19
7.600049580296605e-09	0.012853054	-0.07904842	0.9620054	0	0	0.38	-2.829137e-18
7.610045692986315e-09	0.079469785	-0.0015903359	0.9632482	0	0	0.38	-1.773524e-18
7.620002092530192e-09	0.0165089	0.08466019	0.9617428	0	0	0.38	-1.245963e-18
7.630053335666554e-09	-0.07877628	0.021285959	0.96369606	0	0	0.38	-1.2968028e-18
7.640059469861201e-09	-0.041976552	-0.07990865	0.960578	0	0	0.38	-2.621088e-19
7.650026643717504e-09	0.046460602	-0.04734118	0.9617278	0	0	0.38	-1.4537144e-18
7.660054639200466e-09	0.061356623	0.021613551	0.9631455	0	0	0.38	-1.7873605e-18
7.670029974056744e-09	-0.0120528955	0.0566048	0.9648143	0	0	0.38	-1.2748628e-18
7.680015180360922e-09	-0.04699077	-0.011706379	0.96343136	0	0	0.38	-1.6945531e-18
7.690047833599142e-09	0.036465526	-0.051142555	0.9622436	0	0	0.38	-1.4947912e-18
7.700006698460198e-09	0.034125797	0.018667996	0.9626268	0	0	0.38	-1.4401431e-18
7.710049695425048e-09	-0.023357067	0.02540086	0.96250886	0	0	0.38	-8.566299e-19
7.720000248598442e-09	-0.022471644	-0.013425373	0.9638585	0	0	0.38	-1.3324792e-18
7.730015670622089e-09	0.010994089	-0.016943583	0.96414846	0	0	0.38	-2.107964e-18
7.740017951784816e-09	0.024346579	-0.003094598	0.96322465	0	0	0.38	-2.1414354e-18
7.750047941662442e-09	0.025478149	0.013917792	0.96477056	0	0	0.38	-1.1663153e-18
7.760008551484869e-09	-0.03150447	0.024146907	0.9661246	0	0	0.38	-1.2710202e-18
7.770015918221822e-09	-0.011780005	-0.030980293	0.9670293	0	0	0.38	-7.199528e-19
7.780040292859872e-09	0.037385255	-0.0112278685	0.9668849	0	0	0.38	-6.6428807e-19
7.790024787716381e-09	0.00882114	0.046117578	0.9661005	0	0	0.38	-1.9853753e-18
7.800059724597323e-09	-0.027114548	0.009769396	0.9671151	0	0	0.38	-1.2364614e-18
7.81003175512523e-09	-0.017636577	-0.019565834	0.9667651	0	0	0.38	-1.2271127e-18
7.820060424999452e-09	0.013958387	-0.025037507	0.9659628	0	0	0.38	-9.588317e-19
7.830051311563893e-09	0.02842662	0.020822855	0.9672429	0	0	0.38	-2.5924306e-19
7.840053237394144e-09	-0.031674363	0.040513597	0.96540135	0	0	0.38	-9.309096e-19
7.850048558178138e-09	-0.030454637	-0.024996405	0.96606416	0	0	0.38	-1.7164528e-18
7.860042536502022e-09	0.009021607	-0.024616556	0.964803	0	0	0.38	-1.8069047e-18
7.87000215969845e-09	0.021601101	-0.0036622186	0.96486884	0	0	0.38	-1.6276352e-18
7.88001488545401e-09	0.0031656832	0.018005528	0.96329135	0	0	0.38	-2.1536787e-18
7.890036045035646e-09	-0.023078002	0.017762601	0.9641991	0	0	0.38	-8.534907e-19
7.900010277211013e-09	-0.0006607947	-0.01784768	0.96426755	0	0	0.38	-1.2874788e-18
7.910040924539607e-09	0.025211208	0.0060617737	0.9648639	0	0	0.38	-1.917302e-18
7.920051041370615e-09	0.003024719	0.015278694	0.964607	0	0	0.38	-4.4768736e-19
7.930055685952498e-09	-0.016882285	-0.00018827316	0.9632585	0	0	0.38	-9.844696e-19
7.940038255173806e-09	0.009095676	-0.025377637	0.9620347	0	0	0.38	-1.8215353e-18
7.950004595501909e-09	0.029001422	0.00059085054	0.9638167	0	0	0.38	-1.1908485e-18
7.96003034455348e-09	0.0086987065	0.02844486	0.96234816	0	0	0.38	-1.9700522e-18
7.970042795537763e-09	-0.0063966834	0.019944886	0.9657613	0	0	0.38	-2.3291013e-18
7.980044182435665e-09	-0.035391945	-0.013447931	0.9637337	0	0	0.38	-9.726012e-19
7.99003964381756e-09	0.0032451516	-0.03564388	0.96133167	0	0	0.38	-2.0832684e-18
8.000006794782817e-09	0.04345277	0.0011604866	0.9647742	0	0	0.38	-1.4512842e-18
8.01000611365024e-09	0.0038834251	0.03644008	0.9627003	0	0	0.38	-1.7310176e-18
8.020050295647466e-09	-0.029368177	0.012422054	0.9642496	0	0	0.38	-2.156056e-18
8.030003692484766e-09	0.0019451879	-0.02767967	0.9641674	0	0	0.38	-7.197321e-19
8.040018949679335e-09	0.040245824	-0.0047118445	0.96366215	0	0	0.38	-6.0232573e-19
8.05005588450109e-09	0.011879643	0.024146874	0.96757275	0	0	0.38	-1.5816811e-18
8.060006692508271e-09	-0.010636194	0.028086018	0.9634245	0	0	0.38	-5.8737077e-19
8.070009559213951e-09	-0.03245438	0.0029470932	0.96429867	0	0	0.38	-7.4927617e-19
8.080043963629358e-09	-0.00016419464	-0.0031800559	0.9663324	0	0	0.38	-1.6086838e-18
8.09000449267442e-09	0.0055807857	0.009026634	0.9668741	0	0	0.38	-7.769189e-19
8.100008248333606e-09	-0.00025275804	7.2598166e-05	0.9645592	0	0	0.38	-1.201045e-18
8.110027296577793e-09	-0.013316643	-0.0028034372	0.964601	0	0	0.38	-3.2789116e-19
8.120019565549543e-09	0.0014560446	-0.0017102181	0.96688	0	0	0.38	-1.1328656e-18
8.130056338720482e-09	-0.0017560938	0.003961541	0.9657852	0	0	0.38	-1.353407e-18
8.14000041106023e-09	0.012951532	0.0051043844	0.96369165	0	0	0.38	-3.2868058e-19
8.150065485962941e-09	-0.013278222	0.017980034	0.9637563	0	0	0.38	-1.10267e-18
8.160063071669046e-09	-0.005708974	-0.010962755	0.96233046	0	0	0.38	-9.959732e-19
8.170026565568354e-09	-0.01858773	0.01630019	0.96328586	0	0	0.38	-1.85346e-18
8.180019475396117e-09	-0.026800776	-0.01332107	0.9655437	0	0	0.38	-1.6422636e-18
8.190017271664582e-09	-0.004357946	-0.025256893	0.96200275	0	0	0.38	-2.3273645e-18
8.200048839190326e-09	0.024041448	-0.0028129176	0.9626238	0	0	0.38	-1.1253394e-18
8.210040917530604e-09	-0.014854326	0.008296527	0.9644511	0	0	0.38	-1.134031e-18
8.220013239794817e-09	-0.014113139	-0.009840464	0.96484923	0	0	0.38	-1.6401865e-18
8.230009817468182e-09	0.004952996	0.007498844	0.9650728	0	0	0.38	-1.1070696e-18
8.240015535079977e-09	-0.0016526869	0.00072596106	0.9665845	0	0	0.38	-1.3791467e-18
8.25002521973125e-09	0.0019688113	-0.022595232	0.9638579	0	0	0.38	-7.4696177e-19
8.260012660275973e-09	0.010737601	-0.004942374	0.9673537	0	0	0.38	-1.0779877e-18
8.270028298689545e-09	-0.0046652197	0.02531287	0.9650223	0	0	0.38	-1.0554984e-18
8.280055395580536e-09	-0.01057915	-0.0033170695	0.96597725	0	0	0.38	-6.3029534e-19
8.290030116278145e-09	-3.213718e-05	-0.009092097	0.9664341	0	0	0.38	-1.448109e-18
8.300035509749867e-09	-0.0017324087	0.013346277	0.9646025	0	0	0.38	-6.3537837e-19
8.310015480269371e-09	-0.018491445	-0.0029430694	0.9649257	0	0	0.38	-8.168767e-19
8.320044237771692e-09	-0.0064618518	-0.01834537	0.9695611	0	0	0.38	-1.6197465e-18
8.330037120367656e-09	0.018338438	-0.011614917	0.9676865	0	0	0.38	-1.6606479e-18
8.340005983869615e-09	0.010143249	-0.0023946315	0.96871895	0	0	0.38	-1.0060462e-18
8.350041391600049e-09	0.0033632857	-0.0014264158	0.96714187	0	0	0.38	-1.1477627e-18
8.360057864212215e-09	0.0036966004	0.002160784	0.96340805	0	0	0.38	-6.7472094e-19
8.370024472160802e-09	-0.00040063483	0.019487686	0.96596915	0	0	0.38	-1.8198749e-18
8.380002969198068e-09	-0.020895705	-0.0005125556	0.9681523	0	0	0.38	-1.5321372e-18
8.390033332939581e-09	-0.017632445	-0.024285244	0.9648803	0	0	0.38	-1.2834125e-18
8.40001647005094e-09	0.0066591613	-0.023008695	0.9659708	0	0	0.38	-1.4763498e-18
8.410049656408379e-09	0.040424574	-0.0011731627	0.9635735	0	0	0.38	-1.2600513e-18
8.420058114384112e-09	-0.0054968237	0.020868605	0.9650327	0	0	0.38	-9.565987e-19
8.430060288328425e-09	-0.017788988	0.002987117	0.9688838	0	0	0.38	-1.2139131e-18
8.440018884102126e-09	-0.003567691	-0.011792304	0.96731645	0	0	0.38	-1.4886774e-18
8.450008870815141e-09	0.010942811	-0.011724415	0.9663443	0	0	0.38	-1.5580679e-18
8.46004763929979e-09	0.006935627	-0.0077166664	0.96458846	0	0	0.38	-5.906141e-19
8.470021067065411e-09	0.00057673984	0.0046235397	0.9632116	0	0	0.38	-5.8461166e-19
8.480008474545417e-09	-0.0034451508	0.003104123	0.9645081	0	0	0.38	-1.0242797e-18
8.490039974231489e-09	0.0051598595	-0.01646565	0.964042	0	0	0.38	-9.448739e-19
8.50005666295877e-09	0.03280121	0.015599305	0.9631887	0	0	0.38	-7.916805e-19
8.510056971943337e-09	-0.01649342	0.052515216	0.9629364	0	0	0.38	-1.3157794e-18
8.520033894477261e-09	-0.058702223	-0.010922006	0.9614142	0	0	0.38	-6.022735e-19
8.530002088647793e-09	-0.0023731699	-0.049928483	0.9632499	0	0	0.38	-1.916543e-18
8.540023210386538e-09	0.06397509	-0.015639078	0.96172154	0	0	0.38	-1.567444e-18
8.550033707612377e-09	0.028911877	0.07292014	0.95800495	0	0	0.38	-3.6549087e-19
8.560017629026922e-09	-0.076729625	0.042991314	0.9595775	0	0	0.38	-1.6673613e-18
8.570040823702534e-09	-0.051067688	-0.087613545	0.95740116	0	0	0.38	-1.0145732e-18
8.580060630913329e-09	0.070578255	-0.048494086	0.96307844	0	0	0.38	-1.2053024e-18
8.5900010097963e-09	0.053673044	0.05987772	0.96326756	0	0	0.38	-1.3338072e-18
8.600008705356906e-09	-0.047406226	0.05587744	0.9632315	0	0	0.38	-1.4720736e-18
8.610060456895097e-09	-0.054590687	-0.040200826	0.96156925	0	0	0.38	-1.336751e-18
8.620059069869507e-09	0.02240264	-0.08049886	0.96296895	0	0	0.38	-1.1852222e-18
8.630045597335494e-09	0.085531846	-0.0015187451	0.9588879	0	0	0.38	-2.0710237e-18
8.640042324357005e-09	0.013174551	0.07705993	0.9618073	0	0	0.38	-1.315127e-18
8.650024386430866e-09	-0.06297376	0.03507868	0.9622091	0	0	0.38	-1.0894244e-18
8.660046419353708e-09	-0.028434068	-0.062581554	0.96411824	0	0	0.38	-1.1670764e-18
8.670013137599477e-09	0.051329307	-0.036455147	0.9615372	0	0	0.38	-1.4757541e-18
8.68001362190965e-09	0.059832662	0.03137799	0.9630581	0	0	0.38	-1.6233124e-18
8.690019422737339e-09	-0.020237735	0.05811637	0.9616495	0	0	0.38	-4.7623766e-19
8.700044109119048e-09	-0.053546097	-0.009741391	0.9606113	0	0	0.38	-1.3043571e-18
8.710049278219783e-09	-0.011372862	-0.06252139	0.9607982	0	0	0.38	-9.965176e-19
8.72005456438438e-09	0.068457216	-0.01865699	0.9599157	0	0	0.38	-3.4431807e-19
8.730019818351529e-09	0.026861139	0.0512072	0.9620528	0	0	0.38	-1.0306576e-18
8.740058374530146e-09	-0.047508117	0.049134843	0.9624444	0	0	0.38	-1.4600047e-18
8.750032292476113e-09	-0.05339558	-0.043142986	0.9619736	0	0	0.38	-7.922483e-19
8.760029211706197e-09	0.02948472	-0.047665827	0.96164995	0	0	0.38	-1.9599844e-18
8.770035244077376e-09	0.050481476	0.014480687	0.9644965	0	0	0.38	-1.4341859e-18
8.780013788307916e-09	-0.0053454475	0.05417714	0.96359533	0	0	0.38	-9.015326e-19
8.79003650869076e-09	-0.061790556	0.00073163613	0.9647608	0	0	0.38	-1.4938539e-18
8.800008052946056e-09	-0.02022675	-0.07010431	0.96049404	0	0	0.38	-1.135567e-18
8.81001397429236e-09	0.066407874	-0.016179912	0.9609062	0	0	0.38	1.2975239e-19
8.82005326931401e-09	0.026160508	0.051533323	0.9593947	0	0	0.38	-1.260718e-18
8.830027151211637e-09	-0.035949316	0.02024102	0.96195614	0	0	0.38	-7.1422016e-19
8.840024890993771e-09	-0.02786478	-0.024246536	0.9601328	0	0	0.38	-1.2125278e-18
8.850028108863362e-09	0.023114877	-0.04061775	0.9611667	0	0	0.38	-6.6439953e-19
8.860059224369729e-09	0.045527354	0.023101132	0.96456325	0	0	0.38	-9.782178e-19
8.870011938230078e-09	-0.012701502	0.043496	0.9656669	0	0	0.38	-2.4461726e-18
8.880017405686036e-09	-0.041111086	0.00070930587	0.9634895	0	0	0.38	-7.196371e-19
8.890022883212321e-09	-0.02029909	-0.027557509	0.96650946	0	0	0.38	-1.7399428e-19
8.900001764820853e-09	0.026965728	-0.034373045	0.9669364	0	0	0.38	-1.4277009e-18
8.91005036261323e-09	0.025897473	0.033596113	0.9683335	0	0	0.38	-6.604079e-19
8.920065400584877e-09	-0.034295682	0.03196063	0.9694783	0	0	0.38	-1.9120369e-18
8.93000665880326e-09	-0.012751132	-0.018978303	0.9688054	0	0	0.38	-1.4324764e-18
8.940026599646747e-09	0.019274564	-0.021466767	0.96854246	0	0	0.38	-1.4613912e-18
8.950018173601922e-09	0.010553962	0.025924359	0.9663742	0	0	0.38	-2.3119313e-18
8.960039084148514e-09	-0.030072035	0.013634628	0.96610427	0	0	0.38	-1.4165047e-18
8.970054767585354e-09	-0.021904588	-0.022132404	0.96661025	0	0	0.38	-9.047923e-19
8.98000346308635e-09	-0.009515988	-0.018775443	0.96837175	0	0	0.38	-7.021086e-19
8.990008351776671e-09	0.017440194	-0.014501414	0.9664571	0	0	0.38	-7.4134424e-19
9.000035611252202e-09	0.025435649	0.00648678	0.9682306	0	0	0.38	-1.6767949e-18
9.010015169088523e-09	0.0018739131	0.01807208	0.96659935	0	0	0.38	-9.569193e-19
9.020048920085121e-09	-0.017682074	0.0040391735	0.9659908	0	0	0.38	-6.739322e-19
9.030050371812605e-09	-0.0056333602	-0.01823402	0.96423596	0	0	0.38	-2.1784128e-18
9.04002136008323e-09	0.022757582	-0.008262737	0.9645855	0	0	0.38	-1.1931026e-18
9.050039520754824e-09	0.016635012	0.015613786	0.9626128	0	0	0.38	-3.3560232e-19
9.060056022149383e-09	0.009645009	0.029851321	0.96205705	0	0	0.38	-1.1662788e-18
9.070013708304292e-09	-0.031214679	0.012922273	0.96384597	0	0	0.38	-1.6387334e-18
9.080039111286256e-09	-0.021865824	-0.0450167	0.96607333	0	0	0.38	-6.718239e-19
9.090040223644503e-09	0.033030115	-0.021506349	0.9633493	0	0	0.38	-4.5380607e-19
9.100058904078175e-09	0.029297337	0.030884113	0.96534216	0	0	0.38	-4.0410523e-19
9.110048908896618e-09	-0.008076294	0.03302928	0.9658869	0	0	0.38	-1.3276197e-18
9.120049182572286e-09	-0.04281661	-0.009613051	0.9658539	0	0	0.38	-8.763669e-19
9.130052649928901e-09	-0.0003878248	-0.025967268	0.9665542	0	0	0.38	-4.9326564e-19
9.140034544622123e-09	0.043793377	0.00846849	0.96934307	0	0	0.38	-3.275431e-19
9.150049645318584e-09	0.005532663	0.035286628	0.9667465	0	0	0.38	-8.488004e-19
9.1600633227423e-09	-0.034380056	0.011915411	0.9661745	0	0	0.38	-1.1523908e-18
9.170032348460751e-09	-0.028199716	-0.03517716	0.9651247	0	0	0.38	-1.2903677e-18
9.180061890564008e-09	0.042307496	-0.039830476	0.9654421	0	0	0.38	-1.4875259e-18
9.1900452107648e-09	0.051188435	0.02841256	0.9630614	0	0	0.38	-1.5804814e-18
9.200025233636785e-09	-0.03457098	0.04232212	0.965256	0	0	0.38	-1.1069931e-18
9.2100336170658e-09	-0.03442005	-0.02476416	0.9641247	0	0	0.38	-1.7213531e-18
9.220040935889888e-09	0.00038222375	-0.025744185	0.96443677	0	0	0.38	-8.5038044e-19
9.230038576382686e-09	0.0024785188	-0.008856981	0.9659535	0	0	0.38	-2.5486349e-18
9.24002894927542e-09	0.014641196	-0.02189702	0.9663504	0	0	0.38	-1.5282743e-18
9.250052608689457e-09	0.025386956	0.019070938	0.96630925	0	0	0.38	-1.4012124e-18
9.260036327895726e-09	-0.017749624	0.013312953	0.9666176	0	0	0.38	-1.1396503e-18
9.2700480783087e-09	0.0021275652	-0.021325128	0.96470463	0	0	0.38	-1.3868226e-18
9.280025875997432e-09	0.006319277	0.008320704	0.9609012	0	0	0.38	-1.0568428e-18
9.290050996766391e-09	-0.02898259	0.014366897	0.9627568	0	0	0.38	-9.267265e-19
9.300022662533515e-09	-0.021422936	-0.030103354	0.9665012	0	0	0.38	-1.0369781e-18
9.310064252083471e-09	0.013874548	0.0024199567	0.9652594	0	0	0.38	-1.3148367e-18
9.320053292701953e-09	0.0007051564	0.01349636	0.96470815	0	0	0.38	-1.8882846e-18
9.330054353057276e-09	-0.0068755504	-0.0049400795	0.9646258	0	0	0.38	-8.808689e-19
9.340018600669403e-09	-0.010561218	0.0056732628	0.9663776	0	0	0.38	-2.1755175e-18
9.350057462023152e-09	-0.020533573	-0.029634673	0.96685964	0	0	0.38	-1.0871719e-18
9.36003454920594e-09	0.018798785	-0.024100935	0.9675698	0	0	0.38	-1.5826862e-18
9.370046755795391e-09	0.023692844	0.046799205	0.9641992	0	0	0.38	-5.842116e-19
9.380032622652357e-09	-0.04327508	0.027615134	0.9614669	0	0	0.38	-1.303451e-18
9.390024095056209e-09	-0.017443627	-0.046181127	0.96430737	0	0	0.38	-1.2835276e-18
9.400055881062535e-09	0.01897911	3.5013472e-05	0.9641408	0	0	0.38	-1.8990475e-18
9.410052702026836e-09	7.017727e-05	0.0046761865	0.9673126	0	0	0.38	-1.5554938e-18
9.420018104415968e-09	-0.008204966	0.002367826	0.9660494	0	0	0.38	-2.2139626e-18
9.430054868888573e-09	-0.01455455	-0.008497849	0.96472913	0	0	0.38	-1.2215592e-18
9.440045228156886e-09	-0.0060198437	-0.020798415	0.9658947	0	0	0.38	-1.9697549e-18
9.450030930619085e-09	0.022582483	-0.0037505636	0.96472496	0	0	0.38	2.353619e-19
9.460037237443967e-09	0.01047673	0.026185699	0.96687657	0	0	0.38	-1.0597847e-18
9.47004492636105e-09	-0.02573543	0.015200124	0.9650939	0	0	0.38	-1.1269029e-18
9.480009836065668e-09	-0.010921058	-0.02307138	0.965923	0	0	0.38	-1.001951e-18
9.490018132580462e-09	0.017097844	0.009667948	0.96563315	0	0	0.38	-1.9374191e-18
9.500057827013677e-09	-0.0022417225	0.01650731	0.9619797	0	0	0.38	-2.397675e-18
9.51003788251399e-09	-0.021123264	0.0035925645	0.9655027	0	0	0.38	-7.4382557e-19
9.520057762337127e-09	-0.0006770318	-0.027122686	0.96420497	0	0	0.38	-5.4616115e-19
9.530042519648852e-09	0.009452743	-0.0027478575	0.96680385	0	0	0.38	-1.3915917e-18
9.540062287459917e-09	0.0035817996	0.008533436	0.9678456	0	0	0.38	-1.0729827e-18
9.550012775040361e-09	-0.0015263327	0.0046067163	0.96886843	0	0	0.38	-1.7641318e-18
9.560042771319864e-09	0.0029157223	-0.005769404	0.96642554	0	0	0.38	-6.4511475e-19
9.570012787883604e-09	0.0028026297	-0.015853466	0.968629	0	0	0.38	-1.7214609e-18
9.580049526684972e-09	0.01752002	0.017453548	0.96866095	0	0	0.38	-1.8184695e-18
9.590040485830712e-09	-0.02115737	0.025458738	0.96885645	0	0	0.38	-1.2114579e-18
9.600017921119553e-09	-0.037602223	-0.028607002	0.96812445	0	0	0.38	-1.0966809e-18
9.610031598030678e-09	0.014690023	-0.03759261	0.96546036	0	0	0.38	-5.779781e-19
9.620060604830919e-09	0.032584865	0.031949896	0.96578455	0	0	0.38	-8.842424e-19
9.63003836943456e-09	-0.03537284	0.024667012	0.96811336	0	0	0.38	-1.2494111e-18
9.640004452610605e-09	-0.032199595	-0.03556184	0.96732986	0	0	0.38	-1.7902043e-18
9.65003869215473e-09	0.045609668	-0.019512149	0.9693289	0	0	0.38	-1.2820562e-18
9.660029092313228e-09	0.020978369	0.04236	0.96775705	0	0	0.38	-2.123344e-18
9.670013143126802e-09	-0.04086447	0.025455872	0.96204054	0	0	0.38	-1.1714446e-18
9.680055426891282e-09	-0.040013336	-0.021280063	0.9647424	0	0	0.38	-1.550008e-18
9.69001410235049e-09	0.015673636	-0.022315262	0.9645924	0	0	0.38	-1.0215511e-18
9.700057497782968e-09	0.03148768	0.015939869	0.9645438	0	0	0.38	-1.9207303e-18
9.710043003102703e-09	-0.008671	0.02982205	0.96686935	0	0	0.38	-2.0143676e-18
9.72005759932046e-09	-0.019683952	-0.010964295	0.9656009	0	0	0.38	-1.3079046e-18
9.730003280797634e-09	-0.004205814	-0.009107293	0.96774143	0	0	0.38	-3.1895735e-19
9.740000837452442e-09	-0.008721743	-0.028990198	0.9666587	0	0	0.38	-1.1072341e-18
9.750039086663104e-09	0.02982168	0.021339605	0.96526736	0	0	0.38	-1.4678421e-18
9.760053018353002e-09	-0.022392813	0.014470855	0.9673932	0	0	0.38	-1.5129105e-18
9.770039661775557e-09	-0.026437059	-0.026879344	0.9646977	0	0	0.38	-2.2337185e-18
9.780042265344597e-09	0.030591037	-0.024468102	0.9631392	0	0	0.38	-1.841875e-19
9.79006274332848e-09	0.03515208	0.0127326185	0.96548915	0	0	0.38	-6.5038e-19
9.800034841747456e-09	4.7043333e-05	0.030574858	0.96276045	0	0	0.38	-1.0959653e-18
9.810014528927032e-09	-0.041595902	-0.0024128065	0.96546245	0	0	0.38	-1.5129997e-18
9.820033948925575e-09	0.011807801	-0.05301729	0.9617137	0	0	0.38	-1.1910449e-18
9.830060857030145e-09	0.042335667	0.0023651328	0.96253043	0	0	0.38	-1.4415792e-18
9.840027527835458e-09	0.0049861604	0.0505266	0.9651288	0	0	0.38	-1.4456906e-18
9.85005343057815e-09	-0.04863802	0.017312534	0.9645314	0	0	0.38	-1.8769272e-18
9.860061890591952e-09	-0.010778496	-0.019212559	0.9657563	0	0	0.38	-1.8924956e-18
9.870049484139498e-09	0.02574155	-0.019586815	0.9627155	0	0	0.38	-1.0802378e-18
9.8800152474938e-09	0.016483236	0.037070155	0.96520513	0	0	0.38	-8.25229e-19
9.890000039313556e-09	-0.023347978	0.01407725	0.96428615	0	0	0.38	-2.0072588e-18
9.900006497021215e-09	-0.021074783	-0.011826196	0.95927364	0	0	0.38	-2.1338704e-18
9.910000236622546e-09	0.01011772	-0.006507842	0.962263	0	0	0.38	-4.0780289e-19
9.920016730706138e-09	0.011153647	0.017512053	0.96198714	0	0	0.38	-5.3808843e-19
9.930052995948607e-09	-0.02981429	0.015846945	0.9633859	0	0	0.38	-1.1072916e-18
9.940044132496888e-09	-0.0057150717	-0.024310756	0.9650978	0	0	0.38	-2.0109247e-18
9.950037302671246e-09	0.013368116	-0.017892467	0.96265084	0	0	0.38	-2.4850923e-20
9.960062883918738e-09	0.019704618	0.01255701	0.9667701	0	0	0.38	-1.7875642e-18
9.970006257744988e-09	-0.0071379035	0.024289574	0.9677532	0	0	0.38	-7.429681e-19
9.980007190449854e-09	-0.021548966	-0.011606645	0.9647346	0	0	0.38	-1.6942483e-18
9.990027521260293e-09	0.0010660059	-0.02939669	0.96866506	0	0	0.38	-1.402127e-18
1e-08	0.03553556	0.0057296306	0.96710664	0	0	0.38	-1.5042531e-18
