# t (s)	mx ()	my ()	mz ()	B_extx (T)	B_exty (T)	B_extz (T)	E_total (J)
0	0	0	-1	0	0	0.39	1.17474e-18
1.0024830961097615e-11	-0.011824095	-0.0015927113	-0.97514004	0	0	0.39	4.779341e-18
2.0046114395343626e-11	-0.018814018	-0.02630231	-0.970047	0	0	0.39	5.0899992e-18
3.005047509485724e-11	-0.010968388	-0.025623059	-0.96485937	0	0	0.39	4.5492415e-18
4.0057447480206995e-11	-0.012966799	-0.0005929705	-0.96514195	0	0	0.39	4.540273e-18
5.005642794834313e-11	0.00045516572	-0.0059115007	-0.96340644	0	0	0.39	5.1872616e-18
6.005318211232843e-11	0.01546436	0.007140539	-0.9635867	0	0	0.39	4.3229154e-18
7.001508004263215e-11	0.026509156	-0.00010316595	-0.96524364	0	0	0.39	4.396976e-18
8.001560956766966e-11	0.026296355	0.013050791	-0.9617849	0	0	0.39	4.7633977e-18
9.00254366864344e-11	0.02981708	0.0067235883	-0.96115017	0	0	0.39	4.5919583e-18
1.0004670570805971e-10	0.0110436	0.028076088	-0.95853084	0	0	0.39	4.873176e-18
1.100396820164736e-10	0.0048239254	0.034708645	-0.9567336	0	0	0.39	4.648734e-18
1.2000284405813737e-10	0.020290006	0.034221176	-0.9531397	0	0	0.39	4.1763146e-18
1.300424114565235e-10	0.014623841	0.05021376	-0.95099646	0	0	0.39	4.9428918e-18
1.400203831306443e-10	0.023735179	0.06672112	-0.94993824	0	0	0.39	4.6556546e-18
1.5001924531603923e-10	0.032878656	0.06895058	-0.9470618	0	0	0.39	3.874931e-18
1.600515616900122e-10	0.031264763	0.08124654	-0.9479408	0	0	0.39	4.99886e-18
1.7004967283893083e-10	0.030487215	0.07038235	-0.95201313	0	0	0.39	4.06508e-18
1.8003538440387768e-10	0.041417163	0.06039155	-0.9537842	0	0	0.39	4.8539992e-18
1.9005986184794973e-10	0.043037426	0.06246362	-0.94858766	0	0	0.39	5.3184512e-18
2.0001411052167463e-10	0.038139455	0.0712755	-0.9531564	0	0	0.39	4.354741e-18
2.10039381033531e-10	0.052468747	0.051080212	-0.95342326	0	0	0.39	5.1038926e-18
2.2005734667509373e-10	0.04714311	0.054453902	-0.95162106	0	0	0.39	4.5446126e-18
2.3000881276979607e-10	0.05301897	0.06809651	-0.9462254	0	0	0.39	4.6444376e-18
2.4004701499912614e-10	0.053460218	0.06736769	-0.94207877	0	0	0.39	5.567721e-18
2.500623726190134e-10	0.061566386	0.063774	-0.9428574	0	0	0.39	5.179493e-18
2.6005488947625427e-10	0.060713757	0.050810676	-0.94486374	0	0	0.39	4.846925e-18
2.700463877384784e-10	0.07130973	0.057715796	-0.94293904	0	0	0.39	4.4494525e-18
2.8005015944137373e-10	0.063227594	0.05405181	-0.94191515	0	0	0.39	4.387983e-18
2.9001887579018517e-10	0.0626904	0.05405026	-0.94739264	0	0	0.39	5.0869333e-18
3.000375795507027e-10	0.08678423	0.040497635	-0.9478803	0	0	0.39	5.089361e-18
3.1003023573480307e-10	0.08753698	0.02147847	-0.94536173	0	0	0.39	4.993428e-18
3.2002405226267315e-10	0.10577052	0.0040440117	-0.9429328	0	0	0.39	5.3603095e-18
3.300017992394259e-10	0.11827799	-0.018221583	-0.94281113	0	0	0.39	5.2772973e-18
3.400096570079373e-10	0.11340205	-0.01385578	-0.94383264	0	0	0.39	5.042732e-18
3.5005434807786985e-10	0.1013542	-0.025165567	-0.9420966	0	0	0.39	4.5065404e-18
3.6000774223806174e-10	0.10637052	-0.04206188	-0.94587296	0	0	0.39	4.488661e-18
3.7001594113894477e-10	0.099710934	-0.03206419	-0.9412796	0	0	0.39	3.865678e-18
3.800618170622819e-10	0.092158034	-0.02943171	-0.9425771	0	0	0.39	5.0200673e-18
3.900135215920765e-10	0.09422546	-0.04956884	-0.9382898	0	0	0.39	4.9103302e-18
4.000353254260398e-10	0.086710684	-0.036275696	-0.9378322	0	0	0.39	4.2931422e-18
4.1001774321960636e-10	0.08552019	-0.04541868	-0.94206184	0	0	0.39	4.3146125e-18
4.200613616376593e-10	0.08277566	-0.038854957	-0.9386436	0	0	0.39	4.0846013e-18
4.3000000747268267e-10	0.09390357	-0.047318906	-0.9392012	0	0	0.39	4.927211e-18
4.400242077034882e-10	0.08241117	-0.047288608	-0.9447405	0	0	0.39	4.8225e-18
4.500308535954183e-10	0.078624725	-0.061529513	-0.9454556	0	0	0.39	3.799676e-18
4.6004222598171706e-10	0.0800373	-0.061240625	-0.9451143	0	0	0.39	4.891563e-18
4.70009195765653e-10	0.07576839	-0.061820954	-0.9451311	0	0	0.39	3.9138642e-18
4.80054662206017e-10	0.06723831	-0.055365197	-0.94749355	0	0	0.39	4.6972162e-18
4.900140074342232e-10	0.055374723	-0.05474504	-0.9379663	0	0	0.39	5.489889e-18
5.000638474939903e-10	0.072057575	-0.054275416	-0.93078893	0	0	0.39	4.695262e-18
5.100323335708977e-10	0.057827614	-0.055992447	-0.9362945	0	0	0.39	3.955762e-18
5.200352049731091e-10	0.06310392	-0.051512953	-0.9341482	0	0	0.39	4.7469885e-18
5.300610227762234e-10	0.07102336	-0.045939066	-0.9319006	0	0	0.39	4.592307e-18
5.400403029129675e-10	0.06473087	-0.04742524	-0.9356974	0	0	0.39	4.7908407e-18
5.500179203703253e-10	0.067055926	-0.044195794	-0.93519354	0	0	0.39	4.1628203e-18
5.60044011402139e-10	0.05752081	-0.06282283	-0.9415632	0	0	0.39	4.33241e-18
5.700087068581494e-10	0.060164288	-0.058553755	-0.9447008	0	0	0.39	4.093181e-18
5.800564163045298e-10	0.050815307	-0.054823015	-0.9455413	0	0	0.39	3.9341165e-18
5.900590999607563e-10	0.038823143	-0.07268628	-0.94349104	0	0	0.39	4.8788763e-18
6.000289838479889e-10	0.026611356	-0.08467884	-0.94243526	0	0	0.39	3.588154e-18
6.100346887538256e-10	0.022954917	-0.08351524	-0.93637365	0	0	0.39	3.7630626e-18
6.200241297109835e-10	0.02830544	-0.082752936	-0.9326321	0	0	0.39	4.702408e-18
6.300242178823509e-10	0.038724486	-0.08811091	-0.9328705	0	0	0.39	4.2797225e-18
6.400209137313623e-10	0.02145808	-0.08828871	-0.9341007	0	0	0.39	4.4048124e-18
6.50011491586166e-10	0.0012155073	-0.09916949	-0.9304799	0	0	0.39	4.1145175e-18
6.6005971084176e-10	0.0010221087	-0.09318798	-0.93202645	0	0	0.39	4.8175996e-18
6.700541111730505e-10	-0.0036603617	-0.06268846	-0.9360087	0	0	0.39	4.4278043e-18
6.80042406458912e-10	0.00040786254	-0.054442618	-0.9386568	0	0	0.39	3.610152e-18
6.900179881847204e-10	-0.013518425	-0.047553033	-0.93900084	0	0	0.39	4.3149575e-18
7.000033437558667e-10	-0.016218238	-0.030106707	-0.94279355	0	0	0.39	4.699285e-18
7.100400602257756e-10	-0.028324585	-0.045745455	-0.9466083	0	0	0.39	4.383303e-18
7.200599564774274e-10	-0.028180668	-0.03832598	-0.9493183	0	0	0.39	4.6323533e-18
7.300254883238032e-10	-0.03180971	-0.024955757	-0.95031106	0	0	0.39	4.2573253e-18
7.400095507345674e-10	-0.04168313	-0.008589002	-0.9488985	0	0	0.39	4.69687e-18
7.500306949044262e-10	-0.035287235	-0.0055500884	-0.9436286	0	0	0.39	4.112495e-18
7.600378328515169e-10	-0.03939305	-0.00836704	-0.9425856	0	0	0.39	5.5514357e-18
7.700160527807866e-10	-0.036549695	-0.016215289	-0.9455224	0	0	0.39	4.8143587e-18
7.800563087622481e-10	-0.031870157	-0.0096872905	-0.9428861	0	0	0.39	5.053917e-18
7.900310732631013e-10	-0.036040448	0.012950214	-0.9435686	0	0	0.39	4.5558775e-18
8.000109225730486e-10	-0.035916287	0.00935015	-0.9449142	0	0	0.39	4.4474726e-18
8.100184943350425e-10	-0.04755609	0.008408431	-0.9456231	0	0	0.39	3.7371544e-18
8.200130483316703e-10	-0.036134623	0.011152493	-0.9501887	0	0	0.39	5.198873e-18
8.300428844201899e-10	-0.042448245	0.015892308	-0.95167226	0	0	0.39	4.8828025e-18
8.400275255277208e-10	-0.049019843	0.021523893	-0.95091426	0	0	0.39	4.8980065e-18
8.500644400844901e-10	-0.049868185	0.014150578	-0.95226675	0	0	0.39	4.030984e-18
8.600651144497518e-10	-0.033478815	0.022921475	-0.9518455	0	0	0.39	4.008688e-18
8.700545155821597e-10	-0.024631321	0.034964025	-0.95179546	0	0	0.39	4.4735714e-18
8.800327123061988e-10	-0.018031003	0.041049037	-0.9510097	0	0	0.39	3.769558e-18
8.900049086619465e-10	-0.014705282	0.014624517	-0.9504193	0	0	0.39	5.608344e-18
9.000245562863865e-10	-0.023519652	0.01950133	-0.95156664	0	0	0.39	4.2737966e-18
9.100059204968442e-10	-0.03436427	0.03286285	-0.95344806	0	0	0.39	5.378959e-18
9.200155595447304e-10	-0.040438395	0.03681685	-0.95043826	0	0	0.39	4.531476e-18
9.300041282544326e-10	-0.03155313	0.03245341	-0.95297617	0	0	0.39	4.3305817e-18
9.400259073826178e-10	-0.026527263	0.028716162	-0.95372325	0	0	0.39	5.271432e-18
9.500333433841601e-10	-0.011283353	0.045188334	-0.95284724	0	0	0.39	4.3690993e-18
9.600200666163599e-10	-0.01284822	0.03713487	-0.94947344	0	0	0.39	4.5401454e-18
9.700307091533977e-10	-0.021803832	0.05763077	-0.9521764	0	0	0.39	4.6494098e-18
9.800059270159905e-10	-0.019964427	0.04908843	-0.9523493	0	0	0.39	4.9869863e-18
9.900085226490912e-10	-0.016612105	0.056219663	-0.9529571	0	0	0.39	4.7219965e-18
1.0000465767380965e-09	-0.0069417814	0.06116381	-0.9521885	0	0	0.39	3.9780505e-18
1.0100297444801547e-09	0.009271208	0.061083056	-0.9536015	0	0	0.39	4.106951e-18
1.0200165239093627e-09	0.027208062	0.058763467	-0.9528933	0	0	0.39	4.5936503e-18
1.0300167443797866e-09	0.02781267	0.052047286	-0.9533465	0	0	0.39	4.3875074e-18
1.040010591419344e-09	0.011864215	0.0497194	-0.9537358	0	0	0.39	4.0638474e-18
1.0500101263358642e-09	0.0058407183	0.03514831	-0.95110446	0	0	0.39	3.809845e-18
1.0600243236988535e-09	0.011887524	0.035114735	-0.9528431	0	0	0.39	5.0400826e-18
1.0700427423698985e-09	0.006880349	0.030739568	-0.95453316	0	0	0.39	4.424767e-18
1.080003813488036e-09	0.023054453	0.025034273	-0.9552295	0	0	0.39	4.0870605e-18
1.0900225671903613e-09	0.02022021	0.027593547	-0.9556648	0	0	0.39	3.7816166e-18
1.1000105615530573e-09	0.029402213	0.014446393	-0.9559582	0	0	0.39	4.828112e-18
1.110032611643749e-09	0.017317476	0.0017886455	-0.95548975	0	0	0.39	4.130273e-18
1.1200237720429668e-09	0.014180813	-0.0024127834	-0.9549256	0	0	0.39	4.4171796e-18
1.130011231771662e-09	0.029262872	-0.0068802987	-0.9532588	0	0	0.39	3.870463e-18
1.1400273039469694e-09	0.015858885	0.0029756166	-0.9551319	0	0	0.39	4.7205692e-18
1.1500412359808649e-09	0.023410587	0.00048579136	-0.95523685	0	0	0.39	3.568965e-18
1.1600613394139926e-09	0.019352749	0.0065757404	-0.9530206	0	0	0.39	4.6880072e-18
1.17006251150299e-09	0.029622786	0.008562622	-0.951378	0	0	0.39	4.6353775e-18
1.1800574592796756e-09	0.055517606	0.0077687977	-0.951518	0	0	0.39	4.9059276e-18
1.1900541186621232e-09	0.053301554	0.006356453	-0.94883084	0	0	0.39	4.837267e-18
1.2000107930817688e-09	0.07195772	0.0023425224	-0.94604486	0	0	0.39	4.201759e-18
1.210054299221428e-09	0.06673593	-0.009501848	-0.94711876	0	0	0.39	2.5087348e-18
1.2200306499160771e-09	0.054737277	-0.020487271	-0.9460673	0	0	0.39	4.3780838e-18
1.23005117046548e-09	0.040451974	-0.029731482	-0.94449437	0	0	0.39	4.3462357e-18
1.2400302622149037e-09	0.033019986	-0.034906995	-0.94416034	0	0	0.39	4.7448486e-18
1.2500286915718392e-09	0.026908902	-0.039057285	-0.94277465	0	0	0.39	4.4120197e-18
1.2600580388036678e-09	0.0427781	-0.025752475	-0.9433945	0	0	0.39	4.082666e-18
1.2700057512420906e-09	0.051386252	-0.009226278	-0.94553083	0	0	0.39	3.5514185e-18
1.280026539034083e-09	0.053433686	-0.0084984	-0.9506041	0	0	0.39	5.7485454e-18
1.2900507640289554e-09	0.05840888	-0.008217431	-0.9549849	0	0	0.39	4.879242e-18
1.300019931934163e-09	0.058360655	-0.025781652	-0.95324075	0	0	0.39	4.6065626e-18
1.3100586999489606e-09	0.05206636	-0.049775664	-0.950666	0	0	0.39	4.2672953e-18
1.320053823289326e-09	0.0410559	-0.04256744	-0.9533401	0	0	0.39	3.9590932e-18
1.330040115805448e-09	0.038851395	-0.02966142	-0.9498902	0	0	0.39	4.4447297e-18
1.3400047472139637e-09	0.023281978	-0.022287285	-0.94939584	0	0	0.39	3.7858423e-18
1.3500363081906538e-09	0.041361928	-0.017183095	-0.94307375	0	0	0.39	4.836001e-18
1.3600392821106015e-09	0.029847942	-0.036860477	-0.9405618	0	0	0.39	3.6573208e-18
1.370034784027136e-09	0.023123527	-0.039880358	-0.938775	0	0	0.39	4.834143e-18
1.380029608002135e-09	0.016761014	-0.052054834	-0.9373816	0	0	0.39	4.604955e-18
1.390056035115838e-09	0.017033333	-0.04704152	-0.94134027	0	0	0.39	4.703444e-18
1.4000476420187884e-09	0.019574072	-0.046265524	-0.9442827	0	0	0.39	3.6076994e-18
1.4100414927101632e-09	0.015583726	-0.052418508	-0.9443566	0	0	0.39	4.4967135e-18
1.4200226816990482e-09	0.01984871	-0.053168416	-0.94240695	0	0	0.39	5.120038e-18
1.4300493439486869e-09	0.019737765	-0.050826013	-0.94700396	0	0	0.39	3.8370353e-18
1.440052147843663e-09	0.017524626	-0.054448724	-0.9475296	0	0	0.39	4.489368e-18
1.4500563656254332e-09	-0.008138977	-0.040842757	-0.9485339	0	0	0.39	4.628743e-18
1.4600479975767474e-09	-0.009594061	-0.04576174	-0.94573337	0	0	0.39	4.1779867e-18
1.470010935444734e-09	-0.02337383	-0.05130845	-0.941754	0	0	0.39	4.913735e-18
1.4800219275352426e-09	-0.0055232896	-0.044820108	-0.93659544	0	0	0.39	4.588631e-18
1.4900080535296886e-09	0.0016406792	-0.04030436	-0.9382217	0	0	0.39	4.5723037e-18
1.500044820792077e-09	0.0039914604	-0.046239045	-0.9405897	0	0	0.39	4.134422e-18
1.510006887755753e-09	0.0013957751	-0.052240588	-0.9445938	0	0	0.39	3.957323e-18
1.5200293140860536e-09	-0.0018904385	-0.050734986	-0.94390804	0	0	0.39	4.589719e-18
1.5300125868606485e-09	-0.012496794	-0.045234412	-0.94438857	0	0	0.39	3.901217e-18
1.540035235888422e-09	-0.011823325	-0.027153935	-0.94528395	0	0	0.39	5.057534e-18
1.5500213197966613e-09	-0.006860982	-0.03008147	-0.9448388	0	0	0.39	4.342291e-18
1.56000350462785e-09	-0.0265595	-0.04337849	-0.9432142	0	0	0.39	4.8116513e-18
1.570027298038171e-09	0.00905613	-0.042110313	-0.9457644	0	0	0.39	5.366169e-18
1.580034313738071e-09	0.007852523	-0.057372544	-0.93914765	0	0	0.39	5.1873005e-18
1.5900562901280914e-09	0.004470568	-0.059744865	-0.9455082	0	0	0.39	5.1816794e-18
1.600026900468285e-09	0.01240322	-0.07099449	-0.94618505	0	0	0.39	3.8648997e-18
1.6100181983411255e-09	0.016395764	-0.08246832	-0.9426573	0	0	0.39	5.323877e-18
1.620052163942331e-09	0.0044785812	-0.08923109	-0.94099826	0	0	0.39	4.641964e-18
1.6300313763030093e-09	-0.015348604	-0.09147758	-0.94212174	0	0	0.39	4.7163787e-18
1.6400434166048986e-09	-0.0412367	-0.081308074	-0.94059557	0	0	0.39	4.991029e-18
1.6500410401674064e-09	-0.030179143	-0.10008107	-0.94208485	0	0	0.39	4.1541957e-18
1.6600375652907223e-09	-0.027259488	-0.11432013	-0.94419456	0	0	0.39	3.4481226e-18
1.670008849858582e-09	-0.036918644	-0.10547628	-0.9431546	0	0	0.39	4.18257e-18
1.6800520122930423e-09	-0.04705888	-0.100475	-0.942527	0	0	0.39	4.157873e-18
1.6900627697033143e-09	-0.05874222	-0.11513664	-0.9435851	0	0	0.39	4.1396556e-18
1.7000118925879983e-09	-0.065456	-0.13495228	-0.9374514	0	0	0.39	5.0505183e-18
1.7100484452961796e-09	-0.06679854	-0.114840485	-0.9437016	0	0	0.39	4.75017e-18
1.7200487483039285e-09	-0.064948246	-0.12304638	-0.9438513	0	0	0.39	4.175708e-18
1.7300245112859129e-09	-0.07187833	-0.10503953	-0.9439248	0	0	0.39	3.8872894e-18
1.7400130562315252e-09	-0.09589328	-0.0973457	-0.94138926	0	0	0.39	4.735866e-18
1.750050468884273e-09	-0.08473734	-0.098288774	-0.9419063	0	0	0.39	5.145623e-18
1.7600529777286695e-09	-0.10026323	-0.10057797	-0.94074935	0	0	0.39	4.7503336e-18
1.7700322697710465e-09	-0.10160513	-0.095972665	-0.9385364	0	0	0.39	4.5677687e-18
1.7800199531154604e-09	-0.09877921	-0.102027975	-0.9377554	0	0	0.39	4.688759e-18
1.7900531659449814e-09	-0.09283186	-0.11842696	-0.9384029	0	0	0.39	4.607951e-18
1.8000550958395075e-09	-0.08955753	-0.11336747	-0.9404171	0	0	0.39	4.2157756e-18
1.8100144264988492e-09	-0.10362833	-0.109460935	-0.9357397	0	0	0.39	3.4501714e-18
1.820026490392796e-09	-0.10293001	-0.09756071	-0.94157284	0	0	0.39	4.708745e-18
1.8300234970252312e-09	-0.12033804	-0.08545821	-0.9407861	0	0	0.39	3.9677277e-18
1.8400665786066088e-09	-0.11375934	-0.06293924	-0.9396801	0	0	0.39	4.638514e-18
1.8500109847858792e-09	-0.11538348	-0.046174426	-0.93915135	0	0	0.39	5.3621785e-18
1.860054659090625e-09	-0.11424603	-0.051626895	-0.9364533	0	0	0.39	4.3912363e-18
1.870033925107681e-09	-0.105175585	-0.05311268	-0.929657	0	0	0.39	4.6963994e-18
1.8800046180379487e-09	-0.10685694	-0.094274886	-0.9231054	0	0	0.39	4.9868755e-18
1.8900626692885363e-09	-0.13226648	-0.09386401	-0.9242652	0	0	0.39	4.523282e-18
1.9000290439409332e-09	-0.14842367	-0.094076276	-0.9205734	0	0	0.39	4.6872864e-18
1.910008351424803e-09	-0.1613956	-0.099934116	-0.9195572	0	0	0.39	4.3435287e-18
1.9200007755416972e-09	-0.17123382	-0.07987286	-0.92166704	0	0	0.39	4.883154e-18
1.930063527980233e-09	-0.16720992	-0.07802666	-0.919539	0	0	0.39	4.3793655e-18
1.9400237042845607e-09	-0.15823762	-0.07148682	-0.9191305	0	0	0.39	4.2038965e-18
1.950032393945193e-09	-0.15672031	-0.06420332	-0.92668146	0	0	0.39	4.891807e-18
1.960019709051828e-09	-0.13817425	-0.055192683	-0.92969954	0	0	0.39	3.698211e-18
1.9700350728645233e-09	-0.13364065	-0.04885962	-0.93500155	0	0	0.39	5.546668e-18
1.9800098223905024e-09	-0.13749218	-0.034611475	-0.9310452	0	0	0.39	5.0745566e-18
1.9900575060871705e-09	-0.11595013	-0.04021221	-0.93645203	0	0	0.39	4.5964652e-18
2.000053166362311e-09	-0.12576368	-0.051268283	-0.9345728	0	0	0.39	4.2010894e-18
2.0100569505041834e-09	-0.12776011	-0.04823395	-0.9360469	0	0	0.39	4.4779948e-18
2.0200648381069457e-09	-0.14460336	-0.027399033	-0.92821383	0	0	0.39	4.6215214e-18
2.030059793934277e-09	-0.13297255	-0.028463298	-0.92941344	0	0	0.39	4.70531e-18
2.0400353827454542e-09	-0.15086524	-0.037697002	-0.92615753	0	0	0.39	4.0494164e-18
2.0500548384723136e-09	-0.13851093	-0.048785605	-0.9227937	0	0	0.39	3.6215952e-18
2.06003403554788e-09	-0.14438553	-0.04211546	-0.92040837	0	0	0.39	4.6156025e-18
2.0700281058556103e-09	-0.1306592	-0.039271433	-0.9204553	0	0	0.39	4.7067334e-18
2.0800104023936624e-09	-0.13272898	-0.03975109	-0.9197528	0	0	0.39	4.834476e-18
2.09000687507298e-09	-0.1509338	-0.045968574	-0.9192595	0	0	0.39	4.0916506e-18
2.100060208119961e-09	-0.17889874	-0.04411764	-0.9213401	0	0	0.39	4.5473162e-18
2.1100118402963426e-09	-0.18965286	-0.0369113	-0.92106307	0	0	0.39	5.03529e-18
2.120035261915433e-09	-0.18539657	-0.018087942	-0.924107	0	0	0.39	5.3472785e-18
2.1300610631193595e-09	-0.17539114	-0.018002179	-0.9259316	0	0	0.39	4.532346e-18
2.140051816554561e-09	-0.16144016	-0.016083905	-0.9238779	0	0	0.39	4.9573153e-18
2.1500071340955593e-09	-0.15477833	-0.026763953	-0.92682284	0	0	0.39	3.743491e-18
2.160037278137588e-09	-0.15664184	-0.031705543	-0.92663485	0	0	0.39	3.5667213e-18
2.1700192558307685e-09	-0.1643093	-0.032676313	-0.92415047	0	0	0.39	4.647507e-18
2.18004407007843e-09	-0.16218819	-0.020767659	-0.9248686	0	0	0.39	4.5712023e-18
2.190043552730868e-09	-0.17561021	-0.019223282	-0.92502093	0	0	0.39	3.72993e-18
2.200011437257103e-09	-0.19153316	-0.029393036	-0.9203629	0	0	0.39	3.6185603e-18
2.2100595139183357e-09	-0.20916563	-0.018682452	-0.9171918	0	0	0.39	4.483356e-18
2.2200541254591192e-09	-0.21174268	-0.0135877	-0.9176331	0	0	0.39	5.521294e-18
2.2300181883713175e-09	-0.22291546	0.0061623896	-0.92271656	0	0	0.39	4.880653e-18
2.2400269019251847e-09	-0.20643926	0.014378764	-0.93074703	0	0	0.39	4.112889e-18
2.2500181144835937e-09	-0.19829479	0.023212992	-0.9271372	0	0	0.39	4.0906025e-18
2.260015390059469e-09	-0.20648761	0.014872663	-0.9252679	0	0	0.39	5.4102716e-18
2.2700011808832772e-09	-0.21175139	0.012349732	-0.92878985	0	0	0.39	5.360814e-18
2.280042068129501e-09	-0.21062583	0.0155548155	-0.9273844	0	0	0.39	3.95504e-18
2.2900547651462273e-09	-0.22890435	0.04092947	-0.92299426	0	0	0.39	4.919661e-18
2.3000309814914085e-09	-0.21059906	0.051857505	-0.92395455	0	0	0.39	4.683539e-18
2.310023167791018e-09	-0.22079943	0.0676006	-0.9240768	0	0	0.39	4.314685e-18
2.320058950419013e-09	-0.2219971	0.06629419	-0.9224558	0	0	0.39	5.1667616e-18
2.3300277388893677e-09	-0.2193228	0.062447786	-0.92298716	0	0	0.39	4.661859e-18
2.340056009005352e-09	-0.22532871	0.06463874	-0.91870445	0	0	0.39	4.836645e-18
2.350002021656797e-09	-0.21938275	0.04167989	-0.9203583	0	0	0.39	4.8441467e-18
2.3600562079845576e-09	-0.2387395	0.030472077	-0.91478676	0	0	0.39	4.294181e-18
2.3700595310356166e-09	-0.24686159	0.031521387	-0.91712147	0	0	0.39	4.6317805e-18
2.380012270908864e-09	-0.24826692	0.0286841	-0.91661495	0	0	0.39	4.8636537e-18
2.3900157056607086e-09	-0.25729302	0.02608537	-0.91544867	0	0	0.39	3.803971e-18
2.400032763662529e-09	-0.2646767	0.037826248	-0.91071844	0	0	0.39	5.046912e-18
2.4100388661842773e-09	-0.26071686	0.018915407	-0.91603875	0	0	0.39	4.4156986e-18
2.4200251758712016e-09	-0.26796064	0.016309021	-0.9112659	0	0	0.39	4.1471904e-18
2.430014076028337e-09	-0.26186082	0.018557971	-0.90371525	0	0	0.39	4.6988967e-18
2.4400643570693594e-09	-0.24569696	-0.017844908	-0.90880513	0	0	0.39	3.9786494e-18
2.4500111341265722e-09	-0.24328895	-0.02094367	-0.9036715	0	0	0.39	5.257316e-18
2.460010313246816e-09	-0.26922926	-0.026066644	-0.9089554	0	0	0.39	4.569562e-18
2.470039062263789e-09	-0.26892525	-0.015454158	-0.9092439	0	0	0.39	5.4165127e-18
2.4800393953198103e-09	-0.27321556	-0.013790807	-0.90817946	0	0	0.39	4.196263e-18
2.4900492216263355e-09	-0.2851457	0.0131821	-0.9107914	0	0	0.39	4.219046e-18
2.500033450198548e-09	-0.27774438	0.034286134	-0.9074551	0	0	0.39	5.8005792e-18
2.5100152443527103e-09	-0.25445446	0.04989048	-0.9104986	0	0	0.39	5.2779843e-18
2.5200304397436277e-09	-0.2501943	0.038179077	-0.91417056	0	0	0.39	5.718825e-18
2.5300098790374905e-09	-0.26346162	0.027431512	-0.9113117	0	0	0.39	4.4828057e-18
2.5400509042780106e-09	-0.27654478	0.03463169	-0.90535146	0	0	0.39	5.0454415e-18
2.5500189357583813e-09	-0.28395793	0.028920729	-0.89824414	0	0	0.39	4.2497405e-18
2.560033694726706e-09	-0.28957322	0.016642842	-0.89729375	0	0	0.39	4.0150536e-18
2.5700386166750677e-09	-0.29246125	-0.0014985019	-0.8930413	0	0	0.39	4.370941e-18
2.58000778552085e-09	-0.29855746	0.0037810956	-0.89301765	0	0	0.39	4.8838683e-18
2.590006938390156e-09	-0.2957266	0.00351005	-0.89524096	0	0	0.39	4.025636e-18
2.6000153125418593e-09	-0.3012132	0.0021674621	-0.89863324	0	0	0.39	3.7841213e-18
2.6100331936944974e-09	-0.2951708	0.01632113	-0.900211	0	0	0.39	5.0417068e-18
2.6200644574127674e-09	-0.2961566	0.013510067	-0.9000831	0	0	0.39	4.6778958e-18
2.6300585785778844e-09	-0.28297698	0.020738982	-0.89972013	0	0	0.39	4.686727e-18
2.640056583189042e-09	-0.26262763	0.00991881	-0.9048935	0	0	0.39	4.944844e-18
2.6500491323891594e-09	-0.24342334	-0.011381973	-0.9057807	0	0	0.39	4.375515e-18
2.6600009108764186e-09	-0.25932336	-0.0068232613	-0.90256923	0	0	0.39	5.124839e-18
2.67002859433726e-09	-0.27303416	0.012903909	-0.89422286	0	0	0.39	5.8326767e-18
2.680037604528936e-09	-0.27142066	0.028358884	-0.9021171	0	0	0.39	4.383846e-18
2.6900092943215102e-09	-0.28902403	0.06370174	-0.8962244	0	0	0.39	4.194682e-18
2.7000082476930197e-09	-0.29499778	0.07417204	-0.8953395	0	0	0.39	3.6636388e-18
2.7100479680254273e-09	-0.29185343	0.083440825	-0.8980826	0	0	0.39	5.0771502e-18
2.7200132815186057e-09	-0.27415413	0.09262326	-0.90115017	0	0	0.39	4.8287384e-18
2.7300535810989416e-09	-0.28054017	0.09256517	-0.89423597	0	0	0.39	3.9835e-18
2.7400234801283656e-09	-0.2624002	0.08667317	-0.8909541	0	0	0.39	5.412182e-18
2.7500177633572096e-09	-0.2556565	0.063549206	-0.8936632	0	0	0.39	5.263792e-18
2.7600042585232815e-09	-0.25948396	0.055576466	-0.9007361	0	0	0.39	4.459977e-18
2.770028531310916e-09	-0.2681342	0.03177448	-0.89492136	0	0	0.39	4.279007e-18
2.780027123692343e-09	-0.27191454	0.043764647	-0.89668703	0	0	0.39	4.919778e-18
2.790052610964882e-09	-0.27524367	0.045200218	-0.8953586	0	0	0.39	4.7071085e-18
2.8000534691407546e-09	-0.2673544	0.06411564	-0.8973905	0	0	0.39	5.0047976e-18
2.810064648699381e-09	-0.25570288	0.07272185	-0.90295726	0	0	0.39	4.411194e-18
2.820050128070271e-09	-0.24883816	0.09302442	-0.90463775	0	0	0.39	5.190866e-18
2.8300346029765753e-09	-0.22117765	0.08773255	-0.90776753	0	0	0.39	4.9432355e-18
2.8400529182813984e-09	-0.2229216	0.07549283	-0.9029316	0	0	0.39	4.080329e-18
2.8500496238011882e-09	-0.22080146	0.05939933	-0.9034061	0	0	0.39	5.2492646e-18
2.860039746463814e-09	-0.22641475	0.051271353	-0.9050746	0	0	0.39	5.79167e-18
2.870014798609148e-09	-0.23725078	0.052348096	-0.9088605	0	0	0.39	4.575605e-18
2.8800497518774056e-09	-0.25466108	0.03880322	-0.9079115	0	0	0.39	4.7050765e-18
2.890019435207392e-09	-0.27653095	0.051780082	-0.9062483	0	0	0.39	4.8130625e-18
2.9000240976393913e-09	-0.27377295	0.06029984	-0.9014282	0	0	0.39	4.8997034e-18
2.9100254967661766e-09	-0.29294756	0.06220058	-0.8952226	0	0	0.39	4.0939356e-18
2.92004659301709e-09	-0.26959273	0.04398502	-0.8996447	0	0	0.39	5.2576547e-18
2.9300167881465134e-09	-0.2603228	0.020302314	-0.89932615	0	0	0.39	4.449796e-18
2.940017286381964e-09	-0.25005093	-0.0025533808	-0.89928126	0	0	0.39	4.357975e-18
2.950011278932992e-09	-0.24598426	-0.018168407	-0.8947031	0	0	0.39	4.3085352e-18
2.960015927387672e-09	-0.23422356	-0.021048114	-0.8951607	0	0	0.39	4.4606922e-18
2.970028889840657e-09	-0.2404456	-0.046378966	-0.8915691	0	0	0.39	4.414197e-18
2.980003690828817e-09	-0.25787133	-0.050248183	-0.89285386	0	0	0.39	3.502091e-18
2.9900290256833277e-09	-0.2461257	-0.027014636	-0.8972989	0	0	0.39	4.5851287e-18
3.0000534574385863e-09	-0.24759531	-0.037510347	-0.89588505	0	0	0.39	4.5748713e-18
3.010004501214843e-09	-0.2539818	-0.02929454	-0.8939942	0	0	0.39	4.9179366e-18
3.0200143543862554e-09	-0.23164748	-0.026223492	-0.90285844	0	0	0.39	4.064553e-18
3.0300260875036813e-09	-0.21893686	-0.03597522	-0.9057766	0	0	0.39	5.7153217e-18
3.040057790119291e-09	-0.22924356	-0.048297103	-0.9065532	0	0	0.39	5.420232e-18
3.050006468207845e-09	-0.23806602	-0.052500423	-0.91038764	0	0	0.39	4.669486e-18
3.060014604753411e-09	-0.24344455	-0.04536309	-0.91577	0	0	0.39	3.7799664e-18
3.0700250657892157e-09	-0.26112524	-0.053480234	-0.91030115	0	0	0.39	3.2154475e-18
3.0800578792965423e-09	-0.27455342	-0.063594446	-0.90954363	0	0	0.39	4.6386093e-18
3.090042864305014e-09	-0.2757434	-0.047811884	-0.90942234	0	0	0.39	4.2040276e-18
3.1000198761548763e-09	-0.29297405	-0.03502953	-0.9003999	0	0	0.39	5.263125e-18
3.1100098765237275e-09	-0.3026898	-0.0385162	-0.89257735	0	0	0.39	4.346418e-18
3.120014394467529e-09	-0.27809274	-0.021631293	-0.8933997	0	0	0.39	4.598786e-18
3.130050270174135e-09	-0.266918	-0.041706126	-0.890651	0	0	0.39	3.7558615e-18
3.1400240312461816e-09	-0.26848134	-0.053347185	-0.89329755	0	0	0.39	5.3870687e-18
3.1500609938393545e-09	-0.253306	-0.06088935	-0.9034874	0	0	0.39	3.4286556e-18
3.160008877253281e-09	-0.26140034	-0.080199644	-0.9025934	0	0	0.39	4.786434e-18
3.1700122303839773e-09	-0.27248412	-0.09493358	-0.89583236	0	0	0.39	5.4376413e-18
3.180039809959959e-09	-0.27499443	-0.10624958	-0.89901626	0	0	0.39	5.278089e-18
3.1900085020414823e-09	-0.28584754	-0.105478525	-0.89679295	0	0	0.39	5.51877e-18
3.2000052594806497e-09	-0.28478327	-0.095792964	-0.89705694	0	0	0.39	4.9469805e-18
3.2100190123324665e-09	-0.259933	-0.103922516	-0.9065901	0	0	0.39	5.1809788e-18
3.2200058689885806e-09	-0.2438602	-0.10177828	-0.91161615	0	0	0.39	3.9377383e-18
3.230006949320922e-09	-0.23673594	-0.101018846	-0.9108278	0	0	0.39	4.1517188e-18
3.2400395447098993e-09	-0.23212948	-0.099771425	-0.9123895	0	0	0.39	3.761849e-18
3.2500049220866414e-09	-0.22752595	-0.09830719	-0.91330826	0	0	0.39	4.5399188e-18
3.2600140251174822e-09	-0.2185817	-0.104839385	-0.91367406	0	0	0.39	4.506697e-18
3.2700397540949514e-09	-0.23640427	-0.08578739	-0.917471	0	0	0.39	4.5367746e-18
3.2800315832193277e-09	-0.23967047	-0.0945513	-0.9188943	0	0	0.39	4.3720276e-18
3.2900461667590955e-09	-0.24826027	-0.09652865	-0.91679734	0	0	0.39	4.658154e-18
3.3000027063440197e-09	-0.2517765	-0.096345015	-0.91525096	0	0	0.39	3.9894553e-18
3.3100627413597714e-09	-0.25339812	-0.10854559	-0.9147002	0	0	0.39	4.4684714e-18
3.3200042546453146e-09	-0.24135482	-0.084214404	-0.9173863	0	0	0.39	5.4257254e-18
3.3300048456251734e-09	-0.23429836	-0.07989179	-0.9217822	0	0	0.39	5.083987e-18
3.3400521256165384e-09	-0.22316802	-0.07414083	-0.9231157	0	0	0.39	5.398001e-18
3.3500045951360006e-09	-0.23072544	-0.057586215	-0.92526215	0	0	0.39	4.432982e-18
3.3600397708250617e-09	-0.22129108	-0.07163949	-0.9231887	0	0	0.39	4.846511e-18
3.3700430142955262e-09	-0.2287379	-0.05229436	-0.92465985	0	0	0.39	4.3979613e-18
3.3800600047617603e-09	-0.2342931	-0.045820545	-0.92218477	0	0	0.39	4.283515e-18
3.390033451265294e-09	-0.23896745	-0.04362655	-0.91896945	0	0	0.39	4.9808312e-18
3.400022378229047e-09	-0.25184572	-0.032114744	-0.9141767	0	0	0.39	5.4210394e-18
3.4100313206321167e-09	-0.24477601	-0.02529535	-0.9202837	0	0	0.39	4.7558088e-18
3.4200516557432586e-09	-0.24854054	-0.017770968	-0.9183993	0	0	0.39	4.750572e-18
3.4300389488703703e-09	-0.25921994	-0.020631738	-0.91964483	0	0	0.39	3.7911243e-18
3.4400425127271316e-09	-0.26032922	-0.003928943	-0.9217708	0	0	0.39	5.3402094e-18
3.4500046896311518e-09	-0.25600976	0.0027443364	-0.9231835	0	0	0.39	3.745392e-18
3.460046901006144e-09	-0.25063154	0.00033119277	-0.91801083	0	0	0.39	4.592785e-18
3.4700167757622695e-09	-0.22550179	0.0020238073	-0.91985965	0	0	0.39	5.0066695e-18
3.480027757070264e-09	-0.19548286	0.0053000026	-0.93136895	0	0	0.39	4.9800793e-18
3.4900474478761075e-09	-0.1981901	-0.0025722005	-0.9261134	0	0	0.39	4.0149506e-18
3.500000628015809e-09	-0.19223654	-0.01800478	-0.9315572	0	0	0.39	4.7599935e-18
3.5100259345283783e-09	-0.18563068	-0.028937913	-0.9326825	0	0	0.39	5.1815793e-18
3.520057732156772e-09	-0.18355793	-0.044487227	-0.9367054	0	0	0.39	3.6408235e-18
3.530032930400831e-09	-0.18842591	-0.024388986	-0.9357092	0	0	0.39	4.6177196e-18
3.5400528849582637e-09	-0.18152171	-0.007997247	-0.9378461	0	0	0.39	4.66887e-18
3.5500139047787136e-09	-0.16994755	0.010050045	-0.9355674	0	0	0.39	4.898257e-18
3.5600081196839056e-09	-0.16587721	-0.009968898	-0.9378601	0	0	0.39	4.2703245e-18
3.570061502785155e-09	-0.15988757	-0.0071423994	-0.93888277	0	0	0.39	5.2457214e-18
3.580046867297603e-09	-0.16273053	-0.0038817786	-0.93720555	0	0	0.39	5.732139e-18
3.5900314016246906e-09	-0.15777701	-0.003139221	-0.9409584	0	0	0.39	5.15602e-18
3.6000176803741873e-09	-0.15392086	-0.0037083344	-0.9438442	0	0	0.39	4.026534e-18
3.610059032023652e-09	-0.16142559	0.014189983	-0.94047236	0	0	0.39	3.908385e-18
3.6200577587659073e-09	-0.15998638	0.021850403	-0.936797	0	0	0.39	4.136643e-18
3.630034959182924e-09	-0.15682031	0.038331125	-0.93801594	0	0	0.39	5.515401e-18
3.640006956165566e-09	-0.1578205	0.05409417	-0.93483853	0	0	0.39	4.499606e-18
3.6500168978770422e-09	-0.13762087	0.060848143	-0.933547	0	0	0.39	3.66205e-18
3.660020630244413e-09	-0.12302834	0.044164337	-0.9323707	0	0	0.39	5.8260643e-18
3.670004494929248e-09	-0.11659954	0.03718651	-0.93689793	0	0	0.39	6.0855293e-18
3.6800038908897604e-09	-0.13789193	0.04148485	-0.9336069	0	0	0.39	4.188571e-18
3.6900152614904343e-09	-0.13411859	0.06494979	-0.9379927	0	0	0.39	3.7486986e-18
3.700028278501661e-09	-0.14163738	0.08678387	-0.9384585	0	0	0.39	4.417786e-18
3.71004293525706e-09	-0.16083562	0.093457624	-0.9319064	0	0	0.39	5.549205e-18
3.7200607573625116e-09	-0.1440575	0.096439585	-0.934923	0	0	0.39	4.8533367e-18
3.730021120458285e-09	-0.12292534	0.112473294	-0.93702435	0	0	0.39	4.482722e-18
3.740016055108493e-09	-0.11356794	0.10232271	-0.9387165	0	0	0.39	4.5198253e-18
3.7500616252429254e-09	-0.11366368	0.08835705	-0.9382958	0	0	0.39	5.315387e-18
3.7600054824997645e-09	-0.11103302	0.10078885	-0.93806404	0	0	0.39	4.322825e-18
3.770056787991434e-09	-0.10538641	0.10223725	-0.93346214	0	0	0.39	5.4627793e-18
3.7800393074525175e-09	-0.09357407	0.101479575	-0.93555677	0	0	0.39	4.4724713e-18
3.790033950788624e-09	-0.10555491	0.100968786	-0.93363947	0	0	0.39	4.849241e-18
3.800057891451909e-09	-0.08976105	0.116807535	-0.93328315	0	0	0.39	4.807801e-18
3.810014606796226e-09	-0.07563992	0.13554183	-0.9309814	0	0	0.39	5.2220934e-18
3.82002581863515e-09	-0.05644102	0.1555507	-0.92578846	0	0	0.39	4.3625836e-18
3.830008463958012e-09	-0.050983764	0.16494966	-0.9264515	0	0	0.39	4.36902e-18
3.840055296933348e-09	-0.07079645	0.1672547	-0.929123	0	0	0.39	3.0603766e-18
3.850066820751354e-09	-0.059224147	0.15469135	-0.9355206	0	0	0.39	4.080733e-18
3.8600647144881944e-09	-0.06530463	0.14258908	-0.93916166	0	0	0.39	5.5409396e-18
3.8700332256411985e-09	-0.07841974	0.12668735	-0.93641716	0	0	0.39	4.7662643e-18
3.8800297399422954e-09	-0.08037597	0.1256997	-0.93684214	0	0	0.39	4.048093e-18
3.890048600546251e-09	-0.08242621	0.1289623	-0.9393596	0	0	0.39	4.3452765e-18
3.9000445322652e-09	-0.07235993	0.13938329	-0.93734217	0	0	0.39	3.71393e-18
3.910057988519564e-09	-0.05784853	0.15584889	-0.94128036	0	0	0.39	4.259642e-18
3.9200231552517975e-09	-0.032831572	0.15994443	-0.94209176	0	0	0.39	4.5760095e-18
3.9300042820415135e-09	-0.020944718	0.14469983	-0.94375634	0	0	0.39	4.240832e-18
3.9400192958502834e-09	-0.008391586	0.12878026	-0.9460594	0	0	0.39	3.5913668e-18
3.95003939635554e-09	-0.009162602	0.105242826	-0.9482298	0	0	0.39	4.4166606e-18
3.960025374895345e-09	-0.022622561	0.10855199	-0.9504211	0	0	0.39	3.9402277e-18
3.97002688599208e-09	-0.02015635	0.12073483	-0.95012856	0	0	0.39	4.421173e-18
3.980051310350881e-09	-0.020990843	0.12932369	-0.94576156	0	0	0.39	4.1843134e-18
3.990024819176674e-09	-0.010465535	0.13628101	-0.9475881	0	0	0.39	3.5021433e-18
4.0000244807301375e-09	0.017032135	0.13774306	-0.9484805	0	0	0.39	4.7693133e-18
4.010051398398425e-09	0.034139037	0.12705426	-0.94775766	0	0	0.39	5.514283e-18
4.0200536041511185e-09	0.05289766	0.12606898	-0.94201016	0	0	0.39	4.3802808e-18
4.030059602783498e-09	0.052598707	0.101231635	-0.9396618	0	0	0.39	4.841039e-18
4.040039258285446e-09	0.048638415	0.07594743	-0.9398082	0	0	0.39	4.7601105e-18
4.050002440866752e-09	0.040146004	0.053441733	-0.946834	0	0	0.39	5.1488263e-18
4.060027114727307e-09	-0.00024359068	0.060440626	-0.9474421	0	0	0.39	4.50103e-18
4.07005846086788e-09	-0.0033202309	0.060135968	-0.9526439	0	0	0.39	4.630419e-18
4.080055702611301e-09	-0.005204709	0.074970126	-0.9486708	0	0	0.39	4.604069e-18
4.090011592834575e-09	0.004603717	0.086268775	-0.9436363	0	0	0.39	5.2648507e-18
4.100008172134494e-09	0.028602108	0.07659881	-0.94623554	0	0	0.39	4.8218252e-18
4.110041485303511e-09	0.045170832	0.057188217	-0.94947577	0	0	0.39	4.808539e-18
4.120048495890595e-09	0.061831325	0.043586843	-0.94676083	0	0	0.39	5.1471632e-18
4.130010140373799e-09	0.07875469	0.041893296	-0.94631284	0	0	0.39	5.1440183e-18
4.140062149757469e-09	0.097941704	0.04178396	-0.9407188	0	0	0.39	4.322012e-18
4.150029278068597e-09	0.087742895	0.05430899	-0.94207025	0	0	0.39	4.5329713e-18
4.160003721229188e-09	0.083952494	0.06391342	-0.9401429	0	0	0.39	4.0992966e-18
4.1700034554817e-09	0.08583696	0.05828591	-0.9437843	0	0	0.39	5.0867315e-18
4.180046030633438e-09	0.07323014	0.051548712	-0.9426312	0	0	0.39	4.953846e-18
4.190036516153449e-09	0.067405574	0.07556411	-0.9389626	0	0	0.39	4.5692212e-18
4.200064362155294e-09	0.0810635	0.08556005	-0.94534063	0	0	0.39	3.8396926e-18
4.210040434163464e-09	0.08991205	0.09102354	-0.94731164	0	0	0.39	3.8107024e-18
4.220012810771999e-09	0.101624206	0.09344971	-0.94563085	0	0	0.39	3.8755037e-18
4.230045856446427e-09	0.11049853	0.07949895	-0.947646	0	0	0.39	3.901598e-18
4.24002554832898e-09	0.12314175	0.06224718	-0.9477942	0	0	0.39	4.416063e-18
4.2500232217470845e-09	0.13017908	0.048631076	-0.9479158	0	0	0.39	4.4740305e-18
4.260044145099133e-09	0.1295909	0.034808237	-0.94190776	0	0	0.39	4.472232e-18
4.270015382900767e-09	0.09731166	0.036973592	-0.9431621	0	0	0.39	4.39053e-18
4.280008915308329e-09	0.079150915	0.04093094	-0.9417119	0	0	0.39	5.3253627e-18
4.290016852551666e-09	0.069357	0.054381978	-0.94171005	0	0	0.39	4.2185123e-18
4.300037771597579e-09	0.060949612	0.06657496	-0.94638497	0	0	0.39	4.3465392e-18
4.310006176298363e-09	0.0708696	0.06818234	-0.94702643	0	0	0.39	4.313547e-18
4.320048801613001e-09	0.09067521	0.058350433	-0.9459054	0	0	0.39	4.829049e-18
4.330054816206109e-09	0.10346027	0.04829101	-0.94413847	0	0	0.39	4.0811917e-18
4.340017226627335e-09	0.09342949	0.023631534	-0.9452017	0	0	0.39	4.244988e-18
4.350003126450456e-09	0.071299285	0.02060373	-0.9451174	0	0	0.39	4.522751e-18
4.360017693156783e-09	0.04930136	0.015116067	-0.944584	0	0	0.39	4.7954994e-18
4.370060456905185e-09	0.041915223	0.024392607	-0.948296	0	0	0.39	4.3597625e-18
4.380010349920318e-09	0.046167627	0.013180615	-0.9489473	0	0	0.39	4.3900754e-18
4.39006461954581e-09	0.05006072	0.019847296	-0.94676775	0	0	0.39	4.9151676e-18
4.400052485366447e-09	0.06888524	0.019199897	-0.9454947	0	0	0.39	4.674014e-18
4.410050966265546e-09	0.06277379	-0.010343799	-0.9515046	0	0	0.39	4.7338947e-18
4.420022315395395e-09	0.06671818	-0.027505966	-0.9498547	0	0	0.39	4.154798e-18
4.430027872181797e-09	0.061985936	-0.05344625	-0.9494044	0	0	0.39	4.738909e-18
4.440024023642853e-09	0.035771083	-0.06295806	-0.95134175	0	0	0.39	5.3450194e-18
4.450039702625497e-09	0.015335811	-0.055743616	-0.95239	0	0	0.39	4.0749535e-18
4.460010056025619e-09	0.0018613304	-0.03637081	-0.9497799	0	0	0.39	4.8470724e-18
4.470045550949521e-09	-0.0013634865	-0.018087696	-0.94631356	0	0	0.39	4.4684553e-18
4.480001022881959e-09	0.01709232	-0.0148087265	-0.9507574	0	0	0.39	5.6083557e-18
4.4900507312953234e-09	0.026976926	-0.019404665	-0.95305437	0	0	0.39	4.913195e-18
4.500045379274421e-09	0.01478561	-0.024422647	-0.9508842	0	0	0.39	4.9283413e-18
4.5100614645323574e-09	0.023223303	-0.040957704	-0.9513052	0	0	0.39	5.1790684e-18
4.520046957984084e-09	0.022910254	-0.04165485	-0.9530547	0	0	0.39	3.1999803e-18
4.530024604522727e-09	0.009669355	-0.012692414	-0.95653623	0	0	0.39	4.7141313e-18
4.540035805067178e-09	0.029038891	-0.014571829	-0.94987106	0	0	0.39	4.8527258e-18
4.550034952532104e-09	0.04172751	0.0007812871	-0.95077497	0	0	0.39	4.580732e-18
4.5600402966693444e-09	0.054657865	0.013532805	-0.951122	0	0	0.39	4.5287775e-18
4.5700121245840885e-09	0.072015084	0.017716968	-0.951406	0	0	0.39	5.3368105e-18
4.5800264811483666e-09	0.07613391	0.010865444	-0.9569962	0	0	0.39	4.6554697e-18
4.590046976854279e-09	0.07923569	-0.0040281937	-0.95672715	0	0	0.39	4.2714217e-18
4.600007336802419e-09	0.079505354	0.00269256	-0.95746946	0	0	0.39	4.079741e-18
4.610010925424273e-09	0.06319251	-0.010706509	-0.95344925	0	0	0.39	4.699126e-18
4.620001934854e-09	0.048644476	-0.012648199	-0.95555633	0	0	0.39	4.1861286e-18
4.630043711752908e-09	0.03725493	0.0042001414	-0.955189	0	0	0.39	4.9041855e-18
4.640038000984882e-09	0.022198036	-0.0075653056	-0.9571199	0	0	0.39	4.590835e-18
4.650038117746353e-09	0.027297743	-0.0061165662	-0.9535464	0	0	0.39	4.8480266e-18
4.660031249747923e-09	0.026517686	-0.0017913057	-0.95432276	0	0	0.39	4.2356155e-18
4.6700123574309154e-09	0.026297377	-0.025878396	-0.9523604	0	0	0.39	3.8083466e-18
4.680050600553134e-09	0.01909581	-0.029945256	-0.95565164	0	0	0.39	4.9286287e-18
4.690035595185091e-09	0.024140585	-0.031718004	-0.9561112	0	0	0.39	4.9002767e-18
4.700018640480285e-09	0.018137377	-0.0411061	-0.9558809	0	0	0.39	3.6996943e-18
4.710038214908682e-09	0.010136757	-0.025005883	-0.95201707	0	0	0.39	5.05561e-18
4.720038004916446e-09	0.020856045	-0.01195039	-0.95507646	0	0	0.39	4.6569466e-18
4.7300090903982335e-09	0.036929972	-0.035516	-0.9530853	0	0	0.39	3.3544757e-18
4.7400236604859e-09	0.029277219	-0.03846535	-0.9508327	0	0	0.39	4.6696277e-18
4.750054478214785e-09	0.060035292	-0.032685317	-0.9504824	0	0	0.39	4.1573237e-18
4.760008339288038e-09	0.06324573	-0.06453047	-0.94858384	0	0	0.39	4.5113885e-18
4.7700628469142714e-09	0.035057236	-0.084533826	-0.9511739	0	0	0.39	3.769487e-18
4.780004032233715e-09	0.017242096	-0.08355251	-0.9478575	0	0	0.39	4.3827255e-18
4.790034717031654e-09	0.011319148	-0.089880235	-0.9475759	0	0	0.39	4.699498e-18
4.800032139110511e-09	0.00026275136	-0.06620236	-0.9521962	0	0	0.39	4.2029535e-18
4.8100113913644876e-09	-0.01918636	-0.070831	-0.9470619	0	0	0.39	4.030363e-18
4.820037363125878e-09	-0.008507645	-0.079012096	-0.94211507	0	0	0.39	4.8013806e-18
4.830047147695963e-09	-0.0068960143	-0.08001069	-0.9477108	0	0	0.39	4.2400124e-18
4.8400364830622055e-09	-0.00462568	-0.08174879	-0.9470182	0	0	0.39	4.7121952e-18
4.8500345479476415e-09	-0.015957687	-0.09856865	-0.9475195	0	0	0.39	4.587318e-18
4.860014462004568e-09	-0.014744949	-0.113764	-0.94523567	0	0	0.39	4.9746208e-18
4.870061394944243e-09	-0.035052646	-0.10265828	-0.9433401	0	0	0.39	4.446353e-18
4.880003630834911e-09	-0.03564367	-0.07901027	-0.94289076	0	0	0.39	4.2803424e-18
4.890018744975805e-09	-0.03392408	-0.080776855	-0.9377805	0	0	0.39	5.2578495e-18
4.900022198801693e-09	-0.026534911	-0.06794698	-0.9385886	0	0	0.39	5.088024e-18
4.910037033805973e-09	-0.022316942	-0.060469232	-0.9446688	0	0	0.39	4.4944445e-18
4.920034370001943e-09	-0.018290387	-0.066772	-0.9436471	0	0	0.39	4.4742017e-18
4.9300406968188676e-09	-0.0392144	-0.07099736	-0.94067985	0	0	0.39	4.715686e-18
4.940064627760244e-09	-0.037896108	-0.084590346	-0.9341702	0	0	0.39	4.360138e-18
4.950053327242405e-09	-0.030450722	-0.08269908	-0.9336583	0	0	0.39	4.091375e-18
4.960023803188108e-09	-0.05391805	-0.07304059	-0.9366965	0	0	0.39	5.3022405e-18
4.970015692631432e-09	-0.044904992	-0.08330001	-0.93673754	0	0	0.39	4.507047e-18
4.9800278302194575e-09	-0.056024637	-0.0742351	-0.9321629	0	0	0.39	5.4616163e-18
4.9900582276078435e-09	-0.08104779	-0.059193373	-0.92922163	0	0	0.39	4.196536e-18
5.000017124346316e-09	-0.09406414	-0.044359103	-0.9307269	0	0	0.39	5.37095e-18
5.0100109326862214e-09	-0.09642738	-0.06829254	-0.93509805	0	0	0.39	4.9455024e-18
5.020066069189113e-09	-0.0928716	-0.08236244	-0.936336	0	0	0.39	3.6272635e-18
5.030000100288351e-09	-0.10065419	-0.09788253	-0.9352107	0	0	0.39	4.5568292e-18
5.040018644905047e-09	-0.11236251	-0.084581956	-0.9380095	0	0	0.39	4.82111e-18
5.050004220786577e-09	-0.11297643	-0.07849109	-0.9394952	0	0	0.39	5.027826e-18
5.060044549255907e-09	-0.11690219	-0.065394916	-0.939223	0	0	0.39	4.8576347e-18
5.070047209088337e-09	-0.11677577	-0.051389977	-0.9378817	0	0	0.39	4.0883278e-18
5.080025215028431e-09	-0.120659195	-0.05001631	-0.9370849	0	0	0.39	4.8537267e-18
5.090048614021116e-09	-0.11893009	-0.055954814	-0.93778425	0	0	0.39	4.939322e-18
5.10004379850647e-09	-0.1282859	-0.051143575	-0.9311552	0	0	0.39	4.1208252e-18
5.110014899602164e-09	-0.13077328	-0.063398175	-0.9298843	0	0	0.39	5.3362505e-18
5.120013683451614e-09	-0.1586334	-0.06349016	-0.930858	0	0	0.39	3.9724596e-18
5.130021053742253e-09	-0.1550183	-0.061547246	-0.9304135	0	0	0.39	4.104927e-18
5.140046589581421e-09	-0.16286002	-0.059619244	-0.9266194	0	0	0.39	4.1546648e-18
5.150015214976192e-09	-0.16901219	-0.071124144	-0.9269581	0	0	0.39	5.2656113e-18
5.160062136844479e-09	-0.17818762	-0.06060249	-0.92867637	0	0	0.39	4.3160407e-18
5.170018350564132e-09	-0.16519466	-0.048260383	-0.92959946	0	0	0.39	3.944017e-18
5.180037393903972e-09	-0.1701422	-0.03709681	-0.9333504	0	0	0.39	4.273908e-18
5.19002489088125e-09	-0.15000728	-0.036145024	-0.94001657	0	0	0.39	5.0090133e-18
5.200062624729169e-09	-0.14374796	-0.061349172	-0.9378112	0	0	0.39	4.3294836e-18
5.210066788989926e-09	-0.16144001	-0.047541887	-0.94085467	0	0	0.39	4.1692968e-18
5.220010393307135e-09	-0.15345688	-0.037297502	-0.9379471	0	0	0.39	4.8813615e-18
5.2300071059308446e-09	-0.1681553	-0.048004873	-0.93709606	0	0	0.39	5.007679e-18
5.240039343982548e-09	-0.16990584	-0.056603886	-0.93927634	0	0	0.39	4.271665e-18
5.250033301142096e-09	-0.15326077	-0.036063574	-0.94706726	0	0	0.39	4.9922476e-18
5.260013077872614e-09	-0.13893029	-0.017014856	-0.947683	0	0	0.39	4.935434e-18
5.270036051529864e-09	-0.12816277	-0.005841624	-0.9501984	0	0	0.39	4.962874e-18
5.280018475240602e-09	-0.13325974	0.0015521391	-0.94374317	0	0	0.39	4.611238e-18
5.290055659227111e-09	-0.12680483	-0.006209303	-0.9440183	0	0	0.39	4.064166e-18
5.300064602206507e-09	-0.14540002	-0.0018616944	-0.9401426	0	0	0.39	4.779893e-18
5.310006468705478e-09	-0.149933	0.0065594753	-0.93998945	0	0	0.39	5.2811934e-18
5.320006607936545e-09	-0.16414203	0.01669126	-0.9404509	0	0	0.39	4.6389294e-18
5.3300385797313415e-09	-0.16943592	0.024495985	-0.9431725	0	0	0.39	4.8966805e-18
5.340053306528668e-09	-0.16070192	0.022139098	-0.9431515	0	0	0.39	4.9229964e-18
5.350032343158025e-09	-0.14261682	0.02229878	-0.94998306	0	0	0.39	4.7653027e-18
5.3600058517182914e-09	-0.15801997	0.037144035	-0.9400707	0	0	0.39	5.4002007e-18
5.370042213717312e-09	-0.16363344	0.023704985	-0.9325627	0	0	0.39	4.4518943e-18
5.3800021947842605e-09	-0.16836691	0.016955052	-0.9323744	0	0	0.39	5.1043128e-18
5.3900411155396405e-09	-0.1684827	0.01751926	-0.93133897	0	0	0.39	4.5514823e-18
5.400060280919693e-09	-0.159683	0.026146874	-0.928434	0	0	0.39	3.9000044e-18
5.4100226928361485e-09	-0.17139502	0.0069885957	-0.9280693	0	0	0.39	4.832776e-18
5.420008772325841e-09	-0.17503572	0.0061193407	-0.92399156	0	0	0.39	4.4162734e-18
5.430058174936137e-09	-0.16437463	0.0069059306	-0.9271628	0	0	0.39	4.631842e-18
5.440018447183572e-09	-0.17734382	-0.010201766	-0.9274297	0	0	0.39	4.213969e-18
5.450019968154628e-09	-0.20073512	-0.01778179	-0.92187333	0	0	0.39	4.386165e-18
5.460040002414198e-09	-0.20509599	-0.012578849	-0.9214753	0	0	0.39	4.6515927e-18
5.470010855324819e-09	-0.20827684	0.006673336	-0.92271966	0	0	0.39	5.019364e-18
5.48001614346331e-09	-0.19198394	0.016471645	-0.92805743	0	0	0.39	4.8382377e-18
5.490064021642362e-09	-0.20702511	0.02876295	-0.9174367	0	0	0.39	4.4041714e-18
5.500033834714846e-09	-0.20861864	0.036807243	-0.9162555	0	0	0.39	5.214272e-18
5.510034917104434e-09	-0.17899796	0.040200252	-0.91750056	0	0	0.39	5.3520203e-18
5.520008682501209e-09	-0.16375051	0.035563357	-0.92414576	0	0	0.39	3.608509e-18
5.530025016919744e-09	-0.16177346	0.019253593	-0.9217771	0	0	0.39	5.0247256e-18
5.540007350440292e-09	-0.19429673	0.0042328998	-0.9129328	0	0	0.39	4.0811313e-18
5.550011564894442e-09	-0.20953758	0.021112489	-0.9114426	0	0	0.39	5.2863107e-18
5.560027679506555e-09	-0.21241473	0.021684097	-0.9140313	0	0	0.39	4.1136573e-18
5.570028633930831e-09	-0.23494819	0.037381373	-0.9067948	0	0	0.39	5.5083512e-18
5.5800068269847225e-09	-0.23934707	0.043150153	-0.9061957	0	0	0.39	4.6266577e-18
5.590013409780047e-09	-0.23808813	0.044898152	-0.90443355	0	0	0.39	4.443969e-18
5.6000428562993014e-09	-0.23297124	0.055495765	-0.9035487	0	0	0.39	5.0770154e-18
5.610060032337421e-09	-0.23448935	0.057597063	-0.90450823	0	0	0.39	3.6276287e-18
5.620045772753781e-09	-0.21297643	0.048576318	-0.9120068	0	0	0.39	4.798704e-18
5.630046217166746e-09	-0.20071276	0.035325743	-0.91983515	0	0	0.39	5.111856e-18
5.64005382224264e-09	-0.20398484	0.020519223	-0.920659	0	0	0.39	5.3471287e-18
5.65002218620076e-09	-0.18667847	0.021854311	-0.91941017	0	0	0.39	4.7859984e-18
5.660021073467886e-09	-0.18171366	0.0147185465	-0.92388314	0	0	0.39	4.4321065e-18
5.6700198225378065e-09	-0.19211543	0.033995014	-0.92598087	0	0	0.39	4.6454314e-18
5.680011501349943e-09	-0.19479728	0.03598168	-0.9251712	0	0	0.39	3.786893e-18
5.690027407176623e-09	-0.18817116	0.04554988	-0.9280946	0	0	0.39	4.1441637e-18
5.700008664620918e-09	-0.1866722	0.045078542	-0.9294237	0	0	0.39	5.4191323e-18
5.710046389371896e-09	-0.1756567	0.043001316	-0.925642	0	0	0.39	5.0303066e-18
5.72000260545163e-09	-0.18749475	0.02914707	-0.92033565	0	0	0.39	5.585969e-18
5.730018433007609e-09	-0.19270629	0.035786238	-0.9153868	0	0	0.39	4.28551e-18
5.740017848651761e-09	-0.20900221	0.02767309	-0.9172237	0	0	0.39	4.1845086e-18
5.750021303136761e-09	-0.2140307	0.019317528	-0.9186246	0	0	0.39	4.59612e-18
5.760001360247171e-09	-0.23241432	0.01575562	-0.9149003	0	0	0.39	4.6516092e-18
5.770041753633935e-09	-0.24415638	0.0054250704	-0.9127597	0	0	0.39	4.7357964e-18
5.7800035106495415e-09	-0.2559105	0.013970898	-0.9129405	0	0	0.39	4.114231e-18
5.7900582652830705e-09	-0.2542262	0.01311502	-0.9156771	0	0	0.39	4.493263e-18
5.800063878931516e-09	-0.2509851	0.026370987	-0.9174618	0	0	0.39	4.7717055e-18
5.810041334865989e-09	-0.24409112	0.019405948	-0.92176944	0	0	0.39	4.492539e-18
5.820039015681961e-09	-0.22827625	0.029053975	-0.9237358	0	0	0.39	4.4740483e-18
5.830036291509499e-09	-0.2083066	0.036861856	-0.92257583	0	0	0.39	3.9316155e-18
5.840007139745621e-09	-0.19203179	0.027979452	-0.92584765	0	0	0.39	3.693684e-18
5.85003894137933e-09	-0.19300671	0.023968669	-0.92748934	0	0	0.39	4.737663e-18
5.860062178697764e-09	-0.20258358	0.022617742	-0.9271267	0	0	0.39	3.8544487e-18
5.87003675862505e-09	-0.23529403	0.03377639	-0.92313105	0	0	0.39	4.3065343e-18
5.880045851295482e-09	-0.24298076	0.06925361	-0.9212085	0	0	0.39	4.7980806e-18
5.890013545378935e-09	-0.24772888	0.06702366	-0.9177801	0	0	0.39	4.0057483e-18
5.90005010615415e-09	-0.24724759	0.07038294	-0.9204377	0	0	0.39	3.8513815e-18
5.910054646377936e-09	-0.25764382	0.07734731	-0.9142251	0	0	0.39	4.026931e-18
5.920012300903273e-09	-0.2535821	0.09238912	-0.91649145	0	0	0.39	4.267462e-18
5.930030013533595e-09	-0.23584382	0.10384074	-0.9161783	0	0	0.39	4.2705954e-18
5.9400233506039285e-09	-0.2289054	0.12510698	-0.9145595	0	0	0.39	4.8137495e-18
5.9500430219799135e-09	-0.22140585	0.117203586	-0.91644543	0	0	0.39	4.4349624e-18
5.960054009609133e-09	-0.23152666	0.11133568	-0.91094166	0	0	0.39	4.3654e-18
5.970053759369966e-09	-0.241827	0.10982074	-0.9107163	0	0	0.39	3.856097e-18
5.980029286194153e-09	-0.2420846	0.11102724	-0.9123856	0	0	0.39	4.6050696e-18
5.9900365051830255e-09	-0.23999621	0.11671355	-0.9122827	0	0	0.39	4.4076426e-18
6.000027096442215e-09	-0.2607122	0.124734476	-0.9083805	0	0	0.39	4.852643e-18
6.010023488075666e-09	-0.2696451	0.12245935	-0.90427625	0	0	0.39	4.613983e-18
6.020005730264079e-09	-0.27005062	0.13511914	-0.9021364	0	0	0.39	3.641776e-18
6.0300137592455585e-09	-0.2616302	0.13120492	-0.9006813	0	0	0.39	4.7932387e-18
6.040056612932221e-09	-0.26818073	0.13695715	-0.89458793	0	0	0.39	5.2574615e-18
6.050024308996062e-09	-0.27055782	0.13455702	-0.8928934	0	0	0.39	4.7314102e-18
6.060063881361848e-09	-0.269857	0.12346461	-0.88972414	0	0	0.39	4.87549e-18
6.070004566121528e-09	-0.278435	0.118225865	-0.88810205	0	0	0.39	3.9071463e-18
6.080026738493489e-09	-0.27954343	0.1158775	-0.8830204	0	0	0.39	4.7501624e-18
6.090050265158749e-09	-0.29068774	0.116943285	-0.87966007	0	0	0.39	4.7538905e-18
6.100016808627423e-09	-0.28904882	0.113998264	-0.88466954	0	0	0.39	4.2843683e-18
6.110031746525663e-09	-0.28329986	0.123724274	-0.882668	0	0	0.39	3.8414135e-18
6.120057385215364e-09	-0.29442552	0.110745944	-0.8787602	0	0	0.39	2.9324605e-18
6.1300276513820664e-09	-0.30530912	0.09333514	-0.87529916	0	0	0.39	4.040658e-18
6.140013452028857e-09	-0.3117126	0.06952663	-0.8824981	0	0	0.39	5.1614813e-18
6.150045219604181e-09	-0.31947267	0.051876478	-0.88262075	0	0	0.39	4.4034898e-18
6.160030804408451e-09	-0.30207196	0.04858616	-0.892418	0	0	0.39	3.8950537e-18
6.170034963438348e-09	-0.29289716	0.021029975	-0.8967492	0	0	0.39	3.8789435e-18
6.180017757571827e-09	-0.30080763	0.018697776	-0.89915836	0	0	0.39	5.3959886e-18
6.190000261451891e-09	-0.30959842	0.004132783	-0.8983666	0	0	0.39	4.509952e-18
6.200025847100184e-09	-0.31040123	-0.0040831543	-0.8988247	0	0	0.39	4.446298e-18
6.21003299277373e-09	-0.3293935	0.021170996	-0.89299375	0	0	0.39	4.25434e-18
6.220037058998757e-09	-0.32203314	0.019561306	-0.8940184	0	0	0.39	4.570849e-18
6.230010287853482e-09	-0.31364626	0.011511953	-0.89395833	0	0	0.39	5.039012e-18
6.2400107879071655e-09	-0.31181622	0.017898545	-0.8918376	0	0	0.39	4.0925973e-18
6.2500616838168585e-09	-0.29735175	0.012507631	-0.8912465	0	0	0.39	4.1757554e-18
6.260045138579754e-09	-0.28109923	-0.004009472	-0.8985887	0	0	0.39	4.4080686e-18
6.2700301530989335e-09	-0.28470793	0.0064492016	-0.89964026	0	0	0.39	3.4296782e-18
6.2800037386678715e-09	-0.27587843	0.012752513	-0.903863	0	0	0.39	5.2140523e-18
6.290040435563902e-09	-0.262253	0.0075209187	-0.9038125	0	0	0.39	3.961665e-18
6.300011903809648e-09	-0.26180252	0.0035528948	-0.9036077	0	0	0.39	4.3707773e-18
6.3100222582877306e-09	-0.27347165	-0.018266411	-0.89441067	0	0	0.39	5.0892903e-18
6.320021301710785e-09	-0.29112372	-0.025514873	-0.8909175	0	0	0.39	4.8365995e-18
6.3300087748492994e-09	-0.30515042	-0.043808404	-0.8918561	0	0	0.39	5.141801e-18
6.340006710775336e-09	-0.31275955	-0.049684152	-0.89224213	0	0	0.39	5.159073e-18
6.350012640500717e-09	-0.32748917	-0.057343356	-0.8866546	0	0	0.39	4.598341e-18
6.360054849834085e-09	-0.33599758	-0.06459014	-0.8845848	0	0	0.39	5.1644455e-18
6.370009186294135e-09	-0.34119546	-0.075886935	-0.88036656	0	0	0.39	5.836263e-18
6.380015901753766e-09	-0.31800225	-0.08329795	-0.8887744	0	0	0.39	3.6435184e-18
6.390021466229926e-09	-0.3024207	-0.082007386	-0.895205	0	0	0.39	4.974598e-18
6.400051369485993e-09	-0.2923314	-0.0640862	-0.9014136	0	0	0.39	4.7555987e-18
6.410058492762387e-09	-0.293675	-0.059826527	-0.9028845	0	0	0.39	5.1793314e-18
6.420013304735124e-09	-0.29686612	-0.05451114	-0.8964955	0	0	0.39	4.621701e-18
6.430007196689042e-09	-0.2973981	-0.066010855	-0.8975386	0	0	0.39	5.334721e-18
6.440045593283289e-09	-0.27934542	-0.09479318	-0.89771944	0	0	0.39	4.552615e-18
6.4500128054575605e-09	-0.27494505	-0.101666935	-0.9027948	0	0	0.39	4.8939277e-18
6.46004769170909e-09	-0.26848233	-0.11259812	-0.90196985	0	0	0.39	4.7775756e-18
6.470037142481945e-09	-0.27982673	-0.111284435	-0.8990274	0	0	0.39	5.7728765e-18
6.480038092233826e-09	-0.28356043	-0.12305914	-0.8941361	0	0	0.39	4.9757697e-18
6.490052240750577e-09	-0.28898934	-0.14228725	-0.88532454	0	0	0.39	4.2025837e-18
6.5000106397072365e-09	-0.29300383	-0.14901645	-0.8850343	0	0	0.39	2.6676674e-18
6.510019107592592e-09	-0.2864747	-0.14905725	-0.8864456	0	0	0.39	5.716327e-18
6.520007892527648e-09	-0.29481	-0.15213896	-0.8840314	0	0	0.39	5.3040227e-18
6.5300114114051505e-09	-0.26519486	-0.15486246	-0.8847674	0	0	0.39	5.1692634e-18
6.540005569480993e-09	-0.2467609	-0.17829297	-0.878019	0	0	0.39	5.1861743e-18
6.550009344705583e-09	-0.2211153	-0.20988452	-0.8812166	0	0	0.39	5.6383067e-18
6.5600441866572265e-09	-0.21628195	-0.21311375	-0.8895253	0	0	0.39	4.6384418e-18
6.570054916320619e-09	-0.21748865	-0.21231647	-0.8977768	0	0	0.39	4.8062556e-18
6.580019581287227e-09	-0.22439523	-0.21854998	-0.8948309	0	0	0.39	5.3992337e-18
6.590040635205448e-09	-0.2422292	-0.20582438	-0.89816624	0	0	0.39	4.667635e-18
6.600000733336454e-09	-0.22818981	-0.19316784	-0.9039761	0	0	0.39	4.843618e-18
6.610043579914055e-09	-0.21749459	-0.18540488	-0.9036237	0	0	0.39	5.315739e-18
6.6200215004989505e-09	-0.2086392	-0.17821537	-0.9066834	0	0	0.39	4.0541123e-18
6.630048857013797e-09	-0.20345743	-0.18632819	-0.9102876	0	0	0.39	3.7288024e-18
6.640015259185406e-09	-0.19825488	-0.17894816	-0.90927815	0	0	0.39	4.5182603e-18
6.6500070343425345e-09	-0.2010439	-0.1621572	-0.9078915	0	0	0.39	4.49759e-18
6.6600117358956766e-09	-0.19732997	-0.16340858	-0.9123738	0	0	0.39	4.581917e-18
6.6700350551678886e-09	-0.20168619	-0.15105717	-0.9142398	0	0	0.39	4.3583328e-18
6.680008276937577e-09	-0.1793424	-0.13021417	-0.9235457	0	0	0.39	4.277063e-18
6.69004363988124e-09	-0.18408965	-0.14058942	-0.9203361	0	0	0.39	4.8298166e-18
6.700056968393577e-09	-0.18699443	-0.13596702	-0.9206292	0	0	0.39	5.4419518e-18
6.7100180340032775e-09	-0.18871507	-0.123516686	-0.9212	0	0	0.39	4.4737158e-18
6.720016219102796e-09	-0.19870518	-0.13601464	-0.92214054	0	0	0.39	4.4045916e-18
6.730053964729045e-09	-0.2050191	-0.11195659	-0.9267668	0	0	0.39	4.213317e-18
6.74004730422355e-09	-0.18672	-0.10223103	-0.9299762	0	0	0.39	4.7772414e-18
6.7500366379700735e-09	-0.18279873	-0.103773646	-0.9346216	0	0	0.39	4.35697e-18
6.760004347355198e-09	-0.16599941	-0.07578586	-0.93937	0	0	0.39	4.261802e-18
6.770048845424104e-09	-0.14974242	-0.054086346	-0.94174224	0	0	0.39	4.9292416e-18
6.780020511595914e-09	-0.15109082	-0.060900148	-0.9367201	0	0	0.39	5.437525e-18
6.7900513989164684e-09	-0.15733802	-0.057432245	-0.93973386	0	0	0.39	3.967437e-18
6.800003990937388e-09	-0.16133842	-0.059062317	-0.9439942	0	0	0.39	4.2959116e-18
6.8100237814923355e-09	-0.17857815	-0.062183294	-0.94233894	0	0	0.39	5.013185e-18
6.820041443793786e-09	-0.17562437	-0.030572101	-0.94435316	0	0	0.39	3.5425875e-18
6.8300646213970446e-09	-0.17256545	-0.028647402	-0.94099945	0	0	0.39	3.460587e-18
6.840027407639111e-09	-0.1556053	-0.0140598845	-0.9449285	0	0	0.39	4.6106824e-18
6.85004157883397e-09	-0.13979986	0.0013827059	-0.947058	0	0	0.39	4.4151266e-18
6.8600174425496145e-09	-0.13602583	0.017261188	-0.94454384	0	0	0.39	4.6836786e-18
6.870015040393685e-09	-0.12746835	0.02866171	-0.9404239	0	0	0.39	4.67417e-18
6.880017856691987e-09	-0.13611168	0.018646887	-0.9393429	0	0	0.39	4.556243e-18
6.890021342794504e-09	-0.14846407	0.015602799	-0.93776006	0	0	0.39	4.54387e-18
6.900015788068586e-09	-0.16897583	0.009599527	-0.9387789	0	0	0.39	3.83973e-18
6.910033894469693e-09	-0.17535949	0.031580526	-0.9353321	0	0	0.39	4.815355e-18
6.920059883647482e-09	-0.18019325	0.032498166	-0.9329038	0	0	0.39	4.673053e-18
6.930005664620621e-09	-0.17202616	0.03280081	-0.9340589	0	0	0.39	4.53182e-18
6.940026225415036e-09	-0.17909473	0.06510533	-0.93159735	0	0	0.39	4.1450356e-18
6.950009771458389e-09	-0.15968092	0.06490356	-0.93114495	0	0	0.39	5.2642014e-18
6.960005827170634e-09	-0.12745084	0.062834255	-0.9340254	0	0	0.39	4.6453913e-18
6.9700180257796145e-09	-0.124351874	0.05526105	-0.9335099	0	0	0.39	4.8083653e-18
6.980061408330062e-09	-0.12687331	0.045765102	-0.9362713	0	0	0.39	4.6303002e-18
6.990049526550568e-09	-0.11836407	0.035809442	-0.938768	0	0	0.39	4.3665624e-18
7.0000224265743025e-09	-0.140699	0.0467044	-0.9414907	0	0	0.39	4.1241927e-18
7.010002026990703e-09	-0.14429338	0.055090647	-0.9403266	0	0	0.39	4.983852e-18
7.020062411813517e-09	-0.13903065	0.076398835	-0.94237196	0	0	0.39	5.023982e-18
7.030064519219993e-09	-0.1437228	0.08538991	-0.9393353	0	0	0.39	4.3455367e-18
7.040002219890417e-09	-0.12469534	0.09656426	-0.94246626	0	0	0.39	4.720305e-18
7.050042222393071e-09	-0.10928507	0.10058828	-0.93924266	0	0	0.39	4.3404987e-18
7.0600655341785506e-09	-0.1242338	0.10423837	-0.9361376	0	0	0.39	4.5593943e-18
7.070017683684868e-09	-0.12132604	0.1007586	-0.93433595	0	0	0.39	5.0772454e-18
7.080046068386988e-09	-0.14811654	0.10377208	-0.92766565	0	0	0.39	4.5565596e-18
7.090041701909414e-09	-0.15716755	0.09349024	-0.9269118	0	0	0.39	4.3573563e-18
7.100047016138802e-09	-0.17974621	0.102553986	-0.92567724	0	0	0.39	3.596812e-18
7.110006315399788e-09	-0.16806078	0.11305816	-0.92457473	0	0	0.39	4.414577e-18
7.120004175250159e-09	-0.14257175	0.12494385	-0.93020827	0	0	0.39	5.1863935e-18
7.130012000263207e-09	-0.13905412	0.14540462	-0.93056816	0	0	0.39	3.9799787e-18
7.1400515265492316e-09	-0.1291329	0.14476539	-0.92965335	0	0	0.39	4.478234e-18
7.150001527409794e-09	-0.123894416	0.14554177	-0.9308389	0	0	0.39	4.332581e-18
7.160026837596843e-09	-0.12082613	0.16803001	-0.9277096	0	0	0.39	4.975345e-18
7.170026341055571e-09	-0.11025332	0.16908573	-0.92776084	0	0	0.39	4.055076e-18
7.18004695203148e-09	-0.09728694	0.15410492	-0.93524307	0	0	0.39	4.323733e-18
7.190001119605826e-09	-0.0960959	0.13898695	-0.9393919	0	0	0.39	4.178302e-18
7.200038467180303e-09	-0.09147371	0.1593537	-0.9366298	0	0	0.39	4.6382945e-18
7.210065192217247e-09	-0.087637804	0.18534586	-0.9290333	0	0	0.39	4.6873157e-18
7.220019322037932e-09	-0.08006126	0.18002063	-0.93246925	0	0	0.39	4.4322914e-18
7.230015408430671e-09	-0.067621365	0.19768581	-0.92793965	0	0	0.39	4.447786e-18
7.240039319238095e-09	-0.039509684	0.20384416	-0.93192357	0	0	0.39	4.5590663e-18
7.250000771345323e-09	-0.028799118	0.17997943	-0.933235	0	0	0.39	4.9508356e-18
7.260056603723015e-09	-0.017664662	0.18338929	-0.931286	0	0	0.39	6.1601307e-18
7.270032430489466e-09	-0.016440332	0.18768589	-0.92787784	0	0	0.39	4.6811776e-18
7.2800187944239266e-09	-0.019584922	0.19053288	-0.92913324	0	0	0.39	4.2824154e-18
7.290018597966569e-09	-0.027223004	0.1917086	-0.9270414	0	0	0.39	4.7800708e-18
7.3000616904062474e-09	-0.028735546	0.19045936	-0.92385024	0	0	0.39	5.67886e-18
7.310034215350702e-09	-0.025421532	0.17617062	-0.9278109	0	0	0.39	4.325358e-18
7.320049666114955e-09	-0.02634868	0.18675642	-0.92413795	0	0	0.39	4.2393408e-18
7.330064231768934e-09	-0.04100363	0.18605243	-0.9274523	0	0	0.39	4.505891e-18
7.3400087264667755e-09	-0.05223586	0.1728492	-0.9295308	0	0	0.39	4.908812e-18
7.350035718639868e-09	-0.057355344	0.18473677	-0.9254226	0	0	0.39	3.6392824e-18
7.360034447380256e-09	-0.06316278	0.19443057	-0.9292016	0	0	0.39	3.9481463e-18
7.370033438587722e-09	-0.044808246	0.20317999	-0.9281374	0	0	0.39	4.648583e-18
7.380014275750366e-09	-0.029727198	0.19138698	-0.9298691	0	0	0.39	4.5988963e-18
7.3900042324793535e-09	-0.012623315	0.18558152	-0.9340022	0	0	0.39	3.321846e-18
7.4000387693312606e-09	0.0018938986	0.18122664	-0.9299437	0	0	0.39	5.338217e-18
7.410037852307838e-09	0.0123584755	0.17273554	-0.9340267	0	0	0.39	4.6526333e-18
7.420002967635218e-09	0.01448037	0.15921307	-0.9323393	0	0	0.39	4.7308076e-18
7.430047412690811e-09	0.004766949	0.13587575	-0.9335166	0	0	0.39	5.0325106e-18
7.4400668743845695e-09	-0.009140656	0.14003116	-0.92834204	0	0	0.39	4.188312e-18
7.4500015053901175e-09	-0.010218428	0.13227941	-0.9319876	0	0	0.39	4.8484294e-18
7.460062893574806e-09	0.003764163	0.13715425	-0.9352593	0	0	0.39	4.4059147e-18
7.470054465326323e-09	0.011867887	0.13811657	-0.93270934	0	0	0.39	4.038704e-18
7.480033057346323e-09	0.031219205	0.14324684	-0.93042254	0	0	0.39	3.8691005e-18
7.490056210094169e-09	0.05755172	0.13394545	-0.92619956	0	0	0.39	4.900527e-18
7.500056787089356e-09	0.070368305	0.11502235	-0.92942244	0	0	0.39	4.4689462e-18
7.510038404002222e-09	0.06719806	0.105841756	-0.930419	0	0	0.39	4.956313e-18
7.520021579109124e-09	0.06693001	0.09301878	-0.93482107	0	0	0.39	4.4312438e-18
7.530044587453346e-09	0.046545446	0.100878745	-0.9330864	0	0	0.39	4.7928367e-18
7.540020579008174e-09	0.035628553	0.09525019	-0.9345729	0	0	0.39	4.9698285e-18
7.550017080886257e-09	0.045274604	0.10669499	-0.93746555	0	0	0.39	4.1374325e-18
7.560033229496798e-09	0.07301535	0.11958508	-0.9378572	0	0	0.39	4.6251903e-18
7.570022266983192e-09	0.098082066	0.118171826	-0.94050366	0	0	0.39	5.196441e-18
7.580020533926638e-09	0.11374507	0.10962773	-0.93884397	0	0	0.39	4.8899167e-18
7.590040011609518e-09	0.10632127	0.08515877	-0.9342612	0	0	0.39	5.109911e-18
7.600006688225081e-09	0.07982106	0.09137642	-0.9364618	0	0	0.39	5.241676e-18
7.610065557518845e-09	0.09125145	0.08771684	-0.93738	0	0	0.39	3.8779575e-18
7.620040472803343e-09	0.076129876	0.06609229	-0.93821436	0	0	0.39	4.9915676e-18
7.63005633541273e-09	0.066391975	0.07235206	-0.93047464	0	0	0.39	5.059495e-18
7.640030653782713e-09	0.06242444	0.061876312	-0.9333615	0	0	0.39	5.133819e-18
7.650051663491504e-09	0.07345588	0.066231705	-0.93518126	0	0	0.39	4.758274e-18
7.66004903449236e-09	0.080502644	0.050074555	-0.93922687	0	0	0.39	4.4937666e-18
7.670003471704153e-09	0.074819915	0.030500395	-0.9450292	0	0	0.39	4.82453e-18
7.680049916600596e-09	0.06476467	0.010843761	-0.9453349	0	0	0.39	5.32148e-18
7.69002058441424e-09	0.056759782	0.0114672175	-0.94770354	0	0	0.39	5.0874755e-18
7.700041064870421e-09	0.06247004	0.0085229445	-0.949486	0	0	0.39	3.452241e-18
7.710039140299947e-09	0.06756862	0.016408237	-0.95000213	0	0	0.39	4.4805077e-18
7.720044234516338e-09	0.054901164	0.00984752	-0.9484872	0	0	0.39	4.3131455e-18
7.730064129588602e-09	0.07025471	0.014402322	-0.9465827	0	0	0.39	4.0269224e-18
7.7400495769109e-09	0.06670412	0.003800129	-0.9411874	0	0	0.39	4.1259273e-18
7.750009666987154e-09	0.086932674	0.029775297	-0.9438554	0	0	0.39	4.3094038e-18
7.76006052393971e-09	0.088219665	0.024762813	-0.9405047	0	0	0.39	4.5668757e-18
7.770046010209747e-09	0.09345731	0.006875281	-0.94161355	0	0	0.39	5.286786e-18
7.780061078748483e-09	0.09246462	0.005366361	-0.938512	0	0	0.39	4.6594898e-18
7.790024216469598e-09	0.10032664	0.0009225989	-0.93521845	0	0	0.39	4.4667765e-18
7.800035356605622e-09	0.113178715	-0.006855261	-0.93695474	0	0	0.39	5.3369e-18
7.810058393428472e-09	0.11100996	-0.009026982	-0.9398153	0	0	0.39	4.487952e-18
7.820064323515893e-09	0.11064757	-0.009836945	-0.93768424	0	0	0.39	4.346845e-18
7.830064793301986e-09	0.11712017	-0.0062577617	-0.9330419	0	0	0.39	4.7156e-18
7.840033148481684e-09	0.1066997	-0.005275132	-0.9365415	0	0	0.39	4.570163e-18
7.850021074303993e-09	0.10674703	-0.008494451	-0.93821454	0	0	0.39	4.2365987e-18
7.86003426333769e-09	0.10602523	-0.016597454	-0.94006574	0	0	0.39	3.6840205e-18
7.87005281880858e-09	0.09455504	-0.02616798	-0.9444248	0	0	0.39	3.913228e-18
7.880040053419226e-09	0.083131894	-0.039727625	-0.9490104	0	0	0.39	4.577118e-18
7.890005917903798e-09	0.0916902	-0.05595693	-0.94537836	0	0	0.39	4.4866587e-18
7.900017174123605e-09	0.08206094	-0.060714383	-0.9437157	0	0	0.39	4.530638e-18
7.910042362281278e-09	0.08462935	-0.06511417	-0.94466406	0	0	0.39	4.941047e-18
7.920025023331895e-09	0.089316316	-0.06228299	-0.941174	0	0	0.39	3.9643628e-18
7.93006319386267e-09	0.079951525	-0.06963641	-0.9410333	0	0	0.39	4.9004744e-18
7.940000823228617e-09	0.06903467	-0.07482452	-0.9418135	0	0	0.39	3.987587e-18
7.950041450886216e-09	0.06949313	-0.097625114	-0.9435575	0	0	0.39	4.1808918e-18
7.960033010840108e-09	0.05826644	-0.07791405	-0.9485142	0	0	0.39	4.207376e-18
7.970001437836482e-09	0.060433943	-0.08522907	-0.9473192	0	0	0.39	4.5352737e-18
7.980039363663093e-09	0.059126813	-0.093056865	-0.944953	0	0	0.39	4.5960674e-18
7.990033801670647e-09	0.051996235	-0.10258917	-0.94169694	0	0	0.39	4.4240887e-18
8.000060021368327e-09	0.040970553	-0.091286354	-0.94377685	0	0	0.39	5.1377458e-18
8.010030462419405e-09	0.051105488	-0.09984812	-0.94127566	0	0	0.39	3.959369e-18
8.020026825194977e-09	0.042299703	-0.09775958	-0.940531	0	0	0.39	4.740266e-18
8.030023319785762e-09	0.06387201	-0.097545624	-0.9306278	0	0	0.39	4.532309e-18
8.040006291914222e-09	0.052299015	-0.11012142	-0.9280009	0	0	0.39	3.801609e-18
8.050023361410962e-09	0.061536375	-0.1095159	-0.9310266	0	0	0.39	5.1184724e-18
8.060044068501897e-09	0.048470493	-0.11652005	-0.93504965	0	0	0.39	4.642121e-18
8.070064290833492e-09	0.024875728	-0.11654689	-0.94078875	0	0	0.39	4.109539e-18
8.080031373716632e-09	0.010394942	-0.09868488	-0.94171757	0	0	0.39	4.7684646e-18
8.090022720199994e-09	0.025719594	-0.09916392	-0.9422886	0	0	0.39	4.388292e-18
8.100018611172599e-09	0.019736804	-0.095283546	-0.94133306	0	0	0.39	4.7430387e-18
8.110010234025902e-09	0.0057896855	-0.098106645	-0.9469415	0	0	0.39	5.041351e-18
8.120038315405412e-09	0.011219514	-0.09546133	-0.94581985	0	0	0.39	3.9239393e-18
8.130026144251404e-09	0.0046725767	-0.12271213	-0.94114983	0	0	0.39	5.643112e-18
8.140050136443758e-09	0.015207319	-0.11483066	-0.94402117	0	0	0.39	4.5279635e-18
8.150002997609054e-09	0.0017360537	-0.1262751	-0.94148487	0	0	0.39	4.1142653e-18
8.160003374571852e-09	-0.018182572	-0.119119346	-0.9426908	0	0	0.39	4.80642e-18
8.170014962224896e-09	-0.031085648	-0.10569206	-0.9448395	0	0	0.39	4.6202988e-18
8.180038915286947e-09	-0.022050723	-0.09286401	-0.9457408	0	0	0.39	4.0048024e-18
8.190043494872327e-09	-0.021050436	-0.08153278	-0.9486935	0	0	0.39	5.0182645e-18
8.200008515153891e-09	-0.014613678	-0.07110898	-0.9501053	0	0	0.39	4.234401e-18
8.210003136689781e-09	-0.016752766	-0.08053976	-0.9488663	0	0	0.39	5.0409495e-18
8.220007539337137e-09	-0.011818925	-0.103549235	-0.9445348	0	0	0.39	4.3608685e-18
8.230035148385655e-09	-0.019613443	-0.12168578	-0.9433345	0	0	0.39	5.0953395e-18
8.240055438649145e-09	-0.027271943	-0.11545333	-0.9415733	0	0	0.39	3.8554557e-18
8.250060883562579e-09	-0.039840247	-0.12269001	-0.94438255	0	0	0.39	5.2934964e-18
8.260010354206233e-09	-0.05183236	-0.1305939	-0.93987167	0	0	0.39	4.5537107e-18
8.270035838086753e-09	-0.043851163	-0.11093168	-0.94198954	0	0	0.39	4.685782e-18
8.280029241022245e-09	-0.052808713	-0.09529543	-0.9376293	0	0	0.39	4.997976e-18
8.290015358522158e-09	-0.051867124	-0.102145925	-0.9359456	0	0	0.39	4.7550324e-18
8.300036589848121e-09	-0.043672185	-0.082123	-0.9376287	0	0	0.39	5.2501364e-18
8.310054391922296e-09	-0.037717216	-0.101407684	-0.937161	0	0	0.39	3.8492118e-18
8.320017358191718e-09	-0.043796215	-0.11523916	-0.9414739	0	0	0.39	4.9224596e-18
8.330059250033367e-09	-0.045663692	-0.12109955	-0.94212574	0	0	0.39	4.24334e-18
8.340007296611651e-09	-0.057733763	-0.13477258	-0.93643826	0	0	0.39	4.3707736e-18
8.350028702731548e-09	-0.04972464	-0.15604967	-0.93850905	0	0	0.39	4.1215788e-18
8.36004353776103e-09	-0.04773963	-0.13982959	-0.9406754	0	0	0.39	5.393173e-18
8.370052537264217e-09	-0.035862233	-0.1382069	-0.9390754	0	0	0.39	4.095836e-18
8.380004443304769e-09	-0.04328705	-0.13325222	-0.9368886	0	0	0.39	4.4342605e-18
8.390021383180413e-09	-0.042890366	-0.13914615	-0.9345668	0	0	0.39	4.2505867e-18
8.40003005070672e-09	-0.036957737	-0.15109238	-0.9311785	0	0	0.39	4.9116322e-18
8.410009811317585e-09	-0.05965744	-0.13251173	-0.92608434	0	0	0.39	4.0830884e-18
8.420045251764774e-09	-0.07553769	-0.12759541	-0.92473555	0	0	0.39	4.3458647e-18
8.430010314162608e-09	-0.060319956	-0.11607205	-0.9243535	0	0	0.39	4.08305e-18
8.440000898297677e-09	-0.05321618	-0.111173734	-0.92321116	0	0	0.39	5.079754e-18
8.450058972859921e-09	-0.05409809	-0.13000694	-0.9216433	0	0	0.39	4.071773e-18
8.460019689790306e-09	-0.04066378	-0.13697292	-0.9256315	0	0	0.39	4.0134646e-18
8.470039827066763e-09	-0.03803398	-0.1353427	-0.92935145	0	0	0.39	5.1847346e-18
8.480044753794978e-09	-0.041883565	-0.13611251	-0.9265434	0	0	0.39	5.609241e-18
8.490044595674173e-09	-0.043502644	-0.14916833	-0.928977	0	0	0.39	3.4224352e-18
8.500050241086395e-09	-0.06010113	-0.15033495	-0.9262355	0	0	0.39	4.019009e-18
8.510061014201197e-09	-0.07119961	-0.15733087	-0.9252788	0	0	0.39	3.619748e-18
8.520039229785201e-09	-0.08810289	-0.14176019	-0.9260744	0	0	0.39	4.9563943e-18
8.530023430639875e-09	-0.089030184	-0.124982364	-0.92419887	0	0	0.39	3.776365e-18
8.540038096584338e-09	-0.09046627	-0.12072429	-0.9218169	0	0	0.39	5.1377056e-18
8.550001741466542e-09	-0.086417764	-0.10808372	-0.92234266	0	0	0.39	3.7564385e-18
8.56004314872592e-09	-0.07248144	-0.10582369	-0.9240274	0	0	0.39	4.2918886e-18
8.570043778559732e-09	-0.058202956	-0.10364967	-0.92813003	0	0	0.39	5.337518e-18
8.580037578942733e-09	-0.05218952	-0.1088062	-0.92787546	0	0	0.39	5.3189595e-18
8.590001104174537e-09	-0.06099751	-0.11978834	-0.930073	0	0	0.39	4.3834948e-18
8.60001857506883e-09	-0.04877182	-0.116379105	-0.93626153	0	0	0.39	5.026973e-18
8.610035751227299e-09	-0.06270854	-0.11278553	-0.93675673	0	0	0.39	4.1829246e-18
8.620012261177353e-09	-0.08150507	-0.11165589	-0.9423858	0	0	0.39	4.013348e-18
8.630053293862615e-09	-0.08038918	-0.095931314	-0.94171745	0	0	0.39	4.343265e-18
8.640043655727292e-09	-0.06378824	-0.09146543	-0.9436551	0	0	0.39	5.2838015e-18
8.650013969389423e-09	-0.055069506	-0.09885752	-0.9413837	0	0	0.39	4.5477005e-18
8.660006756658318e-09	-0.046791524	-0.095230564	-0.9421739	0	0	0.39	4.1327817e-18
8.670031862882167e-09	-0.046854034	-0.11168221	-0.93953115	0	0	0.39	4.0319873e-18
8.680043537374786e-09	-0.052664246	-0.11718793	-0.9369982	0	0	0.39	3.72093e-18
8.690003091185502e-09	-0.05433133	-0.121938296	-0.9386317	0	0	0.39	5.2685036e-18
8.700010352152333e-09	-0.06708553	-0.124080814	-0.9390726	0	0	0.39	4.0170384e-18
8.71004079794611e-09	-0.07568859	-0.14186811	-0.9319699	0	0	0.39	4.2362744e-18
8.720007716701824e-09	-0.07968248	-0.13059066	-0.93370306	0	0	0.39	4.846375e-18
8.730027575800436e-09	-0.07356698	-0.12167794	-0.9323374	0	0	0.39	4.630164e-18
8.740053333839398e-09	-0.060330547	-0.113773584	-0.9360263	0	0	0.39	4.369764e-18
8.750004978084835e-09	-0.052122924	-0.11438212	-0.93677217	0	0	0.39	4.0585083e-18
8.760022257855274e-09	-0.03219932	-0.11252985	-0.93831044	0	0	0.39	4.6546574e-18
8.77004884549885e-09	-0.020160506	-0.1196505	-0.93487155	0	0	0.39	5.2416897e-18
8.78003021294428e-09	-0.0429147	-0.13837291	-0.93768567	0	0	0.39	4.0344684e-18
8.79006387909278e-09	-0.041635133	-0.121494755	-0.9389459	0	0	0.39	4.805366e-18
8.800024625227946e-09	-0.046345767	-0.11479755	-0.9380943	0	0	0.39	4.8872023e-18
8.810006995970298e-09	-0.04489726	-0.117884144	-0.9339895	0	0	0.39	3.2233005e-18
8.820005197108515e-09	-0.06156504	-0.09886124	-0.9373568	0	0	0.39	4.938713e-18
8.830013957084402e-09	-0.054696888	-0.08095713	-0.9378432	0	0	0.39	5.0734238e-18
8.84005527694904e-09	-0.04622672	-0.079317205	-0.93893224	0	0	0.39	4.1749836e-18
8.850026713076162e-09	-0.041896034	-0.086138144	-0.93629056	0	0	0.39	3.659047e-18
8.86004898555202e-09	-0.042427797	-0.10522666	-0.93080133	0	0	0.39	4.023565e-18
8.870025154445502e-09	-0.07126423	-0.107295804	-0.9343887	0	0	0.39	4.5895984e-18
8.880022001973442e-09	-0.0832143	-0.11315708	-0.9377401	0	0	0.39	4.403847e-18
8.890035342184325e-09	-0.0962809	-0.09823307	-0.9386416	0	0	0.39	4.7475283e-18
8.900040360571706e-09	-0.1010021	-0.08804494	-0.9378489	0	0	0.39	4.685529e-18
8.910018750355564e-09	-0.10625815	-0.063602924	-0.93842953	0	0	0.39	4.435256e-18
8.920057349424864e-09	-0.1179744	-0.058090407	-0.93992937	0	0	0.39	4.568952e-18
8.930012639905256e-09	-0.111645415	-0.055284206	-0.9391541	0	0	0.39	5.6328696e-18
8.940055403508894e-09	-0.10566392	-0.068364054	-0.9374271	0	0	0.39	4.1701392e-18
8.950031127846634e-09	-0.096654005	-0.06102155	-0.9390242	0	0	0.39	6.015732e-18
8.960034449321079e-09	-0.09725034	-0.077162914	-0.9365983	0	0	0.39	4.5683647e-18
8.970031925016722e-09	-0.1106941	-0.06952495	-0.940531	0	0	0.39	3.511155e-18
8.980014832107255e-09	-0.11418933	-0.053587165	-0.94070625	0	0	0.39	3.725605e-18
8.990024416951696e-09	-0.11948628	-0.051596984	-0.9407487	0	0	0.39	3.816446e-18
9.000016777954341e-09	-0.1256485	-0.03534896	-0.94206876	0	0	0.39	4.389422e-18
9.010005112109869e-09	-0.11424334	-0.03263778	-0.9423305	0	0	0.39	4.2956155e-18
9.020007016065374e-09	-0.08616854	-0.04673504	-0.94201857	0	0	0.39	4.9447645e-18
9.03002500072012e-09	-0.08428429	-0.03431767	-0.94430244	0	0	0.39	5.1293958e-18
9.040044317808437e-09	-0.09340606	-0.040021777	-0.94215626	0	0	0.39	5.5657675e-18
9.050044485026091e-09	-0.099377505	-0.045400597	-0.9406404	0	0	0.39	4.535936e-18
9.060031273545262e-09	-0.11103875	-0.044228896	-0.9378269	0	0	0.39	4.514742e-18
9.070014098039106e-09	-0.101700716	-0.026008919	-0.93891984	0	0	0.39	4.906868e-18
9.080012660014145e-09	-0.09036957	-0.01095811	-0.9332	0	0	0.39	4.9122878e-18
9.09004424635537e-09	-0.079850316	-0.006302117	-0.9337029	0	0	0.39	4.981794e-18
9.100029888363574e-09	-0.080237694	0.00035499939	-0.93502355	0	0	0.39	4.737851e-18
9.110029826161817e-09	-0.0679077	-0.01449874	-0.93291664	0	0	0.39	4.8053627e-18
9.120020210831606e-09	-0.06850114	-0.02765167	-0.93846804	0	0	0.39	4.7257883e-18
9.13001661620048e-09	-0.06231571	-0.03567411	-0.941283	0	0	0.39	5.329867e-18
9.140063009884705e-09	-0.05397947	-0.06425849	-0.94305074	0	0	0.39	4.0796085e-18
9.150050397234959e-09	-0.067336015	-0.05891348	-0.9436369	0	0	0.39	4.47899e-18
9.160014790223975e-09	-0.06424124	-0.05190598	-0.9429237	0	0	0.39	4.8565933e-18
9.170043103673244e-09	-0.06509328	-0.045926187	-0.94316125	0	0	0.39	3.7121244e-18
9.180008208828116e-09	-0.06855673	-0.048758276	-0.94189143	0	0	0.39	4.9889773e-18
9.190001623437657e-09	-0.06773858	-0.044824414	-0.9432373	0	0	0.39	4.325869e-18
9.200012921096344e-09	-0.071867734	-0.024403185	-0.9375212	0	0	0.39	4.571635e-18
9.210066373600462e-09	-0.07218106	-0.030371957	-0.94064015	0	0	0.39	4.586501e-18
9.220042672903106e-09	-0.086780645	-0.024266042	-0.93987364	0	0	0.39	4.3665036e-18
9.23004372060496e-09	-0.0751234	-0.015968246	-0.94092464	0	0	0.39	4.462164e-18
9.240030053504494e-09	-0.08049004	-0.018437456	-0.9390084	0	0	0.39	4.598498e-18
9.250052901929364e-09	-0.06964904	-0.030491358	-0.94466245	0	0	0.39	4.665917e-18
9.260025002568395e-09	-0.064240165	-0.038090527	-0.9485122	0	0	0.39	4.906382e-18
9.270061720990669e-09	-0.06652643	-0.043178253	-0.95200884	0	0	0.39	4.5281087e-18
9.280061504418224e-09	-0.07154313	-0.046160057	-0.9484223	0	0	0.39	4.2428095e-18
9.290056096549473e-09	-0.07101725	-0.011040439	-0.9490386	0	0	0.39	4.012746e-18
9.300037041039402e-09	-0.057928827	0.007472772	-0.9475159	0	0	0.39	4.7397267e-18
9.310014514437721e-09	-0.05640374	0.019159736	-0.95064354	0	0	0.39	4.2210853e-18
9.320034562138593e-09	-0.04768275	0.010771207	-0.9448099	0	0	0.39	3.7315726e-18
9.33002649554475e-09	-0.047690395	0.023803318	-0.94302666	0	0	0.39	5.12745e-18
9.340045972833315e-09	-0.05303678	0.02490084	-0.9433617	0	0	0.39	3.9661677e-18
9.35001186863372e-09	-0.056510136	0.03554736	-0.9425566	0	0	0.39	3.1274307e-18
9.360002863669175e-09	-0.06579934	0.035365317	-0.9452092	0	0	0.39	4.664686e-18
9.370024752052554e-09	-0.0686206	0.051318847	-0.9398282	0	0	0.39	5.0827957e-18
9.380056757664274e-09	-0.081281796	0.058865853	-0.94150156	0	0	0.39	4.677428e-18
9.390054499741064e-09	-0.06262821	0.07115844	-0.9447074	0	0	0.39	3.936401e-18
9.400033411512841e-09	-0.047877587	0.07709051	-0.9484207	0	0	0.39	4.1159267e-18
9.410030222521576e-09	-0.04371596	0.082786195	-0.9487655	0	0	0.39	4.6651754e-18
9.420008983730212e-09	-0.023512883	0.0714495	-0.942528	0	0	0.39	4.7444913e-18
9.43004538329867e-09	-0.026216535	0.047426235	-0.9472679	0	0	0.39	4.7996253e-18
9.440015703672323e-09	-0.025006693	0.049224343	-0.94569284	0	0	0.39	4.494212e-18
9.450047618183498e-09	-0.020855136	0.059613403	-0.9459911	0	0	0.39	4.363014e-18
9.460028770678984e-09	-0.040918596	0.07317659	-0.9440052	0	0	0.39	3.6924958e-18
9.470016729511738e-09	-0.04897228	0.07253423	-0.94630873	0	0	0.39	4.7634747e-18
9.480048031033719e-09	-0.032656867	0.08132452	-0.94646955	0	0	0.39	5.3360425e-18
9.490038777796428e-09	-0.033820152	0.07890637	-0.9517951	0	0	0.39	4.5170307e-18
9.500062443068307e-09	-0.030812189	0.072961405	-0.95044696	0	0	0.39	5.931406e-18
9.510024293750305e-09	-0.007186805	0.09106097	-0.9571478	0	0	0.39	4.9249614e-18
9.520035934615562e-09	0.008218707	0.080396496	-0.9573067	0	0	0.39	3.561397e-18
9.530049723081318e-09	0.013476748	0.08445099	-0.95284206	0	0	0.39	4.8329996e-18
9.540063884200199e-09	0.03272713	0.08996623	-0.94973904	0	0	0.39	4.6491343e-18
9.55003706012564e-09	0.029013384	0.0893422	-0.9487682	0	0	0.39	4.084304e-18
9.56000421299072e-09	0.03579332	0.09698088	-0.9491128	0	0	0.39	4.293526e-18
9.570042664042344e-09	0.028877601	0.09789223	-0.9506433	0	0	0.39	4.4314224e-18
9.580030533726758e-09	0.028743934	0.09871261	-0.9506403	0	0	0.39	4.6617682e-18
9.590047699220785e-09	0.03791625	0.11260291	-0.9503363	0	0	0.39	4.3437988e-18
9.600040351357652e-09	0.04090375	0.08834044	-0.94944763	0	0	0.39	4.366776e-18
9.610059378304906e-09	0.041058175	0.09506726	-0.94771653	0	0	0.39	4.6544833e-18
9.620055499929341e-09	0.0436248	0.090063766	-0.9501723	0	0	0.39	3.761351e-18
9.630023231781578e-09	0.0554755	0.07689895	-0.94586545	0	0	0.39	4.6646547e-18
9.640056178884627e-09	0.04667198	0.076934315	-0.94423825	0	0	0.39	4.899891e-18
9.650004838348515e-09	0.023464687	0.09418285	-0.94250923	0	0	0.39	3.9929725e-18
9.660031770171588e-09	0.021670641	0.0899773	-0.9381048	0	0	0.39	5.1751107e-18
9.670010343068154e-09	0.03161573	0.09678925	-0.93530333	0	0	0.39	4.7954175e-18
9.680020876530771e-09	0.03865631	0.09683549	-0.93902653	0	0	0.39	3.97934e-18
9.690054295307039e-09	0.06017732	0.08550963	-0.9378055	0	0	0.39	4.5998778e-18
9.70004350580321e-09	0.05122199	0.06534825	-0.9401772	0	0	0.39	4.331782e-18
9.71000723787086e-09	0.024395239	0.0618608	-0.94009805	0	0	0.39	5.4052336e-18
9.720031093425566e-09	0.013685583	0.07142602	-0.94063777	0	0	0.39	4.4315862e-18
9.730028962701997e-09	0.027931737	0.07105376	-0.9353025	0	0	0.39	4.0268955e-18
9.740007327863429e-09	0.01261359	0.07595316	-0.9391018	0	0	0.39	4.61721e-18
9.750034957899843e-09	0.008184082	0.066292375	-0.9407974	0	0	0.39	4.246109e-18
9.760039614258137e-09	0.03226454	0.078746304	-0.94739956	0	0	0.39	3.8129953e-18
9.77005907107686e-09	0.04289007	0.07792632	-0.94437647	0	0	0.39	4.7877644e-18
9.78000741396743e-09	0.06117746	0.08415	-0.9390334	0	0	0.39	5.273888e-18
9.790035583029212e-09	0.07917887	0.0885034	-0.9433088	0	0	0.39	4.8443353e-18
9.800056603858129e-09	0.08463496	0.099574745	-0.94593936	0	0	0.39	4.512227e-18
9.810060566164884e-09	0.07512214	0.08598144	-0.94305027	0	0	0.39	4.470901e-18
9.82006335062818e-09	0.07485228	0.073664494	-0.94414186	0	0	0.39	5.1382698e-18
9.83002692506848e-09	0.06968922	0.0627202	-0.9454816	0	0	0.39	3.2041372e-18
9.840042664749175e-09	0.059006993	0.065196306	-0.9423822	0	0	0.39	3.993921e-18
9.850005470882025e-09	0.05613312	0.09568631	-0.9411262	0	0	0.39	3.7636987e-18
9.860055019622755e-09	0.059031796	0.12582563	-0.941701	0	0	0.39	4.3269574e-18
9.870052194521776e-09	0.063424565	0.13488212	-0.9408472	0	0	0.39	4.428718e-18
9.880034575799499e-09	0.0722367	0.11854594	-0.94463974	0	0	0.39	5.4798635e-18
9.890018734191615e-09	0.068831384	0.10310985	-0.944101	0	0	0.39	4.9822825e-18
9.900014202946874e-09	0.06288561	0.10231783	-0.9431251	0	0	0.39	4.7621524e-18
9.910028259061016e-09	0.05673466	0.09849947	-0.943263	0	0	0.39	4.395093e-18
9.920040104304122e-09	0.047283318	0.09319962	-0.9426528	0	0	0.39	4.0046436e-18
9.930052176908089e-09	0.0586308	0.11306518	-0.9399249	0	0	0.39	4.1323015e-18
9.940018332164332e-09	0.06029853	0.110676184	-0.9355025	0	0	0.39	4.5606314e-18
9.95002473955041e-09	0.070278324	0.087223485	-0.93921924	0	0	0.39	4.6845484e-18
9.960047502128986e-09	0.08045827	0.07262656	-0.9352659	0	0	0.39	3.3954108e-18
9.970009575432947e-09	0.10221428	0.046393532	-0.934843	0	0	0.39	4.501208e-18
9.980005413030102e-09	0.09453398	0.045636747	-0.93865186	0	0	0.39	4.8426338e-18
9.990014130874209e-09	0.09027365	0.057130612	-0.93670243	0	0	0.39	5.040027e-18
1e-08	0.085196406	0.05093434	-0.93461084	0	0	0.39	5.446224e-18
