# t (s)	mx ()	my ()	mz ()	B_extx (T)	B_exty (T)	B_extz (T)	E_total (J)
0	0	0	-1	0	0	0.4	1.2498702e-18
1.0049832701161092e-11	-0.0025714722	0.013570492	-0.9756213	0	0	0.4	5.4773328e-18
2.0023715843388e-11	-0.0057195993	0.014328943	-0.9676496	0	0	0.4	4.306872e-18
3.003711807533604e-11	0.0053878464	0.014974251	-0.964952	0	0	0.4	4.8963898e-18
4.00105150712494e-11	0.021848937	0.010598541	-0.9653278	0	0	0.4	4.2310987e-18
5.002645469856874e-11	0.00674699	0.013981904	-0.96451765	0	0	0.4	4.6399613e-18
6.003079614574781e-11	-0.011925233	0.02882777	-0.9621077	0	0	0.4	5.6143374e-18
7.002031595143178e-11	-0.005311222	0.04283857	-0.9621322	0	0	0.4	5.0444336e-18
8.002457564025033e-11	-0.012872714	0.045620736	-0.9584994	0	0	0.4	4.4675665e-18
9.005064919868188e-11	-0.021978367	0.048673335	-0.9576177	0	0	0.4	4.492085e-18
1.0004803323038244e-10	-0.02778739	0.07678577	-0.9554581	0	0	0.4	4.434037e-18
1.1003256333287424e-10	-0.019946944	0.085444085	-0.95439494	0	0	0.4	4.251114e-18
1.2005880508480617e-10	-0.011473126	0.08300908	-0.9533125	0	0	0.4	4.0820912e-18
1.3003054294610572e-10	0.018932657	0.07253626	-0.95414925	0	0	0.4	5.193389e-18
1.4004089497328108e-10	0.025034348	0.08233977	-0.9498337	0	0	0.4	3.43667e-18
1.5003799844440764e-10	0.028926766	0.06305175	-0.94846106	0	0	0.4	5.291459e-18
1.600155341545279e-10	0.031138383	0.050478525	-0.9519729	0	0	0.4	3.2069927e-18
1.7004589199856187e-10	0.029582104	0.052829828	-0.9481632	0	0	0.4	5.1394688e-18
1.8004917863737892e-10	0.018709801	0.03256517	-0.95212084	0	0	0.4	4.2962487e-18
1.900554267100928e-10	0.030553568	0.03942266	-0.946954	0	0	0.4	5.787148e-18
2.000037647640626e-10	0.042307507	0.033135455	-0.9476505	0	0	0.4	4.563975e-18
2.1002156461065866e-10	0.07364241	0.039148726	-0.9444342	0	0	0.4	3.9885896e-18
2.2001215832552749e-10	0.08733972	0.047519084	-0.94683474	0	0	0.4	4.4808882e-18
2.300366881394918e-10	0.1025785	0.046122707	-0.94332975	0	0	0.4	4.4377884e-18
2.4001629882500935e-10	0.107344106	0.0380158	-0.9409218	0	0	0.4	4.808429e-18
2.500012703785246e-10	0.10564704	0.030465405	-0.941101	0	0	0.4	4.757202e-18
2.600500824581254e-10	0.10362754	0.034060817	-0.9448313	0	0	0.4	3.5093117e-18
2.7000755166462356e-10	0.08685424	0.022478543	-0.947066	0	0	0.4	5.2563093e-18
2.8002441872948865e-10	0.0992107	0.043922845	-0.94814956	0	0	0.4	5.0770894e-18
2.9002680909891534e-10	0.11012877	0.05032728	-0.94380033	0	0	0.4	3.300679e-18
3.000023444989583e-10	0.13031523	0.0488856	-0.94118285	0	0	0.4	4.394107e-18
3.100008164609435e-10	0.13287567	0.046622578	-0.93674695	0	0	0.4	4.552998e-18
3.2000558206222023e-10	0.13414037	0.049474403	-0.9360944	0	0	0.4	4.7092583e-18
3.300242245274672e-10	0.121106304	0.040674042	-0.93791777	0	0	0.4	4.8568187e-18
3.400091418153889e-10	0.122405045	0.033918314	-0.9415626	0	0	0.4	5.288813e-18
3.500564263115011e-10	0.13091236	0.019677164	-0.943032	0	0	0.4	4.956771e-18
3.600631686550857e-10	0.10865043	0.021606058	-0.93988276	0	0	0.4	5.1517934e-18
3.7003266969842067e-10	0.111937866	0.039769355	-0.94553196	0	0	0.4	4.0986034e-18
3.800642633425778e-10	0.11907881	0.04935725	-0.94613993	0	0	0.4	5.1764284e-18
3.9002603425675683e-10	0.11934424	0.039479844	-0.9443636	0	0	0.4	4.347552e-18
4.0001950124953994e-10	0.12598765	0.03206644	-0.9421788	0	0	0.4	3.929113e-18
4.1006019717650763e-10	0.11897986	0.027624087	-0.9427565	0	0	0.4	4.718946e-18
4.200542026792592e-10	0.11472237	0.038492907	-0.94335574	0	0	0.4	5.2724207e-18
4.300382335991931e-10	0.09987781	0.032511912	-0.9495109	0	0	0.4	4.522305e-18
4.40024817426125e-10	0.10095726	0.039411515	-0.95125383	0	0	0.4	4.0068753e-18
4.5000024096365345e-10	0.102706976	0.03277981	-0.94832003	0	0	0.4	4.016001e-18
4.600095172187532e-10	0.099329285	0.04501564	-0.94742197	0	0	0.4	5.090962e-18
4.700239297092991e-10	0.11424882	0.025934588	-0.9445256	0	0	0.4	4.1709205e-18
4.800166345341467e-10	0.10059445	0.014396336	-0.9440572	0	0	0.4	4.565438e-18
4.900108105593499e-10	0.097497195	3.1842388e-05	-0.94678193	0	0	0.4	3.9851965e-18
5.000392870602155e-10	0.07123326	0.004658091	-0.9465439	0	0	0.4	3.807124e-18
5.100660788842785e-10	0.07782661	-0.0010478473	-0.94241613	0	0	0.4	4.782122e-18
5.200427543769498e-10	0.08173863	3.212573e-05	-0.940294	0	0	0.4	4.718711e-18
5.300279796923481e-10	0.064894795	-0.0025470457	-0.94085485	0	0	0.4	5.4841297e-18
5.400101468069444e-10	0.0520392	-0.0043292656	-0.9404557	0	0	0.4	5.6558603e-18
5.500075591873613e-10	0.05308159	0.00021420089	-0.9446367	0	0	0.4	4.5175617e-18
5.600554566324306e-10	0.060547024	-0.022220287	-0.9430534	0	0	0.4	4.6790133e-18
5.700047280671113e-10	0.053190622	-0.015861968	-0.93929994	0	0	0.4	4.3300974e-18
5.800633830834905e-10	0.05548824	-0.012103754	-0.94525474	0	0	0.4	3.9474606e-18
5.900578933092805e-10	0.051187627	-0.0071298922	-0.946606	0	0	0.4	4.5980654e-18
6.00019456636322e-10	0.050887056	-0.016262544	-0.9472898	0	0	0.4	4.3555456e-18
6.100267493900356e-10	0.044047266	-0.028372303	-0.9496466	0	0	0.4	5.052065e-18
6.200564560083357e-10	0.040941305	-0.021103142	-0.95239556	0	0	0.4	4.725871e-18
6.300528584757982e-10	0.041556448	-0.020242311	-0.95157355	0	0	0.4	3.01299e-18
6.400218608305551e-10	0.0358789	-0.03585522	-0.9556507	0	0	0.4	4.4161883e-18
6.500632943513517e-10	0.0094807325	-0.056431416	-0.9533225	0	0	0.4	4.643833e-18
6.600341634077102e-10	-0.0026975852	-0.060229823	-0.9506137	0	0	0.4	4.527215e-18
6.700017523564621e-10	0.0037110238	-0.060929388	-0.9496779	0	0	0.4	4.8105313e-18
6.800111586586076e-10	0.006147018	-0.06089486	-0.9446178	0	0	0.4	4.680553e-18
6.900240934642264e-10	-0.0024232583	-0.059282478	-0.94444853	0	0	0.4	4.2399318e-18
7.000487024142581e-10	-0.0050533605	-0.069665305	-0.9469788	0	0	0.4	4.8675038e-18
7.100276103107673e-10	-0.022076169	-0.088707946	-0.9411102	0	0	0.4	4.780846e-18
7.200292331353031e-10	-0.026140546	-0.104937285	-0.9390869	0	0	0.4	5.038865e-18
7.300184739305368e-10	-0.046901863	-0.08598078	-0.942184	0	0	0.4	4.2748475e-18
7.400028013757579e-10	-0.0587079	-0.090337746	-0.9438135	0	0	0.4	5.563373e-18
7.500363529777778e-10	-0.08856597	-0.07138613	-0.94613004	0	0	0.4	4.360845e-18
7.600523571577641e-10	-0.10684236	-0.0512407	-0.94512856	0	0	0.4	4.081166e-18
7.700400923922783e-10	-0.08998626	-0.07477397	-0.94607407	0	0	0.4	3.9325994e-18
7.800175688979898e-10	-0.10557879	-0.08025883	-0.94212997	0	0	0.4	4.7147413e-18
7.900225901781918e-10	-0.10003299	-0.08352614	-0.9413523	0	0	0.4	4.626825e-18
8.000358305217973e-10	-0.08922465	-0.08659716	-0.93436676	0	0	0.4	4.5462335e-18
8.100218626639237e-10	-0.09618289	-0.06989644	-0.9336922	0	0	0.4	5.579199e-18
8.200399711651759e-10	-0.09990222	-0.08673647	-0.92782575	0	0	0.4	4.7429614e-18
8.300414604845078e-10	-0.10176564	-0.08391146	-0.92592424	0	0	0.4	4.667078e-18
8.400267500644582e-10	-0.10597417	-0.082495965	-0.92954034	0	0	0.4	5.309029e-18
8.500305239955141e-10	-0.10019291	-0.057102147	-0.9316357	0	0	0.4	5.074865e-18
8.60021507302632e-10	-0.0891013	-0.052108202	-0.93587416	0	0	0.4	4.05532e-18
8.700003969969289e-10	-0.08783219	-0.07122571	-0.9337489	0	0	0.4	5.1947315e-18
8.800261402522356e-10	-0.08021085	-0.072507344	-0.93747777	0	0	0.4	3.8156882e-18
8.900356069771712e-10	-0.06704461	-0.0809676	-0.9387377	0	0	0.4	4.3176557e-18
9.000055402002282e-10	-0.0845061	-0.09948674	-0.9365101	0	0	0.4	4.42624e-18
9.100522337933116e-10	-0.09247025	-0.08907196	-0.9339332	0	0	0.4	4.5451064e-18
9.200547567977941e-10	-0.08719772	-0.078264154	-0.9372258	0	0	0.4	4.299109e-18
9.30048045569709e-10	-0.07103523	-0.080298044	-0.94226027	0	0	0.4	4.6821793e-18
9.400410563451376e-10	-0.08139287	-0.06602339	-0.9396842	0	0	0.4	3.8650395e-18
9.500379168251e-10	-0.0789004	-0.057977103	-0.9380377	0	0	0.4	4.9537523e-18
9.600274932428334e-10	-0.078056425	-0.06519717	-0.93183845	0	0	0.4	4.3628835e-18
9.700509949865372e-10	-0.073340654	-0.07957851	-0.93171895	0	0	0.4	4.6727085e-18
9.800211117016053e-10	-0.065915234	-0.09348271	-0.93849146	0	0	0.4	4.0867756e-18
9.900514643665775e-10	-0.07647576	-0.09981174	-0.9382234	0	0	0.4	4.4669713e-18
1.0000066045639462e-09	-0.10015581	-0.08860403	-0.9341115	0	0	0.4	4.907192e-18
1.0100329163164198e-09	-0.10201767	-0.069059655	-0.9385846	0	0	0.4	4.8379875e-18
1.0200639318896275e-09	-0.089328185	-0.060107622	-0.94198555	0	0	0.4	3.7358876e-18
1.0300227390856947e-09	-0.07727424	-0.068807825	-0.94253683	0	0	0.4	4.5512726e-18
1.0400448772645243e-09	-0.054687392	-0.053329166	-0.94965094	0	0	0.4	4.4663377e-18
1.050048582617044e-09	-0.057888288	-0.0745365	-0.9480505	0	0	0.4	4.3494447e-18
1.060061036948845e-09	-0.07022389	-0.08458297	-0.9433177	0	0	0.4	4.772235e-18
1.0700427975031578e-09	-0.07308462	-0.11339317	-0.93736047	0	0	0.4	4.031925e-18
1.080035104356998e-09	-0.072710484	-0.10973035	-0.9401737	0	0	0.4	5.40696e-18
1.0900092248438043e-09	-0.092766166	-0.111798696	-0.94155014	0	0	0.4	4.6373792e-18
1.1000593607742012e-09	-0.10177937	-0.10304529	-0.94277257	0	0	0.4	3.4233639e-18
1.1100222881502822e-09	-0.10256976	-0.08525138	-0.9387216	0	0	0.4	3.889175e-18
1.1200409275448717e-09	-0.10400899	-0.06986923	-0.9346188	0	0	0.4	4.2350303e-18
1.130020887739169e-09	-0.09915671	-0.07188362	-0.93507063	0	0	0.4	3.9404523e-18
1.1400533070544265e-09	-0.084649175	-0.078854255	-0.93623	0	0	0.4	4.2388986e-18
1.150002174963937e-09	-0.08354234	-0.08501535	-0.9343993	0	0	0.4	4.115092e-18
1.1600574449583669e-09	-0.076838925	-0.101793766	-0.9266377	0	0	0.4	4.4053398e-18
1.170050024920115e-09	-0.10736582	-0.116045535	-0.9241879	0	0	0.4	3.4729745e-18
1.1800645927352953e-09	-0.11845241	-0.120042905	-0.928339	0	0	0.4	4.2478913e-18
1.190061616682697e-09	-0.13453116	-0.11906136	-0.9216211	0	0	0.4	5.062942e-18
1.2000078778572829e-09	-0.15515421	-0.116374746	-0.92289305	0	0	0.4	5.2489796e-18
1.2100185053540614e-09	-0.16610752	-0.11560159	-0.9263806	0	0	0.4	5.3228092e-18
1.2200259458534918e-09	-0.13963227	-0.11748354	-0.9289712	0	0	0.4	4.4338374e-18
1.2300540053446562e-09	-0.132077	-0.12801197	-0.9326825	0	0	0.4	4.998868e-18
1.2400473998020605e-09	-0.12792844	-0.12856118	-0.9324366	0	0	0.4	4.239037e-18
1.2500525027474345e-09	-0.12203323	-0.116364606	-0.9368896	0	0	0.4	4.1964142e-18
1.2600162219055494e-09	-0.1275625	-0.11624811	-0.9360027	0	0	0.4	4.8217826e-18
1.2700576151634367e-09	-0.13404219	-0.119333334	-0.93302065	0	0	0.4	4.9270633e-18
1.280044489541028e-09	-0.14525796	-0.11273396	-0.9279708	0	0	0.4	3.984488e-18
1.2900251965547721e-09	-0.14640571	-0.10414404	-0.93104124	0	0	0.4	4.6222063e-18
1.3000204606207951e-09	-0.16194396	-0.09831604	-0.9282883	0	0	0.4	4.135585e-18
1.3100094859276185e-09	-0.12653665	-0.09630941	-0.93093735	0	0	0.4	4.4593278e-18
1.3200085264249832e-09	-0.1310923	-0.09887995	-0.93018466	0	0	0.4	5.016491e-18
1.330056615605357e-09	-0.12014558	-0.10341931	-0.93396926	0	0	0.4	4.0344332e-18
1.3400206547780213e-09	-0.11456705	-0.10449712	-0.9363894	0	0	0.4	3.9539333e-18
1.3500614394199708e-09	-0.13258302	-0.10433599	-0.93876755	0	0	0.4	3.82269e-18
1.3600136127695094e-09	-0.13569337	-0.090443455	-0.93977123	0	0	0.4	5.068165e-18
1.3700530794658898e-09	-0.14987253	-0.079912536	-0.9393046	0	0	0.4	4.822239e-18
1.3800279182004908e-09	-0.15075423	-0.066749364	-0.9395179	0	0	0.4	4.9581884e-18
1.3900355766599845e-09	-0.15126482	-0.050304662	-0.9439016	0	0	0.4	3.928962e-18
1.400021303774014e-09	-0.15441394	-0.04390958	-0.9390415	0	0	0.4	5.1136434e-18
1.4100199860976084e-09	-0.14955126	-0.049671315	-0.93769526	0	0	0.4	5.0197795e-18
1.4200532058357065e-09	-0.16087815	-0.042274613	-0.93340206	0	0	0.4	5.2525493e-18
1.430063203756441e-09	-0.1626455	-0.04887142	-0.93398386	0	0	0.4	5.2023093e-18
1.4400565373717746e-09	-0.16360049	-0.055676058	-0.9338401	0	0	0.4	4.721974e-18
1.4500547960518697e-09	-0.16202034	-0.049154762	-0.9349359	0	0	0.4	4.0764507e-18
1.4600278781355964e-09	-0.16017722	-0.03929261	-0.937414	0	0	0.4	4.156652e-18
1.4700145312380417e-09	-0.13667148	-0.039463427	-0.9376095	0	0	0.4	5.1376424e-18
1.4800261005110319e-09	-0.17096825	-0.033471856	-0.9329872	0	0	0.4	4.4673605e-18
1.4900215276183276e-09	-0.18576437	-0.030770987	-0.9302607	0	0	0.4	5.100545e-18
1.5000418089262196e-09	-0.19109061	-0.030041298	-0.9312537	0	0	0.4	4.4326247e-18
1.510006841826015e-09	-0.18752111	-0.040483218	-0.9288509	0	0	0.4	5.2326833e-18
1.5200451176289181e-09	-0.155506	-0.043471523	-0.9341083	0	0	0.4	4.2052233e-18
1.530035051332942e-09	-0.14928521	-0.052692864	-0.93450403	0	0	0.4	4.9521165e-18
1.5400647587312388e-09	-0.13836902	-0.053035736	-0.9304905	0	0	0.4	4.7864707e-18
1.5500126032320282e-09	-0.14546722	-0.043562543	-0.9302956	0	0	0.4	5.005176e-18
1.5600374382005094e-09	-0.16125832	-0.03728681	-0.9272528	0	0	0.4	5.3364685e-18
1.5700115964181637e-09	-0.18527775	-0.037852887	-0.92609185	0	0	0.4	5.1177367e-18
1.5800210238670862e-09	-0.18618676	-0.023098944	-0.9267059	0	0	0.4	4.6745573e-18
1.5900391708659475e-09	-0.17617	-0.008314946	-0.9304205	0	0	0.4	5.0324994e-18
1.6000534675115667e-09	-0.16570064	0.008897631	-0.93496764	0	0	0.4	5.4538148e-18
1.6100588194279178e-09	-0.15612003	9.548488e-05	-0.92716026	0	0	0.4	4.255084e-18
1.6200463547830576e-09	-0.15452048	0.011884591	-0.92430496	0	0	0.4	4.926996e-18
1.6300003350537319e-09	-0.14860696	-0.018898701	-0.92952216	0	0	0.4	4.514879e-18
1.6400067976297127e-09	-0.16654728	-0.0472034	-0.9236578	0	0	0.4	4.2731356e-18
1.6500521473230872e-09	-0.1677862	-0.04299763	-0.92360365	0	0	0.4	4.1958062e-18
1.6600269528031612e-09	-0.17292346	-0.03331999	-0.91657275	0	0	0.4	4.0748675e-18
1.6700579866714416e-09	-0.19496946	-0.022812646	-0.9109777	0	0	0.4	4.5050494e-18
1.6800063334549656e-09	-0.19715522	-0.048917368	-0.9119159	0	0	0.4	3.6572252e-18
1.6900143552994542e-09	-0.20213503	-0.049036253	-0.90466654	0	0	0.4	4.7848804e-18
1.7000335524433338e-09	-0.2044885	-0.058019336	-0.90336055	0	0	0.4	3.9694015e-18
1.7100188062432297e-09	-0.20134054	-0.05941779	-0.9022614	0	0	0.4	5.1454034e-18
1.7200472808041192e-09	-0.20523411	-0.062569715	-0.89642143	0	0	0.4	5.2697505e-18
1.730029854281332e-09	-0.18668237	-0.066224076	-0.8914642	0	0	0.4	5.402263e-18
1.740051636742404e-09	-0.16651139	-0.09477362	-0.88843673	0	0	0.4	3.8838334e-18
1.7500630068206581e-09	-0.16002375	-0.12888066	-0.87994653	0	0	0.4	4.4908053e-18
1.7600609488993807e-09	-0.15859048	-0.15409498	-0.88180494	0	0	0.4	5.3361765e-18
1.7700498974617093e-09	-0.15779586	-0.1766099	-0.88960785	0	0	0.4	4.4427647e-18
1.7800614206127817e-09	-0.15392342	-0.16945855	-0.8964506	0	0	0.4	5.312259e-18
1.7900443061435489e-09	-0.1721504	-0.16944675	-0.8968419	0	0	0.4	3.655596e-18
1.8000377198836023e-09	-0.17260243	-0.16152366	-0.89410824	0	0	0.4	4.348604e-18
1.8100187357251855e-09	-0.15559892	-0.16113405	-0.89968765	0	0	0.4	3.836845e-18
1.8200509851807666e-09	-0.16596387	-0.14960523	-0.8999725	0	0	0.4	5.031084e-18
1.8300161909668315e-09	-0.13256842	-0.14398624	-0.90717876	0	0	0.4	4.7638837e-18
1.8400597649317264e-09	-0.10577699	-0.14050683	-0.9138488	0	0	0.4	3.1667094e-18
1.8500488492352666e-09	-0.073407255	-0.15615584	-0.9145268	0	0	0.4	5.2331846e-18
1.8600074901715098e-09	-0.053624026	-0.1849042	-0.915283	0	0	0.4	5.1004916e-18
1.870027433460999e-09	-0.05864215	-0.21037076	-0.9148926	0	0	0.4	4.755069e-18
1.880047154549779e-09	-0.08299686	-0.22016628	-0.9157386	0	0	0.4	4.800879e-18
1.8900325699010332e-09	-0.08900382	-0.21862793	-0.9177182	0	0	0.4	4.4250478e-18
1.900014273708509e-09	-0.09508661	-0.20916948	-0.91175133	0	0	0.4	4.468766e-18
1.9100517106237417e-09	-0.11198781	-0.19603096	-0.91053313	0	0	0.4	5.4767955e-18
1.920030127502361e-09	-0.09336349	-0.18889415	-0.90521884	0	0	0.4	4.0258516e-18
1.9300186057014076e-09	-0.094874874	-0.16878346	-0.9058492	0	0	0.4	5.4873255e-18
1.9400579487962026e-09	-0.062150743	-0.16131453	-0.90694845	0	0	0.4	4.6512192e-18
1.9500325769863726e-09	-0.024922995	-0.15998766	-0.9034476	0	0	0.4	4.1434457e-18
1.960037370356162e-09	0.004649538	-0.16935796	-0.90146756	0	0	0.4	4.851901e-18
1.9700615785796256e-09	0.022403872	-0.18751252	-0.8958038	0	0	0.4	4.6182242e-18
1.980046693679064e-09	0.026758257	-0.19389126	-0.8986999	0	0	0.4	4.7611313e-18
1.9900423051490014e-09	0.047572836	-0.2026666	-0.897272	0	0	0.4	4.7875994e-18
2.000004636848051e-09	0.058742847	-0.20855401	-0.9009037	0	0	0.4	4.2557702e-18
2.0100209185894486e-09	0.059300825	-0.21392533	-0.8921085	0	0	0.4	4.570723e-18
2.020052018243404e-09	0.06445675	-0.20972167	-0.8849812	0	0	0.4	5.2763254e-18
2.0300408039726176e-09	0.08808816	-0.19469185	-0.8873783	0	0	0.4	4.8298104e-18
2.0400242632705995e-09	0.097788	-0.18607879	-0.89846057	0	0	0.4	4.4531487e-18
2.0500490098984184e-09	0.14505239	-0.17810754	-0.8942659	0	0	0.4	4.9445916e-18
2.0600521826045803e-09	0.17781506	-0.17684196	-0.8969383	0	0	0.4	4.921725e-18
2.0700645140826573e-09	0.2018381	-0.18106525	-0.8975346	0	0	0.4	4.401502e-18
2.080002304372482e-09	0.2118629	-0.19253157	-0.88758594	0	0	0.4	3.9636745e-18
2.0900647576464125e-09	0.21391936	-0.1877052	-0.8947551	0	0	0.4	4.2688864e-18
2.1000240174203004e-09	0.2192609	-0.19876193	-0.895603	0	0	0.4	4.842673e-18
2.1100578385293282e-09	0.19428208	-0.19891031	-0.90143466	0	0	0.4	4.381809e-18
2.1200536993816997e-09	0.20041904	-0.17971364	-0.8985167	0	0	0.4	4.9339177e-18
2.1300225862890624e-09	0.20347726	-0.14892119	-0.9019261	0	0	0.4	4.375244e-18
2.1400561033054796e-09	0.19742757	-0.13739808	-0.899125	0	0	0.4	4.5115535e-18
2.1500281880818367e-09	0.21905531	-0.12447245	-0.895636	0	0	0.4	4.4435832e-18
2.16000459924306e-09	0.24649547	-0.120021194	-0.89322156	0	0	0.4	4.119194e-18
2.1700174999593726e-09	0.25627702	-0.13388452	-0.89938235	0	0	0.4	3.88316e-18
2.1800088124114164e-09	0.28072283	-0.13781354	-0.89254147	0	0	0.4	3.942422e-18
2.1900607628877337e-09	0.29994884	-0.12980114	-0.88813215	0	0	0.4	4.8258205e-18
2.2000357008929684e-09	0.29378876	-0.13967477	-0.88419676	0	0	0.4	5.0819317e-18
2.210053545966523e-09	0.2975139	-0.13601606	-0.8836894	0	0	0.4	4.086203e-18
2.22003712424041e-09	0.29466748	-0.13065167	-0.87860715	0	0	0.4	5.616831e-18
2.230064174328852e-09	0.29240814	-0.09292517	-0.88075984	0	0	0.4	4.579149e-18
2.2400511169850825e-09	0.30232346	-0.07505821	-0.87735814	0	0	0.4	5.0163454e-18
2.2500247814936548e-09	0.3144564	-0.057287034	-0.87669295	0	0	0.4	4.614305e-18
2.2600545430996648e-09	0.31252894	-0.026643645	-0.8786397	0	0	0.4	4.311032e-18
2.2700398263169775e-09	0.31167662	-0.0018408592	-0.87735224	0	0	0.4	5.2411264e-18
2.280034128319004e-09	0.3350821	0.016907241	-0.8733694	0	0	0.4	5.312523e-18
2.2900140761260026e-09	0.34222138	0.03680384	-0.86735564	0	0	0.4	4.5972717e-18
2.300036592190515e-09	0.33672234	0.0524572	-0.8656522	0	0	0.4	5.159941e-18
2.310060719972142e-09	0.31651893	0.06543519	-0.8665585	0	0	0.4	4.9563976e-18
2.3200534013276384e-09	0.31363294	0.06468787	-0.86290497	0	0	0.4	5.3484882e-18
2.330026747425493e-09	0.2929958	0.059859503	-0.86769587	0	0	0.4	4.5264034e-18
2.340053498947111e-09	0.28785622	0.07288698	-0.86141455	0	0	0.4	4.1932523e-18
2.35001917754377e-09	0.26147404	0.09443258	-0.85630745	0	0	0.4	4.605611e-18
2.3600563103124345e-09	0.21755657	0.12552227	-0.85688895	0	0	0.4	4.0008083e-18
2.370006312341634e-09	0.20136937	0.1695003	-0.8475142	0	0	0.4	4.612189e-18
2.38004141580792e-09	0.1834588	0.21474229	-0.84547824	0	0	0.4	4.3769456e-18
2.3900030676873147e-09	0.14648743	0.24449785	-0.84375715	0	0	0.4	3.8201037e-18
2.40001389673471e-09	0.13292895	0.28097263	-0.8352448	0	0	0.4	4.430731e-18
2.4100177037061393e-09	0.111841895	0.30516055	-0.8292498	0	0	0.4	3.7001216e-18
2.4200656102491116e-09	0.07590871	0.3149034	-0.8198901	0	0	0.4	4.4504228e-18
2.430010816899523e-09	0.008176912	0.30844045	-0.8067866	0	0	0.4	4.7854198e-18
2.440051623093648e-09	-0.06495854	0.2735344	-0.7958924	0	0	0.4	4.1929835e-18
2.450055836868683e-09	-0.14045127	0.17911765	-0.78143203	0	0	0.4	4.845475e-18
2.4600612935057834e-09	-0.19227372	0.070647076	-0.7703465	0	0	0.4	4.8022616e-18
2.470019662794195e-09	-0.24745011	-0.034530472	-0.76707345	0	0	0.4	4.288828e-18
2.480054265962113e-09	-0.2257442	-0.15318869	-0.7682113	0	0	0.4	4.568975e-18
2.4900078672417154e-09	-0.15854381	-0.26420897	-0.7531439	0	0	0.4	4.8966664e-18
2.500062961075656e-09	-0.07256649	-0.31493777	-0.74674046	0	0	0.4	3.852338e-18
2.510036903864551e-09	0.046799127	-0.29512754	-0.71586317	0	0	0.4	5.1392822e-18
2.5200284658357263e-09	0.16996896	-0.22481136	-0.6863319	0	0	0.4	4.829689e-18
2.53001570893735e-09	0.23716064	-0.102987185	-0.6720534	0	0	0.4	4.498204e-18
2.5400463178624634e-09	0.24456318	0.0417422	-0.66113836	0	0	0.4	4.4950454e-18
2.55001562810666e-09	0.1815914	0.17478557	-0.6593066	0	0	0.4	3.846126e-18
2.560024833847225e-09	0.078724064	0.26986077	-0.6628859	0	0	0.4	4.499962e-18
2.5700525448574167e-09	-0.0661972	0.2910608	-0.6585976	0	0	0.4	4.533483e-18
2.5800196518446705e-09	-0.21778724	0.24096613	-0.6432764	0	0	0.4	4.947876e-18
2.5900165731329945e-09	-0.30421144	0.1145592	-0.63925856	0	0	0.4	4.17674e-18
2.6000433019774855e-09	-0.3232376	-0.03910682	-0.6389128	0	0	0.4	4.213553e-18
2.610024142298652e-09	-0.2664819	-0.19920042	-0.6439466	0	0	0.4	4.2015026e-18
2.6200182846692534e-09	-0.11717887	-0.30478686	-0.65718615	0	0	0.4	4.222584e-18
2.630018811356938e-09	0.071782395	-0.29313844	-0.6466717	0	0	0.4	4.3851826e-18
2.6400190623073877e-09	0.183002	-0.18331107	-0.64107865	0	0	0.4	4.381067e-18
2.6500549264454848e-09	0.2427122	-0.05274685	-0.64078945	0	0	0.4	4.0777746e-18
2.6600604247962358e-09	0.27997652	0.11053862	-0.6404653	0	0	0.4	3.8287804e-18
2.6700481707735597e-09	0.22387566	0.27141374	-0.6352452	0	0	0.4	3.4485482e-18
2.680047537958474e-09	0.07325651	0.37329003	-0.63639235	0	0	0.4	4.56182e-18
2.690056110156503e-09	-0.090662494	0.3300749	-0.63014376	0	0	0.4	4.4408767e-18
2.700043285370169e-09	-0.19131225	0.20628552	-0.610962	0	0	0.4	4.3480327e-18
2.7100022866089115e-09	-0.22966605	0.058174495	-0.59713763	0	0	0.4	4.1960763e-18
2.7200138328721865e-09	-0.21378177	-0.12343341	-0.58098376	0	0	0.4	3.649058e-18
2.730014096715184e-09	-0.112803526	-0.29864857	-0.5750891	0	0	0.4	4.508313e-18
2.7400281205927767e-09	0.047928058	-0.37761343	-0.5747437	0	0	0.4	3.830916e-18
2.7500223232777333e-09	0.21034154	-0.3038142	-0.56151193	0	0	0.4	3.7904977e-18
2.7600388654553606e-09	0.28166527	-0.15228204	-0.5426572	0	0	0.4	4.4294984e-18
2.770053673204814e-09	0.28867885	0.023396662	-0.5171316	0	0	0.4	3.1248365e-18
2.7800594574248177e-09	0.18873018	0.21721952	-0.5048447	0	0	0.4	4.959524e-18
2.7900144149294083e-09	0.0088934945	0.29364577	-0.49309146	0	0	0.4	4.418676e-18
2.800009459991671e-09	-0.16392861	0.24854177	-0.4947891	0	0	0.4	2.6022029e-18
2.8100589513374842e-09	-0.29783097	0.15659031	-0.4705773	0	0	0.4	4.009009e-18
2.820018947781182e-09	-0.3676221	-0.06097186	-0.46352786	0	0	0.4	2.5092882e-18
2.83002235295401e-09	-0.27154243	-0.29849377	-0.45511377	0	0	0.4	3.6009856e-18
2.8400329075690912e-09	-0.071158834	-0.38833642	-0.45500106	0	0	0.4	4.785967e-18
2.8500016524419265e-09	0.14008057	-0.34349626	-0.4642891	0	0	0.4	3.9878965e-18
2.8600457672752346e-09	0.25619757	-0.20498277	-0.4576586	0	0	0.4	3.677563e-18
2.8700386518039905e-09	0.26248446	-0.027089585	-0.44257984	0	0	0.4	5.068327e-18
2.8800160653944707e-09	0.19050981	0.166472	-0.43169764	0	0	0.4	3.6874454e-18
2.890021693831135e-09	0.047573194	0.3087579	-0.42371237	0	0	0.4	4.075806e-18
2.9000283515185347e-09	-0.15416962	0.36655656	-0.41770458	0	0	0.4	3.598981e-18
2.9100552312572664e-09	-0.33260348	0.25104484	-0.39704338	0	0	0.4	2.7537862e-18
2.920027593248038e-09	-0.3789251	0.015628727	-0.36855215	0	0	0.4	3.9431865e-18
2.9300127114704428e-09	-0.27091563	-0.24916565	-0.34307155	0	0	0.4	3.1908198e-18
2.940040546501252e-09	-0.048393305	-0.37197137	-0.34125182	0	0	0.4	3.3756304e-18
2.9500017561543454e-09	0.13806957	-0.3595135	-0.33426547	0	0	0.4	3.6948863e-18
2.96006092099199e-09	0.27826473	-0.2590251	-0.33179462	0	0	0.4	2.8162193e-18
2.9700430720007928e-09	0.34074357	-0.02643092	-0.31720087	0	0	0.4	3.861146e-18
2.9800639576019476e-09	0.27491587	0.2587753	-0.2950641	0	0	0.4	3.7039547e-18
2.9900216130705134e-09	0.015668932	0.4251017	-0.28286654	0	0	0.4	3.474924e-18
3.000047115778916e-09	-0.2239528	0.3650625	-0.27888364	0	0	0.4	4.4544714e-18
3.0100459764415553e-09	-0.34206703	0.22044219	-0.25647867	0	0	0.4	4.8133847e-18
3.020048890981802e-09	-0.35629994	-0.0057298234	-0.23563825	0	0	0.4	3.0872804e-18
3.0300248205864626e-09	-0.24016437	-0.25158024	-0.2316503	0	0	0.4	3.1497044e-18
3.0400622075787407e-09	0.04331076	-0.37546498	-0.23086284	0	0	0.4	2.977641e-18
3.0500067912217117e-09	0.2530887	-0.2997301	-0.22207363	0	0	0.4	3.6602965e-18
3.060046346145185e-09	0.36097935	-0.092061155	-0.21101762	0	0	0.4	3.6198445e-18
3.07000615361947e-09	0.33382306	0.15533982	-0.19837578	0	0	0.4	2.730441e-18
3.080022823539912e-09	0.17374608	0.34830493	-0.19019985	0	0	0.4	2.7912079e-18
3.090012715555564e-09	-0.045673694	0.40087718	-0.18303724	0	0	0.4	3.4791097e-18
3.1000109598498453e-09	-0.26986054	0.30972815	-0.18196519	0	0	0.4	3.2146985e-18
3.1100451245149278e-09	-0.36468387	0.052892644	-0.16506615	0	0	0.4	2.6064972e-18
3.1200542696441407e-09	-0.26054326	-0.2074207	-0.1422103	0	0	0.4	2.8895387e-18
3.130057330138702e-09	-0.0901693	-0.3389508	-0.13126962	0	0	0.4	2.3663642e-18
3.140044601558745e-09	0.12456739	-0.37366712	-0.12613222	0	0	0.4	2.9019202e-18
3.1500458679638104e-09	0.3275198	-0.24838075	-0.12772605	0	0	0.4	3.0845675e-18
3.1600655281568215e-09	0.41860518	0.020121979	-0.09809019	0	0	0.4	2.323748e-18
3.170030170248109e-09	0.27124178	0.31616753	-0.07904818	0	0	0.4	2.8018342e-18
3.1800483111781477e-09	-0.012095655	0.40794832	-0.073243126	0	0	0.4	2.344754e-18
3.1900159018902277e-09	-0.22015166	0.30913916	-0.07295442	0	0	0.4	2.7699584e-18
3.20005663137701e-09	-0.345498	0.10387648	-0.050961856	0	0	0.4	2.197255e-18
3.2100476529223743e-09	-0.32237685	-0.18135484	-0.043855395	0	0	0.4	3.2746199e-18
3.220044413855422e-09	-0.10052613	-0.39239457	-0.04251138	0	0	0.4	2.4959828e-18
3.2300451164018055e-09	0.18581918	-0.40788096	-0.035818014	0	0	0.4	3.6697297e-18
3.240051425524411e-09	0.37027866	-0.2128574	-0.021721393	0	0	0.4	2.6089246e-18
3.2500630710347674e-09	0.3662386	0.079569116	-0.011854482	0	0	0.4	2.5967826e-18
3.260035004095202e-09	0.18621221	0.27752915	0.0009130093	0	0	0.4	3.0335604e-18
3.2700080682820516e-09	-0.027303614	0.3439756	0.0059582377	0	0	0.4	1.8778904e-18
3.280003037526891e-09	-0.24157137	0.2782652	0.011003673	0	0	0.4	2.0995012e-18
3.2900072234320608e-09	-0.42187944	0.06681305	0.030344132	0	0	0.4	1.544222e-18
3.300029665956941e-09	-0.36217013	-0.26956585	0.03637173	0	0	0.4	1.6673216e-18
3.3100040930279606e-09	-0.05923939	-0.43858248	0.04807133	0	0	0.4	2.6087029e-18
3.32002907856901e-09	0.20053726	-0.3640831	0.06143275	0	0	0.4	2.6802335e-18
3.3300076826202176e-09	0.34386757	-0.20157197	0.078596145	0	0	0.4	2.100326e-18
3.34001702466739e-09	0.348832	0.05398283	0.10298728	0	0	0.4	3.4659134e-18
3.350038368790501e-09	0.22410038	0.27606833	0.11798488	0	0	0.4	2.6127523e-18
3.3600032852867116e-09	-0.029243467	0.380415	0.12648247	0	0	0.4	2.1201297e-18
3.3700440393518468e-09	-0.28292093	0.26830924	0.12915248	0	0	0.4	2.4538027e-18
3.3800265462418456e-09	-0.37733406	0.06548705	0.13621087	0	0	0.4	2.2543073e-18
3.39000099673545e-09	-0.31583473	-0.21055676	0.15177654	0	0	0.4	1.9484306e-18
3.400055367121102e-09	-0.09695917	-0.38112974	0.17144215	0	0	0.4	1.19541e-18
3.4100130695861286e-09	0.1863669	-0.3408004	0.16720483	0	0	0.4	2.621442e-18
3.4200117541387876e-09	0.36169004	-0.10640666	0.17646149	0	0	0.4	1.756042e-18
3.430029084444905e-09	0.33901262	0.19645524	0.19727096	0	0	0.4	1.2088108e-18
3.440012632639134e-09	0.10704133	0.37288347	0.21076334	0	0	0.4	1.0854871e-18
3.450021305287998e-09	-0.13873962	0.35345045	0.22402783	0	0	0.4	1.1512372e-18
3.4600260322693187e-09	-0.31773633	0.19755302	0.23553076	0	0	0.4	1.8881773e-18
3.470040046889691e-09	-0.33732942	-0.1046906	0.24748361	0	0	0.4	1.997713e-18
3.4800644786312417e-09	-0.120042115	-0.32306725	0.2705796	0	0	0.4	1.5413607e-18
3.490037472245455e-09	0.12512915	-0.32472575	0.27025408	0	0	0.4	1.4854178e-18
3.50003489923497e-09	0.28251204	-0.23096423	0.27905133	0	0	0.4	1.5228203e-18
3.510031746312351e-09	0.38925683	-0.026431566	0.291358	0	0	0.4	1.4610975e-18
3.5200284463904847e-09	0.2801842	0.2697914	0.30297863	0	0	0.4	1.6710085e-18
3.530035315625995e-09	-0.013647377	0.4090234	0.317389	0	0	0.4	1.2682792e-18
3.5400304001536136e-09	-0.30485567	0.2834054	0.32906008	0	0	0.4	1.1136015e-18
3.5500317891217467e-09	-0.35150826	0.04396331	0.34526983	0	0	0.4	1.6815611e-18
3.5600263650114234e-09	-0.27897978	-0.178045	0.3565245	0	0	0.4	2.6367612e-18
3.5700471778098304e-09	-0.062344912	-0.30740845	0.3665122	0	0	0.4	7.048488e-19
3.5800419552691283e-09	0.1682273	-0.2922052	0.37306002	0	0	0.4	1.4096324e-18
3.5900401059704236e-09	0.36967725	-0.120609544	0.38342842	0	0	0.4	2.0383955e-18
3.6000061864950662e-09	0.3611434	0.18109751	0.4055739	0	0	0.4	1.0125423e-18
3.6100066829399026e-09	0.07774364	0.3808571	0.42609173	0	0	0.4	1.6152662e-18
3.6200099580998847e-09	-0.2334291	0.28397474	0.44095463	0	0	0.4	5.751601e-19
3.630065993265835e-09	-0.32624987	0.060147382	0.4434623	0	0	0.4	8.708486e-19
3.6400070327901016e-09	-0.2508879	-0.1691604	0.4575187	0	0	0.4	1.2583862e-18
3.6500064699341515e-09	-0.07540378	-0.31245568	0.46951088	0	0	0.4	6.020113e-19
3.6600597383723476e-09	0.17269886	-0.30353475	0.4768602	0	0	0.4	2.0505685e-18
3.670043133836934e-09	0.34316096	-0.09760152	0.4931795	0	0	0.4	-5.207591e-19
3.6800642118673922e-09	0.3002725	0.18750139	0.5109055	0	0	0.4	1.2014868e-18
3.6900538620604055e-09	0.052214067	0.358961	0.53487843	0	0	0.4	1.6797832e-18
3.700044948352244e-09	-0.21009041	0.26266947	0.54028326	0	0	0.4	1.1117042e-18
3.7100151977214256e-09	-0.2736086	0.021354483	0.54492676	0	0	0.4	1.0391831e-18
3.7200293304534647e-09	-0.1943768	-0.17645149	0.5618426	0	0	0.4	1.1234782e-18
3.7300459446055134e-09	-0.04501267	-0.28619683	0.5744539	0	0	0.4	1.4556388e-18
3.74005540538529e-09	0.16614568	-0.2563668	0.5811075	0	0	0.4	8.816452e-19
3.750008059092674e-09	0.29830274	-0.032203663	0.5918797	0	0	0.4	3.7767374e-19
3.760057983024895e-09	0.19118455	0.22709672	0.6054524	0	0	0.4	7.2809455e-21
3.770028196379444e-09	-0.04376744	0.3111422	0.61126095	0	0	0.4	5.8392556e-19
3.780053516356245e-09	-0.26902378	0.17609787	0.6200922	0	0	0.4	-1.902866e-19
3.790049060513783e-09	-0.27309012	-0.10154338	0.6308932	0	0	0.4	4.0779056e-19
3.800010133959863e-09	-0.09869007	-0.27067587	0.648857	0	0	0.4	-2.0746233e-19
3.810021844474119e-09	0.12608792	-0.25746813	0.6641127	0	0	0.4	9.104667e-19
3.820017997074705e-09	0.2619142	-0.10180915	0.6705802	0	0	0.4	3.0479483e-19
3.830046780374371e-09	0.24158448	0.15180337	0.6926129	0	0	0.4	1.579467e-19
3.8400013706582365e-09	0.04531794	0.27786818	0.695014	0	0	0.4	6.1207664e-19
3.850056610161178e-09	-0.19373389	0.22317699	0.7085864	0	0	0.4	2.3686617e-20
3.86001794482943e-09	-0.2905535	-0.02543625	0.71444684	0	0	0.4	1.7928226e-19
3.870040711539125e-09	-0.15745366	-0.22251022	0.72884154	0	0	0.4	-9.253422e-19
3.880005321314498e-09	0.06036046	-0.24046636	0.7388138	0	0	0.4	-1.06018014e-19
3.890031316847515e-09	0.21515046	-0.092899814	0.75211495	0	0	0.4	3.9584767e-19
3.900041248274707e-09	0.21004319	0.103027225	0.755535	0	0	0.4	1.3822355e-19
3.910040124822916e-09	0.06271114	0.25193015	0.7712119	0	0	0.4	1.6036004e-20
3.920031432353754e-09	-0.15487169	0.19640125	0.7759238	0	0	0.4	-2.832645e-19
3.930046321418184e-09	-0.2391207	-0.012763905	0.7752174	0	0	0.4	3.6570728e-19
3.940028662403226e-09	-0.13239345	-0.18872617	0.7897982	0	0	0.4	6.177161e-20
3.9500278283727636e-09	0.063168086	-0.23356928	0.7928194	0	0	0.4	2.282775e-19
3.960006233284977e-09	0.24705838	-0.07954692	0.7937762	0	0	0.4	2.8547735e-19
3.970048444660976e-09	0.18726462	0.17840591	0.8053715	0	0	0.4	-4.3088523e-19
3.980013968844856e-09	-0.05128502	0.25635496	0.80954504	0	0	0.4	-1.1043987e-18
3.990012642739886e-09	-0.24718834	0.06915637	0.8186301	0	0	0.4	-4.12587e-19
4.000020773850234e-09	-0.1774315	-0.1760895	0.8278146	0	0	0.4	-3.3778073e-19
4.0100271317636466e-09	0.05494657	-0.21634845	0.8410688	0	0	0.4	-4.8200517e-19
4.020029078665142e-09	0.21863095	-0.0672058	0.8468087	0	0	0.4	-5.86806e-19
4.030003635217319e-09	0.17646389	0.15346527	0.84508705	0	0	0.4	-5.154125e-19
4.040002547409403e-09	-0.048909795	0.23540336	0.86441267	0	0	0.4	-1.0657545e-18
4.0500350301820564e-09	-0.23231167	0.057459045	0.86566144	0	0	0.4	-1.4881264e-18
4.060012933452315e-09	-0.126282	-0.19697405	0.8812728	0	0	0.4	-3.7131957e-19
4.070062293243963e-09	0.1601408	-0.1713986	0.8932955	0	0	0.4	-2.4696708e-19
4.0800239371428465e-09	0.19796668	0.08948931	0.9004561	0	0	0.4	-2.169347e-19
4.090062500733458e-09	-0.04214082	0.19671284	0.9042402	0	0	0.4	-2.7763888e-19
4.100048407288578e-09	-0.18825144	-0.0068385624	0.91229165	0	0	0.4	-1.2508963e-18
4.110022377775966e-09	-0.048473813	-0.17346206	0.9217469	0	0	0.4	-1.3751303e-18
4.120050594568314e-09	0.14591913	-0.078562535	0.9309333	0	0	0.4	-2.2052335e-18
4.130011583366052e-09	0.08812063	0.12267383	0.93440473	0	0	0.4	-7.023094e-19
4.140001408093233e-09	-0.11163747	0.106308945	0.93540746	0	0	0.4	-8.634995e-19
4.150028453214025e-09	-0.11316579	-0.087443374	0.9393132	0	0	0.4	-1.6831124e-18
4.160021068357506e-09	0.058828637	-0.104890786	0.94460505	0	0	0.4	-1.5141637e-18
4.170009773058561e-09	0.10476106	0.048510294	0.94937193	0	0	0.4	-1.4718196e-18
4.1800497595444675e-09	-0.03600237	0.09011133	0.95331264	0	0	0.4	-2.222825e-18
4.190046213123284e-09	-0.08015136	-0.013533646	0.95488775	0	0	0.4	-1.4841047e-18
4.200022656809963e-09	0.0017389923	-0.067461506	0.95670414	0	0	0.4	-1.007742e-18
4.210056736689517e-09	0.043040454	0.0054900204	0.9601384	0	0	0.4	-7.228259e-19
4.220030249127441e-09	0.011066553	0.04244378	0.96115047	0	0	0.4	-9.013621e-19
4.230049154327574e-09	-0.04076127	0.0022776725	0.9588231	0	0	0.4	-1.3419439e-18
4.240043894826711e-09	-0.0119871795	-0.030729378	0.95883375	0	0	0.4	-1.6052503e-18
4.250035374265648e-09	0.028572036	-0.011157179	0.9584952	0	0	0.4	-6.431697e-19
4.260006757168229e-09	0.029007819	0.02827492	0.96176267	0	0	0.4	-1.9703535e-18
4.27000847825224e-09	-0.02776682	0.04463297	0.9608524	0	0	0.4	-1.2591683e-18
4.2800100474295875e-09	-0.058416966	-0.020360028	0.962671	0	0	0.4	-1.2409752e-18
4.290017644835961e-09	0.018479828	-0.04872556	0.96072155	0	0	0.4	-1.2026655e-18
4.300047939552611e-09	0.047410317	0.01778145	0.96284837	0	0	0.4	-1.6192593e-18
4.3100354642234955e-09	-0.0044469316	0.04496457	0.96263784	0	0	0.4	-1.084619e-18
4.3200323185649765e-09	-0.038568437	0.0041954224	0.9680562	0	0	0.4	-1.0945938e-18
4.330022876894966e-09	-0.021824576	-0.023509162	0.96874166	0	0	0.4	-1.514643e-18
4.3400390833296425e-09	0.0042187404	-0.046955954	0.9669601	0	0	0.4	-9.075705e-19
4.35003044236552e-09	0.045077328	0.007391533	0.9639988	0	0	0.4	-1.8526854e-18
4.360018792894913e-09	-0.0030208586	0.057892617	0.96232957	0	0	0.4	-1.7376856e-18
4.37004305861045e-09	-0.047154605	0.0021727227	0.96613044	0	0	0.4	-2.146448e-18
4.380006479401205e-09	-0.028515134	-0.025541304	0.9636641	0	0	0.4	-8.74693e-19
4.390015692831287e-09	0.004894779	-0.030149888	0.9650577	0	0	0.4	-1.5675204e-18
4.400003470501435e-09	0.030384643	0.0033337595	0.96748763	0	0	0.4	-1.5855952e-18
4.410005450705942e-09	0.007698305	0.030007465	0.9678794	0	0	0.4	-1.243178e-18
4.420052367563548e-09	-0.021979239	0.010209755	0.96659625	0	0	0.4	-1.3698788e-18
4.430038223447602e-09	-0.01688317	-0.01404304	0.9636182	0	0	0.4	-9.386196e-19
4.440012433211662e-09	0.0019867204	-0.01838506	0.9660115	0	0	0.4	-3.5296647e-19
4.450008149529951e-09	0.012358898	0.009378386	0.9665093	0	0	0.4	-4.5948125e-19
4.46002727573436e-09	-0.0032391173	-0.008179201	0.96640956	0	0	0.4	-3.3273805e-19
4.470016201453787e-09	0.0110351425	-0.010483075	0.96712744	0	0	0.4	-1.1694476e-18
4.4800343108173035e-09	0.0010731948	0.008054237	0.9669331	0	0	0.4	-1.5412165e-18
4.4900071675461856e-09	0.0027309991	0.00948062	0.96785265	0	0	0.4	-7.8713685e-19
4.500010428465271e-09	-0.0046252348	0.0018884613	0.96705544	0	0	0.4	-1.8816183e-18
4.510011952506451e-09	-0.009490338	-0.007414625	0.9697324	0	0	0.4	-1.2722959e-18
4.520056924094756e-09	0.009208165	-0.0104705775	0.9693257	0	0	0.4	-1.5826069e-18
4.530001135867881e-09	-0.0013848109	0.016823586	0.9664422	0	0	0.4	-1.7612257e-18
4.5400385822717124e-09	-0.02448809	-0.0068893945	0.9664884	0	0	0.4	-1.3457274e-18
4.550039687627137e-09	0.020636667	-0.011368056	0.96518934	0	0	0.4	-1.827077e-18
4.560000723961173e-09	0.008451253	0.0195089	0.9652486	0	0	0.4	-1.5447877e-18
4.570039325284879e-09	0.0034928792	0.008078725	0.9668257	0	0	0.4	-1.1469657e-18
4.5800448632342865e-09	0.007252982	-0.0011464516	0.97003484	0	0	0.4	-1.7066338e-18
4.590042577026515e-09	-0.017277323	0.00865356	0.9662859	0	0	0.4	-1.7368944e-18
4.6000048954126935e-09	-0.0073618996	-0.027373742	0.96431506	0	0	0.4	-1.3478045e-18
4.61000157430262e-09	0.024315769	0.0032841922	0.96428704	0	0	0.4	-1.5214586e-18
4.620049669153286e-09	0.004720975	0.009959766	0.9672441	0	0	0.4	-1.4895708e-18
4.630032168509383e-09	-0.0076758144	-0.015175972	0.9656037	0	0	0.4	-1.1176472e-18
4.640007495549719e-09	0.010779324	0.00015549707	0.966841	0	0	0.4	-1.2295798e-18
4.650017274140349e-09	-0.015942438	0.013368256	0.96505857	0	0	0.4	-1.804739e-18
4.6600279011570485e-09	-0.0067238268	-0.029018534	0.9649404	0	0	0.4	-9.381511e-19
4.670009902654971e-09	0.038083892	0.016546076	0.9654849	0	0	0.4	-2.1150748e-18
4.680049575748669e-09	-0.019259334	0.038921487	0.9628753	0	0	0.4	-2.0535894e-18
4.6900367809053895e-09	-0.025024517	-0.012552903	0.9620776	0	0	0.4	-1.4885527e-18
4.700061579927643e-09	0.002457129	0.0024229824	0.96650463	0	0	0.4	-2.2801244e-18
4.71005532711524e-09	0.002531957	-0.00068311504	0.96532875	0	0	0.4	-1.3358645e-18
4.720043120487717e-09	0.00729792	-0.00069027964	0.9686045	0	0	0.4	-2.5297404e-18
4.730016690265205e-09	0.010430517	0.026940795	0.96711767	0	0	0.4	-1.3708659e-18
4.740016367460523e-09	-0.027063038	0.011854182	0.9666748	0	0	0.4	-1.2324148e-18
4.75005503095645e-09	-0.0050393655	-0.025627783	0.96473646	0	0	0.4	-2.2900907e-18
4.760050190992573e-09	0.029011775	0.01745637	0.96419656	0	0	0.4	-2.1286503e-18
4.770057594033385e-09	-0.0073181707	0.007749771	0.9616965	0	0	0.4	-1.7931708e-18
4.7800033819790646e-09	-0.0014585168	-0.011350521	0.9664085	0	0	0.4	-1.0144373e-18
4.7900117849976815e-09	-0.0011240238	0.012769327	0.96656287	0	0	0.4	-1.2926995e-18
4.800046279747438e-09	-0.023598092	-0.001110199	0.96308124	0	0	0.4	-1.4481326e-18
4.81001526417527e-09	-0.0064260447	-0.027352413	0.96402735	0	0	0.4	-1.4653942e-18
4.8200366625325725e-09	0.007515338	-0.011581892	0.96742266	0	0	0.4	-1.9594167e-18
4.8300333077998375e-09	0.010000723	0.005052744	0.96928984	0	0	0.4	1.1129304e-19
4.840052119150274e-09	-0.0032548176	0.0044058906	0.96913755	0	0	0.4	-8.463854e-19
4.850002978978015e-09	-0.008942106	-0.0092823	0.9682059	0	0	0.4	-1.1728212e-18
4.860035398218945e-09	0.0039459555	-0.013390316	0.96507627	0	0	0.4	-6.480593e-19
4.870051854054598e-09	0.017124591	0.032961328	0.96410906	0	0	0.4	-1.5712592e-18
4.880037759069924e-09	-0.052588854	0.005485281	0.9634437	0	0	0.4	-1.5873807e-18
4.890022808174737e-09	-0.00913056	-0.047033705	0.9654035	0	0	0.4	-8.844355e-19
4.900052126448847e-09	0.034600034	-0.004435525	0.9639144	0	0	0.4	-4.6213107e-19
4.910023412127115e-09	-0.010603858	0.020745825	0.9654974	0	0	0.4	-1.0080761e-18
4.9200224765364645e-09	-0.016995095	-0.012511302	0.9664293	0	0	0.4	-1.5558591e-18
4.93002297415142e-09	-0.0001990155	-0.002169055	0.9671485	0	0	0.4	-5.3294937e-19
4.940026590689692e-09	-0.0028484922	0.0027049799	0.964507	0	0	0.4	-1.474071e-18
4.950021249580077e-09	0.013031824	0.023995146	0.9635124	0	0	0.4	-1.385594e-18
4.960057475376432e-09	-0.042788953	0.014027816	0.9662911	0	0	0.4	-3.6036333e-19
4.970047276240672e-09	-0.010808534	-0.019899433	0.9621815	0	0	0.4	-9.906347e-19
4.980000669037329e-09	0.031210331	-0.011149657	0.96477735	0	0	0.4	-1.2129097e-18
4.990058308026031e-09	0.001842574	0.023488974	0.96501195	0	0	0.4	-1.572334e-18
5.00006489389896e-09	-0.017144538	0.00215275	0.96356034	0	0	0.4	-1.79368e-18
5.010034044195743e-09	-0.01659103	-0.02946796	0.96392566	0	0	0.4	-5.5472066e-19
5.020060315985667e-09	0.010548513	-0.026522828	0.9634575	0	0	0.4	-1.1133425e-18
5.0300319170737685e-09	0.025020042	0.013859775	0.9613421	0	0	0.4	-6.139237e-19
5.040057457935628e-09	-0.0053112567	0.016357625	0.96375483	0	0	0.4	-1.3428661e-18
5.050052537153763e-09	-0.016171709	-0.022375416	0.96734124	0	0	0.4	-1.7991261e-18
5.0600411254730114e-09	0.025006266	-0.020631386	0.9659803	0	0	0.4	-2.2791537e-18
5.070055720234728e-09	0.009109841	0.015428009	0.9654403	0	0	0.4	-1.2192616e-18
5.080003235405654e-09	-0.0067298366	0.0033363192	0.9665816	0	0	0.4	-1.1640069e-18
5.090002737443973e-09	0.005616928	0.003192009	0.968362	0	0	0.4	-1.5505427e-18
5.100056659382077e-09	-0.0009997032	-0.011247738	0.9660281	0	0	0.4	-1.6296218e-18
5.1100224403544475e-09	0.0065810997	0.009445959	0.9660063	0	0	0.4	-2.8629827e-18
5.120056803216833e-09	-0.00867868	0.009937768	0.9654036	0	0	0.4	-1.0122948e-18
5.130053775752969e-09	0.00039351927	-0.0005302018	0.9655228	0	0	0.4	-1.5450444e-18
5.1400229968170925e-09	-0.005407592	-0.007969572	0.9642092	0	0	0.4	-1.5349032e-18
5.1500070727414445e-09	-0.00618785	-0.023171317	0.96597207	0	0	0.4	-1.9517213e-18
5.160034857176347e-09	0.00690611	0.00086996664	0.96885675	0	0	0.4	-1.4829748e-18
5.170052236395561e-09	0.005723164	0.0026908626	0.9693704	0	0	0.4	-9.451901e-19
5.180038877375655e-09	-0.01199583	0.0012240822	0.9674492	0	0	0.4	-2.0706864e-18
5.1900635770016585e-09	-0.015474413	-0.01709365	0.9671611	0	0	0.4	-1.6836353e-18
5.200014382831946e-09	0.0044050673	-0.021337768	0.9665004	0	0	0.4	-1.5609326e-18
5.210020262732835e-09	0.017657358	-0.00673071	0.9670647	0	0	0.4	-7.0678437e-19
5.2200490129167186e-09	0.0030129577	0.015337418	0.96732575	0	0	0.4	-1.3425306e-18
5.230058100789155e-09	-0.009139472	-3.4961795e-05	0.9670588	0	0	0.4	-3.669573e-19
5.2400411029559266e-09	-0.005968921	-0.019476676	0.96671736	0	0	0.4	-1.1551092e-18
5.250012566101903e-09	0.026942413	-0.019105913	0.96604747	0	0	0.4	-1.6125964e-18
5.260017501790077e-09	0.025904581	0.035900563	0.96725345	0	0	0.4	-9.177279e-19
5.2700529625999755e-09	-0.012756029	0.013918031	0.9651396	0	0	0.4	-5.35698e-20
5.280054656246409e-09	-0.010964269	-0.01585585	0.9629202	0	0	0.4	-1.0786322e-18
5.290055943709734e-09	0.015834985	-0.016595446	0.9644489	0	0	0.4	-1.4862503e-18
5.300047678246386e-09	0.000916463	0.014039467	0.96561795	0	0	0.4	-1.7709389e-18
5.310020083842009e-09	-0.0002785055	0.008120512	0.96221143	0	0	0.4	-2.1808336e-18
5.320022655394998e-09	-0.008741712	0.0029180485	0.9620365	0	0	0.4	-1.9916112e-18
5.33004689238785e-09	-0.0010596064	-0.017989967	0.959158	0	0	0.4	-7.939954e-19
5.340006930226469e-09	0.010174895	0.0101628	0.96358794	0	0	0.4	-1.443703e-18
5.350008747330978e-09	-0.0077057136	0.0027090604	0.9650023	0	0	0.4	-8.947539e-19
5.360036835681346e-09	-0.0058232183	-0.00839398	0.96452695	0	0	0.4	-1.0748263e-18
5.370029540491587e-09	0.02069042	-0.012645209	0.96212286	0	0	0.4	-1.1785662e-18
5.3800574911075795e-09	0.018277913	0.030074716	0.9631232	0	0	0.4	-1.5176499e-18
5.390054380320723e-09	-0.0281764	0.023134926	0.9634359	0	0	0.4	-1.831816e-18
5.400037878292865e-09	-0.015824936	-0.019914176	0.96588355	0	0	0.4	-1.748769e-18
5.4100289663734085e-09	0.014019574	-0.0110644335	0.9643598	0	0	0.4	-1.2202097e-18
5.420033473237977e-09	-0.0020321473	0.008970898	0.9643377	0	0	0.4	-2.2434544e-18
5.430042574417506e-09	0.00017097959	0.008162955	0.96350527	0	0	0.4	-1.441659e-18
5.440024999736841e-09	-0.023303762	0.002966519	0.9615993	0	0	0.4	-1.5268076e-18
5.450033253553804e-09	-0.004270719	-0.026720777	0.9608777	0	0	0.4	-1.3707665e-18
5.460040480624683e-09	0.03753283	-0.010739066	0.9594674	0	0	0.4	-1.8195587e-18
5.470040751055594e-09	0.008161555	0.04716232	0.96156365	0	0	0.4	-1.4659978e-18
5.480040407244731e-09	-0.029864311	-0.002366036	0.96370876	0	0	0.4	-1.5200159e-18
5.490032190109863e-09	-0.0031983089	-0.022035768	0.9621781	0	0	0.4	-4.743682e-19
5.500017860289629e-09	0.0009777563	-0.0144201815	0.9673638	0	0	0.4	-1.2714949e-18
5.510012537571142e-09	0.02532893	-0.0153188165	0.96654946	0	0	0.4	-1.3989328e-18
5.5200538240167264e-09	0.010370505	0.026066652	0.9663485	0	0	0.4	-1.615689e-18
5.530056543189673e-09	-0.042385194	0.014803568	0.9662999	0	0	0.4	-9.588316e-19
5.5400300558760826e-09	-0.034385417	-0.036774144	0.9633976	0	0	0.4	-1.6413682e-18
5.550004566160582e-09	0.047995903	-0.046342347	0.9614675	0	0	0.4	-2.4921626e-18
5.560057377079106e-09	0.04463883	0.040674366	0.9621205	0	0	0.4	-1.2615433e-18
5.5700132922850185e-09	-0.047536127	0.02660554	0.96439034	0	0	0.4	-1.2765931e-18
5.580063566243679e-09	-0.025505815	-0.042224735	0.9663887	0	0	0.4	-1.4927332e-18
5.590001720784112e-09	0.02581283	-0.03158285	0.9632998	0	0	0.4	-9.638567e-19
5.600020929778187e-09	0.015382056	0.0060855662	0.96628636	0	0	0.4	-9.429999e-19
5.610011161813041e-09	-0.009020316	0.032215822	0.96968186	0	0	0.4	-1.3460223e-18
5.620013263398465e-09	-0.025379103	7.484582e-05	0.9678701	0	0	0.4	-1.813821e-18
5.630051739744792e-09	-0.0005139529	-0.017107368	0.96869445	0	0	0.4	-2.324837e-18
5.640048021306953e-09	0.018275375	-0.0015472532	0.9688136	0	0	0.4	-1.876761e-18
5.6500323637686294e-09	0.003175588	0.017572386	0.9702886	0	0	0.4	-2.5835727e-18
5.6600279716086895e-09	-0.035822056	0.007071285	0.96866155	0	0	0.4	-6.6329897e-19
5.670035987863508e-09	-0.009991979	-0.034392014	0.9698439	0	0	0.4	-1.587107e-19
5.680011295293659e-09	0.03269047	-0.023096267	0.967579	0	0	0.4	-2.1337313e-19
5.690038315131786e-09	0.021651493	0.035858337	0.9676186	0	0	0.4	-1.5381793e-18
5.700044021067566e-09	-0.030495517	0.017533492	0.9686702	0	0	0.4	-2.1992704e-18
5.710033730009918e-09	-0.015681751	-0.02483254	0.96720386	0	0	0.4	-9.190291e-19
5.720050199950247e-09	0.0122230025	-0.011174446	0.9659933	0	0	0.4	-1.7609455e-18
5.730015499902647e-09	0.016683485	0.005029473	0.9656997	0	0	0.4	-1.5162326e-18
5.740006200799848e-09	0.0047863144	0.017067092	0.9663723	0	0	0.4	-1.0143751e-18
5.750046666994889e-09	-0.021899557	-0.0036420024	0.9666726	0	0	0.4	-1.3319927e-18
5.760059290455502e-09	0.0045964587	-0.026968054	0.96587867	0	0	0.4	-5.8638673e-19
5.7700419057811155e-09	0.012641431	-0.0065542343	0.96709895	0	0	0.4	-1.6085633e-18
5.78005649927423e-09	-0.0058493824	-0.0011237125	0.9684143	0	0	0.4	-1.2269519e-18
5.790013863439372e-09	0.0100160865	0.0007731784	0.9693707	0	0	0.4	-1.8146326e-18
5.800048536121653e-09	-0.0044302056	0.013302357	0.96337086	0	0	0.4	-8.67513e-19
5.810025464889067e-09	-0.007290566	-0.014188184	0.96804374	0	0	0.4	-1.3388038e-18
5.8200122738004834e-09	0.02171618	-0.0013833786	0.9656637	0	0	0.4	-2.0653724e-18
5.8300086597963374e-09	-0.0057331976	0.011060701	0.9648714	0	0	0.4	-1.1841611e-18
5.840058977377925e-09	-0.007363607	-0.008921505	0.96582377	0	0	0.4	-1.4693611e-18
5.85001663218508e-09	0.005438155	-0.018973937	0.9610045	0	0	0.4	-1.0424367e-18
5.860030346248705e-09	0.0065956926	0.0059098704	0.9635393	0	0	0.4	-1.7234582e-18
5.8700441235918145e-09	-0.010321645	0.005213081	0.9612589	0	0	0.4	-6.8198825e-20
5.8800387753404575e-09	-0.0063825394	-0.0016742866	0.96108353	0	0	0.4	-1.5251355e-18
5.890004723180828e-09	0.004587906	-0.007086203	0.96346676	0	0	0.4	-1.3149991e-18
5.9000332439292625e-09	0.023921013	0.0068944264	0.9620333	0	0	0.4	-2.0023143e-18
5.910024310407492e-09	-0.0059071253	0.047278672	0.96485245	0	0	0.4	-1.3718055e-18
5.9200453605558294e-09	-0.056252103	0.011512881	0.96316665	0	0	0.4	-2.1436406e-18
5.930044449060976e-09	0.00945656	-0.07107222	0.9588833	0	0	0.4	-1.625276e-18
5.94004926014791e-09	0.06802969	0.007562403	0.9605532	0	0	0.4	-1.251846e-18
5.950040707908239e-09	-0.008003476	0.04990674	0.9626847	0	0	0.4	-1.0867029e-18
5.960046785509356e-09	-0.05103086	-0.0075120116	0.96366966	0	0	0.4	-1.5602729e-18
5.9700091049616984e-09	-0.020669611	-0.03511047	0.96625704	0	0	0.4	-1.2151081e-18
5.980021781508645e-09	0.041621167	-0.016791549	0.9661108	0	0	0.4	-2.177352e-18
5.990066143245349e-09	0.027665136	0.029713862	0.96181583	0	0	0.4	-1.1624099e-18
6.0000576149421394e-09	-0.020696387	0.008493242	0.96224827	0	0	0.4	-4.2977415e-19
6.0100591375094275e-09	0.0018553558	-0.016680297	0.96494657	0	0	0.4	-2.8308217e-19
6.020064337737855e-09	0.013375961	0.004423716	0.96494913	0	0	0.4	-7.4438325e-19
6.0300289264784015e-09	-0.0037662128	0.006248753	0.96588045	0	0	0.4	-7.360749e-19
6.040008385163661e-09	-0.00681673	-0.006611837	0.96529835	0	0	0.4	-1.4949612e-18
6.050002217137869e-09	0.0013826117	-0.0043283696	0.9621782	0	0	0.4	-1.079586e-18
6.0600583607996615e-09	-0.005423076	0.013106459	0.9642012	0	0	0.4	-8.2331184e-19
6.070008959914639e-09	0.008657139	-0.007857745	0.9657421	0	0	0.4	-1.4438357e-18
6.080031477416787e-09	-0.0032656675	0.0059176735	0.9618778	0	0	0.4	-8.127402e-19
6.090029041528688e-09	-9.48812e-05	0.005937163	0.96860826	0	0	0.4	-2.3028262e-18
6.100024745728393e-09	-0.0088380715	0.010071151	0.96402526	0	0	0.4	-1.1458375e-18
6.110023602340643e-09	-0.009556104	0.0014119829	0.9669408	0	0	0.4	-1.4640583e-18
6.1200522456069e-09	0.005356932	-0.010157101	0.9676137	0	0	0.4	-8.2980965e-19
6.130021948980421e-09	0.018919019	0.031403616	0.9669167	0	0	0.4	-1.2517891e-18
6.140060649360881e-09	-0.026191678	0.0139071755	0.96927047	0	0	0.4	-1.4100933e-18
6.150042885320399e-09	-0.01517693	-0.016889105	0.96366334	0	0	0.4	-9.57015e-19
6.160019422884622e-09	0.014031319	-0.017905949	0.9636659	0	0	0.4	-1.6773838e-18
6.170025829428133e-09	0.01865358	0.020019487	0.9618861	0	0	0.4	-2.0912683e-18
6.180036142204894e-09	-0.015354036	0.0054481723	0.9636648	0	0	0.4	-1.3314824e-18
6.190009846837782e-09	-0.0013330546	-0.02238595	0.9623339	0	0	0.4	-2.2627015e-18
6.200017269453228e-09	0.018566543	-0.0072258106	0.96284926	0	0	0.4	-2.0010432e-18
6.2100265609246406e-09	-0.006395829	0.01761993	0.96423453	0	0	0.4	-8.1350437e-19
6.220015275029724e-09	-0.009136826	0.0010958526	0.96812314	0	0	0.4	-1.8356317e-18
6.230065179107152e-09	0.0018263874	-0.011885203	0.9679664	0	0	0.4	-4.6423925e-19
6.240048320506388e-09	0.025692452	0.01182392	0.9643606	0	0	0.4	-7.678115e-19
6.2500384210120415e-09	0.027821664	0.032929067	0.9673143	0	0	0.4	-1.3118366e-18
6.26001090257758e-09	-0.03488139	0.03548449	0.9655993	0	0	0.4	-1.0046097e-18
6.270056697464218e-09	-0.03089636	-0.023145687	0.96719015	0	0	0.4	-1.396762e-18
6.280002507311511e-09	0.008002277	-0.037120745	0.96571904	0	0	0.4	-1.4459117e-18
6.290055925541826e-09	0.040641695	0.0022829683	0.9612995	0	0	0.4	-8.708133e-19
6.300057161752414e-09	-0.02222592	0.046787478	0.9651614	0	0	0.4	-1.1067148e-18
6.310009974325334e-09	-0.04212463	-0.01951287	0.9627334	0	0	0.4	-3.9932222e-19
6.320021473677401e-09	0.010027592	-0.042575788	0.966202	0	0	0.4	-8.3072307e-19
6.330016540868534e-09	0.040481634	-0.0070832446	0.9661626	0	0	0.4	-1.862305e-18
6.340038680008046e-09	0.0031174205	0.02431234	0.96634495	0	0	0.4	-2.1270246e-18
6.3500127290805995e-09	-0.029715842	-0.005799863	0.966277	0	0	0.4	-1.1937413e-18
6.360008784358385e-09	0.007898282	-0.050541714	0.9657719	0	0	0.4	-9.511781e-19
6.370036982208299e-09	0.054241635	0.014076534	0.96562004	0	0	0.4	-5.3762837e-19
6.380032925148406e-09	-0.0115186935	0.07327779	0.96652603	0	0	0.4	-1.2581157e-18
6.3900353768255626e-09	-0.06387179	-0.0061854953	0.96494216	0	0	0.4	-2.4087832e-18
6.4000134236458466e-09	0.002920099	-0.075320855	0.9623669	0	0	0.4	-9.900416e-19
6.410046293660727e-09	0.056736443	-0.0102749495	0.9647371	0	0	0.4	-8.79568e-19
6.420045740721897e-09	0.012280962	0.052030995	0.9655647	0	0	0.4	-6.618757e-19
6.430038031751983e-09	-0.039331768	0.031899996	0.96512073	0	0	0.4	5.1811537e-20
6.440001061088769e-09	-0.043913845	-0.019453244	0.9695192	0	0	0.4	-1.1779417e-18
6.450056883001213e-09	0.009804471	-0.03979246	0.96790934	0	0	0.4	-2.2195284e-18
6.460012599994438e-09	0.035829555	0.0026951812	0.9665655	0	0	0.4	-1.5371141e-18
6.470043060586594e-09	-0.008055213	0.040899225	0.96717775	0	0	0.4	-1.2609658e-18
6.480025257910344e-09	-0.035166632	0.002949529	0.9653453	0	0	0.4	-5.447704e-19
6.490001934701247e-09	-0.0029462792	-0.02910302	0.96678036	0	0	0.4	-1.4667954e-18
6.5000526906067054e-09	0.042070284	0.0017231251	0.96714747	0	0	0.4	-1.4110363e-18
6.510003642611152e-09	0.012530226	0.044254642	0.9661222	0	0	0.4	-2.275049e-18
6.520061537623003e-09	-0.031888966	-0.0012493556	0.9674745	0	0	0.4	-1.934767e-18
6.5300194187115476e-09	0.011506405	-0.012757066	0.965708	0	0	0.4	-7.222013e-19
6.540013421613691e-09	0.010712339	0.008812073	0.9658208	0	0	0.4	-1.6896191e-18
6.5500544656943285e-09	0.010174223	0.022237588	0.9641058	0	0	0.4	-1.2693704e-18
6.560052604015248e-09	-0.026341986	-0.0044786767	0.96566105	0	0	0.4	-1.2438331e-18
6.570045759463941e-09	-0.017115537	-0.020466128	0.96418273	0	0	0.4	-1.3444028e-18
6.580038547586895e-09	0.00062278693	-0.028563049	0.9643449	0	0	0.4	-1.8767014e-18
6.590026660679319e-09	0.022001503	-0.006479947	0.9655623	0	0	0.4	-1.7775063e-18
6.600037820588633e-09	0.009860914	0.008559392	0.9649026	0	0	0.4	-1.0697652e-18
6.6100310980443425e-09	0.011646393	0.01377789	0.96686906	0	0	0.4	-2.4685071e-18
6.620012257042885e-09	-0.026101781	0.009051117	0.96705455	0	0	0.4	-2.3641579e-18
6.630012422978041e-09	-0.012926841	-0.024243716	0.96569115	0	0	0.4	-1.3049751e-18
6.640036409571426e-09	0.026335709	-0.014386036	0.9662414	0	0	0.4	-2.1661854e-18
6.650033902948275e-09	0.012646476	0.021001752	0.96485126	0	0	0.4	-1.4673032e-18
6.660064691212104e-09	-0.0060305973	0.017954286	0.9632539	0	0	0.4	-1.5592972e-18
6.670056932014483e-09	0.00123501	0.0046591843	0.96582717	0	0	0.4	-1.3568999e-18
6.680031866101428e-09	-0.006382093	-0.0019933772	0.9642317	0	0	0.4	-1.5711539e-18
6.690005229348811e-09	0.015240808	-0.00014492414	0.96833265	0	0	0.4	-6.6763996e-19
6.700009444857971e-09	-0.01928953	0.012569324	0.9675868	0	0	0.4	-1.9898818e-18
6.710047440098871e-09	-0.026040092	-0.0057158484	0.9677314	0	0	0.4	-1.199013e-18
6.720007807864013e-09	3.516175e-05	-0.031545833	0.965987	0	0	0.4	-1.0232135e-18
6.730031588100483e-09	0.026864428	0.012844597	0.96599704	0	0	0.4	-6.4725963e-19
6.7400181767680836e-09	-0.015300786	0.017713018	0.9662773	0	0	0.4	-1.3038409e-18
6.750016536453195e-09	-0.01611775	6.6670586e-06	0.96492374	0	0	0.4	-9.05845e-19
6.760025407065548e-09	-0.0012364461	-0.004079148	0.9656587	0	0	0.4	-1.637436e-18
6.7700202111603856e-09	0.013828045	0.0033763582	0.9646806	0	0	0.4	-1.4384367e-18
6.780051968440011e-09	0.0039069396	0.007228888	0.9694943	0	0	0.4	-2.177693e-18
6.790016618942736e-09	0.00500085	0.00326182	0.9670769	0	0	0.4	-7.20234e-19
6.800028876148866e-09	0.007908908	0.017533384	0.9645184	0	0	0.4	-1.9794298e-18
6.810024624213267e-09	-0.027583472	0.008437151	0.96575063	0	0	0.4	-1.3016072e-18
6.820017930976086e-09	0.015915815	-0.018992493	0.96650434	0	0	0.4	-1.2684405e-18
6.830008061859776e-09	0.022308134	0.014408081	0.96804154	0	0	0.4	-8.416919e-19
6.840026379661943e-09	-0.0040177493	0.013582526	0.9698414	0	0	0.4	-9.462606e-19
6.850021130113408e-09	-0.017883642	-0.002112936	0.9671729	0	0	0.4	-1.6417591e-18
6.860047643115611e-09	-0.0026298063	-0.008255248	0.9660917	0	0	0.4	-1.9668432e-18
6.8700067534935875e-09	0.0017894224	-0.0019590487	0.9681004	0	0	0.4	-7.570449e-19
6.88000342197387e-09	0.0066343145	-0.0073417695	0.9672382	0	0	0.4	-2.4348336e-18
6.890024341312631e-09	0.0016524763	0.003481993	0.96388763	0	0	0.4	-1.198183e-18
6.900051936426676e-09	0.0036237533	0.009013108	0.96275926	0	0	0.4	-1.9479258e-18
6.910018769745569e-09	-0.012273234	0.003810641	0.96406585	0	0	0.4	-1.6188903e-18
6.9200074688886494e-09	-0.01050313	-0.00013245594	0.9660677	0	0	0.4	-9.756337e-19
6.930037775554649e-09	-0.007622623	-0.022336438	0.96303135	0	0	0.4	-1.8226615e-18
6.940053770811878e-09	0.032754146	-0.014002965	0.9618837	0	0	0.4	-1.005086e-18
6.950029761003049e-09	0.030214382	0.03152714	0.9615032	0	0	0.4	-5.187546e-19
6.9600557326241336e-09	-0.040567614	0.033555485	0.9605977	0	0	0.4	-1.7196544e-18
6.970018325489381e-09	-0.026183072	-0.03387718	0.9548809	0	0	0.4	-1.6299838e-18
6.980013388876896e-09	0.022501124	-0.013726427	0.95912296	0	0	0.4	-1.4781737e-18
6.990051331690806e-09	0.0046073943	0.001347179	0.96032256	0	0	0.4	-1.54154e-18
7.000001329706486e-09	0.0033473216	0.008265675	0.95833015	0	0	0.4	-1.3862379e-18
7.010032068843623e-09	-0.008497417	-0.0053758365	0.95847565	0	0	0.4	-1.5002176e-18
7.020001653082332e-09	0.00450918	-0.017911179	0.9601572	0	0	0.4	-1.9454287e-18
7.030020908708363e-09	0.013392282	0.002027399	0.9606891	0	0	0.4	-1.5126379e-18
7.040012669300947e-09	-0.0028512937	0.027671175	0.95995873	0	0	0.4	-1.1871918e-18
7.0500533336188476e-09	-0.034143165	0.00023112743	0.9584455	0	0	0.4	-4.647774e-19
7.060027791825928e-09	0.006012915	-0.023844827	0.95914483	0	0	0.4	-7.665943e-19
7.070008878154492e-09	0.017399933	0.017995778	0.9612189	0	0	0.4	-1.1083256e-18
7.080013055074918e-09	0.00089946436	0.003443841	0.9645748	0	0	0.4	-1.5885799e-18
7.090020011243528e-09	-0.0062260586	0.00070547767	0.9642003	0	0	0.4	-1.2994026e-18
7.100050476581427e-09	-0.0045196554	-0.0066844453	0.9656124	0	0	0.4	-1.9220032e-18
7.110048916343338e-09	-0.003057677	-0.0065807286	0.9651544	0	0	0.4	-1.8088273e-18
7.120016071666658e-09	0.017178528	0.02292296	0.96133924	0	0	0.4	-1.2538648e-18
7.130017780095778e-09	-0.016405798	0.017652046	0.9658719	0	0	0.4	-7.1021024e-19
7.140042619673331e-09	-0.015396653	-0.024469571	0.9646477	0	0	0.4	-1.3055336e-18
7.150027214345126e-09	0.026854983	-0.032156955	0.9638669	0	0	0.4	-2.579608e-19
7.160060065853178e-09	0.021194266	0.0021697658	0.96583444	0	0	0.4	-1.1703781e-18
7.170056229400953e-09	-0.012083107	0.014261045	0.96433103	0	0	0.4	-1.188864e-18
7.1800555918953025e-09	-0.0026265786	-0.012398975	0.9643031	0	0	0.4	-1.4493107e-18
7.190029142718952e-09	-0.0085422015	0.0071567628	0.9647361	0	0	0.4	-1.5960643e-18
7.200056428276426e-09	0.008333202	-0.032165706	0.9633329	0	0	0.4	-1.4101278e-18
7.210041574663695e-09	0.036800966	0.012904349	0.9665588	0	0	0.4	-7.570192e-19
7.2200257480444295e-09	-0.010063441	0.013778147	0.9669944	0	0	0.4	-1.7166929e-18
7.230024932290238e-09	-0.027801072	-0.028848026	0.9663101	0	0	0.4	-1.990686e-18
7.2400506893841115e-09	0.029779958	-0.024551956	0.96547043	0	0	0.4	-1.0584803e-18
7.2500222333770504e-09	0.0038180456	0.02075383	0.9668755	0	0	0.4	-6.4256894e-19
7.260055097145625e-09	-0.025202358	0.013713935	0.9683204	0	0	0.4	-2.094508e-18
7.27001576669115e-09	-0.019591467	-0.023900265	0.96496123	0	0	0.4	-1.4880498e-18
7.280047128453007e-09	0.023786524	-0.02533093	0.9668535	0	0	0.4	-2.0458216e-18
7.290053390145657e-09	0.033019744	0.024409195	0.9686294	0	0	0.4	-7.0076327e-19
7.300053913372138e-09	-0.025287526	0.024355212	0.9680926	0	0	0.4	-1.4120958e-18
7.310042998323725e-09	-0.02332225	1.94916e-05	0.96881956	0	0	0.4	-2.0471802e-18
7.320009090653019e-09	0.00095186854	-0.022277066	0.96968114	0	0	0.4	-1.5734113e-18
7.33001265682025e-09	0.029610202	0.0016152689	0.96821713	0	0	0.4	-1.3730958e-18
7.340025089490498e-09	0.0011693559	0.016790677	0.9689881	0	0	0.4	-1.3354612e-18
7.350012526731462e-09	-0.026381664	0.011023401	0.96564156	0	0	0.4	-7.287345e-19
7.3600177452462585e-09	0.0015730414	-0.040048856	0.96344906	0	0	0.4	-1.7650562e-18
7.37005342501571e-09	0.041212995	-0.007863736	0.9643	0	0	0.4	1.5943961e-20
7.380009949522492e-09	0.026345864	0.02367768	0.962461	0	0	0.4	-1.7891873e-18
7.390025821316956e-09	-0.017898245	0.008008115	0.9629457	0	0	0.4	-1.6500408e-18
7.4000508855266436e-09	-0.015588436	-0.004253084	0.9601977	0	0	0.4	-1.112986e-18
7.410011100109337e-09	0.0013165098	-0.019330395	0.96538675	0	0	0.4	-1.9046208e-18
7.420013148005745e-09	0.025670666	-0.013098626	0.96409345	0	0	0.4	-2.7647354e-18
7.430011414069409e-09	-0.0011488869	0.012940151	0.9629561	0	0	0.4	-1.0403831e-18
7.440020324502064e-09	5.787435e-05	-0.0145344	0.9659117	0	0	0.4	-1.8381816e-18
7.450000750460644e-09	0.014028375	-0.0149945235	0.9668289	0	0	0.4	-1.3279637e-18
7.460022204818852e-09	0.01686502	0.022332767	0.9657003	0	0	0.4	-6.5943624e-19
7.470024201096864e-09	-0.021156961	0.013372895	0.9656695	0	0	0.4	-1.8272645e-18
7.480017992384885e-09	-0.016833337	-0.016720703	0.96640134	0	0	0.4	-2.1223434e-18
7.490012574666213e-09	0.0077020675	-0.018809529	0.9659501	0	0	0.4	-9.448143e-19
7.500049456278156e-09	0.02840356	5.8254e-06	0.96416193	0	0	0.4	-1.6557148e-18
7.510031929579277e-09	0.028194584	0.0370092	0.9656714	0	0	0.4	-2.1301952e-18
7.520007180014102e-09	-0.03040697	0.03990193	0.9679208	0	0	0.4	-1.0170436e-18
7.53006302023646e-09	-0.025976421	-0.018663602	0.96855706	0	0	0.4	-2.072704e-18
7.540033785731168e-09	0.008566572	-0.019052463	0.96662503	0	0	0.4	-1.237432e-18
7.550046263224187e-09	0.013668174	0.0077581615	0.96874845	0	0	0.4	-1.459258e-18
7.560028429657406e-09	-0.012931774	0.0074096336	0.96597666	0	0	0.4	-1.5460094e-18
7.570019081763447e-09	-0.011527496	-0.02522868	0.96157	0	0	0.4	2.4272537e-19
7.580005921644659e-09	0.021640372	-0.0050348565	0.96492726	0	0	0.4	-1.018025e-18
7.590023746113287e-09	-0.0032431064	0.026307123	0.9635431	0	0	0.4	-7.048045e-19
7.600032113868014e-09	-0.039315727	-0.010159878	0.961647	0	0	0.4	-8.912734e-19
7.610015006507673e-09	0.005955123	-0.030406274	0.9653571	0	0	0.4	-1.8085773e-18
7.620017460396813e-09	0.03316464	-0.0009876995	0.96429867	0	0	0.4	-1.1704431e-18
7.630039683698529e-09	0.004790624	0.016398879	0.96285576	0	0	0.4	-1.2767752e-18
7.640048223576295e-09	-0.005412419	-0.008664767	0.96560794	0	0	0.4	-1.9171931e-18
7.650042828255166e-09	-0.0055683213	0.006964181	0.9628233	0	0	0.4	-1.3262558e-18
7.660062844121269e-09	-0.014732889	-0.0090294685	0.96117765	0	0	0.4	-8.937944e-19
7.670039445225365e-09	-0.0009505314	-0.020473527	0.9625731	0	0	0.4	-9.27144e-19
7.680053653841119e-09	0.013769496	-0.0032492294	0.96330255	0	0	0.4	-1.4251979e-18
7.690008904725932e-09	0.01295748	0.024035057	0.96312904	0	0	0.4	-1.7084328e-18
7.700013731822693e-09	-0.039040778	0.019663783	0.9620416	0	0	0.4	-1.4777375e-18
7.710035583949934e-09	-0.024460286	-0.021967608	0.9613509	0	0	0.4	-3.9815494e-19
7.72000424974461e-09	0.017478868	-0.05489168	0.96125674	0	0	0.4	-1.2067109e-18
7.730038123772396e-09	0.059831727	0.03462433	0.962286	0	0	0.4	-1.4831512e-18
7.740011599888715e-09	-0.042068727	0.06184751	0.962708	0	0	0.4	-8.230295e-19
7.750023724396504e-09	-0.050474852	-0.044409137	0.9649989	0	0	0.4	-6.7772603e-19
7.760033199315603e-09	0.034947168	-0.044515297	0.96549755	0	0	0.4	-1.6593369e-18
7.77003026929505e-09	0.05284372	0.03805875	0.96304446	0	0	0.4	-6.13937e-19
7.780053116701547e-09	-0.035021767	0.05735308	0.96438175	0	0	0.4	-1.1422548e-18
7.7900472767265e-09	-0.057146672	-0.016638411	0.9625799	0	0	0.4	-1.722142e-18
7.800025327536565e-09	0.009416685	-0.061636318	0.95916265	0	0	0.4	-1.620284e-18
7.810061531178252e-09	0.046515245	0.003112484	0.9581872	0	0	0.4	-8.5630357e-19
7.820062218752203e-09	0.015452673	0.042923264	0.9625156	0	0	0.4	-1.5511742e-18
7.83003665181059e-09	-0.062226277	0.011917336	0.9624211	0	0	0.4	-9.573035e-19
7.84000175045341e-09	-0.008870593	-0.066238075	0.96331954	0	0	0.4	-9.002653e-19
7.850037699771982e-09	0.06618745	-0.00572538	0.9608257	0	0	0.4	-1.4396699e-18
7.860004684532065e-09	0.018039405	0.08029874	0.96129197	0	0	0.4	-1.3817428e-18
7.870060185516697e-09	-0.070201114	0.02343249	0.96053326	0	0	0.4	-1.4169537e-18
7.880048402848159e-09	-0.016871413	-0.067849	0.96253747	0	0	0.4	-8.385816e-19
7.890005282006552e-09	0.05516081	-0.012890628	0.96352863	0	0	0.4	-2.2417902e-18
7.900020242214735e-09	0.01691417	0.05274292	0.9615951	0	0	0.4	-1.2847457e-18
7.910031365010693e-09	-0.05466637	0.031283095	0.9661428	0	0	0.4	-1.2897533e-18
7.920060309599317e-09	-0.020786177	-0.041511443	0.9666921	0	0	0.4	-1.455907e-18
7.930000870146434e-09	0.023607612	-0.025643243	0.9653833	0	0	0.4	-1.3868565e-18
7.940054110402097e-09	0.0151696745	0.048078254	0.9652944	0	0	0.4	-1.0382777e-18
7.950007224573474e-09	-0.0449877	0.022979833	0.9674206	0	0	0.4	-2.298607e-18
7.960056322613557e-09	-0.02085064	-0.020352293	0.9644799	0	0	0.4	-1.8302417e-18
7.970053536192446e-09	0.016437998	-0.01593819	0.9650085	0	0	0.4	-2.547284e-18
7.980060882275757e-09	0.023116607	0.0134623395	0.9632876	0	0	0.4	-9.546606e-19
7.99005972853612e-09	-0.010956046	0.034593605	0.9621011	0	0	0.4	-1.4772441e-18
8.000053621299043e-09	-0.034751996	-0.006397757	0.96291965	0	0	0.4	-1.5999714e-18
8.010049446919853e-09	0.0009745806	-0.05306944	0.9652216	0	0	0.4	-1.5634512e-18
8.020011605055383e-09	0.029922074	0.0068138926	0.96654236	0	0	0.4	-1.9615209e-18
8.0300111360225e-09	-0.0037086734	0.020846523	0.9658528	0	0	0.4	-1.5402834e-18
8.040052423468111e-09	-0.036198433	-0.013305552	0.96437883	0	0	0.4	-1.5469544e-18
8.050039702338572e-09	0.001962679	-0.04270403	0.9633059	0	0	0.4	-2.2143085e-18
8.060054795616945e-09	0.0113148205	-0.011645745	0.96879226	0	0	0.4	-1.8758614e-18
8.070033261670606e-09	0.026751742	0.004054404	0.97025937	0	0	0.4	-9.707081e-19
8.08000530455044e-09	0.0015451183	0.01808762	0.9690747	0	0	0.4	-2.1306886e-18
8.09005336774018e-09	-0.02974369	0.0032169714	0.9677847	0	0	0.4	-1.6967843e-18
8.100009602152722e-09	-0.0013878017	-0.023871295	0.9710952	0	0	0.4	-1.1084069e-18
8.110057088200419e-09	0.021926692	-0.008826718	0.9676216	0	0	0.4	-1.4319981e-18
8.120018848762446e-09	0.008794679	0.0123803	0.96764773	0	0	0.4	-1.7651526e-18
8.130012661478566e-09	-0.010624329	0.0027243914	0.96756357	0	0	0.4	-2.053399e-18
8.140043573168965e-09	0.004674976	-0.007502975	0.9677918	0	0	0.4	-1.5034283e-18
8.150022520622067e-09	0.031486265	0.006855785	0.96623117	0	0	0.4	-1.1862685e-18
8.160013708977066e-09	0.00032386844	0.017580355	0.9672369	0	0	0.4	-7.448918e-19
8.170026482537853e-09	-0.025579445	0.012891592	0.9640878	0	0	0.4	-1.3187249e-18
8.180042763382008e-09	-0.028542284	-0.00982856	0.96573186	0	0	0.4	-2.4502783e-18
8.19004855693666e-09	-0.01731873	-0.05091141	0.96509904	0	0	0.4	-1.0098148e-18
8.200050938987398e-09	0.048245393	-0.016989453	0.96263415	0	0	0.4	-1.1217008e-18
8.21001928413068e-09	0.03437245	0.06445605	0.96222556	0	0	0.4	-1.9945415e-18
8.220042719951585e-09	-0.055146728	0.031412806	0.96291167	0	0	0.4	-1.6720177e-18
8.230049654490588e-09	-0.03135248	-0.05002992	0.96293485	0	0	0.4	-1.7691017e-18
8.24005554574348e-09	0.04539157	-0.050882075	0.9623125	0	0	0.4	-5.350573e-19
8.25003687360187e-09	0.058428843	0.03473794	0.966595	0	0	0.4	-1.4911396e-18
8.26000853207361e-09	-0.0036484338	0.05998014	0.9657345	0	0	0.4	-1.1365273e-18
8.270013686037277e-09	-0.080255516	0.008611468	0.96584874	0	0	0.4	-1.526882e-18
8.280062857241322e-09	-0.0147084575	-0.079469785	0.9648887	0	0	0.4	-1.3375146e-18
8.290046274609383e-09	0.074298486	-0.02876513	0.9615139	0	0	0.4	-1.974292e-18
8.300002005570294e-09	0.026390659	0.065821156	0.9617672	0	0	0.4	-2.0997653e-18
8.310056453607517e-09	-0.04637106	0.030543225	0.9640045	0	0	0.4	-2.3987524e-18
8.320039224359353e-09	-0.045624785	-0.047251184	0.9651709	0	0	0.4	-2.1085169e-18
8.330035219320248e-09	0.0425713	-0.046738837	0.9649284	0	0	0.4	-1.0202637e-18
8.340035863842293e-09	0.047924712	0.027666671	0.96146715	0	0	0.4	-8.1215596e-19
8.350016799155664e-09	0.004849991	0.0481818	0.9661169	0	0	0.4	-1.647151e-18
8.360040941950878e-09	-0.043815274	0.006011225	0.9650243	0	0	0.4	-9.115643e-19
8.37004362403102e-09	-0.0069183656	-0.050715018	0.9643715	0	0	0.4	-1.4734116e-18
8.380034620320265e-09	0.054495044	-0.021356111	0.9637478	0	0	0.4	-1.6285241e-18
8.390009291564156e-09	0.01576016	0.045946702	0.96676546	0	0	0.4	-2.2010031e-18
8.40006141677514e-09	-0.041206922	0.013485413	0.96699715	0	0	0.4	-1.3413954e-18
8.410003086464099e-09	-0.011464864	-0.038376465	0.96752006	0	0	0.4	-1.8252075e-18
8.420043117618091e-09	0.037248842	0.010029142	0.9650091	0	0	0.4	-9.054073e-19
8.430021451406355e-09	-0.013829431	0.04198809	0.9682789	0	0	0.4	-1.3720603e-18
8.44002485765651e-09	-0.04750747	-0.0064742635	0.9650358	0	0	0.4	-6.799534e-19
8.450032430839578e-09	0.01906624	-0.042150076	0.963004	0	0	0.4	-2.1623637e-18
8.460021564489043e-09	0.047064327	0.021367723	0.9631115	0	0	0.4	-1.1626346e-18
8.470030852691875e-09	-0.013388135	0.046045538	0.9642735	0	0	0.4	-3.853913e-19
8.480043749606904e-09	-0.04291042	-0.019631	0.967141	0	0	0.4	-1.0598725e-18
8.49005535801219e-09	-0.0069109383	-0.046101365	0.9671369	0	0	0.4	-2.986648e-18
8.500049150460738e-09	0.049273454	-0.03865278	0.9653864	0	0	0.4	-1.6170972e-18
8.51001731126709e-09	0.037198637	0.026564814	0.96631384	0	0	0.4	-1.6364266e-18
8.52003839216262e-09	-0.019970756	0.03396685	0.9668349	0	0	0.4	-1.5333591e-18
8.530008418542266e-09	-0.04090332	-0.0066950754	0.9684405	0	0	0.4	-2.2365924e-18
8.540045166467678e-09	-0.008926212	-0.04981871	0.9630608	0	0	0.4	-2.1625047e-18
8.550061138079673e-09	0.06672347	-0.0022449186	0.9617929	0	0	0.4	-1.4484597e-18
8.560036638472935e-09	0.010458718	0.060143996	0.95876086	0	0	0.4	-9.391428e-19
8.570006655753966e-09	-0.060280833	0.024316521	0.9639407	0	0	0.4	-1.9563924e-18
8.580043734525803e-09	-0.03328543	-0.06127506	0.9599629	0	0	0.4	-1.4177391e-18
8.590058091059372e-09	0.05184757	-0.041674923	0.9643279	0	0	0.4	-1.5913586e-18
8.600040633362747e-09	0.044883784	0.03918142	0.9637719	0	0	0.4	-1.6497126e-18
8.610049909073733e-09	-0.028814733	0.047613572	0.9660595	0	0	0.4	-2.049474e-18
8.62004484717626e-09	-0.032569177	-0.012940183	0.96616006	0	0	0.4	-1.7682247e-18
8.630037882118113e-09	-0.00089502044	-0.04423589	0.9677972	0	0	0.4	-2.0555403e-18
8.64001365880269e-09	0.022055168	-0.0028371718	0.9671324	0	0	0.4	-4.1306042e-19
8.65003032808484e-09	0.013694125	0.012268252	0.9678607	0	0	0.4	-1.4455972e-18
8.660011292114889e-09	-0.006873655	0.0206441	0.967536	0	0	0.4	-1.5740576e-18
8.670027738433647e-09	-0.008958494	-0.0028545507	0.96806735	0	0	0.4	-1.8378905e-18
8.680035877405147e-09	-0.014369113	-0.014325542	0.9667534	0	0	0.4	-8.554087e-19
8.690032826770825e-09	0.011414489	-0.01354123	0.9662922	0	0	0.4	-9.047963e-19
8.700030069411339e-09	0.017253457	0.011464387	0.9665798	0	0	0.4	-9.102444e-19
8.710031005501393e-09	-0.008673194	0.0107098315	0.9645215	0	0	0.4	-1.2075763e-18
8.720002118469188e-09	-0.016698377	-0.001064836	0.96467435	0	0	0.4	-1.5030049e-18
8.730054630000842e-09	-0.010203514	-0.029047923	0.96477085	0	0	0.4	-1.6746512e-18
8.740006791354725e-09	0.023282023	-0.015043964	0.9652623	0	0	0.4	-1.6378477e-18
8.750017546667521e-09	0.009918471	0.005299852	0.96373266	0	0	0.4	-1.8680222e-18
8.760022499356956e-09	-0.00013269932	0.0116624385	0.96208555	0	0	0.4	-1.9419502e-18
8.770051340995293e-09	-0.026564462	0.012026209	0.96522725	0	0	0.4	-1.5332642e-18
8.780012265716946e-09	-0.024823612	-0.02714938	0.96688825	0	0	0.4	-1.9881993e-18
8.790059672730618e-09	0.038171597	-0.022113262	0.9632176	0	0	0.4	-6.468221e-20
8.800033876494092e-09	0.022317901	0.03156381	0.9654694	0	0	0.4	-3.8085722e-19
8.810024194445749e-09	-0.04259846	0.018564546	0.96464443	0	0	0.4	-5.4516884e-19
8.82004671982895e-09	-0.030579487	-0.0374876	0.96429414	0	0	0.4	-1.5066773e-18
8.830058483478703e-09	0.022091003	-0.03695722	0.9633741	0	0	0.4	-1.3942523e-18
8.840053806292109e-09	0.052216228	0.008485988	0.96419024	0	0	0.4	-8.681267e-19
8.850032494753819e-09	0.0029618905	0.03153132	0.96596545	0	0	0.4	-1.4248574e-18
8.860052110368656e-09	-0.03888653	0.019346984	0.96452445	0	0	0.4	-1.2723634e-18
8.87003131856735e-09	-0.016293092	-0.040027615	0.9674187	0	0	0.4	-1.5331262e-18
8.880047424669763e-09	0.031011596	-0.009487068	0.96285546	0	0	0.4	-5.0940134e-19
8.890022841049718e-09	0.0067555048	0.0246574	0.96491486	0	0	0.4	-1.5519025e-18
8.900004719651115e-09	-0.0091058	0.015245063	0.96636945	0	0	0.4	-1.3309773e-18
8.910031094219367e-09	-0.028979395	-0.017041769	0.9648647	0	0	0.4	-9.164466e-19
8.920054396890763e-09	0.0032490762	-0.030602591	0.9666085	0	0	0.4	-1.7703272e-18
8.930050169559666e-09	0.013019374	0.013389147	0.96660775	0	0	0.4	-7.2784067e-19
8.940050324914786e-09	-0.0008440934	0.012935783	0.9646314	0	0	0.4	-1.6367846e-18
8.950027684139468e-09	-0.022259936	0.0039144596	0.96623915	0	0	0.4	-1.1704106e-18
8.960021558056718e-09	-0.005940365	-0.015515701	0.9670907	0	0	0.4	-1.6867347e-18
8.970049379036394e-09	0.015637081	-0.005070319	0.9680499	0	0	0.4	-1.6301872e-18
8.98006128017846e-09	0.018654948	0.008403837	0.9674374	0	0	0.4	-1.6211008e-18
8.990005897045703e-09	-0.024130765	0.023287943	0.96638745	0	0	0.4	-7.29268e-19
9.000037629230768e-09	-0.0302232	-0.026769515	0.96430904	0	0	0.4	-9.718942e-19
9.010051869841552e-09	0.014659733	-0.027927093	0.96193	0	0	0.4	-1.8115597e-18
9.02006070775335e-09	0.040285908	0.008119193	0.9606585	0	0	0.4	-4.1625186e-19
9.030030893827733e-09	-2.0132864e-05	0.04956058	0.9612377	0	0	0.4	-6.506607e-19
9.040012344055804e-09	-0.051052123	-0.0062818127	0.9586935	0	0	0.4	-1.3880025e-18
9.050031767330047e-09	-0.011563841	-0.041693524	0.9612406	0	0	0.4	-1.9439512e-18
9.060011755334433e-09	0.02499775	-0.005541289	0.96364427	0	0	0.4	-1.0023527e-18
9.070055881380855e-09	0.0041594715	0.01956012	0.9611287	0	0	0.4	-1.4830031e-18
9.080051694623737e-09	0.00061836914	-0.00064480247	0.95984215	0	0	0.4	-8.5261254e-19
9.09003806613934e-09	-0.012365409	0.0053628795	0.9603468	0	0	0.4	-3.40132e-19
9.100052749527231e-09	-0.010003477	-0.012885592	0.9665148	0	0	0.4	-1.6319994e-18
9.110051830555738e-09	0.013093628	-0.015787536	0.963683	0	0	0.4	-1.2249482e-18
9.12003486950369e-09	0.02869548	-0.007612084	0.96389455	0	0	0.4	-1.5643734e-18
9.130001641881116e-09	0.0075775436	0.0242006	0.9668118	0	0	0.4	-5.530306e-19
9.140007570001061e-09	-0.030312225	-0.0040127654	0.9654492	0	0	0.4	-1.7759555e-18
9.150023786426729e-09	0.006913479	-0.032917008	0.9623425	0	0	0.4	-1.065771e-18
9.16002396686126e-09	0.046650354	0.005818381	0.9634668	0	0	0.4	-8.678745e-19
9.170012251827695e-09	-0.015122456	0.03160527	0.96713334	0	0	0.4	-7.795372e-19
9.180019599429874e-09	-0.025429385	-0.024467506	0.96645457	0	0	0.4	-7.921374e-19
9.190000428116807e-09	0.023833878	-0.013847125	0.968015	0	0	0.4	-1.9277955e-18
9.200030942425397e-09	0.014435423	0.029455466	0.96768856	0	0	0.4	-1.6199163e-18
9.210022070351779e-09	-0.0124489	0.0009927512	0.9662096	0	0	0.4	9.007132e-20
9.220004221363497e-09	0.01134875	-0.014113809	0.96702623	0	0	0.4	-7.097117e-19
9.230059583077774e-09	0.029328464	-0.0066567133	0.9670448	0	0	0.4	-2.5631895e-18
9.240047195132144e-09	0.014428335	0.01572597	0.96634996	0	0	0.4	-1.0701273e-18
9.250001768327912e-09	-0.028553726	0.036815315	0.9673595	0	0	0.4	-1.239709e-18
9.260039095010252e-09	-0.032455213	-0.018032482	0.96833175	0	0	0.4	-8.848096e-19
9.270056152724283e-09	0.013260946	-0.032226436	0.966342	0	0	0.4	-4.3981266e-19
9.28006370821098e-09	0.02430361	0.010906147	0.9678904	0	0	0.4	-2.2666062e-18
9.290017114518136e-09	0.013283346	0.027785894	0.96569914	0	0	0.4	-2.0353772e-18
9.300024334166447e-09	-0.03202781	0.01779374	0.962461	0	0	0.4	-2.1214538e-18
9.31004101402069e-09	-0.03410955	-0.029873766	0.95824105	0	0	0.4	-1.3444895e-18
9.320027922839015e-09	0.03414183	-0.03021888	0.9606689	0	0	0.4	-1.2467879e-18
9.330005418985603e-09	0.028858166	0.031287502	0.9584982	0	0	0.4	-1.1624157e-18
9.340031716434897e-09	-0.03444653	0.035220936	0.96043247	0	0	0.4	-1.054961e-18
9.350023666893813e-09	-0.04312935	-0.03431811	0.9650458	0	0	0.4	-8.652595e-19
9.360029692425463e-09	0.030823214	-0.04876293	0.9655011	0	0	0.4	-1.5131018e-18
9.370041628323952e-09	0.07022739	0.026442647	0.964766	0	0	0.4	-9.898063e-19
9.380041950622678e-09	-0.01539166	0.056685623	0.96438044	0	0	0.4	-1.614624e-18
9.390026019272974e-09	-0.032820176	-0.0027623023	0.9675905	0	0	0.4	-1.1750634e-18
9.400018823684748e-09	0.0058345147	-0.027923739	0.96596867	0	0	0.4	-1.6019122e-18
9.410045408473048e-09	0.039944813	-0.008410093	0.96533686	0	0	0.4	-1.2104782e-18
9.420032417329396e-09	0.0071293027	0.034905296	0.96188176	0	0	0.4	-7.0439547e-19
9.430061073964097e-09	-0.028320933	-0.0043257726	0.9656155	0	0	0.4	-2.1575935e-18
9.440026200750232e-09	0.022391668	-0.023800228	0.96721214	0	0	0.4	-1.93105e-18
9.450005589855065e-09	0.016917394	0.033068344	0.9676903	0	0	0.4	-1.9942998e-18
9.460054949371293e-09	-0.02612471	0.0256734	0.96646035	0	0	0.4	-1.8960144e-18
9.470052804194671e-09	-0.017700182	-0.03506711	0.963412	0	0	0.4	-7.6776e-19
9.480044848779427e-09	0.024524026	-0.030935664	0.9654221	0	0	0.4	-1.6808061e-18
9.49005317991448e-09	0.016732961	0.019762801	0.96695155	0	0	0.4	-1.7305105e-18
9.500046822997112e-09	-0.023643123	0.011141735	0.9657437	0	0	0.4	-1.6420017e-18
9.510031956714721e-09	-0.0046408153	-0.021445293	0.9648464	0	0	0.4	-1.6802301e-18
9.520022695009013e-09	0.0148837175	-0.0066721053	0.96646935	0	0	0.4	-1.0168373e-18
9.53003943761703e-09	0.02251886	0.012922594	0.96514267	0	0	0.4	-1.967534e-18
9.540050081375313e-09	-0.010385279	0.015390219	0.9638066	0	0	0.4	-4.701513e-19
9.550019201640305e-09	-0.020833394	0.004148505	0.9628759	0	0	0.4	-1.2072735e-18
9.560042367018072e-09	0.003761509	-0.019683572	0.96190625	0	0	0.4	-1.4250732e-18
9.570023542667726e-09	0.010848069	0.009610354	0.9627098	0	0	0.4	-1.4391892e-18
9.58004698979613e-09	-0.016573746	-0.008958219	0.9652611	0	0	0.4	-1.155652e-18
9.59003164870218e-09	0.0074314824	-0.037707537	0.96484375	0	0	0.4	-1.5187789e-18
9.600063643875407e-09	0.031889968	0.0056877243	0.96448666	0	0	0.4	-1.6058103e-18
9.610000622048402e-09	0.0066160983	0.020493817	0.9643512	0	0	0.4	-1.1326764e-18
9.620008986862217e-09	-0.017588979	0.00899709	0.96312904	0	0	0.4	-1.1745964e-18
9.630051476702164e-09	-0.009551934	-0.02142389	0.96099645	0	0	0.4	-1.0717784e-18
9.640004197062707e-09	0.017055644	-0.008829775	0.96336144	0	0	0.4	-1.3398499e-18
9.650016288257315e-09	0.014784718	-0.0064298743	0.96437573	0	0	0.4	-1.8854827e-18
9.660005276979924e-09	0.0032558218	0.01640833	0.9620967	0	0	0.4	-8.364347e-19
9.670064006797233e-09	0.0045805443	0.0099878395	0.96283185	0	0	0.4	-8.78096e-19
9.680040116128931e-09	-0.012913013	0.00015902666	0.9629113	0	0	0.4	-2.0504935e-18
9.690056998229396e-09	-0.0005381489	-0.004429467	0.96322376	0	0	0.4	-5.3201083e-19
9.700048718168809e-09	0.0044887518	-0.0036555037	0.96504414	0	0	0.4	-2.0464219e-18
9.710009181254145e-09	-0.0027368579	-0.00809096	0.9647305	0	0	0.4	-1.3243929e-19
9.720061564840553e-09	0.019606866	-0.010777128	0.9633768	0	0	0.4	-1.0923796e-18
9.730045083881287e-09	-0.0006886703	-0.0010665987	0.9651023	0	0	0.4	-1.4707075e-18
9.740051833631673e-09	0.0091707315	0.004742206	0.9652782	0	0	0.4	-2.087181e-18
9.75002712119354e-09	0.008284598	0.014263706	0.9655211	0	0	0.4	-1.871641e-18
9.760049892169116e-09	-0.0054048295	0.029593034	0.9668134	0	0	0.4	-1.4374774e-18
9.770034982346527e-09	-0.025097584	-0.0076827165	0.9656677	0	0	0.4	-3.5076002e-19
9.780036667967987e-09	0.00027409944	-0.027994156	0.9651474	0	0	0.4	-5.2046127e-19
9.790021663219138e-09	0.0245378	-0.010815039	0.96468407	0	0	0.4	-1.2428345e-18
9.800027704540062e-09	-0.003868291	0.020078711	0.962273	0	0	0.4	-1.0882574e-18
9.810060283753052e-09	-0.010595865	-0.003955324	0.96104497	0	0	0.4	-1.7543752e-18
9.820053686344514e-09	-0.011559755	-0.039530497	0.9622558	0	0	0.4	-1.6009396e-18
9.830051618413667e-09	0.04748632	-0.0037366939	0.9645757	0	0	0.4	-1.4020911e-18
9.840002202096226e-09	-0.011107985	0.042685762	0.9641834	0	0	0.4	-1.4171502e-18
9.850044979082214e-09	-0.03389701	0.00026799657	0.96405524	0	0	0.4	-4.9011997e-19
9.86002723444099e-09	-0.005640237	-0.02451726	0.9680415	0	0	0.4	-1.0981765e-18
9.870044830256686e-09	0.035343774	-0.0050647683	0.9651593	0	0	0.4	-1.5087746e-19
9.880050129411442e-09	-0.0018788223	0.03278058	0.96299964	0	0	0.4	-5.330193e-19
9.890040860422282e-09	-0.019409442	-0.0023642578	0.9598497	0	0	0.4	-1.819017e-18
9.900059603255899e-09	-0.017842636	-0.020556465	0.9620833	0	0	0.4	-7.443084e-19
9.910007296968424e-09	0.0068043126	-0.026316578	0.9611771	0	0	0.4	-1.0868908e-18
9.920001422362655e-09	0.03187623	-0.0044585993	0.96353734	0	0	0.4	-1.8824728e-18
9.930013959203374e-09	-0.0025326437	0.04442218	0.9623135	0	0	0.4	-2.3103664e-19
9.940012495383373e-09	-0.05576162	-0.008666905	0.9658339	0	0	0.4	-2.0209931e-18
9.950015081972897e-09	-0.008749876	-0.05140654	0.966179	0	0	0.4	-1.0733315e-18
9.960006251563796e-09	0.04130674	-0.014479463	0.96626484	0	0	0.4	-1.4357498e-18
9.970018827376848e-09	0.024134418	0.048279326	0.9639882	0	0	0.4	-1.2459923e-18
9.980006231197632e-09	-0.046903346	0.03962744	0.9652166	0	0	0.4	-2.038361e-18
9.990010882413314e-09	-0.050060328	-0.053134073	0.96244496	0	0	0.4	-1.3952372e-18
1e-08	0.041498277	-0.050358966	0.9603868	0	0	0.4	-1.7871777e-18
