# t (s)	mx ()	my ()	mz ()	B_extx (T)	B_exty (T)	B_extz (T)	E_total (J)
0	0	0	-1	0	0	0.4	1.2498702e-18
1.0039192201074154e-11	-0.004505194	0.014477195	-0.9743903	0	0	0.4	3.2253786e-18
2.0013274819039395e-11	-0.013851968	0.009764766	-0.9692991	0	0	0.4	4.520098e-18
3.005321405828355e-11	-0.0062883757	0.006231486	-0.96566075	0	0	0.4	5.360011e-18
4.000847879222573e-11	-0.010267227	0.008577022	-0.9601628	0	0	0.4	4.969247e-18
5.0038435352104385e-11	-0.02667103	0.00023200682	-0.9593322	0	0	0.4	4.31115e-18
6.002132944621432e-11	-0.020502163	-0.0011261145	-0.9598781	0	0	0.4	3.811772e-18
7.00342736020942e-11	0.00011964502	0.007142229	-0.9569549	0	0	0.4	4.9924246e-18
8.004157995072946e-11	0.008649205	0.012481783	-0.9595021	0	0	0.4	4.357969e-18
9.006098032382927e-11	0.01963437	0.022380382	-0.9573932	0	0	0.4	4.4011824e-18
1.000393546505107e-10	0.009092586	0.017099995	-0.9571439	0	0	0.4	4.0629433e-18
1.1002548297380272e-10	0.021352978	0.001513197	-0.9584993	0	0	0.4	5.4789247e-18
1.2004729502327072e-10	0.0041862507	0.0028409977	-0.9553956	0	0	0.4	4.1266386e-18
1.3000262689001136e-10	0.01388036	0.011613139	-0.9564065	0	0	0.4	3.7556196e-18
1.4000586670331556e-10	0.03055215	0.010861544	-0.9584547	0	0	0.4	4.7488972e-18
1.5002626390152419e-10	0.014980793	-0.0048407074	-0.9557353	0	0	0.4	4.887006e-18
1.6001880127365097e-10	0.021302985	0.002774326	-0.95244706	0	0	0.4	4.2745646e-18
1.700482959788659e-10	0.031581856	-0.0034520067	-0.95053625	0	0	0.4	5.1216703e-18
1.8006427373369806e-10	0.028656121	-0.004461405	-0.9578749	0	0	0.4	4.895859e-18
1.9002466706901968e-10	0.022999665	-0.0013142736	-0.95956624	0	0	0.4	3.7763918e-18
2.0003337862059924e-10	0.02911743	-0.019894132	-0.9541997	0	0	0.4	4.2288666e-18
2.1000240133559558e-10	0.025408395	-0.025439594	-0.95542914	0	0	0.4	4.354224e-18
2.200052227529894e-10	0.028349444	-0.018514074	-0.9541482	0	0	0.4	4.6013998e-18
2.3001146657469895e-10	0.026912296	0.00225601	-0.9572139	0	0	0.4	5.153755e-18
2.4005432198090016e-10	0.03204778	0.0054292493	-0.95955473	0	0	0.4	4.725718e-18
2.50032012809445e-10	0.041348387	-0.0013863165	-0.9592364	0	0	0.4	4.859672e-18
2.600391770984778e-10	0.052173585	0.0020963312	-0.9545461	0	0	0.4	3.6602713e-18
2.7006451511909245e-10	0.041401923	-0.0006714227	-0.9575203	0	0	0.4	3.6958752e-18
2.800172084269246e-10	0.03912627	-0.014082175	-0.9574429	0	0	0.4	5.49257e-18
2.9005207891052394e-10	0.026593504	-0.020621166	-0.9558017	0	0	0.4	4.84568e-18
3.0001375551582963e-10	0.028897287	-0.0030871294	-0.9530707	0	0	0.4	5.0874304e-18
3.100177420088794e-10	0.034740184	-0.00591245	-0.95161504	0	0	0.4	3.7391194e-18
3.200331712112443e-10	0.015314164	-0.010734931	-0.95539653	0	0	0.4	4.3197394e-18
3.3000212151758777e-10	0.020218303	0.0055943993	-0.9550874	0	0	0.4	4.6582143e-18
3.4004103963644665e-10	0.040729035	-0.011643032	-0.95920354	0	0	0.4	4.7491276e-18
3.5004804635591955e-10	0.017143674	-0.01624847	-0.95621437	0	0	0.4	4.3300134e-18
3.600447600042611e-10	0.012727592	-0.00046299712	-0.95961064	0	0	0.4	3.7250544e-18
3.700576916631968e-10	0.02072732	-0.0018550069	-0.960024	0	0	0.4	4.672003e-18
3.8003417186165413e-10	0.01882699	0.0036111535	-0.9611773	0	0	0.4	4.581996e-18
3.900357125030953e-10	0.025024174	0.0104501005	-0.95794004	0	0	0.4	4.236574e-18
4.000529148622786e-10	0.019098964	0.013435808	-0.9567601	0	0	0.4	3.9006215e-18
4.1005202589169147e-10	0.027320266	-0.007165263	-0.9581678	0	0	0.4	4.8993283e-18
4.2003726100753145e-10	0.02297012	0.016002474	-0.9570205	0	0	0.4	4.028772e-18
4.300026901933377e-10	0.044328004	0.024939904	-0.9542675	0	0	0.4	4.8374424e-18
4.400633470660792e-10	0.030404361	0.024055943	-0.95460075	0	0	0.4	4.4879065e-18
4.5004625465650454e-10	0.035881393	0.05090052	-0.9549266	0	0	0.4	4.256893e-18
4.6002707471158286e-10	0.0368993	0.040173985	-0.95696944	0	0	0.4	4.9380437e-18
4.700537871802345e-10	0.045505818	0.0331598	-0.95445424	0	0	0.4	4.848716e-18
4.800535677295881e-10	0.056478087	0.024781296	-0.9558216	0	0	0.4	5.191862e-18
4.900036086666315e-10	0.05594093	0.011879728	-0.9564725	0	0	0.4	3.831587e-18
5.000267271958401e-10	0.032961715	0.02323974	-0.9554977	0	0	0.4	4.8666274e-18
5.100468839097927e-10	0.026603503	0.031670872	-0.9568706	0	0	0.4	4.4949553e-18
5.200181205072468e-10	0.024645718	0.04168951	-0.95843947	0	0	0.4	5.3224825e-18
5.300390150172244e-10	0.00961518	0.039017104	-0.9563582	0	0	0.4	4.775948e-18
5.400205667943122e-10	0.015392493	0.065578066	-0.9590069	0	0	0.4	5.0384353e-18
5.500424730284162e-10	0.01805307	0.060849175	-0.9563066	0	0	0.4	4.120539e-18
5.600115673569296e-10	0.023292271	0.050115015	-0.95715845	0	0	0.4	4.1155482e-18
5.700324846682264e-10	0.0118083535	0.05259536	-0.9557608	0	0	0.4	4.9660454e-18
5.800057248338662e-10	0.0057406286	0.03147239	-0.956843	0	0	0.4	5.138731e-18
5.900436822112744e-10	0.004598474	0.022464564	-0.9551847	0	0	0.4	4.7375136e-18
6.000259368952122e-10	-0.023011629	0.029572971	-0.95370454	0	0	0.4	5.139973e-18
6.100572174008542e-10	-0.0015947078	0.04078896	-0.9540642	0	0	0.4	4.2826006e-18
6.20005671831462e-10	-0.0074405516	0.05091295	-0.95269144	0	0	0.4	4.8504775e-18
6.300201637553871e-10	-0.0072015836	0.06549195	-0.9478964	0	0	0.4	4.5192128e-18
6.400157787551385e-10	0.0060435324	0.07652618	-0.949244	0	0	0.4	4.129682e-18
6.500245993307169e-10	0.015119427	0.08575658	-0.9457253	0	0	0.4	4.397465e-18
6.600077922170007e-10	0.013652402	0.061638273	-0.9449443	0	0	0.4	3.983949e-18
6.700210487312205e-10	-0.0051757973	0.048742183	-0.94475716	0	0	0.4	3.752907e-18
6.800002029350542e-10	-0.022291837	0.034842487	-0.942734	0	0	0.4	5.5366185e-18
6.900378860124955e-10	-0.033797987	0.037896242	-0.94445395	0	0	0.4	4.9695303e-18
7.000358232552797e-10	-0.04375909	0.04707142	-0.94502634	0	0	0.4	4.572443e-18
7.100036881352021e-10	-0.033932537	0.06267	-0.9473246	0	0	0.4	4.88825e-18
7.200349104283756e-10	-0.016430926	0.08064651	-0.9477458	0	0	0.4	4.2237583e-18
7.30050923297963e-10	-0.00015201945	0.085245915	-0.9515665	0	0	0.4	4.5414226e-18
7.4000368588212e-10	0.0054219626	0.07711004	-0.94746804	0	0	0.4	4.4008267e-18
7.50063788222216e-10	0.0016120514	0.073036395	-0.94680727	0	0	0.4	4.0302953e-18
7.600388961057721e-10	0.0009734783	0.076521434	-0.9476888	0	0	0.4	3.844208e-18
7.700417785061101e-10	0.007951281	0.08315821	-0.94593406	0	0	0.4	5.3215515e-18
7.800062237768303e-10	-0.0052786297	0.0800678	-0.9482801	0	0	0.4	3.8810318e-18
7.90006403389076e-10	-0.005669857	0.10673677	-0.94838667	0	0	0.4	5.287804e-18
8.000620152426953e-10	0.00025054856	0.12096668	-0.9450916	0	0	0.4	5.4969535e-18
8.100031827479207e-10	0.015062614	0.11404246	-0.947195	0	0	0.4	4.7463247e-18
8.200473924058066e-10	0.0072125588	0.113635555	-0.9412899	0	0	0.4	4.3849316e-18
8.300318465349543e-10	0.028542666	0.10724736	-0.9425037	0	0	0.4	4.7998727e-18
8.400035591244054e-10	0.052347396	0.09526386	-0.9388949	0	0	0.4	4.425749e-18
8.500357746333674e-10	0.05250857	0.07471085	-0.9415961	0	0	0.4	4.680986e-18
8.600409799785758e-10	0.05177404	0.07604808	-0.945293	0	0	0.4	4.2103084e-18
8.700108114255626e-10	0.050433435	0.09509714	-0.9458373	0	0	0.4	4.2604864e-18
8.800274035259242e-10	0.057121042	0.097384565	-0.9420596	0	0	0.4	4.333452e-18
8.900374070077337e-10	0.045905165	0.09173268	-0.9375732	0	0	0.4	5.041832e-18
9.000391786941852e-10	0.061220367	0.10463174	-0.9384806	0	0	0.4	5.472955e-18
9.100238684988156e-10	0.076697625	0.09551198	-0.94397753	0	0	0.4	4.5613374e-18
9.200523361465313e-10	0.09010261	0.085212626	-0.9414552	0	0	0.4	4.3647107e-18
9.300162703856976e-10	0.0918579	0.07201397	-0.94672245	0	0	0.4	5.1996987e-18
9.400304677396044e-10	0.0851264	0.059685368	-0.94474757	0	0	0.4	6.0638013e-18
9.500065018811483e-10	0.07933387	0.05803819	-0.94453347	0	0	0.4	5.1314745e-18
9.600402666264254e-10	0.07441095	0.057464935	-0.9476757	0	0	0.4	4.6913255e-18
9.700639533527763e-10	0.066876754	0.061574277	-0.95287806	0	0	0.4	4.963261e-18
9.80026292926609e-10	0.08225752	0.06381225	-0.951017	0	0	0.4	4.7266668e-18
9.900506404002482e-10	0.081836335	0.07834789	-0.955163	0	0	0.4	3.98226e-18
1.0000285343766153e-09	0.08030887	0.073524445	-0.95497036	0	0	0.4	5.415944e-18
1.0100076118404279e-09	0.09091106	0.08356036	-0.9519506	0	0	0.4	4.90357e-18
1.0200615747796815e-09	0.086893685	0.08852041	-0.95032996	0	0	0.4	4.295656e-18
1.0300549172961771e-09	0.098815225	0.09045572	-0.9456772	0	0	0.4	4.2304167e-18
1.0400598893411773e-09	0.085545085	0.08788076	-0.94363326	0	0	0.4	4.4404995e-18
1.0500050859556944e-09	0.09595125	0.08609861	-0.9437409	0	0	0.4	5.074495e-18
1.0600290517996334e-09	0.093478315	0.07302312	-0.94649124	0	0	0.4	4.038281e-18
1.0700248687588002e-09	0.07855234	0.0704153	-0.9458638	0	0	0.4	5.656021e-18
1.080060522968428e-09	0.0701074	0.08006319	-0.94893223	0	0	0.4	5.2381733e-18
1.090007756932084e-09	0.07365129	0.07912372	-0.9521524	0	0	0.4	4.2872283e-18
1.1000582012684315e-09	0.069845565	0.069090836	-0.95475733	0	0	0.4	4.7123793e-18
1.110018125784434e-09	0.07302243	0.066671394	-0.9529687	0	0	0.4	4.921634e-18
1.1200012724999424e-09	0.08791532	0.07182363	-0.95059514	0	0	0.4	4.919658e-18
1.1300478027777847e-09	0.07382675	0.07043165	-0.9491113	0	0	0.4	5.7686377e-18
1.1400543703868993e-09	0.06748226	0.07539356	-0.95375407	0	0	0.4	4.8318043e-18
1.1500199466907936e-09	0.06898067	0.070229806	-0.9529894	0	0	0.4	5.2230504e-18
1.1600252362343064e-09	0.056759443	0.048462115	-0.9540356	0	0	0.4	4.631709e-18
1.1700365811064681e-09	0.036812026	0.03100468	-0.95069605	0	0	0.4	4.7395356e-18
1.1800581094592547e-09	0.030381724	0.02006274	-0.951794	0	0	0.4	5.9267743e-18
1.1900037721099625e-09	0.019757574	0.014031154	-0.94938606	0	0	0.4	5.78998e-18
1.2000085858129153e-09	0.023725849	0.02433165	-0.95316845	0	0	0.4	5.148012e-18
1.2100087378510412e-09	0.031214982	0.02181395	-0.95282036	0	0	0.4	4.820738e-18
1.2200508238919266e-09	0.026932508	0.031887047	-0.94848573	0	0	0.4	5.2367845e-18
1.2300124472060582e-09	0.025079431	0.01938259	-0.9450571	0	0	0.4	5.356882e-18
1.2400391924776298e-09	-0.0085403	0.015252962	-0.94688064	0	0	0.4	5.5139975e-18
1.2500526959654444e-09	0.0019183917	0.017910963	-0.9469754	0	0	0.4	4.589031e-18
1.2600530723196225e-09	-0.0062518236	0.044161353	-0.9479149	0	0	0.4	3.54409e-18
1.2700574764480172e-09	-0.007643723	0.053686682	-0.9443483	0	0	0.4	4.4215575e-18
1.2800392500268917e-09	0.007422218	0.047370046	-0.944787	0	0	0.4	5.3055786e-18
1.2900537097398822e-09	0.001485491	0.04881614	-0.94255376	0	0	0.4	4.9332795e-18
1.3000350998984089e-09	0.009459946	0.03367141	-0.94097495	0	0	0.4	4.877603e-18
1.310048515873222e-09	0.0016787064	0.0248797	-0.9423289	0	0	0.4	4.2389636e-18
1.3200184598411159e-09	-0.013554334	0.035490423	-0.9435634	0	0	0.4	5.0717793e-18
1.3300170337232164e-09	0.0016947121	0.04032408	-0.94246924	0	0	0.4	4.5411955e-18
1.3400240472696566e-09	0.0033682273	0.05116365	-0.94493455	0	0	0.4	4.812072e-18
1.3500371717370744e-09	0.0062055504	0.063950814	-0.94603765	0	0	0.4	4.427071e-18
1.360046756113513e-09	0.030490922	0.055310868	-0.9419003	0	0	0.4	4.2273913e-18
1.3700394747370486e-09	0.03733657	0.053143263	-0.9418936	0	0	0.4	5.06018e-18
1.3800633879081571e-09	0.05792576	0.06313186	-0.9379854	0	0	0.4	5.401199e-18
1.3900414712340466e-09	0.056572206	0.06443206	-0.93725	0	0	0.4	4.8155585e-18
1.4000263656757966e-09	0.05340513	0.0617825	-0.93735206	0	0	0.4	5.137435e-18
1.410026090556854e-09	0.053442687	0.055908676	-0.94022	0	0	0.4	4.8351325e-18
1.420030182197328e-09	0.042082798	0.07256084	-0.9381536	0	0	0.4	4.911314e-18
1.4300326789488385e-09	0.039024163	0.088829145	-0.9435318	0	0	0.4	4.3331666e-18
1.4400465329634222e-09	0.05210693	0.09495846	-0.93834394	0	0	0.4	4.5460854e-18
1.4500438946687425e-09	0.045536943	0.09616089	-0.9381469	0	0	0.4	5.3545626e-18
1.4600256515387435e-09	0.037655305	0.09133641	-0.9431519	0	0	0.4	5.177435e-18
1.4700048890094183e-09	0.045278728	0.09491378	-0.9381559	0	0	0.4	4.3479438e-18
1.4800547661039533e-09	0.03860924	0.072966315	-0.9418898	0	0	0.4	4.254443e-18
1.490014674894744e-09	0.045081258	0.053701367	-0.94306487	0	0	0.4	3.9224363e-18
1.5000061724603912e-09	0.044497274	0.041115906	-0.94034815	0	0	0.4	4.589639e-18
1.5100458982298501e-09	0.041676607	0.056744628	-0.9434311	0	0	0.4	3.8988695e-18
1.52006501629958e-09	0.036969643	0.04801124	-0.9401355	0	0	0.4	4.7568196e-18
1.53004824789205e-09	0.045634545	0.058997713	-0.9431587	0	0	0.4	4.230025e-18
1.5400041783399429e-09	0.041309427	0.08518938	-0.9441142	0	0	0.4	5.2386986e-18
1.550024564955105e-09	0.05301481	0.09192462	-0.9434186	0	0	0.4	3.1426895e-18
1.56003691664117e-09	0.066577375	0.096988074	-0.94343686	0	0	0.4	4.5434086e-18
1.5700182251629949e-09	0.064944506	0.09409137	-0.9411282	0	0	0.4	4.1639126e-18
1.5800371298351413e-09	0.07062553	0.07745006	-0.94432765	0	0	0.4	4.4968524e-18
1.5900319129655794e-09	0.06347617	0.048986915	-0.93986374	0	0	0.4	5.0987645e-18
1.600038915626021e-09	0.06144979	0.04759234	-0.9398885	0	0	0.4	4.756921e-18
1.6100239631005404e-09	0.050967276	0.04030909	-0.94009495	0	0	0.4	5.1249915e-18
1.620001701138653e-09	0.054722983	0.0548616	-0.94049025	0	0	0.4	5.4717555e-18
1.6300342391974275e-09	0.076210216	0.066031866	-0.94301826	0	0	0.4	3.9456453e-18
1.6400436755285936e-09	0.08233136	0.056100424	-0.948075	0	0	0.4	5.0510473e-18
1.650020957522399e-09	0.10211269	0.063271366	-0.9434039	0	0	0.4	5.187507e-18
1.6600172149947382e-09	0.1022929	0.051634017	-0.9429439	0	0	0.4	4.2711227e-18
1.670028122805293e-09	0.10277343	0.040957212	-0.94418937	0	0	0.4	4.1860157e-18
1.680026547886656e-09	0.119727686	0.03724124	-0.9392892	0	0	0.4	5.0586714e-18
1.6900619834661014e-09	0.100569636	0.018557053	-0.940456	0	0	0.4	3.989099e-18
1.700022647675999e-09	0.09834262	0.047860686	-0.9408408	0	0	0.4	3.771737e-18
1.7100120851456783e-09	0.10275133	0.048928525	-0.93709445	0	0	0.4	4.5154342e-18
1.7200493825774292e-09	0.10611434	0.05867697	-0.9373838	0	0	0.4	4.129719e-18
1.730012089828567e-09	0.118549176	0.074280664	-0.9395195	0	0	0.4	4.646737e-18
1.7400268669234872e-09	0.12047844	0.07172169	-0.9409334	0	0	0.4	4.299503e-18
1.7500298118844862e-09	0.1338328	0.05282008	-0.9433594	0	0	0.4	4.2781215e-18
1.7600329872275282e-09	0.12646893	0.019122478	-0.94150764	0	0	0.4	4.3051455e-18
1.7700312666915263e-09	0.12309611	0.008990133	-0.9398162	0	0	0.4	5.2406177e-18
1.7800091333861513e-09	0.11433544	0.010808899	-0.9352057	0	0	0.4	4.626908e-18
1.7900250855629727e-09	0.1071195	0.01690214	-0.939158	0	0	0.4	5.251245e-18
1.8000515628018687e-09	0.11272182	0.02362549	-0.9378372	0	0	0.4	4.214475e-18
1.8100558483747522e-09	0.112312816	0.030497242	-0.9341118	0	0	0.4	4.6188223e-18
1.8200522017316243e-09	0.10768276	0.028629195	-0.93732804	0	0	0.4	4.7537826e-18
1.8300119091310042e-09	0.13082246	0.018353824	-0.939797	0	0	0.4	5.2193504e-18
1.8400442557597693e-09	0.118361235	0.0063785566	-0.9406686	0	0	0.4	5.044135e-18
1.8500205714576526e-09	0.121053115	-0.0019876147	-0.94428086	0	0	0.4	4.1115897e-18
1.8600375473424124e-09	0.13444856	-0.026813112	-0.93881226	0	0	0.4	4.878028e-18
1.8700470058263166e-09	0.110620886	-0.041074034	-0.94232583	0	0	0.4	4.823984e-18
1.8800270304279832e-09	0.10779988	-0.03376173	-0.9391027	0	0	0.4	4.261954e-18
1.890049666336783e-09	0.099139564	-0.029686265	-0.9419463	0	0	0.4	5.497985e-18
1.900028560876666e-09	0.09621955	-0.023574704	-0.94223446	0	0	0.4	5.787302e-18
1.9100294729447925e-09	0.094155975	-0.025087653	-0.9408068	0	0	0.4	4.3935624e-18
1.9200653794200555e-09	0.10542927	-0.02073225	-0.94248956	0	0	0.4	4.6294515e-18
1.9300420636498924e-09	0.103226215	-0.024441728	-0.94292897	0	0	0.4	4.720577e-18
1.9400427063519806e-09	0.106998466	-0.018462999	-0.9435013	0	0	0.4	4.897075e-18
1.9500427905229757e-09	0.101758815	-0.030997328	-0.94036156	0	0	0.4	4.61173e-18
1.9600154420898122e-09	0.090413645	-0.028254699	-0.94057626	0	0	0.4	4.742785e-18
1.9700451624371634e-09	0.08160812	-0.026970163	-0.937503	0	0	0.4	4.7274323e-18
1.9800041433092184e-09	0.07921457	-0.032586727	-0.9311546	0	0	0.4	4.6964275e-18
1.990019424622146e-09	0.06541179	-0.03224035	-0.9284758	0	0	0.4	5.089617e-18
2.0000650347269766e-09	0.07205684	-0.031875644	-0.93418735	0	0	0.4	5.8206487e-18
2.0100263980290925e-09	0.09072882	-0.027510704	-0.938924	0	0	0.4	3.836403e-18
2.0200221361167306e-09	0.098286785	-0.04120613	-0.93021184	0	0	0.4	3.9293635e-18
2.030033532378207e-09	0.12295777	-0.05505834	-0.9330452	0	0	0.4	4.7901798e-18
2.0400417554059608e-09	0.13530803	-0.049756993	-0.9307839	0	0	0.4	3.940083e-18
2.050045581980963e-09	0.12183847	-0.041053507	-0.9323427	0	0	0.4	4.723857e-18
2.0600158828944732e-09	0.10992569	-0.033173125	-0.9354884	0	0	0.4	4.731164e-18
2.0700228333391096e-09	0.09398264	-0.020226361	-0.94128686	0	0	0.4	5.6544e-18
2.0800052140697093e-09	0.08520133	-0.022150632	-0.94516516	0	0	0.4	3.9018043e-18
2.090054785939341e-09	0.090919636	-0.03566811	-0.94146186	0	0	0.4	4.2888368e-18
2.1000472833035417e-09	0.111119576	-0.0135250185	-0.9371183	0	0	0.4	6.1551014e-18
2.110062591126071e-09	0.11921779	-0.0123627875	-0.93450946	0	0	0.4	4.491802e-18
2.1200179385144876e-09	0.1284156	-0.012418648	-0.9343124	0	0	0.4	5.3805733e-18
2.1300051907319287e-09	0.13869677	-0.0048017595	-0.93388283	0	0	0.4	4.355755e-18
2.140032808457992e-09	0.1303985	-0.042541575	-0.93487746	0	0	0.4	5.1414615e-18
2.150039419000664e-09	0.121750176	-0.04797491	-0.9254459	0	0	0.4	5.0180527e-18
2.1600254782050575e-09	0.12193387	-0.04415897	-0.9194761	0	0	0.4	4.2890977e-18
2.1700315530554247e-09	0.09988858	-0.03574406	-0.9190423	0	0	0.4	4.6116076e-18
2.180011062924521e-09	0.091480896	-0.0035204992	-0.9219611	0	0	0.4	4.2443696e-18
2.1900075261540807e-09	0.10013203	0.024018448	-0.9244206	0	0	0.4	4.8881254e-18
2.2000242235570324e-09	0.11624882	0.03763434	-0.92663336	0	0	0.4	4.972059e-18
2.210059700603927e-09	0.11831925	0.0477707	-0.9238665	0	0	0.4	3.9718967e-18
2.2200090628023316e-09	0.106200084	0.066104956	-0.9301026	0	0	0.4	4.696691e-18
2.230009497610212e-09	0.09782333	0.06387645	-0.93207616	0	0	0.4	4.475738e-18
2.240016107574606e-09	0.09683497	0.0646098	-0.93362033	0	0	0.4	4.1450537e-18
2.2500554453157107e-09	0.07539637	0.06255676	-0.9364001	0	0	0.4	5.0081547e-18
2.26006568889393e-09	0.055833496	0.035427216	-0.93451047	0	0	0.4	4.0039272e-18
2.270004580359028e-09	0.054384824	0.05446016	-0.9312681	0	0	0.4	4.6678625e-18
2.2800139865619744e-09	0.056752082	0.06830167	-0.92871845	0	0	0.4	4.0812103e-18
2.290025330353427e-09	0.062909216	0.07414756	-0.92703253	0	0	0.4	4.886447e-18
2.300010729546453e-09	0.06506736	0.08464872	-0.92862475	0	0	0.4	5.309207e-18
2.3100258984190805e-09	0.09303124	0.085703306	-0.9212917	0	0	0.4	5.061863e-18
2.3200069491643623e-09	0.10108027	0.07177713	-0.9149647	0	0	0.4	4.8498902e-18
2.3300060946336686e-09	0.09158378	0.053208303	-0.92152685	0	0	0.4	4.4534705e-18
2.340017980914898e-09	0.102126405	0.053157575	-0.9279224	0	0	0.4	4.422813e-18
2.3500330463578263e-09	0.10839552	0.040062055	-0.92981815	0	0	0.4	4.6294e-18
2.3600449845270308e-09	0.09776965	0.041754935	-0.9335014	0	0	0.4	4.7162737e-18
2.370041922281291e-09	0.09724077	0.03844053	-0.9378574	0	0	0.4	5.3650637e-18
2.3800150514773846e-09	0.10285411	0.038737334	-0.9372195	0	0	0.4	4.8177038e-18
2.3900492020752462e-09	0.08716681	0.046520993	-0.9381271	0	0	0.4	4.7000125e-18
2.4000675682248494e-09	0.094781555	0.053325307	-0.9360844	0	0	0.4	4.910573e-18
2.410013169448823e-09	0.10894129	0.03926567	-0.9366391	0	0	0.4	4.856085e-18
2.420040651211912e-09	0.10455233	0.022553284	-0.93520886	0	0	0.4	5.1601925e-18
2.4300443397641728e-09	0.10310661	0.009946849	-0.9279913	0	0	0.4	4.278662e-18
2.440008895754147e-09	0.11498848	0.0015303137	-0.9242061	0	0	0.4	4.205211e-18
2.450036082056005e-09	0.08537555	-0.008336302	-0.92362505	0	0	0.4	5.149629e-18
2.460014352302404e-09	0.071032345	-0.003928321	-0.91848123	0	0	0.4	4.752012e-18
2.4700001009629387e-09	0.069662355	-0.002113725	-0.92585355	0	0	0.4	5.005824e-18
2.480053678374072e-09	0.083382405	-0.014492843	-0.9223152	0	0	0.4	4.3235097e-18
2.490049921685231e-09	0.07078837	-0.008623248	-0.9250191	0	0	0.4	4.713199e-18
2.5000110774479863e-09	0.0698838	0.012745763	-0.92978	0	0	0.4	4.3504067e-18
2.5100532041512777e-09	0.060455237	0.009832682	-0.9285842	0	0	0.4	4.6382296e-18
2.5200106606640866e-09	0.06948636	0.014843117	-0.933725	0	0	0.4	4.1427815e-18
2.530041261487799e-09	0.071034566	0.011652622	-0.93341213	0	0	0.4	3.740831e-18
2.540058608526782e-09	0.07167962	0.028750058	-0.93088114	0	0	0.4	4.158653e-18
2.5500312457553844e-09	0.073321156	0.037965633	-0.9342459	0	0	0.4	4.534061e-18
2.560039763256053e-09	0.06191992	0.059786405	-0.9299166	0	0	0.4	4.1856203e-18
2.5700164057874083e-09	0.05736954	0.061097544	-0.92713314	0	0	0.4	4.969457e-18
2.5800284113365245e-09	0.035609767	0.066649675	-0.9299754	0	0	0.4	4.608559e-18
2.5900110757740117e-09	0.03385496	0.06426459	-0.9328567	0	0	0.4	5.161057e-18
2.6000277028110065e-09	0.0339707	0.07228948	-0.93391436	0	0	0.4	4.8211875e-18
2.610007476658168e-09	0.007271367	0.077727646	-0.9294738	0	0	0.4	4.629716e-18
2.6200228376270075e-09	0.006908271	0.0773287	-0.9283078	0	0	0.4	3.5190497e-18
2.6300161631861056e-09	-0.0024061673	0.10018427	-0.9252391	0	0	0.4	4.3138002e-18
2.6400122974474656e-09	0.013482333	0.101115	-0.92809623	0	0	0.4	4.971584e-18
2.6500358757754533e-09	0.0044853324	0.097850144	-0.93143934	0	0	0.4	5.1689524e-18
2.660042758622521e-09	0.013199877	0.10516754	-0.9331274	0	0	0.4	3.814348e-18
2.6700601539450653e-09	-6.682297e-05	0.10894487	-0.93872595	0	0	0.4	4.1434664e-18
2.6800334017045915e-09	0.010875364	0.10985098	-0.9419996	0	0	0.4	4.4638785e-18
2.6900525503906586e-09	0.013436952	0.110695	-0.9402625	0	0	0.4	4.4662e-18
2.700032369782281e-09	0.0095289	0.11974878	-0.9435898	0	0	0.4	4.21839e-18
2.7100439109461823e-09	0.013260237	0.1413449	-0.9394857	0	0	0.4	4.499879e-18
2.7200593405380286e-09	0.008520503	0.1255535	-0.9378859	0	0	0.4	4.478957e-18
2.7300175137470876e-09	0.0075045195	0.13694257	-0.9333953	0	0	0.4	4.808882e-18
2.740055333905318e-09	0.02322352	0.119954206	-0.9298425	0	0	0.4	5.2084507e-18
2.750051880864019e-09	0.009793249	0.13433443	-0.92459804	0	0	0.4	4.547965e-18
2.7600091046789248e-09	0.006365969	0.13351808	-0.92241824	0	0	0.4	4.4078197e-18
2.7700077857885513e-09	-0.0012403545	0.122655444	-0.9220031	0	0	0.4	4.7395187e-18
2.7800370037130158e-09	-0.0187307	0.11948839	-0.92362535	0	0	0.4	5.2462644e-18
2.790018876925274e-09	-0.040517256	0.15526098	-0.9195787	0	0	0.4	4.9757987e-18
2.8000449861033737e-09	-0.035694215	0.15476325	-0.92229354	0	0	0.4	4.1134207e-18
2.8100289149056202e-09	-0.032306295	0.17870243	-0.9196902	0	0	0.4	4.5171696e-18
2.820066135674358e-09	-0.02787948	0.17008005	-0.9236166	0	0	0.4	6.001424e-18
2.8300620473494717e-09	-0.03657324	0.17271033	-0.9232305	0	0	0.4	5.4811262e-18
2.8400529357739584e-09	-0.040444035	0.15666114	-0.92848897	0	0	0.4	4.455737e-18
2.850053016656113e-09	-0.030007372	0.14682181	-0.929025	0	0	0.4	4.8907687e-18
2.860027669682702e-09	-0.039144393	0.1355328	-0.92818147	0	0	0.4	4.0465597e-18
2.8700003500533866e-09	-0.0724148	0.12717764	-0.9264676	0	0	0.4	5.8146053e-18
2.880064422028933e-09	-0.08575221	0.12697262	-0.92619264	0	0	0.4	4.754685e-18
2.890029870159757e-09	-0.061286815	0.1308522	-0.9256094	0	0	0.4	4.9949975e-18
2.900049692426822e-09	-0.06417594	0.15650955	-0.92668384	0	0	0.4	4.6716725e-18
2.910052890022593e-09	-0.05892794	0.14367561	-0.9295821	0	0	0.4	4.044559e-18
2.9200644927996282e-09	-0.056239143	0.13504077	-0.9270466	0	0	0.4	4.17309e-18
2.9300265559492966e-09	-0.058802184	0.11637785	-0.9296794	0	0	0.4	5.535278e-18
2.940037865495802e-09	-0.049056254	0.103054345	-0.93105334	0	0	0.4	4.6307816e-18
2.9500617874528507e-09	-0.060922142	0.09659105	-0.93009984	0	0	0.4	4.676917e-18
2.9600405016600342e-09	-0.06720194	0.099088304	-0.92826355	0	0	0.4	3.9311068e-18
2.9700593468247222e-09	-0.07420882	0.09442465	-0.92911834	0	0	0.4	4.688223e-18
2.9800299253107077e-09	-0.09488872	0.09227957	-0.92493004	0	0	0.4	4.5344755e-18
2.9900445107648097e-09	-0.10793086	0.09468269	-0.9323672	0	0	0.4	4.977129e-18
3.000020775112322e-09	-0.10623908	0.09489699	-0.9324488	0	0	0.4	4.9910635e-18
3.0100108553846276e-09	-0.09883571	0.09987332	-0.92954546	0	0	0.4	5.1060606e-18
3.0200046120899756e-09	-0.071219556	0.101715766	-0.9290556	0	0	0.4	4.2634584e-18
3.0300435951068283e-09	-0.046926178	0.095868155	-0.9268459	0	0	0.4	4.8910276e-18
3.040062512699948e-09	-0.018229466	0.086334385	-0.9180609	0	0	0.4	4.8695287e-18
3.0500407539506425e-09	-0.029066367	0.08319596	-0.9148364	0	0	0.4	4.514118e-18
3.060030547069191e-09	-0.03780153	0.07984949	-0.9102113	0	0	0.4	5.587461e-18
3.0700122281378295e-09	-0.05060604	0.07528537	-0.9123209	0	0	0.4	4.6823696e-18
3.080044160486438e-09	-0.06631255	0.083257996	-0.9117367	0	0	0.4	4.7732226e-18
3.0900547516341697e-09	-0.08043098	0.07585557	-0.90933055	0	0	0.4	4.784532e-18
3.1000235589860676e-09	-0.0940032	0.07841575	-0.9106697	0	0	0.4	4.2378605e-18
3.1100186640984274e-09	-0.10856568	0.06844095	-0.91014814	0	0	0.4	5.0697077e-18
3.1200075504466e-09	-0.094046205	0.06495446	-0.9172763	0	0	0.4	4.6639214e-18
3.1300121223932936e-09	-0.068880826	0.0574972	-0.91748965	0	0	0.4	4.838065e-18
3.1400106151089795e-09	-0.06846173	0.026210094	-0.92356056	0	0	0.4	4.8720367e-18
3.1500462325084528e-09	-0.06582639	0.0068117385	-0.9270011	0	0	0.4	4.9812965e-18
3.160010775276494e-09	-0.06175597	-0.0025468038	-0.93524724	0	0	0.4	3.902693e-18
3.17004063106345e-09	-0.06753512	-0.008149153	-0.9397915	0	0	0.4	4.908671e-18
3.180060080669628e-09	-0.083569035	0.008688883	-0.94214755	0	0	0.4	3.8107094e-18
3.190048624370313e-09	-0.07647702	0.031414524	-0.93979424	0	0	0.4	4.5196024e-18
3.2000088935832184e-09	-0.081463896	0.059805587	-0.9377556	0	0	0.4	4.5522305e-18
3.210034339871929e-09	-0.0734944	0.04995999	-0.93853956	0	0	0.4	4.8019592e-18
3.220047384183392e-09	-0.055604354	0.035082135	-0.9321728	0	0	0.4	4.680097e-18
3.2300514130656313e-09	-0.06180229	0.015744297	-0.9305734	0	0	0.4	4.615267e-18
3.240024931719572e-09	-0.065091774	0.007020032	-0.9316984	0	0	0.4	5.267635e-18
3.2500560844970912e-09	-0.06461446	0.004699062	-0.9332177	0	0	0.4	4.712818e-18
3.260058779576018e-09	-0.087937705	0.018781804	-0.93285996	0	0	0.4	4.790042e-18
3.270038580131092e-09	-0.08650957	0.028736567	-0.93447953	0	0	0.4	4.5986192e-18
3.2800279644690036e-09	-0.089677915	0.029447211	-0.9380574	0	0	0.4	4.8835523e-18
3.2900171606924618e-09	-0.08414847	0.032192286	-0.9439602	0	0	0.4	3.7051756e-18
3.3000604970976036e-09	-0.058536652	0.020891039	-0.94590765	0	0	0.4	5.0229046e-18
3.3100368948046826e-09	-0.052432217	0.02544936	-0.9447217	0	0	0.4	5.3016044e-18
3.3200292844658607e-09	-0.043239303	0.038610496	-0.94756067	0	0	0.4	4.3849866e-18
3.3300173414127254e-09	-0.037675828	0.023482662	-0.9476852	0	0	0.4	4.93177e-18
3.340026149349224e-09	-0.03442792	0.018532015	-0.94207877	0	0	0.4	4.094086e-18
3.350052999755121e-09	-0.029386502	0.019004257	-0.9369498	0	0	0.4	5.0801876e-18
3.3600547126867255e-09	-0.029483734	0.010472882	-0.93492913	0	0	0.4	3.636393e-18
3.370018731875008e-09	-0.028143099	0.0047716037	-0.93072915	0	0	0.4	4.100275e-18
3.380009782630374e-09	-0.030265657	0.023559006	-0.92612565	0	0	0.4	4.8478264e-18
3.390045765509479e-09	-0.018661141	0.021441858	-0.9245667	0	0	0.4	4.8465286e-18
3.400018640028693e-09	-0.021313688	0.00955796	-0.92265385	0	0	0.4	5.3630375e-18
3.4100357125451293e-09	-0.03981844	0.029500604	-0.92287457	0	0	0.4	4.5372987e-18
3.420022111507524e-09	-0.036074486	0.02982188	-0.92036754	0	0	0.4	5.3113875e-18
3.4300615604490614e-09	-0.056117218	0.01846336	-0.9240234	0	0	0.4	4.12053e-18
3.4400614848120022e-09	-0.06710702	0.027925827	-0.9274316	0	0	0.4	4.272613e-18
3.4500201894232486e-09	-0.092166826	0.033620827	-0.9265201	0	0	0.4	4.9063713e-18
3.4600356391815676e-09	-0.09192208	0.045196153	-0.93049085	0	0	0.4	5.2911485e-18
3.4700592878545e-09	-0.10379175	0.03876954	-0.9323288	0	0	0.4	4.508442e-18
3.4800110007562492e-09	-0.07868399	0.037128776	-0.93876654	0	0	0.4	4.461425e-18
3.4900435110412026e-09	-0.076899275	0.038364124	-0.93710303	0	0	0.4	4.865875e-18
3.5000639425855108e-09	-0.07541967	0.0338449	-0.9355084	0	0	0.4	5.3538794e-18
3.510040011888553e-09	-0.09771193	0.031213636	-0.9370635	0	0	0.4	4.3866505e-18
3.5200003459298383e-09	-0.10850008	0.019846106	-0.9390481	0	0	0.4	4.331054e-18
3.530058619032731e-09	-0.12966503	0.029987503	-0.93539625	0	0	0.4	5.2457474e-18
3.5400508196147083e-09	-0.114268154	0.034829274	-0.93795943	0	0	0.4	3.4695222e-18
3.5500097091715774e-09	-0.109560266	0.025176546	-0.93562895	0	0	0.4	4.4784137e-18
3.5600009872186645e-09	-0.11693575	0.035326023	-0.9320229	0	0	0.4	5.0797976e-18
3.5700318055495296e-09	-0.11297515	0.022584036	-0.9372046	0	0	0.4	4.586437e-18
3.5800137361952323e-09	-0.13582104	0.013388336	-0.93795943	0	0	0.4	4.5057405e-18
3.5900171578245275e-09	-0.1506272	0.00086525275	-0.9382745	0	0	0.4	5.6279533e-18
3.600016250552067e-09	-0.14258336	0.010403222	-0.93506545	0	0	0.4	4.2193768e-18
3.6100221361759427e-09	-0.14253682	-0.011942819	-0.9371335	0	0	0.4	3.960688e-18
3.62002038587473e-09	-0.14416704	0.010109789	-0.9361356	0	0	0.4	4.7572766e-18
3.6300594290874245e-09	-0.13902408	0.021597663	-0.9309529	0	0	0.4	4.576125e-18
3.6400576947165063e-09	-0.13826504	0.015355087	-0.9318487	0	0	0.4	3.8104993e-18
3.650057122762652e-09	-0.15646292	0.009154827	-0.9314472	0	0	0.4	5.314573e-18
3.6600393275981076e-09	-0.15179524	-0.0037277748	-0.92918515	0	0	0.4	4.70176e-18
3.6700555235464293e-09	-0.1632059	-0.0022594165	-0.9229633	0	0	0.4	4.302193e-18
3.680001713974067e-09	-0.18327531	-0.00028579944	-0.9110171	0	0	0.4	5.399215e-18
3.690005225985469e-09	-0.18404415	0.0025047322	-0.90676993	0	0	0.4	4.170871e-18
3.7000167951209587e-09	-0.18465056	-0.0031674537	-0.90630966	0	0	0.4	5.1198456e-18
3.7100507232411773e-09	-0.18158017	-0.008905376	-0.9101041	0	0	0.4	4.6796933e-18
3.7200061287716535e-09	-0.18493551	-0.035885856	-0.9086466	0	0	0.4	4.649332e-18
3.730056664913556e-09	-0.20347929	-0.027900156	-0.91049045	0	0	0.4	4.5986846e-18
3.740056754411001e-09	-0.18485783	-0.04056022	-0.91357374	0	0	0.4	5.1066876e-18
3.750000592927386e-09	-0.18145801	-0.058330502	-0.9102706	0	0	0.4	4.9539198e-18
3.760038837025973e-09	-0.17681685	-0.055759832	-0.9178703	0	0	0.4	4.215336e-18
3.770023630770086e-09	-0.17127734	-0.046153378	-0.9244791	0	0	0.4	5.2008005e-18
3.780053153931505e-09	-0.16293174	-0.02935317	-0.9275052	0	0	0.4	3.69865e-18
3.790000280481298e-09	-0.16559416	-0.032766577	-0.93049616	0	0	0.4	5.095108e-18
3.800058596898305e-09	-0.16370557	-0.0061236555	-0.93055034	0	0	0.4	4.672912e-18
3.810056234460469e-09	-0.16035262	0.005990537	-0.9222442	0	0	0.4	5.158335e-18
3.82002253161511e-09	-0.13853596	0.0007953406	-0.9282819	0	0	0.4	4.2643307e-18
3.830025895404652e-09	-0.11239107	0.0016675865	-0.9270128	0	0	0.4	4.5882877e-18
3.840004651158379e-09	-0.11207561	-0.017413218	-0.92975307	0	0	0.4	4.4879635e-18
3.85002271299416e-09	-0.11435253	-0.030494846	-0.9245903	0	0	0.4	5.062761e-18
3.860015752131828e-09	-0.14406057	-0.053234532	-0.91925097	0	0	0.4	3.3954813e-18
3.870040337279073e-09	-0.14484261	-0.044414118	-0.9192732	0	0	0.4	4.7207946e-18
3.880046025615552e-09	-0.12718578	-0.026663171	-0.91756076	0	0	0.4	4.9200025e-18
3.890018674218822e-09	-0.1273634	-0.015397768	-0.9178862	0	0	0.4	4.3983745e-18
3.900015674415679e-09	-0.12290541	-0.020024605	-0.9221563	0	0	0.4	3.804047e-18
3.910022561956257e-09	-0.09614433	-0.012951055	-0.9221059	0	0	0.4	4.3683292e-18
3.920026637333638e-09	-0.0763929	-0.0132142445	-0.9266709	0	0	0.4	4.5047996e-18
3.930048965990078e-09	-0.06774066	-0.02603834	-0.92867994	0	0	0.4	4.315451e-18
3.940003560235052e-09	-0.07495489	-0.04970168	-0.9314685	0	0	0.4	5.5938536e-18
3.9500590253579045e-09	-0.08325832	-0.055749103	-0.9335707	0	0	0.4	5.146972e-18
3.96004244403841e-09	-0.1102419	-0.0515897	-0.9342323	0	0	0.4	4.5496712e-18
3.97002295417406e-09	-0.113855876	-0.023861049	-0.9315696	0	0	0.4	4.44811e-18
3.9800598930432125e-09	-0.118657745	-0.034620535	-0.93194777	0	0	0.4	4.6666544e-18
3.990020802399121e-09	-0.12565655	-0.033311922	-0.9305491	0	0	0.4	5.088757e-18
4.000019958915638e-09	-0.14141801	-0.013700589	-0.92248046	0	0	0.4	4.3790677e-18
4.010059105724099e-09	-0.14123839	-0.029565727	-0.9148611	0	0	0.4	4.7115906e-18
4.020007789937236e-09	-0.12615326	-0.028564401	-0.9132074	0	0	0.4	4.9713733e-18
4.030039875078232e-09	-0.15123229	-0.029047558	-0.9044451	0	0	0.4	4.7470808e-18
4.0400419039514875e-09	-0.1265395	-0.035037432	-0.8982041	0	0	0.4	4.5454617e-18
4.050005114070995e-09	-0.103288926	-0.036814235	-0.89572954	0	0	0.4	5.6794142e-18
4.060044118871572e-09	-0.09001899	-0.058538586	-0.89523786	0	0	0.4	4.9232123e-18
4.070027281479065e-09	-0.076223426	-0.05222826	-0.9019511	0	0	0.4	4.4332563e-18
4.080027418984237e-09	-0.07538516	-0.07232937	-0.90115356	0	0	0.4	4.4374704e-18
4.090064196929782e-09	-0.071079314	-0.058114246	-0.9107455	0	0	0.4	4.800305e-18
4.100005294527356e-09	-0.08748728	-0.060775366	-0.9085852	0	0	0.4	4.3024443e-18
4.1100185381035614e-09	-0.09897517	-0.058692828	-0.9103175	0	0	0.4	4.549602e-18
4.120033120497086e-09	-0.08103389	-0.05922819	-0.9173387	0	0	0.4	5.0384564e-18
4.1300053548043225e-09	-0.07342321	-0.063102305	-0.9233955	0	0	0.4	4.3485046e-18
4.140016949581484e-09	-0.06773967	-0.08266067	-0.9300781	0	0	0.4	4.700727e-18
4.1500055133476346e-09	-0.072472304	-0.08811882	-0.93487155	0	0	0.4	4.996701e-18
4.1600611984978724e-09	-0.1041962	-0.09706935	-0.9370042	0	0	0.4	4.6045555e-18
4.17006000439813e-09	-0.115081206	-0.090268	-0.9361382	0	0	0.4	5.553033e-18
4.180040390873145e-09	-0.13614398	-0.07516241	-0.9344266	0	0	0.4	3.39447e-18
4.190007705314274e-09	-0.1249241	-0.08407657	-0.9323075	0	0	0.4	5.1461143e-18
4.200021096239619e-09	-0.11602083	-0.062395584	-0.9295992	0	0	0.4	4.6826173e-18
4.210029912153955e-09	-0.1087862	-0.07077007	-0.9303282	0	0	0.4	4.1097546e-18
4.220012695770016e-09	-0.11949182	-0.06223051	-0.9310339	0	0	0.4	4.939236e-18
4.2300291879950755e-09	-0.12455188	-0.062571295	-0.9303096	0	0	0.4	4.9544707e-18
4.240066094548708e-09	-0.13871649	-0.048812132	-0.92338496	0	0	0.4	5.6049866e-18
4.2500222511715786e-09	-0.15562598	-0.057920337	-0.92545015	0	0	0.4	4.544078e-18
4.2600576878222925e-09	-0.15716602	-0.06445357	-0.9298321	0	0	0.4	4.030681e-18
4.270031047003249e-09	-0.1417047	-0.0672725	-0.9298563	0	0	0.4	4.404058e-18
4.2800048585260856e-09	-0.1452971	-0.08438498	-0.9231539	0	0	0.4	4.903611e-18
4.290016147885051e-09	-0.14053793	-0.09361864	-0.9293132	0	0	0.4	4.958305e-18
4.300005640093894e-09	-0.13675472	-0.10350608	-0.9269482	0	0	0.4	4.5694375e-18
4.310047969367611e-09	-0.11370301	-0.09600665	-0.93677014	0	0	0.4	4.859218e-18
4.320003592522316e-09	-0.12559572	-0.086648196	-0.93413436	0	0	0.4	4.8476767e-18
4.33001548890711e-09	-0.11867555	-0.1023791	-0.9381802	0	0	0.4	4.370684e-18
4.340065142714479e-09	-0.13204168	-0.09515781	-0.93592834	0	0	0.4	3.9886467e-18
4.3500257630758255e-09	-0.12431446	-0.09233411	-0.9345882	0	0	0.4	4.3152234e-18
4.360031948191194e-09	-0.12401564	-0.07257466	-0.9317172	0	0	0.4	4.5440377e-18
4.370060564395246e-09	-0.12214894	-0.07882479	-0.93616074	0	0	0.4	5.4220262e-18
4.380024105320527e-09	-0.10762917	-0.08832713	-0.9342468	0	0	0.4	4.2486275e-18
4.390002189986534e-09	-0.103672855	-0.10572243	-0.9355621	0	0	0.4	4.4266806e-18
4.4000386526278275e-09	-0.11008645	-0.11021352	-0.9336279	0	0	0.4	4.4588617e-18
4.410020869842255e-09	-0.10958107	-0.11655005	-0.9345363	0	0	0.4	5.069426e-18
4.420008329051155e-09	-0.12496008	-0.110715464	-0.9320961	0	0	0.4	5.1640166e-18
4.4300376352721545e-09	-0.12749177	-0.12060259	-0.93297106	0	0	0.4	5.633117e-18
4.440063852067204e-09	-0.12720962	-0.12988187	-0.93696916	0	0	0.4	4.6786477e-18
4.450003934387371e-09	-0.14147455	-0.1368253	-0.935937	0	0	0.4	5.3505967e-18
4.460019959010022e-09	-0.14173405	-0.14330906	-0.9369544	0	0	0.4	4.8656803e-18
4.470055252002123e-09	-0.12772562	-0.12365923	-0.93899477	0	0	0.4	4.515178e-18
4.4800168322035944e-09	-0.12470707	-0.11332289	-0.94079494	0	0	0.4	4.954123e-18
4.490032791836244e-09	-0.11453713	-0.12683529	-0.9406321	0	0	0.4	4.0741855e-18
4.500030628409e-09	-0.12484619	-0.13396552	-0.9368011	0	0	0.4	5.0029108e-18
4.5100024711275415e-09	-0.10609253	-0.13977252	-0.94185776	0	0	0.4	5.3673442e-18
4.5200316675222425e-09	-0.12442381	-0.12718269	-0.94284403	0	0	0.4	5.7462616e-18
4.530009071201468e-09	-0.12157076	-0.10769172	-0.94727576	0	0	0.4	4.823665e-18
4.540020286178104e-09	-0.12288144	-0.098385796	-0.9458126	0	0	0.4	4.4688677e-18
4.5500241664217525e-09	-0.106882446	-0.089043826	-0.9479244	0	0	0.4	5.449602e-18
4.560055079748645e-09	-0.08841165	-0.091143005	-0.9484794	0	0	0.4	3.439806e-18
4.570011718592242e-09	-0.100102395	-0.086524904	-0.948848	0	0	0.4	4.4375882e-18
4.5800200171228075e-09	-0.0990824	-0.10667096	-0.94317687	0	0	0.4	6.0714648e-18
4.590002183406504e-09	-0.10575632	-0.1248794	-0.9441827	0	0	0.4	3.8871322e-18
4.600042745378567e-09	-0.11745506	-0.12698117	-0.94134885	0	0	0.4	4.3515602e-18
4.610038991107967e-09	-0.12545152	-0.1242627	-0.94374084	0	0	0.4	3.817193e-18
4.6200093998509634e-09	-0.13097012	-0.12695312	-0.9407734	0	0	0.4	4.4932037e-18
4.630028385295287e-09	-0.129054	-0.13127804	-0.9403873	0	0	0.4	3.8042876e-18
4.640048127098174e-09	-0.118818216	-0.11350831	-0.9423989	0	0	0.4	4.642049e-18
4.650012865173314e-09	-0.11306089	-0.09503823	-0.9424756	0	0	0.4	4.134401e-18
4.660028730916365e-09	-0.107643105	-0.07880746	-0.94455045	0	0	0.4	4.846044e-18
4.670015817471827e-09	-0.09954602	-0.08865594	-0.945242	0	0	0.4	4.5289615e-18
4.680019786411368e-09	-0.09368232	-0.115317	-0.94418186	0	0	0.4	3.9649654e-18
4.690026174315516e-09	-0.09557581	-0.13280608	-0.9407083	0	0	0.4	4.52254e-18
4.700002644143042e-09	-0.09817426	-0.14368053	-0.94127864	0	0	0.4	4.6095177e-18
4.710056490842673e-09	-0.09213458	-0.15363233	-0.93816644	0	0	0.4	5.170978e-18
4.720003346805828e-09	-0.08983342	-0.15308982	-0.9413885	0	0	0.4	4.639708e-18
4.730006428955919e-09	-0.07260667	-0.13573574	-0.9424786	0	0	0.4	5.14282e-18
4.74005810435007e-09	-0.06161827	-0.14527181	-0.942937	0	0	0.4	5.2236365e-18
4.7500221366392604e-09	-0.06569865	-0.142412	-0.94056094	0	0	0.4	4.7799273e-18
4.760039539173018e-09	-0.07135967	-0.16250184	-0.933909	0	0	0.4	4.4508496e-18
4.7700593749696625e-09	-0.07063508	-0.16692246	-0.9312534	0	0	0.4	3.881376e-18
4.780001126499848e-09	-0.06620444	-0.160322	-0.9295963	0	0	0.4	4.5090356e-18
4.790044532517638e-09	-0.061428964	-0.16020334	-0.93572253	0	0	0.4	4.0801366e-18
4.800009835034088e-09	-0.06687904	-0.16890731	-0.93829256	0	0	0.4	5.597214e-18
4.810039707469378e-09	-0.07331484	-0.17853568	-0.93514115	0	0	0.4	4.248164e-18
4.820016320331513e-09	-0.07031239	-0.16391274	-0.93648034	0	0	0.4	5.099911e-18
4.830028353206476e-09	-0.07827151	-0.17397454	-0.93787724	0	0	0.4	5.405883e-18
4.840039910466164e-09	-0.08427155	-0.16701534	-0.93661046	0	0	0.4	4.979374e-18
4.85001941590323e-09	-0.08696792	-0.14972526	-0.9379151	0	0	0.4	5.1206136e-18
4.860004075940334e-09	-0.092976525	-0.15448341	-0.932486	0	0	0.4	5.6004445e-18
4.870020883592513e-09	-0.09573202	-0.18135078	-0.93137795	0	0	0.4	4.634804e-18
4.880013361376393e-09	-0.09697231	-0.18047132	-0.93247795	0	0	0.4	4.240818e-18
4.890051033363794e-09	-0.10835127	-0.1827893	-0.92915004	0	0	0.4	4.5505323e-18
4.900048745915358e-09	-0.11303974	-0.20581539	-0.9170717	0	0	0.4	5.1064903e-18
4.9100086375463336e-09	-0.12736064	-0.1929162	-0.92488444	0	0	0.4	4.9601406e-18
4.920030624331275e-09	-0.11855794	-0.17626831	-0.926694	0	0	0.4	4.1286276e-18
4.930016297220838e-09	-0.11036028	-0.17037821	-0.9299254	0	0	0.4	3.9896215e-18
4.940028712130869e-09	-0.12909144	-0.15643686	-0.93257916	0	0	0.4	5.0656264e-18
4.950036993396601e-09	-0.12183624	-0.14761107	-0.93028367	0	0	0.4	4.158072e-18
4.960046470638529e-09	-0.1260738	-0.15611368	-0.9314243	0	0	0.4	4.7691355e-18
4.970005979777146e-09	-0.1166012	-0.14370349	-0.92535627	0	0	0.4	4.7020875e-18
4.980053906435172e-09	-0.10183629	-0.15509734	-0.9263971	0	0	0.4	4.4960645e-18
4.99004096283592e-09	-0.082537375	-0.17090231	-0.9294161	0	0	0.4	4.5836204e-18
5.000025597561561e-09	-0.09084818	-0.15642676	-0.93123305	0	0	0.4	4.9300188e-18
5.010040413419078e-09	-0.084073186	-0.15415892	-0.9316826	0	0	0.4	4.226722e-18
5.02000722932547e-09	-0.07337323	-0.14415574	-0.935635	0	0	0.4	4.556699e-18
5.030058907931349e-09	-0.083161555	-0.13904366	-0.93330675	0	0	0.4	4.667362e-18
5.040025924502139e-09	-0.09331467	-0.13078932	-0.93559015	0	0	0.4	4.5625678e-18
5.050039888413245e-09	-0.09079914	-0.11579679	-0.9393498	0	0	0.4	4.8452754e-18
5.060066549005162e-09	-0.09428943	-0.11695211	-0.9391605	0	0	0.4	3.2661342e-18
5.0700541660966195e-09	-0.08470075	-0.12672275	-0.9392729	0	0	0.4	3.4335742e-18
5.080001334351082e-09	-0.10533278	-0.12496214	-0.9409987	0	0	0.4	5.6571933e-18
5.090054091544327e-09	-0.1225402	-0.129943	-0.94021124	0	0	0.4	4.622897e-18
5.100045675136426e-09	-0.1263656	-0.11057072	-0.93932927	0	0	0.4	4.748784e-18
5.110036493422947e-09	-0.13432457	-0.11499555	-0.93686414	0	0	0.4	5.0183497e-18
5.120053375767376e-09	-0.13546011	-0.110049255	-0.93180877	0	0	0.4	5.4191067e-18
5.13001693196481e-09	-0.11312773	-0.105620265	-0.9376907	0	0	0.4	4.633936e-18
5.140062997433626e-09	-0.1059992	-0.10892716	-0.93804497	0	0	0.4	3.818199e-18
5.150065190634846e-09	-0.12088182	-0.124343306	-0.9303046	0	0	0.4	5.156091e-18
5.160062878888841e-09	-0.11515671	-0.122017615	-0.9367476	0	0	0.4	5.2531763e-18
5.170051490243172e-09	-0.11570275	-0.11517731	-0.9404558	0	0	0.4	4.6952575e-18
5.180037684450851e-09	-0.13046443	-0.117732756	-0.94409794	0	0	0.4	4.8391203e-18
5.190034212590939e-09	-0.11059206	-0.10093087	-0.9448954	0	0	0.4	5.631374e-18
5.200028668478057e-09	-0.11338505	-0.106651455	-0.9474101	0	0	0.4	5.2021273e-18
5.210048584961135e-09	-0.12225018	-0.083673075	-0.9470214	0	0	0.4	4.6872558e-18
5.220016703705425e-09	-0.11363487	-0.06862521	-0.94351196	0	0	0.4	4.509636e-18
5.230030477107493e-09	-0.12498419	-0.068272874	-0.94478416	0	0	0.4	4.9178592e-18
5.2400231091884075e-09	-0.12983908	-0.07972659	-0.9423134	0	0	0.4	5.2148092e-18
5.250047743041103e-09	-0.12805828	-0.08801971	-0.9417788	0	0	0.4	4.9543594e-18
5.2600604248160105e-09	-0.12292682	-0.096604235	-0.9414772	0	0	0.4	4.7414626e-18
5.270037675876289e-09	-0.12442028	-0.09212815	-0.9387513	0	0	0.4	4.931385e-18
5.2800401639942585e-09	-0.1139747	-0.081826925	-0.9368249	0	0	0.4	4.4278755e-18
5.290015349481016e-09	-0.11375475	-0.07327433	-0.94099057	0	0	0.4	4.6090508e-18
5.300034068303188e-09	-0.10979549	-0.072826445	-0.93963444	0	0	0.4	4.945115e-18
5.310010938808002e-09	-0.11642257	-0.07046033	-0.94229364	0	0	0.4	3.909024e-18
5.32000754024267e-09	-0.109797575	-0.07815096	-0.9416377	0	0	0.4	4.2398482e-18
5.330058892694231e-09	-0.11179567	-0.068895794	-0.9432629	0	0	0.4	4.61273e-18
5.340046290663926e-09	-0.10655152	-0.07203898	-0.94174373	0	0	0.4	5.007433e-18
5.350009564399209e-09	-0.107497804	-0.06640701	-0.94230855	0	0	0.4	3.943538e-18
5.3600319319476524e-09	-0.119572885	-0.06030094	-0.9372493	0	0	0.4	4.6916795e-18
5.3700200867498116e-09	-0.1171396	-0.056790795	-0.9383375	0	0	0.4	6.4396887e-18
5.380020981612594e-09	-0.10592489	-0.054777175	-0.93948	0	0	0.4	5.521421e-18
5.390059021899858e-09	-0.114782356	-0.04964865	-0.935337	0	0	0.4	4.532234e-18
5.400047851793525e-09	-0.10517513	-0.061609793	-0.9332063	0	0	0.4	4.513181e-18
5.410058166046933e-09	-0.105664276	-0.05687319	-0.9354863	0	0	0.4	4.000394e-18
5.420041187347281e-09	-0.11608775	-0.054785147	-0.9333039	0	0	0.4	4.7400303e-18
5.430052814039909e-09	-0.1330679	-0.058622256	-0.9389139	0	0	0.4	4.277357e-18
5.440006258520814e-09	-0.13331299	-0.051053513	-0.9394883	0	0	0.4	4.574544e-18
5.4500529868408456e-09	-0.14158028	-0.03358919	-0.940339	0	0	0.4	3.5213434e-18
5.460049867767047e-09	-0.12335891	-0.01371479	-0.94189155	0	0	0.4	4.4236523e-18
5.470041301130469e-09	-0.102067865	-0.000768887	-0.93598247	0	0	0.4	5.3556284e-18
5.480022820345589e-09	-0.094718896	-0.019231012	-0.9330339	0	0	0.4	4.9387236e-18
5.490050227731804e-09	-0.08500089	-0.042261623	-0.9361564	0	0	0.4	3.4471253e-18
5.500020121643588e-09	-0.10050363	-0.06194775	-0.9334829	0	0	0.4	4.928926e-18
5.510035476758919e-09	-0.11010361	-0.06886141	-0.9337473	0	0	0.4	4.5894623e-18
5.5200215892230396e-09	-0.11781486	-0.061903916	-0.93630666	0	0	0.4	5.014277e-18
5.5300288864981615e-09	-0.13018434	-0.07370912	-0.9278567	0	0	0.4	5.1418428e-18
5.540038646212931e-09	-0.15174465	-0.053100266	-0.92440534	0	0	0.4	5.4769816e-18
5.550037938795858e-09	-0.15320632	-0.046102125	-0.92672265	0	0	0.4	4.7596994e-18
5.560014554679988e-09	-0.15049456	-0.039984517	-0.9316364	0	0	0.4	4.5661577e-18
5.570061968889174e-09	-0.1453444	-0.0376781	-0.92847735	0	0	0.4	4.7271155e-18
5.5800214297942735e-09	-0.15483646	-0.055299908	-0.92969936	0	0	0.4	4.291776e-18
5.59000823785693e-09	-0.16279985	-0.04175832	-0.9235282	0	0	0.4	4.1213827e-18
5.60005801599285e-09	-0.15580148	-0.052097607	-0.9287444	0	0	0.4	4.638214e-18
5.610065131532712e-09	-0.1619553	-0.052851144	-0.92553395	0	0	0.4	4.9010187e-18
5.620026016229631e-09	-0.17579149	-0.03500757	-0.92920595	0	0	0.4	4.2842062e-18
5.630012078095744e-09	-0.18451063	-0.029842025	-0.92530125	0	0	0.4	3.679672e-18
5.640020715801408e-09	-0.19444987	-0.026627656	-0.92429173	0	0	0.4	3.9271678e-18
5.650056016793099e-09	-0.19323182	-0.015876498	-0.9204795	0	0	0.4	5.348839e-18
5.66003585704948e-09	-0.19462831	-0.00053509115	-0.91915846	0	0	0.4	5.4680224e-18
5.670034687212508e-09	-0.18932112	0.008771591	-0.92104834	0	0	0.4	5.1728004e-18
5.680022145565407e-09	-0.16738941	-0.0055811135	-0.9225509	0	0	0.4	4.951611e-18
5.690017697810717e-09	-0.15985402	-0.010082169	-0.9231184	0	0	0.4	4.885282e-18
5.7000313343769296e-09	-0.14099102	-0.0071031847	-0.9250905	0	0	0.4	4.4171982e-18
5.710029242267547e-09	-0.1500212	-0.010422075	-0.9217943	0	0	0.4	5.7903635e-18
5.720024324601714e-09	-0.14940387	-0.013162207	-0.92870545	0	0	0.4	5.0155786e-18
5.73006009754675e-09	-0.16016322	-0.017955415	-0.92908674	0	0	0.4	5.4212743e-18
5.740039254621116e-09	-0.17940108	-0.005924664	-0.9219631	0	0	0.4	5.205976e-18
5.7500076603225806e-09	-0.18161905	-0.01375025	-0.92021215	0	0	0.4	4.4787926e-18
5.760047503149073e-09	-0.17399679	-0.019285526	-0.92410386	0	0	0.4	4.5251288e-18
5.770002225181329e-09	-0.16085933	-0.017704034	-0.9235584	0	0	0.4	4.684522e-18
5.780031220285101e-09	-0.14238341	-0.021185122	-0.92851985	0	0	0.4	4.4900923e-18
5.790029781740918e-09	-0.13413219	-0.04024944	-0.9312538	0	0	0.4	3.8608262e-18
5.800029331513035e-09	-0.12729336	-0.062410947	-0.9314051	0	0	0.4	4.5552985e-18
5.810039593095825e-09	-0.13320537	-0.076648846	-0.93611574	0	0	0.4	4.1573924e-18
5.820053009897174e-09	-0.1594503	-0.074302755	-0.9377142	0	0	0.4	5.6498024e-18
5.830004463524763e-09	-0.16959001	-0.034689404	-0.9354988	0	0	0.4	4.3554426e-18
5.840043882636116e-09	-0.18406793	-0.049674753	-0.9317438	0	0	0.4	4.6295727e-18
5.85003464051735e-09	-0.17677727	-0.061418258	-0.9329371	0	0	0.4	3.96808e-18
5.8600094696430395e-09	-0.16712937	-0.062725164	-0.9299696	0	0	0.4	4.634493e-18
5.870022065586788e-09	-0.15667209	-0.053840518	-0.92902046	0	0	0.4	6.008068e-18
5.8800639658643705e-09	-0.14208017	-0.064615965	-0.9318649	0	0	0.4	3.5158154e-18
5.89001112181486e-09	-0.1367114	-0.06901083	-0.93611956	0	0	0.4	4.759989e-18
5.900056798714798e-09	-0.15736514	-0.067621395	-0.9322434	0	0	0.4	4.533495e-18
5.910030531068969e-09	-0.18425876	-0.07174203	-0.9305222	0	0	0.4	4.394347e-18
5.9200324175796905e-09	-0.20466836	-0.062431805	-0.9302329	0	0	0.4	5.204848e-18
5.930037271153705e-09	-0.23259442	-0.046950057	-0.92413497	0	0	0.4	5.283903e-18
5.940024898407814e-09	-0.24577838	-0.043447956	-0.9234771	0	0	0.4	5.0467245e-18
5.9500607093598115e-09	-0.2338324	-0.021297352	-0.9196977	0	0	0.4	4.811224e-18
5.9600415752023306e-09	-0.22296214	-0.023999112	-0.9190797	0	0	0.4	4.713909e-18
5.970055294719654e-09	-0.22542134	-0.016551489	-0.91673225	0	0	0.4	4.2855917e-18
5.980053851948255e-09	-0.21046014	-0.027118925	-0.92278737	0	0	0.4	5.014309e-18
5.990050295268233e-09	-0.21215561	-0.028079588	-0.9240718	0	0	0.4	5.073969e-18
6.000001836419959e-09	-0.23567271	-0.03079007	-0.921661	0	0	0.4	3.9329435e-18
6.010015742448225e-09	-0.22740985	-0.04147506	-0.9234852	0	0	0.4	5.1150765e-18
6.020011291355451e-09	-0.24829684	-0.021579748	-0.92019445	0	0	0.4	3.8161266e-18
6.030062635315373e-09	-0.24586213	-0.0048976527	-0.9230816	0	0	0.4	4.6499995e-18
6.040044855841499e-09	-0.24747315	-0.004462635	-0.9254418	0	0	0.4	3.9962688e-18
6.050010107559892e-09	-0.24466202	-0.011069812	-0.9241118	0	0	0.4	5.5675194e-18
6.060004714817769e-09	-0.23643869	0.00071811426	-0.9300191	0	0	0.4	5.1795118e-18
6.070046693980555e-09	-0.23500068	0.0072153513	-0.92953193	0	0	0.4	4.7061196e-18
6.0800596104961325e-09	-0.2292438	0.018698338	-0.930002	0	0	0.4	4.341556e-18
6.090005767707807e-09	-0.22580828	0.008487167	-0.9290135	0	0	0.4	3.87712e-18
6.1000277211968214e-09	-0.24139756	0.014612043	-0.9266159	0	0	0.4	4.3661157e-18
6.110055225662654e-09	-0.24723428	0.01148493	-0.92351925	0	0	0.4	4.296265e-18
6.1200218353648645e-09	-0.2635513	0.0120650465	-0.92139506	0	0	0.4	5.000873e-18
6.130019087435887e-09	-0.2686419	0.018880112	-0.91904426	0	0	0.4	4.5844624e-18
6.140051410318938e-09	-0.2776675	0.014823648	-0.9131449	0	0	0.4	4.295613e-18
6.15003525094558e-09	-0.27728102	0.03026842	-0.91578245	0	0	0.4	4.9239766e-18
6.160015971146006e-09	-0.25611258	0.02350369	-0.9185155	0	0	0.4	4.5853363e-18
6.1700616125575494e-09	-0.24528383	0.024072798	-0.91935164	0	0	0.4	4.507325e-18
6.180019111108419e-09	-0.24842973	0.009772545	-0.9217376	0	0	0.4	3.2131649e-18
6.19000992547948e-09	-0.260447	0.023117494	-0.91833746	0	0	0.4	4.5165803e-18
6.200043032903817e-09	-0.28339407	0.017690968	-0.9099769	0	0	0.4	4.570573e-18
6.210023474613623e-09	-0.28363654	0.032517012	-0.90890765	0	0	0.4	4.934122e-18
6.2200023315047415e-09	-0.2860134	0.033018917	-0.9065298	0	0	0.4	5.4854565e-18
6.230030820663441e-09	-0.28335482	0.025576899	-0.908597	0	0	0.4	4.7990323e-18
6.240064514563548e-09	-0.28395772	0.04083709	-0.90224767	0	0	0.4	5.149476e-18
6.250021329228489e-09	-0.28783306	0.040923808	-0.90194416	0	0	0.4	4.2827723e-18
6.260054923265138e-09	-0.29733837	0.015157946	-0.89736414	0	0	0.4	4.321719e-18
6.270002781731635e-09	-0.28790736	0.009095468	-0.9052381	0	0	0.4	5.249376e-18
6.280041003226797e-09	-0.29572293	0.0049849683	-0.90456957	0	0	0.4	4.210331e-18
6.290060505298979e-09	-0.30355653	0.01388218	-0.9028329	0	0	0.4	4.556238e-18
6.300049441784139e-09	-0.31486863	0.0315757	-0.89820784	0	0	0.4	3.8738837e-18
6.31003867587958e-09	-0.31248978	0.025736455	-0.9039364	0	0	0.4	5.052759e-18
6.320000888251037e-09	-0.31063974	0.030356018	-0.90298575	0	0	0.4	4.4642445e-18
6.330012970419689e-09	-0.29352483	0.017061297	-0.9070083	0	0	0.4	4.5659567e-18
6.340053203414337e-09	-0.28190944	-0.017113011	-0.9035039	0	0	0.4	4.2759344e-18
6.3500604983264466e-09	-0.27756828	-0.0248851	-0.9021142	0	0	0.4	5.604931e-18
6.36005476935313e-09	-0.30575898	-0.036955453	-0.8962158	0	0	0.4	4.9803312e-18
6.370021164421512e-09	-0.30865794	-0.054878958	-0.89318067	0	0	0.4	3.5794243e-18
6.380037047471112e-09	-0.30406278	-0.0622622	-0.8933568	0	0	0.4	4.8586397e-18
6.390005900564594e-09	-0.3086713	-0.062087994	-0.89552194	0	0	0.4	3.557422e-18
6.4000084000236735e-09	-0.31233943	-0.060717057	-0.9010479	0	0	0.4	5.132296e-18
6.410021799789798e-09	-0.31805277	-0.06552425	-0.89626694	0	0	0.4	4.85546e-18
6.4200537861011434e-09	-0.30108616	-0.054694254	-0.90256596	0	0	0.4	5.096082e-18
6.430066807527711e-09	-0.29547396	-0.033734042	-0.90407467	0	0	0.4	4.335029e-18
6.440021333973513e-09	-0.28486902	-0.036529347	-0.9032005	0	0	0.4	4.6686384e-18
6.450014354732418e-09	-0.2794733	-0.04157313	-0.89733696	0	0	0.4	5.015406e-18
6.460031420592315e-09	-0.27883476	-0.049491473	-0.902965	0	0	0.4	4.754356e-18
6.4700574727082505e-09	-0.27987352	-0.064046234	-0.9025272	0	0	0.4	4.5811967e-18
6.480024047930053e-09	-0.26537362	-0.080054335	-0.9040126	0	0	0.4	5.352929e-18
6.490040948146443e-09	-0.26704764	-0.095736176	-0.9046606	0	0	0.4	4.4167197e-18
6.500039993939769e-09	-0.25440356	-0.10243131	-0.9077326	0	0	0.4	4.2347305e-18
6.5100652916497815e-09	-0.2707788	-0.110411994	-0.9042894	0	0	0.4	4.3918927e-18
6.520032354857975e-09	-0.28479657	-0.124685064	-0.9029989	0	0	0.4	4.3701664e-18
6.530035673714885e-09	-0.28930837	-0.12623926	-0.90021384	0	0	0.4	4.5206413e-18
6.540061582996877e-09	-0.28609997	-0.12198167	-0.89826095	0	0	0.4	4.203985e-18
6.550045848986494e-09	-0.28129214	-0.12220052	-0.89782596	0	0	0.4	5.3031037e-18
6.56004381108997e-09	-0.2708377	-0.12232193	-0.8938827	0	0	0.4	4.1734215e-18
6.570014997849562e-09	-0.25885808	-0.13781416	-0.8881379	0	0	0.4	5.557666e-18
6.5800091011733785e-09	-0.22454897	-0.16618186	-0.8818538	0	0	0.4	4.1576666e-18
6.590050336563e-09	-0.18993095	-0.18887356	-0.8839154	0	0	0.4	4.735609e-18
6.6000592988107536e-09	-0.16510355	-0.2138129	-0.88237643	0	0	0.4	4.7226723e-18
6.610032409163741e-09	-0.16841981	-0.23466875	-0.8828951	0	0	0.4	4.293968e-18
6.620029487590902e-09	-0.17695762	-0.25914565	-0.87185276	0	0	0.4	3.8046995e-18
6.630025334446488e-09	-0.1704583	-0.26341388	-0.8749048	0	0	0.4	4.2957644e-18
6.64002892382698e-09	-0.16238979	-0.273086	-0.8653566	0	0	0.4	3.4753352e-18
6.6500187573760284e-09	-0.17450391	-0.30490237	-0.84915566	0	0	0.4	5.0983434e-18
6.660039660063764e-09	-0.16927372	-0.29838789	-0.84431505	0	0	0.4	5.4263586e-18
6.670056036376667e-09	-0.13982692	-0.2938289	-0.83567214	0	0	0.4	3.654976e-18
6.680032501980679e-09	-0.090414435	-0.29231784	-0.82974184	0	0	0.4	4.963544e-18
6.690024729610875e-09	0.004224427	-0.2819824	-0.83192796	0	0	0.4	4.2561685e-18
6.700007522230098e-09	0.084540196	-0.27500525	-0.8340495	0	0	0.4	4.765728e-18
6.710020413716247e-09	0.15282026	-0.27656004	-0.8284448	0	0	0.4	5.0341004e-18
6.720001990473807e-09	0.22584605	-0.27860102	-0.82673645	0	0	0.4	4.9441065e-18
6.730056071041512e-09	0.26780182	-0.26939455	-0.82358605	0	0	0.4	4.359721e-18
6.740025364290916e-09	0.31347522	-0.2282262	-0.8152084	0	0	0.4	4.310271e-18
6.750010792655425e-09	0.33623025	-0.15583473	-0.80863917	0	0	0.4	5.003981e-18
6.760047304591066e-09	0.34717947	-0.09429988	-0.7989247	0	0	0.4	5.365061e-18
6.770006068099382e-09	0.35819378	0.0038751874	-0.7906359	0	0	0.4	5.0409826e-18
6.780010079504955e-09	0.33367312	0.118723	-0.788521	0	0	0.4	5.307269e-18
6.790045183337455e-09	0.28953326	0.18037072	-0.7801219	0	0	0.4	4.6998657e-18
6.800038937992557e-09	0.19063136	0.22570938	-0.76637924	0	0	0.4	4.1816445e-18
6.8100576271102395e-09	0.06314252	0.2107654	-0.7411134	0	0	0.4	4.5497903e-18
6.8200544257594995e-09	-0.034405112	0.113810666	-0.7308883	0	0	0.4	4.7526816e-18
6.8300182556486284e-09	-0.09858639	0.0038371063	-0.7200905	0	0	0.4	3.80906e-18
6.84003462032476e-09	-0.09566527	-0.13301142	-0.7219008	0	0	0.4	4.5776816e-18
6.850047772724813e-09	-0.0529715	-0.24320087	-0.70858246	0	0	0.4	3.9854683e-18
6.860050905534897e-09	0.024190929	-0.34004468	-0.70623094	0	0	0.4	5.3409563e-18
6.870037665087131e-09	0.1536343	-0.40619117	-0.69105506	0	0	0.4	4.8431003e-18
6.880009244841349e-09	0.27853462	-0.36483112	-0.6785119	0	0	0.4	4.049626e-18
6.8900024741343956e-09	0.38035214	-0.2476932	-0.6607511	0	0	0.4	4.3983104e-18
6.900056791135044e-09	0.4375864	-0.10802968	-0.6528855	0	0	0.4	4.4369435e-18
6.9100179636643895e-09	0.39933792	0.051005147	-0.6540413	0	0	0.4	4.451492e-18
6.920013595389891e-09	0.28893444	0.14556403	-0.6522262	0	0	0.4	3.9947716e-18
6.9300499319447806e-09	0.14721726	0.19264492	-0.6383687	0	0	0.4	5.0111954e-18
6.940002797177999e-09	-0.017121296	0.13646908	-0.62255526	0	0	0.4	4.323754e-18
6.950013610284879e-09	-0.10461409	1.4455448e-05	-0.6049053	0	0	0.4	4.4258195e-18
6.9600544789138096e-09	-0.113778785	-0.11307446	-0.59132105	0	0	0.4	4.8545683e-18
6.970034257147747e-09	-0.10424938	-0.26220232	-0.57634497	0	0	0.4	4.0821496e-18
6.980044169916842e-09	0.024728764	-0.42068368	-0.5613449	0	0	0.4	3.9704822e-18
6.990012506954947e-09	0.19626696	-0.46671954	-0.5707368	0	0	0.4	4.754301e-18
7.0000334219896e-09	0.35232395	-0.36137375	-0.5629941	0	0	0.4	4.4406186e-18
7.010012122730963e-09	0.40516174	-0.15961677	-0.54343385	0	0	0.4	4.6867466e-18
7.020065134887009e-09	0.30591166	0.03173654	-0.5370442	0	0	0.4	4.3296275e-18
7.030061069788937e-09	0.14296603	0.12900378	-0.5436085	0	0	0.4	3.2985684e-18
7.040051947255083e-09	0.008993984	0.16165572	-0.53910357	0	0	0.4	3.9905927e-18
7.050033663511461e-09	-0.16117103	0.14398304	-0.54107654	0	0	0.4	4.2003094e-18
7.060008328946079e-09	-0.27156252	0.0033221457	-0.52126676	0	0	0.4	3.811018e-18
7.070031673536486e-09	-0.29189053	-0.14351405	-0.50852865	0	0	0.4	3.880894e-18
7.080006924558917e-09	-0.22331761	-0.32984602	-0.49685585	0	0	0.4	3.6891747e-18
7.0900455209010415e-09	-0.017876057	-0.44028455	-0.4912969	0	0	0.4	4.170851e-18
7.1000552318137255e-09	0.21096922	-0.3865791	-0.49667645	0	0	0.4	4.3771672e-18
7.110060989052622e-09	0.3073039	-0.19314386	-0.4856753	0	0	0.4	3.6732825e-18
7.120044128261485e-09	0.2539124	0.020080078	-0.47480327	0	0	0.4	4.4121665e-18
7.130011500310213e-09	0.17134286	0.15745439	-0.47113872	0	0	0.4	3.897096e-18
7.140002126535653e-09	0.034545206	0.28616777	-0.47300142	0	0	0.4	4.995649e-18
7.150057205850342e-09	-0.18099588	0.30326155	-0.47160515	0	0	0.4	3.3561728e-18
7.160040954680232e-09	-0.34938395	0.1498618	-0.4673024	0	0	0.4	4.3590975e-18
7.170013358730064e-09	-0.38598228	-0.036002014	-0.44384938	0	0	0.4	3.5507596e-18
7.180001079963811e-09	-0.31334224	-0.2313724	-0.43102336	0	0	0.4	3.6455467e-18
7.190032608880521e-09	-0.14599046	-0.33640903	-0.42900965	0	0	0.4	3.9780216e-18
7.20002668069035e-09	0.06627353	-0.34180826	-0.42122883	0	0	0.4	4.523401e-18
7.210040091722512e-09	0.24382046	-0.21932949	-0.4057708	0	0	0.4	3.388534e-18
7.220026495178425e-09	0.31574154	-0.021084119	-0.38244393	0	0	0.4	3.2271424e-18
7.230005597515813e-09	0.24480201	0.21274848	-0.3521101	0	0	0.4	3.1952577e-18
7.24000900378687e-09	0.03527767	0.344765	-0.33634412	0	0	0.4	4.5148324e-18
7.250020166491544e-09	-0.14589107	0.36976615	-0.32791007	0	0	0.4	3.003706e-18
7.260030671287646e-09	-0.3336485	0.26066154	-0.31717193	0	0	0.4	3.623626e-18
7.270024334749171e-09	-0.39167973	0.020478394	-0.30341795	0	0	0.4	2.90228e-18
7.2800613682221e-09	-0.27029932	-0.21249144	-0.28064963	0	0	0.4	3.8648765e-18
7.290024203205543e-09	-0.052103657	-0.33976242	-0.26640525	0	0	0.4	3.5179437e-18
7.300004282031642e-09	0.17188646	-0.3206586	-0.26039428	0	0	0.4	3.6852807e-18
7.310030332090764e-09	0.30796996	-0.20438819	-0.26074964	0	0	0.4	2.7991107e-18
7.320036408766896e-09	0.36610225	-0.012573392	-0.24161157	0	0	0.4	3.4431788e-18
7.3300344610482225e-09	0.2829665	0.22858794	-0.23006977	0	0	0.4	3.2389994e-18
7.340024393925624e-09	0.021588102	0.40340328	-0.22572623	0	0	0.4	2.3086487e-18
7.350033991768653e-09	-0.21130581	0.3449271	-0.21514858	0	0	0.4	3.1043944e-18
7.360003851860174e-09	-0.3547025	0.20209296	-0.20370995	0	0	0.4	3.679415e-18
7.370037472465459e-09	-0.37902412	-0.026969526	-0.19745468	0	0	0.4	4.236554e-18
7.380017370221579e-09	-0.24007922	-0.26956576	-0.17803675	0	0	0.4	2.869121e-18
7.39002833339315e-09	0.042730972	-0.37316602	-0.1776965	0	0	0.4	2.967068e-18
7.400062955538037e-09	0.2848605	-0.27224895	-0.1680075	0	0	0.4	2.443085e-18
7.410060970086297e-09	0.39551246	-0.08521587	-0.16196965	0	0	0.4	3.0270548e-18
7.4200068173799375e-09	0.3607237	0.17536864	-0.15388778	0	0	0.4	3.5120778e-18
7.430052814283724e-09	0.12410646	0.3693728	-0.14874685	0	0	0.4	3.573456e-18
7.440037419976843e-09	-0.15999077	0.36018646	-0.14440651	0	0	0.4	2.3711935e-18
7.450028882412342e-09	-0.3349312	0.19119243	-0.14230168	0	0	0.4	2.4185258e-18
7.460037772762856e-09	-0.36463952	-0.044362836	-0.12709497	0	0	0.4	3.158249e-18
7.470060178434957e-09	-0.2643508	-0.26628432	-0.11896812	0	0	0.4	3.0485373e-18
7.480002680964247e-09	-0.011285629	-0.4180851	-0.11178942	0	0	0.4	3.6662063e-18
7.4900190890126e-09	0.26320177	-0.34856942	-0.10825337	0	0	0.4	3.4146535e-18
7.50000183098417e-09	0.38956016	-0.1118483	-0.10604956	0	0	0.4	3.9511035e-18
7.510000953859051e-09	0.33200675	0.12743184	-0.095327616	0	0	0.4	2.47299e-18
7.520061916788114e-09	0.13508129	0.32401592	-0.08410464	0	0	0.4	3.1139861e-18
7.530033068868666e-09	-0.1238001	0.38635698	-0.07071975	0	0	0.4	3.0604767e-18
7.540037277465107e-09	-0.35498023	0.2850886	-0.06013222	0	0	0.4	2.9787491e-18
7.550054128725265e-09	-0.47106534	0.03515989	-0.042797767	0	0	0.4	3.1232876e-18
7.560004065558793e-09	-0.32862413	-0.2712757	-0.027487356	0	0	0.4	1.5147402e-18
7.570028935587367e-09	-0.0594047	-0.39409378	-0.012432944	0	0	0.4	2.0385711e-18
7.58005728077075e-09	0.21045959	-0.32056633	0.00059171027	0	0	0.4	2.243959e-18
7.590021455192937e-09	0.3442039	-0.14710389	-0.0053744763	0	0	0.4	2.0089566e-18
7.600000379116426e-09	0.36996332	0.09101327	0.007924197	0	0	0.4	1.6154185e-18
7.61002083432405e-09	0.21286447	0.3501737	0.019010497	0	0	0.4	1.8079496e-18
7.620023802225747e-09	-0.11149922	0.39694032	0.033616878	0	0	0.4	2.4509496e-18
7.630060432536225e-09	-0.34744567	0.2207939	0.038582075	0	0	0.4	2.0792297e-18
7.640003104772761e-09	-0.39867327	-0.012872198	0.044609558	0	0	0.4	3.079518e-18
7.650060616080558e-09	-0.28825772	-0.24190824	0.057281945	0	0	0.4	2.086994e-18
7.660009295719206e-09	-0.047297265	-0.3658064	0.060549244	0	0	0.4	2.8623078e-18
7.670042892217647e-09	0.25038603	-0.2879572	0.056530092	0	0	0.4	1.545861e-18
7.680020841104678e-09	0.40265915	-0.051487938	0.062419422	0	0	0.4	3.4625251e-18
7.690047783339658e-09	0.3530789	0.21328326	0.071681656	0	0	0.4	3.245885e-18
7.70005300867134e-09	0.10972988	0.3903547	0.096098766	0	0	0.4	2.7322382e-18
7.710036321646375e-09	-0.14350517	0.385378	0.09303547	0	0	0.4	1.1166444e-18
7.720041735774833e-09	-0.35100934	0.21899001	0.0899076	0	0	0.4	1.2156367e-18
7.730010107254796e-09	-0.39226332	-0.04279221	0.11180633	0	0	0.4	2.582602e-18
7.740020572449117e-09	-0.23303278	-0.2768074	0.13515477	0	0	0.4	2.167403e-18
7.750044362179406e-09	0.032663897	-0.37055007	0.14216338	0	0	0.4	2.3720279e-18
7.760047528627487e-09	0.2541697	-0.28683442	0.14883985	0	0	0.4	1.8371359e-18
7.770012764148788e-09	0.39034978	-0.10300688	0.15553468	0	0	0.4	1.6372556e-18
7.780058679052792e-09	0.37064192	0.18219006	0.18255351	0	0	0.4	1.700662e-18
7.790001458290466e-09	0.10873175	0.3756535	0.20231688	0	0	0.4	2.5208716e-18
7.800038134261575e-09	-0.19399443	0.32034504	0.2145845	0	0	0.4	2.6791367e-18
7.810038236876776e-09	-0.35457516	0.14000006	0.22213057	0	0	0.4	1.0826225e-18
7.820005070192586e-09	-0.36469963	-0.087608315	0.24334131	0	0	0.4	1.385346e-18
7.830048469352988e-09	-0.21920209	-0.32261598	0.25018725	0	0	0.4	1.5994599e-18
7.840044588678652e-09	0.098081045	-0.3903381	0.2681444	0	0	0.4	2.3736283e-18
7.850058282101949e-09	0.33858764	-0.22038583	0.2744441	0	0	0.4	1.7982313e-18
7.860004288184212e-09	0.37790525	0.066887	0.28865767	0	0	0.4	1.1434871e-18
7.870002289162084e-09	0.21940553	0.3008022	0.30120876	0	0	0.4	1.8021494e-18
7.880045734140687e-09	-0.07666419	0.39460942	0.31761864	0	0	0.4	1.6059942e-18
7.890020736931313e-09	-0.31405312	0.22435136	0.3201357	0	0	0.4	2.1561892e-18
7.900020373571066e-09	-0.3438996	-0.025748955	0.32645893	0	0	0.4	1.5365459e-18
7.910011260354121e-09	-0.23902592	-0.23995505	0.35295781	0	0	0.4	6.6690636e-19
7.920000582223236e-09	0.0045442665	-0.34845328	0.36209577	0	0	0.4	2.0919416e-18
7.930019150910844e-09	0.25122967	-0.26820976	0.36327705	0	0	0.4	7.6883015e-19
7.94004537997495e-09	0.35625297	-0.03926338	0.36977512	0	0	0.4	1.4163734e-18
7.950026925115444e-09	0.29817212	0.20252118	0.38868442	0	0	0.4	7.1996736e-19
7.960014119990518e-09	0.07639724	0.3596432	0.3935049	0	0	0.4	1.8053163e-18
7.970033692088562e-09	-0.21351424	0.27923918	0.4053952	0	0	0.4	8.0585884e-19
7.980047398970103e-09	-0.37743652	0.011866318	0.41210163	0	0	0.4	1.3413527e-18
7.990050274022421e-09	-0.27536145	-0.26964033	0.4339362	0	0	0.4	1.0245906e-18
8.000053348643637e-09	-0.011296604	-0.39555594	0.4499608	0	0	0.4	5.8576454e-19
8.010030076957215e-09	0.24970159	-0.26781324	0.46249318	0	0	0.4	9.49974e-19
8.020044907649835e-09	0.31828427	0.029643709	0.479352	0	0	0.4	5.0069925e-19
8.03000482869682e-09	0.1972852	0.24427105	0.5003643	0	0	0.4	1.0923351e-18
8.040018777021759e-09	-0.015543158	0.32676798	0.5084457	0	0	0.4	1.1003894e-18
8.050004690407093e-09	-0.2563041	0.24108553	0.52020115	0	0	0.4	1.4026936e-18
8.06006061293014e-09	-0.35381904	-0.035694804	0.5226622	0	0	0.4	1.156304e-18
8.07005868497646e-09	-0.20319052	-0.3026444	0.5368443	0	0	0.4	4.613235e-19
8.080058172865912e-09	0.08477618	-0.3421291	0.54310495	0	0	0.4	4.24545e-19
8.0900185641261e-09	0.28829822	-0.13771425	0.55137825	0	0	0.4	-2.9591323e-20
8.100050981700104e-09	0.28093448	0.11056435	0.55579245	0	0	0.4	8.934628e-19
8.110011544405404e-09	0.15924296	0.26239637	0.57291746	0	0	0.4	1.1991222e-18
8.120013299929716e-09	-0.07653926	0.30671462	0.5861526	0	0	0.4	-5.129185e-19
8.13000268730506e-09	-0.28270653	0.15801893	0.5855496	0	0	0.4	1.3597543e-18
8.140022505023499e-09	-0.31727403	-0.12847444	0.58971685	0	0	0.4	2.563956e-19
8.150007607568748e-09	-0.10690239	-0.3195763	0.60329413	0	0	0.4	4.0020323e-21
8.1600361732377e-09	0.16801299	-0.28922775	0.6129491	0	0	0.4	1.0040862e-18
8.170041772060044e-09	0.30840874	-0.063536495	0.61605227	0	0	0.4	8.357041e-19
8.180041284606942e-09	0.23382246	0.18211816	0.6300716	0	0	0.4	6.0124843e-19
8.190034791083465e-09	0.025354324	0.30242357	0.6497829	0	0	0.4	-1.2683486e-18
8.200044349818168e-09	-0.19625978	0.2010104	0.65216005	0	0	0.4	-7.0179095e-20
8.210015293730059e-09	-0.28579593	0.0015280147	0.6526827	0	0	0.4	5.09412e-19
8.220049644422216e-09	-0.19934629	-0.21775857	0.6738826	0	0	0.4	5.1095593e-19
8.230034832795037e-09	0.030046213	-0.30396685	0.6857755	0	0	0.4	-4.6915807e-20
8.240000059752855e-09	0.26988223	-0.16834721	0.6941658	0	0	0.4	-4.2998872e-19
8.250058141105172e-09	0.2889484	0.12015561	0.7016567	0	0	0.4	4.0031333e-19
8.260032471867653e-09	0.08891527	0.28346428	0.719468	0	0	0.4	-5.0830523e-19
8.270036037100861e-09	-0.17295559	0.23161447	0.7237494	0	0	0.4	6.518401e-20
8.280018415408115e-09	-0.28563413	-0.00064604974	0.7336188	0	0	0.4	5.857479e-20
8.290026855052361e-09	-0.16623783	-0.22801512	0.7466122	0	0	0.4	-7.137011e-19
8.300011262284707e-09	0.07586072	-0.2526209	0.75913703	0	0	0.4	-3.624361e-19
8.310036021824412e-09	0.2357093	-0.077236846	0.7714921	0	0	0.4	2.9287086e-20
8.320024793917593e-09	0.19354653	0.14112072	0.78424394	0	0	0.4	6.4678793e-19
8.330028383517669e-09	0.0060021547	0.22451803	0.79393804	0	0	0.4	-1.4209903e-18
8.340043901341903e-09	-0.16474628	0.13761663	0.7986993	0	0	0.4	-3.5731375e-19
8.350045388659681e-09	-0.2263787	-0.05948409	0.7989664	0	0	0.4	-4.5717497e-19
8.360027718174586e-09	-0.0674069	-0.2510899	0.8149124	0	0	0.4	-5.454953e-19
8.370054951398013e-09	0.18447638	-0.17732829	0.8188359	0	0	0.4	-9.343016e-19
8.3800579721935e-09	0.23406987	0.08962889	0.829783	0	0	0.4	-1.0073989e-18
8.390016509128755e-09	0.0221498	0.24268961	0.8433331	0	0	0.4	-7.874616e-19
8.400028562593955e-09	-0.18498668	0.1243799	0.84160465	0	0	0.4	-7.321806e-19
8.410034942239899e-09	-0.1940109	-0.09885798	0.8570253	0	0	0.4	-6.021164e-19
8.420008644129655e-09	0.02133554	-0.24091569	0.8652736	0	0	0.4	-1.8613965e-19
8.430002142353268e-09	0.23416309	-0.053584997	0.8692564	0	0	0.4	-4.465259e-19
8.440042325048953e-09	0.12285491	0.23321635	0.88054615	0	0	0.4	-8.5436244e-19
8.450036323614383e-09	-0.20183058	0.17304052	0.88925606	0	0	0.4	-1.6264237e-18
8.4600394326668e-09	-0.2009959	-0.15683566	0.9007966	0	0	0.4	-4.1703474e-19
8.470058337256969e-09	0.097956255	-0.21452862	0.90837765	0	0	0.4	-1.1379157e-18
8.480014805000775e-09	0.20980999	0.04711247	0.91790426	0	0	0.4	-1.5772662e-18
8.490006884741468e-09	0.0075686225	0.19739705	0.92017835	0	0	0.4	-6.905052e-19
8.500000158790231e-09	-0.17016068	0.055585306	0.9301746	0	0	0.4	-3.3198865e-19
8.510060112993936e-09	-0.084758185	-0.14127187	0.9355782	0	0	0.4	-1.7298669e-18
8.520023912018096e-09	0.123555556	-0.10180557	0.9383281	0	0	0.4	-8.154991e-19
8.530000986613949e-09	0.13483575	0.13464367	0.93642163	0	0	0.4	-1.5267801e-18
8.54004263087107e-09	-0.118498474	0.1485095	0.938057	0	0	0.4	-5.5625683e-19
8.550045601394605e-09	-0.14680748	-0.09653167	0.94007546	0	0	0.4	-1.2941434e-18
8.560020371178003e-09	0.09242944	-0.13488682	0.945795	0	0	0.4	-6.6788455e-19
8.570024522045642e-09	0.1214612	0.05188761	0.9493834	0	0	0.4	-3.1494265e-18
8.580038708165297e-09	-0.0220114	0.124145515	0.95036757	0	0	0.4	-9.89373e-19
8.590044575657112e-09	-0.12822592	-0.01025781	0.9511532	0	0	0.4	-1.818138e-18
8.600006630322424e-09	-0.00638395	-0.11006647	0.9525872	0	0	0.4	-1.7421233e-19
8.610013106397054e-09	0.101499856	-0.017584449	0.9540889	0	0	0.4	-1.4916364e-18
8.620032700041934e-09	0.014538502	0.10167553	0.9540016	0	0	0.4	-1.27703e-19
8.630018872016648e-09	-0.08390667	0.026970446	0.9546089	0	0	0.4	-1.4166729e-18
8.640049473070337e-09	-0.02966885	-0.06276681	0.96176636	0	0	0.4	-1.3235504e-18
8.650049912165955e-09	0.05862641	-0.04160287	0.960652	0	0	0.4	-2.3236723e-18
8.660042224777224e-09	0.03497809	0.0435394	0.96593773	0	0	0.4	-5.3254994e-19
8.67001841161958e-09	-0.031935956	0.041001152	0.96443486	0	0	0.4	-1.4615502e-18
8.680010347985435e-09	-0.05201756	-0.01736087	0.9646794	0	0	0.4	-1.2140452e-18
8.690049925524272e-09	0.011472658	-0.041782152	0.9634532	0	0	0.4	-1.999496e-18
8.700014621493461e-09	0.03486545	-0.00097182	0.9627024	0	0	0.4	-1.8596228e-18
8.71004295897268e-09	0.0076618996	0.028960923	0.96426094	0	0	0.4	-8.771396e-19
8.720003260630364e-09	-0.02219319	0.008144024	0.96638256	0	0	0.4	-1.8029016e-18
8.730032894853871e-09	-0.038064163	-0.008824042	0.9651084	0	0	0.4	-2.8237304e-19
8.740061233311593e-09	0.028978419	-0.0676969	0.9619776	0	0	0.4	-9.097451e-19
8.75004697579632e-09	0.053129155	0.02321427	0.96590215	0	0	0.4	-1.912323e-18
8.760018708647847e-09	-0.020443937	0.0385382	0.96573204	0	0	0.4	-1.7924534e-18
8.770026663469339e-09	-0.046467457	-0.0117954	0.9664866	0	0	0.4	-4.612493e-19
8.780047690563224e-09	-0.009450008	-0.060476687	0.9634521	0	0	0.4	-7.482575e-19
8.790014778190122e-09	0.049595293	-0.024583148	0.9637875	0	0	0.4	-1.7096181e-18
8.800023807222384e-09	0.01946569	0.061104685	0.9650548	0	0	0.4	-2.127985e-18
8.810060497717271e-09	-0.054649066	0.034031298	0.9649718	0	0	0.4	-1.0474228e-18
8.82004994034257e-09	-0.039838936	-0.05336724	0.96634454	0	0	0.4	-1.4984022e-18
8.830002462254345e-09	0.039958846	-0.03163671	0.96539426	0	0	0.4	-1.5657576e-18
8.840019677891189e-09	0.04143117	0.037785556	0.9655324	0	0	0.4	-2.5768783e-18
8.850027511230292e-09	-0.030195288	0.03294406	0.96605486	0	0	0.4	-1.5439232e-18
8.860031326248522e-09	-0.039347913	-0.0031808247	0.96627355	0	0	0.4	-1.0659766e-18
8.87001362774538e-09	0.0051323064	-0.04166777	0.9648212	0	0	0.4	-1.126708e-18
8.88002731511789e-09	0.026062895	-0.010303406	0.9630516	0	0	0.4	-1.3543756e-18
8.890000636019053e-09	0.0023929172	0.015588396	0.9663941	0	0	0.4	-1.4759972e-18
8.900006431999216e-09	-0.020331929	-0.0005631394	0.96607774	0	0	0.4	-1.3916511e-18
8.910001387336166e-09	0.0076543028	-0.010880053	0.9686484	0	0	0.4	-2.4892561e-18
8.920029522618912e-09	0.0049360706	0.0044048573	0.96534157	0	0	0.4	-9.623266e-19
8.930011516227184e-09	0.0003816459	0.008868605	0.9656847	0	0	0.4	-1.0756259e-18
8.940028784281851e-09	-0.016249878	-0.0019958473	0.9634025	0	0	0.4	-1.7755537e-18
8.950037331600441e-09	-3.6200279e-06	-0.008453128	0.96504384	0	0	0.4	-6.3098485e-19
8.960010947893758e-09	0.019395757	0.0045129773	0.96863186	0	0	0.4	-9.823933e-19
8.970009609035798e-09	0.009975483	0.029392108	0.96360755	0	0	0.4	-1.3320574e-18
8.98001009127435e-09	-0.032704707	0.024206756	0.963746	0	0	0.4	-1.3264326e-18
8.990031525712385e-09	-0.03507627	-0.027518436	0.9636758	0	0	0.4	-4.805495e-19
9.000026403016484e-09	0.034661118	-0.046703998	0.9653398	0	0	0.4	-7.505139e-19
9.010010897886338e-09	0.044734206	0.034838736	0.9644403	0	0	0.4	-1.9697162e-18
9.02000613078953e-09	-0.035131622	0.046418454	0.96046907	0	0	0.4	-6.942828e-19
9.030033568420929e-09	-0.057729397	-0.029789064	0.96193886	0	0	0.4	-9.648271e-19
9.040059099860345e-09	0.030121118	-0.052653022	0.9612318	0	0	0.4	-2.0905724e-18
9.050011216237506e-09	0.05398696	0.03283531	0.96145034	0	0	0.4	-1.2523238e-18
9.060006267480481e-09	-0.02929336	0.0652732	0.96235603	0	0	0.4	-1.2979284e-18
9.070062059525514e-09	-0.053013574	-0.019163385	0.9623326	0	0	0.4	-1.3435775e-18
9.08002691413968e-09	-0.0069768536	-0.053445328	0.9633515	0	0	0.4	-1.3956322e-18
9.090002133992562e-09	0.06630312	-0.007731856	0.9650975	0	0	0.4	-1.5539153e-18
9.100024047261229e-09	0.020085203	0.08438584	0.96068394	0	0	0.4	-9.877762e-19
9.110015037135246e-09	-0.07557603	0.007929141	0.96407676	0	0	0.4	-1.3571039e-18
9.120004842274812e-09	-0.016124777	-0.06691888	0.9618058	0	0	0.4	-1.831312e-18
9.13005769989086e-09	0.078855276	-0.0142280385	0.9624662	0	0	0.4	-1.0597523e-18
9.14001158043911e-09	-0.00038345958	0.063321166	0.9629719	0	0	0.4	-1.2302446e-18
9.150023241771544e-09	-0.046964232	-0.007318218	0.9641595	0	0	0.4	-1.9264538e-18
9.160027943917194e-09	0.007424986	-0.03625815	0.9643791	0	0	0.4	-1.0512145e-18
9.1700321503136e-09	0.029868465	-0.0063571157	0.9621702	0	0	0.4	-1.5178405e-18
9.180050375049625e-09	0.009498723	0.025212951	0.9633774	0	0	0.4	-1.7212281e-18
9.190027270322752e-09	-0.02304071	0.02232609	0.9616895	0	0	0.4	-9.602397e-19
9.20002159508431e-09	-0.032741368	-0.029753188	0.9632024	0	0	0.4	-1.4345421e-18
9.210055493345043e-09	0.016033333	-0.045936212	0.96415067	0	0	0.4	-1.1603813e-18
9.220012809778747e-09	0.045780707	0.0039995206	0.9678655	0	0	0.4	-5.826026e-19
9.230004974844869e-09	-0.004141488	0.050287995	0.9638478	0	0	0.4	-1.0712352e-18
9.240008319977515e-09	-0.03839311	0.009104597	0.96463895	0	0	0.4	-8.5976734e-19
9.250035496558775e-09	-0.012266756	-0.04177435	0.962634	0	0	0.4	-9.602104e-19
9.260026255299524e-09	0.03139555	-0.022131164	0.9653669	0	0	0.4	-1.0928452e-18
9.270006152768945e-09	0.023265224	0.006421991	0.96380997	0	0	0.4	-1.3297824e-18
9.280008347726072e-09	-0.008108876	0.046058085	0.9633722	0	0	0.4	-2.0356789e-18
9.290022646377434e-09	-0.05235678	0.0014813076	0.9611768	0	0	0.4	-1.7109808e-18
9.300017787827387e-09	-0.0021769088	-0.043404747	0.9634483	0	0	0.4	-1.3464756e-18
9.310001415409586e-09	0.029160362	0.00021695533	0.96301955	0	0	0.4	-1.2726208e-18
9.320024642496405e-09	-0.0010592473	0.016694844	0.9624539	0	0	0.4	-2.0402184e-18
9.33000854197436e-09	-0.0039620167	0.00029589332	0.96270347	0	0	0.4	-7.5614725e-19
9.340016486777543e-09	0.004392766	0.009168066	0.9644597	0	0	0.4	-2.509441e-18
9.350012116617721e-09	-0.021033095	0.006703628	0.9641048	0	0	0.4	-1.9277022e-18
9.36002115471898e-09	-0.016561443	-0.0009847415	0.9639355	0	0	0.4	-1.8411388e-18
9.370047378717563e-09	-0.007980845	-0.011253941	0.9677276	0	0	0.4	-1.7197984e-18
9.380016150865006e-09	0.009911623	-0.027980354	0.9647346	0	0	0.4	-4.5401235e-19
9.390003511451126e-09	0.020555247	0.032255523	0.9638974	0	0	0.4	-1.3989919e-18
9.400054157488057e-09	-0.0200915	0.0068200594	0.96555334	0	0	0.4	-6.283865e-19
9.410055925818328e-09	0.006690006	-0.01515828	0.96566135	0	0	0.4	-1.2241149e-18
9.420013679699132e-09	0.009665348	0.004038537	0.96624064	0	0	0.4	-1.1894017e-18
9.430043318546248e-09	-0.007035159	0.008158969	0.96809703	0	0	0.4	-9.176258e-19
9.440031072203608e-09	-0.018739806	-0.0068646404	0.9668983	0	0	0.4	-1.9923e-18
9.450016229868731e-09	0.0061491323	-0.031083567	0.962206	0	0	0.4	-2.00087e-18
9.46005808690315e-09	0.027615303	0.0024231079	0.96272814	0	0	0.4	-7.9818483e-19
9.470050509083387e-09	0.009397585	0.021842316	0.96444434	0	0	0.4	-9.081435e-19
9.480024171044871e-09	-0.0057119513	0.008211016	0.96495396	0	0	0.4	-2.0719185e-18
9.49005182041017e-09	-0.013337492	0.0092797605	0.96645427	0	0	0.4	-1.7013458e-18
9.5000117864267e-09	-0.040335547	-0.016776979	0.9639162	0	0	0.4	-2.2786175e-18
9.510044825555454e-09	0.020374982	-0.036562517	0.9646908	0	0	0.4	-2.9588066e-18
9.520006852390691e-09	0.042743072	0.013600448	0.9666006	0	0	0.4	-6.9007336e-19
9.530045896496625e-09	-0.016959742	0.041868772	0.96516395	0	0	0.4	-1.5571302e-18
9.540051365951269e-09	-0.038051534	-0.016529577	0.9652032	0	0	0.4	-1.5042636e-18
9.55000388720823e-09	-0.0019733435	-0.0300395	0.96470785	0	0	0.4	-1.2688492e-18
9.560001452911716e-09	0.036178246	-0.0006070971	0.96336657	0	0	0.4	-1.6254298e-18
9.570045706029444e-09	0.008711473	0.028574113	0.960793	0	0	0.4	-1.7468719e-18
9.580047150939286e-09	-0.024952428	0.016395928	0.9626265	0	0	0.4	-1.0566121e-18
9.590020717637729e-09	-0.02185495	-0.025648164	0.9626191	0	0	0.4	-1.1533607e-18
9.600013870796997e-09	0.0116015645	-0.036878943	0.96225923	0	0	0.4	-1.2876484e-18
9.610003215809848e-09	0.027225818	0.018875366	0.96424544	0	0	0.4	-2.0477942e-18
9.620040275397767e-09	0.004538289	0.026858196	0.96511096	0	0	0.4	-1.281471e-18
9.630033265426294e-09	-0.023972368	-0.009004914	0.963317	0	0	0.4	-2.2059093e-18
9.640014792785167e-09	-0.0016778784	-0.026231075	0.9646829	0	0	0.4	-4.355615e-20
9.650039813401792e-09	0.034541618	-0.0033834488	0.9638087	0	0	0.4	-2.0425625e-18
9.660035392161716e-09	0.031484332	0.040740434	0.9647396	0	0	0.4	-7.6505216e-19
9.670013170229307e-09	-0.038884867	0.034590993	0.96221066	0	0	0.4	-1.4293608e-18
9.68000829838259e-09	-0.032850023	-0.032787237	0.9663934	0	0	0.4	-1.9122799e-18
9.690005230674123e-09	0.013897424	-0.026224263	0.9668665	0	0	0.4	-9.437899e-19
9.700031352954542e-09	0.017189542	0.0037921732	0.96509814	0	0	0.4	-1.386289e-18
9.710001006292819e-09	0.013465397	0.017493375	0.9639921	0	0	0.4	-8.5232225e-19
9.720057215467337e-09	-0.024688756	0.014362433	0.96558803	0	0	0.4	-1.5709574e-18
9.730059484302131e-09	-0.01819727	-0.0056748553	0.9685452	0	0	0.4	-1.4905789e-18
9.74004462256723e-09	0.019701986	-0.016907753	0.9668695	0	0	0.4	-1.3115642e-18
9.750048784701674e-09	0.016426178	0.01108713	0.96748066	0	0	0.4	-1.3213849e-18
9.760034087683336e-09	-0.014496562	0.002986619	0.9681443	0	0	0.4	-1.3791439e-18
9.77002593483433e-09	-0.011730516	0.0073410794	0.96719825	0	0	0.4	-1.3357967e-18
9.780054899398613e-09	-0.0066060736	-0.00070341234	0.9656942	0	0	0.4	-1.9134394e-18
9.790032527570134e-09	8.960898e-05	-0.010321502	0.9649517	0	0	0.4	-1.789185e-18
9.800042299388204e-09	0.024851428	0.005157973	0.9622681	0	0	0.4	-1.3650638e-18
9.810021670378806e-09	-0.023322828	0.01747921	0.96370405	0	0	0.4	-1.0380392e-18
9.820058577791857e-09	0.007678092	-0.037568703	0.9640095	0	0	0.4	-2.2078133e-18
9.830013248035811e-09	0.017108554	0.011798891	0.9657014	0	0	0.4	-7.1990625e-19
9.84005085340925e-09	-0.018505333	-0.013637751	0.96391577	0	0	0.4	-1.7140324e-18
9.850049778186147e-09	0.01530901	-0.036915246	0.96224076	0	0	0.4	-1.651751e-18
9.860034695653237e-09	0.024800183	0.02404881	0.9645184	0	0	0.4	-1.5087681e-18
9.870053045193071e-09	-0.02712662	0.00323822	0.96264076	0	0	0.4	-2.1513098e-18
9.880020774657775e-09	-0.011823668	-0.027785718	0.96028996	0	0	0.4	-1.1269309e-18
9.890029228762839e-09	0.019695336	-0.024063176	0.9624545	0	0	0.4	-1.7187238e-18
9.900031517096491e-09	0.01963313	0.020396087	0.9621791	0	0	0.4	-1.5369648e-18
9.910054095189728e-09	-0.014215083	0.03161932	0.9643382	0	0	0.4	-1.8133743e-18
9.920015867060757e-09	-0.024665842	-0.0054280898	0.96388817	0	0	0.4	-2.1408646e-18
9.930030719512481e-09	0.0116756335	-0.03736672	0.963036	0	0	0.4	-1.2537891e-18
9.940056218771008e-09	0.03960876	0.026454536	0.9646076	0	0	0.4	-1.4155207e-18
9.950017222697785e-09	-0.015560551	0.027184065	0.9653808	0	0	0.4	-1.437917e-18
9.96001449047613e-09	-0.035122715	-0.010196152	0.9674106	0	0	0.4	-1.6515228e-18
9.970020142333344e-09	0.016207213	-0.01936897	0.9673313	0	0	0.4	-1.4968223e-18
9.980008520373925e-09	0.024095085	0.00083543663	0.96581864	0	0	0.4	-2.5006598e-18
9.990010383617406e-09	0.0041431533	0.0261126	0.9647459	0	0	0.4	-1.1280461e-18
1e-08	-0.044005875	0.009762732	0.9653499	0	0	0.4	-1.2969589e-18
