# t (s)	mx ()	my ()	mz ()	B_extx (T)	B_exty (T)	B_extz (T)	E_total (J)
0	0	0	-1	0	0	0.41	1.3250005e-18
1.0015559263093423e-11	-0.0031691801	-0.0060597635	-0.97615075	0	0	0.41	4.267758e-18
2.003923788017423e-11	-0.011251021	-0.0035717033	-0.967596	0	0	0.41	4.2590856e-18
3.00146578692878e-11	-0.001673342	0.003148187	-0.9668504	0	0	0.41	5.0590693e-18
4.003524294383777e-11	-0.010331209	-0.003082552	-0.96369237	0	0	0.41	5.3281094e-18
5.0026263552807e-11	-0.01674068	0.0017202582	-0.96343094	0	0	0.41	4.103196e-18
6.001275120991497e-11	-0.014903106	-0.017390955	-0.9607772	0	0	0.41	5.055781e-18
7.00367641863493e-11	-0.00678217	-0.019658858	-0.9556062	0	0	0.41	4.6678906e-18
8.002034413229868e-11	0.019603359	-0.022159394	-0.9572766	0	0	0.41	3.466513e-18
9.00084797372276e-11	0.028457789	-0.025503412	-0.9560189	0	0	0.41	5.1561377e-18
1.000170725386278e-10	0.027643686	-0.008465946	-0.95676327	0	0	0.41	5.5766354e-18
1.1005883599039715e-10	0.01564078	-0.005410968	-0.9563188	0	0	0.41	4.487593e-18
1.200273889801258e-10	0.023448734	-0.01861657	-0.95264816	0	0	0.41	5.7048418e-18
1.300602754059877e-10	0.026929604	-0.030864377	-0.9554119	0	0	0.41	5.348282e-18
1.4006500039235086e-10	0.03561589	-0.035381112	-0.9536916	0	0	0.41	4.9268693e-18
1.5005821456660697e-10	0.029961549	-0.03131296	-0.955457	0	0	0.41	3.8881633e-18
1.6001832587225765e-10	0.02390769	-0.046069458	-0.95102245	0	0	0.41	5.7987772e-18
1.7006172711194246e-10	0.0237249	-0.0462158	-0.9469474	0	0	0.41	4.458875e-18
1.8004869539602096e-10	0.024245469	-0.05131009	-0.9471494	0	0	0.41	3.930158e-18
1.900158162313778e-10	0.028994245	-0.054048803	-0.9453848	0	0	0.41	4.89076e-18
2.0002263450785504e-10	0.046683002	-0.062451836	-0.9455589	0	0	0.41	4.768992e-18
2.1002227168121093e-10	0.043442152	-0.081264414	-0.9496083	0	0	0.41	4.120451e-18
2.2000027539113672e-10	0.028785659	-0.08606489	-0.9482506	0	0	0.41	4.3893967e-18
2.3001565014640878e-10	0.017115936	-0.0912621	-0.94980776	0	0	0.41	4.0217463e-18
2.4005284481142704e-10	-0.0072584925	-0.069103666	-0.9552024	0	0	0.41	3.780809e-18
2.500095273775809e-10	-0.012920382	-0.043897104	-0.9528153	0	0	0.41	3.9810036e-18
2.6006001082789703e-10	0.0080079455	-0.042920306	-0.95047015	0	0	0.41	5.0957146e-18
2.700204899893893e-10	0.004237016	-0.04360778	-0.9522771	0	0	0.41	4.3618623e-18
2.800260525391571e-10	0.02001218	-0.05081623	-0.9535891	0	0	0.41	4.5931855e-18
2.9001720476546525e-10	0.036997557	-0.043246485	-0.9477953	0	0	0.41	3.6335335e-18
3.000067683924055e-10	0.023347052	-0.05142414	-0.9455982	0	0	0.41	5.880673e-18
3.100289201312305e-10	0.007931895	-0.059379835	-0.94976944	0	0	0.41	4.4525135e-18
3.200398549200266e-10	0.011586783	-0.05473534	-0.95124733	0	0	0.41	4.473551e-18
3.3003775264167624e-10	-0.002025568	-0.03672523	-0.9470912	0	0	0.41	5.0488627e-18
3.4003300663985626e-10	-0.0025304907	-0.028459325	-0.94526386	0	0	0.41	4.3690634e-18
3.500463058682288e-10	-0.021374246	-0.020501215	-0.94466215	0	0	0.41	4.6112647e-18
3.600131275652178e-10	0.006073245	-0.013447646	-0.94581854	0	0	0.41	5.593365e-18
3.700461546602121e-10	0.014535787	-0.009888666	-0.9480034	0	0	0.41	4.4021332e-18
3.8005513284523144e-10	0.016280103	-0.015275825	-0.94461614	0	0	0.41	5.570029e-18
3.9005362649217906e-10	0.019185454	-0.019176923	-0.9477161	0	0	0.41	4.4848566e-18
4.0002932597353875e-10	0.016308721	-0.012775165	-0.94647926	0	0	0.41	3.4185658e-18
4.100198095761605e-10	-0.008996754	-0.00079994363	-0.94628215	0	0	0.41	4.7153336e-18
4.20033744656033e-10	-0.017535096	0.015942445	-0.94315374	0	0	0.41	4.4574526e-18
4.3000831944659855e-10	-0.020598851	0.041398715	-0.9429981	0	0	0.41	4.2599355e-18
4.4002325936875205e-10	-0.018496592	0.036992062	-0.9393319	0	0	0.41	5.0871128e-18
4.50050199805963e-10	-0.017819725	0.032421537	-0.93748814	0	0	0.41	4.533942e-18
4.6002904281470297e-10	-0.011130228	0.021282107	-0.9393491	0	0	0.41	5.158402e-18
4.700059937753794e-10	-0.0058831535	0.006621478	-0.94555897	0	0	0.41	4.7757967e-18
4.800593776047918e-10	-0.0026200546	-0.0021506764	-0.946718	0	0	0.41	5.1426116e-18
4.900129994750811e-10	-0.0047567054	-0.023134222	-0.9426519	0	0	0.41	5.5758057e-18
5.000599476137439e-10	-0.011260253	-0.032200996	-0.9384123	0	0	0.41	4.0652006e-18
5.100023482916993e-10	-0.023428379	-0.017302323	-0.9349896	0	0	0.41	5.397529e-18
5.200595504948705e-10	-0.027856374	-0.0051333653	-0.93736184	0	0	0.41	4.54508e-18
5.300347088937507e-10	-0.0041580317	0.038025197	-0.94230884	0	0	0.41	4.7904395e-18
5.40061449272726e-10	-0.00036547688	0.035950053	-0.9416189	0	0	0.41	4.341646e-18
5.500022353542119e-10	0.011706333	0.02632132	-0.93934953	0	0	0.41	5.3990385e-18
5.600270571436738e-10	0.026443236	0.016747383	-0.9392413	0	0	0.41	4.2742883e-18
5.700615694718822e-10	0.01697864	0.007610091	-0.9410362	0	0	0.41	4.781216e-18
5.800065120791855e-10	-0.020524105	0.0043985713	-0.9480278	0	0	0.41	4.5559276e-18
5.900331325315305e-10	-0.03147392	-0.0017133945	-0.9444114	0	0	0.41	4.791969e-18
6.00052028297845e-10	-0.036203127	0.009935556	-0.9378283	0	0	0.41	4.4208047e-18
6.100480233165486e-10	-0.026465017	0.023454739	-0.93727887	0	0	0.41	4.4865098e-18
6.200170700070118e-10	-0.008046407	0.03680492	-0.94123024	0	0	0.41	5.126164e-18
6.300571004779405e-10	0.0035114253	0.037011307	-0.9452503	0	0	0.41	4.5923794e-18
6.400370086893128e-10	-0.011476728	0.019205594	-0.94520223	0	0	0.41	4.945521e-18
6.500527275809947e-10	0.010594382	0.004114251	-0.94229865	0	0	0.41	4.057998e-18
6.600576865574053e-10	0.016223883	0.0051537286	-0.94412893	0	0	0.41	5.642751e-18
6.700628029913129e-10	0.0011845152	-0.014782482	-0.94275826	0	0	0.41	5.2054054e-18
6.800172214799676e-10	-0.003853213	-0.0018958224	-0.93965816	0	0	0.41	4.564845e-18
6.900265276673905e-10	-0.012150252	-0.002720638	-0.9454051	0	0	0.41	5.3887607e-18
7.00033255618448e-10	-0.015433549	-0.0053914688	-0.94233674	0	0	0.41	3.6946647e-18
7.10029108051616e-10	-0.014761751	0.026479948	-0.9386175	0	0	0.41	4.4745702e-18
7.200584503000949e-10	0.006803853	0.028104974	-0.9359214	0	0	0.41	5.075383e-18
7.300497016028782e-10	0.024703367	0.025195003	-0.9389364	0	0	0.41	4.6524947e-18
7.400248017946575e-10	0.019145656	0.023123132	-0.94081616	0	0	0.41	4.799075e-18
7.500331779655868e-10	0.033261944	0.0028334667	-0.93926996	0	0	0.41	4.598725e-18
7.600591597173103e-10	0.045635335	-0.006208416	-0.9433649	0	0	0.41	4.4146865e-18
7.700630035331708e-10	0.039194748	-0.0079245	-0.94049746	0	0	0.41	5.667619e-18
7.800594532837562e-10	0.034067735	-0.006092283	-0.9419348	0	0	0.41	4.7450347e-18
7.900421085054215e-10	0.02846501	-0.010445376	-0.94366306	0	0	0.41	4.6903775e-18
8.000044494597376e-10	0.03732402	0.006280758	-0.947007	0	0	0.41	4.8616014e-18
8.100360565468942e-10	0.048989877	0.018920684	-0.94756436	0	0	0.41	4.417191e-18
8.200531975225148e-10	0.067057475	0.001283506	-0.94414586	0	0	0.41	4.7003926e-18
8.30046583471043e-10	0.05417744	-0.026451577	-0.9496006	0	0	0.41	5.5113642e-18
8.400272320250179e-10	0.050282817	-0.026103454	-0.9524043	0	0	0.41	5.3180095e-18
8.500297879784297e-10	0.04714729	-0.017675383	-0.94875294	0	0	0.41	4.532775e-18
8.600595824092986e-10	0.03825507	-0.015126844	-0.9446564	0	0	0.41	4.929099e-18
8.700090833993371e-10	0.032324325	-0.009101583	-0.9422627	0	0	0.41	5.4961594e-18
8.800412925679107e-10	0.026782837	0.011520285	-0.9479516	0	0	0.41	6.247017e-18
8.900427323779544e-10	0.03681525	0.02428895	-0.9462829	0	0	0.41	4.0314314e-18
9.000029617647109e-10	0.045286264	0.037550718	-0.94846725	0	0	0.41	4.747847e-18
9.100083715121514e-10	0.050816037	0.026844312	-0.9449789	0	0	0.41	5.2517958e-18
9.200352093131469e-10	0.0498844	0.001859302	-0.9487772	0	0	0.41	4.910375e-18
9.30007520788672e-10	0.04578464	0.0037250326	-0.953005	0	0	0.41	4.0424887e-18
9.400439053962626e-10	0.04461372	-0.02436836	-0.9534413	0	0	0.41	4.6568213e-18
9.50006075647647e-10	0.029967083	-0.029536957	-0.9539319	0	0	0.41	4.722409e-18
9.600595034064176e-10	0.019565403	-0.021828078	-0.9516184	0	0	0.41	5.2796924e-18
9.700274590290437e-10	0.0028778003	-0.02326853	-0.9507454	0	0	0.41	4.372264e-18
9.800113637223228e-10	0.0061261524	-0.011377858	-0.9507265	0	0	0.41	4.4206674e-18
9.900510546101762e-10	0.010403049	-0.0020158356	-0.954191	0	0	0.41	4.5023743e-18
1.0000308337234384e-09	0.023491941	-0.014339904	-0.9544069	0	0	0.41	3.368289e-18
1.0100235803044527e-09	0.02312427	-0.015745949	-0.95279425	0	0	0.41	5.1057678e-18
1.020006994199217e-09	0.036685884	-0.027795566	-0.95398974	0	0	0.41	5.3374003e-18
1.0300255250804555e-09	0.023963027	-0.049769133	-0.9520581	0	0	0.41	5.1047466e-18
1.0400297847912444e-09	0.009408352	-0.04622602	-0.9548217	0	0	0.41	4.739752e-18
1.0500253040086584e-09	0.011448904	-0.021741627	-0.9538626	0	0	0.41	4.7133037e-18
1.0600402483187391e-09	0.0018487223	0.00460729	-0.9497966	0	0	0.41	5.001935e-18
1.0700340927294552e-09	0.0040487703	0.01855664	-0.9516874	0	0	0.41	4.4423172e-18
1.080057707190744e-09	0.004540696	0.022704834	-0.9511042	0	0	0.41	4.8651405e-18
1.0900531089898633e-09	0.022250805	0.011479724	-0.9516792	0	0	0.41	4.375937e-18
1.100041778037585e-09	0.024632733	-0.0031983124	-0.9518383	0	0	0.41	4.235698e-18
1.110054872678452e-09	0.026781358	-0.0051187156	-0.9523318	0	0	0.41	4.796084e-18
1.120008652347791e-09	0.016092295	-0.027561728	-0.952657	0	0	0.41	4.928886e-18
1.130051377272016e-09	0.018622022	-0.036529075	-0.95231473	0	0	0.41	4.4856404e-18
1.1400609428015132e-09	0.016723413	-0.036834482	-0.95407313	0	0	0.41	4.7744894e-18
1.150033228772791e-09	0.010123747	-0.044237763	-0.95364267	0	0	0.41	3.6932886e-18
1.1600054188647511e-09	0.0012301647	-0.036888883	-0.95359975	0	0	0.41	4.799983e-18
1.1700034818582926e-09	0.0033042936	-0.028514745	-0.9552308	0	0	0.41	5.24987e-18
1.180042133502239e-09	0.0036996268	-0.0022328077	-0.9575386	0	0	0.41	5.0345103e-18
1.190018438956197e-09	0.03983715	0.0072476324	-0.95568556	0	0	0.41	3.6027037e-18
1.2000385212646646e-09	0.043438572	-0.0038385545	-0.9544575	0	0	0.41	4.9065765e-18
1.210028875968038e-09	0.061431628	-0.027186897	-0.95267326	0	0	0.41	5.6147126e-18
1.2200145363003133e-09	0.06486941	-0.04558324	-0.9522087	0	0	0.41	5.2592127e-18
1.23003489701342e-09	0.04843024	-0.050743144	-0.95386845	0	0	0.41	4.5706204e-18
1.2400589292023778e-09	0.036435347	-0.06295132	-0.95172226	0	0	0.41	5.361613e-18
1.2500365352580546e-09	0.010208562	-0.058597133	-0.9538286	0	0	0.41	4.53889e-18
1.2600303663971903e-09	0.024841176	-0.048310563	-0.952907	0	0	0.41	4.998748e-18
1.270061931466108e-09	0.034597	-0.043669667	-0.95512706	0	0	0.41	4.5620347e-18
1.2800110803360962e-09	0.053108856	-0.047175005	-0.9508469	0	0	0.41	5.1952766e-18
1.290006699703349e-09	0.05803391	-0.040687747	-0.9506098	0	0	0.41	4.6391225e-18
1.3000587726076636e-09	0.06125566	-0.036857117	-0.9556396	0	0	0.41	4.9272097e-18
1.310003015963183e-09	0.066970505	-0.036969785	-0.9579301	0	0	0.41	4.491344e-18
1.3200249174652747e-09	0.06595301	-0.038166516	-0.95450896	0	0	0.41	4.1841496e-18
1.3300392487905706e-09	0.05333768	-0.048045937	-0.95504415	0	0	0.41	5.0581255e-18
1.340006855125364e-09	0.05769293	-0.04583511	-0.9533753	0	0	0.41	5.082619e-18
1.3500467027359068e-09	0.06182606	-0.03792803	-0.95645565	0	0	0.41	4.1162637e-18
1.3600493321691232e-09	0.05663348	-0.040995486	-0.9483465	0	0	0.41	4.188283e-18
1.3700047155529934e-09	0.05250907	-0.022216488	-0.94804	0	0	0.41	5.164306e-18
1.3800132793820953e-09	0.05867868	-0.026815856	-0.94669247	0	0	0.41	4.3890803e-18
1.39001402173552e-09	0.046170644	-0.02243089	-0.94466984	0	0	0.41	6.1081924e-18
1.4000497034154495e-09	0.03166244	-0.017581543	-0.94964606	0	0	0.41	4.6812273e-18
1.4100359519969267e-09	0.023194538	-0.026162757	-0.95011586	0	0	0.41	4.431266e-18
1.4200082284627828e-09	0.016018383	-0.023475206	-0.9480756	0	0	0.41	3.3361404e-18
1.430008335539462e-09	0.01033997	-0.0037451936	-0.9438307	0	0	0.41	4.9122696e-18
1.4400008253168965e-09	0.022993885	0.0063126083	-0.9439227	0	0	0.41	4.1805617e-18
1.4500378366225777e-09	0.03277836	0.0031286883	-0.94687897	0	0	0.41	4.479432e-18
1.460037698565298e-09	0.02187291	0.0118244765	-0.950882	0	0	0.41	5.113661e-18
1.4700029514205965e-09	0.03582476	0.01996777	-0.95269454	0	0	0.41	3.97992e-18
1.4800260087322058e-09	0.029637663	0.032164488	-0.951069	0	0	0.41	4.241241e-18
1.4900040133806591e-09	0.02938162	0.030598758	-0.95498985	0	0	0.41	3.9769537e-18
1.5000595663364678e-09	0.034924835	0.033708297	-0.9498796	0	0	0.41	4.9187025e-18
1.5100247137831775e-09	0.03115841	0.025271153	-0.947888	0	0	0.41	4.5666793e-18
1.520017223899786e-09	0.02650412	0.029653436	-0.9447338	0	0	0.41	5.1364347e-18
1.5300300354002156e-09	0.038545206	0.03440171	-0.9385776	0	0	0.41	4.8378386e-18
1.5400443015354099e-09	0.037571333	0.048970163	-0.92994	0	0	0.41	4.82895e-18
1.5500296706376492e-09	0.039474327	0.06991792	-0.9247157	0	0	0.41	4.145522e-18
1.5600046906635374e-09	0.029598778	0.061206285	-0.92692566	0	0	0.41	4.6198236e-18
1.5700066631162423e-09	0.016819296	0.05266028	-0.93117535	0	0	0.41	4.135897e-18
1.5800418932910175e-09	0.008120447	0.042131867	-0.9238884	0	0	0.41	3.6862477e-18
1.5900405735782897e-09	-0.015087203	0.03904032	-0.9281218	0	0	0.41	4.480566e-18
1.6000551431922083e-09	-0.02409315	0.028290842	-0.9279468	0	0	0.41	4.7417124e-18
1.6100186949085914e-09	-0.015296027	0.037671104	-0.93139905	0	0	0.41	4.9676294e-18
1.620015626948848e-09	-0.0014841827	0.0420163	-0.93788064	0	0	0.41	4.9540285e-18
1.6300276718107924e-09	-0.0064908294	0.046628855	-0.9430606	0	0	0.41	5.2012873e-18
1.6400006934769903e-09	0.001816468	0.049525876	-0.9483847	0	0	0.41	4.4975675e-18
1.6500116164682003e-09	0.012632347	0.038319934	-0.94968915	0	0	0.41	4.1015325e-18
1.6600097418643253e-09	0.008405185	0.040956628	-0.9493239	0	0	0.41	4.1686904e-18
1.6700524544318919e-09	0.014227512	0.014018081	-0.95159185	0	0	0.41	4.3215915e-18
1.6800214967957019e-09	0.024078771	0.02031461	-0.9469537	0	0	0.41	4.130851e-18
1.6900007948009248e-09	0.023570469	0.0249551	-0.9470014	0	0	0.41	4.1910024e-18
1.700052895100418e-09	0.0059431433	0.033055708	-0.9403249	0	0	0.41	4.1228315e-18
1.7100043970862625e-09	-0.0020932963	0.033792187	-0.9395689	0	0	0.41	4.7646344e-18
1.7200430530280883e-09	0.017597552	0.054300684	-0.9359499	0	0	0.41	5.322465e-18
1.7300445048742918e-09	0.00010955275	0.04436848	-0.93716234	0	0	0.41	5.2052193e-18
1.7400137501475883e-09	-0.010511105	0.02935202	-0.9373691	0	0	0.41	5.423823e-18
1.7500122049972807e-09	-0.008991908	0.008816949	-0.9439924	0	0	0.41	4.3374167e-18
1.7600274842062396e-09	-0.0030343991	-0.008995447	-0.943583	0	0	0.41	5.258979e-18
1.770039824555522e-09	-0.027772317	0.0060009756	-0.94437057	0	0	0.41	4.4772044e-18
1.780057558832771e-09	-0.04309489	-0.0015987364	-0.9424804	0	0	0.41	4.527968e-18
1.7900156458999327e-09	-0.065886386	-0.0010461306	-0.94192284	0	0	0.41	4.5322425e-18
1.800002200375957e-09	-0.07052573	0.010181104	-0.9426175	0	0	0.41	5.0104795e-18
1.8100098773122527e-09	-0.05861979	0.03198929	-0.94247454	0	0	0.41	4.099355e-18
1.8200179234619024e-09	-0.056712437	0.034192804	-0.94360036	0	0	0.41	4.291731e-18
1.830044552916631e-09	-0.05121341	0.022681285	-0.94258523	0	0	0.41	4.077585e-18
1.8400543110000074e-09	-0.06269449	-0.012445112	-0.9392744	0	0	0.41	4.3790722e-18
1.8500030203407652e-09	-0.06336973	-0.023111489	-0.9367699	0	0	0.41	4.3032516e-18
1.8600545339890052e-09	-0.06386555	-0.04508533	-0.9286433	0	0	0.41	5.073755e-18
1.870002115831231e-09	-0.07059835	-0.0556864	-0.92410564	0	0	0.41	5.0369145e-18
1.8800052587346022e-09	-0.05396065	-0.05949012	-0.91986656	0	0	0.41	5.0215583e-18
1.8900481684648128e-09	-0.057060476	-0.061614312	-0.9177575	0	0	0.41	4.6498903e-18
1.9000345211316145e-09	-0.06412835	-0.05135734	-0.92179954	0	0	0.41	4.8960473e-18
1.910045303429297e-09	-0.064177684	-0.048309434	-0.9210349	0	0	0.41	5.5559877e-18
1.9200558184287544e-09	-0.04048793	-0.05041659	-0.9193127	0	0	0.41	4.7118383e-18
1.93003794788607e-09	-0.029306406	-0.03403791	-0.926984	0	0	0.41	5.1842366e-18
1.940042704717332e-09	-0.046622064	-0.031241525	-0.93222994	0	0	0.41	5.1388145e-18
1.9500248094033145e-09	-0.05289755	-0.032844484	-0.93795514	0	0	0.41	4.6150834e-18
1.9600413789690696e-09	-0.05669227	-0.021808708	-0.9442581	0	0	0.41	4.348814e-18
1.970018076300452e-09	-0.0653861	-0.019081581	-0.94527936	0	0	0.41	3.947864e-18
1.9800394828879686e-09	-0.07608836	-0.00537749	-0.9483295	0	0	0.41	5.030047e-18
1.99000990007702e-09	-0.06757439	-0.012319779	-0.9473013	0	0	0.41	4.560238e-18
2.000062137039805e-09	-0.09312181	-0.004651004	-0.9414719	0	0	0.41	3.6509994e-18
2.0100431163521646e-09	-0.08646243	0.007440264	-0.9335353	0	0	0.41	5.5816092e-18
2.020038936447736e-09	-0.094697915	-0.021266289	-0.92894924	0	0	0.41	4.4255184e-18
2.0300121386129125e-09	-0.09571759	-0.015597144	-0.9286807	0	0	0.41	4.8819935e-18
2.0400137758766785e-09	-0.07226513	-0.02558873	-0.9320405	0	0	0.41	4.2153058e-18
2.0500249732366874e-09	-0.088303454	-0.02901656	-0.9235411	0	0	0.41	4.9397506e-18
2.0600272152503798e-09	-0.108968616	-0.025326353	-0.9232806	0	0	0.41	4.2562843e-18
2.0700619935562262e-09	-0.10715701	-0.016109971	-0.92084384	0	0	0.41	5.0035113e-18
2.0800514222960588e-09	-0.114392765	-0.0365698	-0.92055506	0	0	0.41	4.914558e-18
2.090019841996573e-09	-0.11897779	-0.038848188	-0.92333686	0	0	0.41	4.621073e-18
2.100040129315858e-09	-0.12602082	-0.035632618	-0.92134035	0	0	0.41	4.6815747e-18
2.110063755675755e-09	-0.13317001	-0.038997736	-0.92502254	0	0	0.41	4.83548e-18
2.1200009258250134e-09	-0.14686069	-0.04239664	-0.9217055	0	0	0.41	4.828712e-18
2.1300260424955577e-09	-0.14132622	-0.02217005	-0.927225	0	0	0.41	4.8667705e-18
2.140034758416839e-09	-0.12774286	-0.017016426	-0.93378437	0	0	0.41	3.73671e-18
2.1500231446760585e-09	-0.1288964	-0.019192956	-0.93327445	0	0	0.41	4.1714764e-18
2.1600296832844714e-09	-0.11900662	-0.015807034	-0.9321068	0	0	0.41	3.9928124e-18
2.170026936897079e-09	-0.104054905	-0.03660775	-0.9321896	0	0	0.41	3.6347532e-18
2.180060038937511e-09	-0.11969815	-0.036132973	-0.93196136	0	0	0.41	3.740653e-18
2.1900070430280307e-09	-0.13190944	-0.05674544	-0.92950445	0	0	0.41	4.928073e-18
2.2000557864828144e-09	-0.13652763	-0.075697154	-0.92886084	0	0	0.41	5.0922004e-18
2.210004935060155e-09	-0.14355451	-0.079284295	-0.9255997	0	0	0.41	5.5864615e-18
2.220015286379031e-09	-0.14534976	-0.068080075	-0.9236588	0	0	0.41	5.6023686e-18
2.230000068986235e-09	-0.134519	-0.060748875	-0.9293756	0	0	0.41	4.631769e-18
2.2400244463444925e-09	-0.12939909	-0.046018884	-0.924139	0	0	0.41	3.728254e-18
2.2500614810332552e-09	-0.11715739	-0.049165886	-0.9288566	0	0	0.41	4.9366735e-18
2.260062249498355e-09	-0.10376999	-0.052253347	-0.93432397	0	0	0.41	4.4333175e-18
2.270052942308447e-09	-0.121067144	-0.06711243	-0.9304199	0	0	0.41	4.9694372e-18
2.2800259947817336e-09	-0.10355849	-0.08233715	-0.9255064	0	0	0.41	5.3366955e-18
2.2900605249774395e-09	-0.10308351	-0.091602765	-0.9271912	0	0	0.41	5.8029495e-18
2.3000008888541116e-09	-0.099330075	-0.08587154	-0.93043035	0	0	0.41	5.2772444e-18
2.3100061425386286e-09	-0.11458512	-0.09548847	-0.929311	0	0	0.41	4.573986e-18
2.3200203210623586e-09	-0.10440365	-0.08404582	-0.93497455	0	0	0.41	5.284641e-18
2.330018816887153e-09	-0.10019827	-0.064414375	-0.94297844	0	0	0.41	5.9901355e-18
2.3400158807146615e-09	-0.102775596	-0.073193	-0.9406032	0	0	0.41	4.1884807e-18
2.3500380640102993e-09	-0.09951311	-0.06164132	-0.9417931	0	0	0.41	4.3160808e-18
2.360037380108431e-09	-0.079974905	-0.0756696	-0.9429488	0	0	0.41	4.511074e-18
2.370042322670212e-09	-0.08048345	-0.0661272	-0.9484316	0	0	0.41	5.208347e-18
2.380053554864718e-09	-0.10228297	-0.053026304	-0.94895715	0	0	0.41	4.633027e-18
2.3900648911728776e-09	-0.12186922	-0.05783468	-0.94884485	0	0	0.41	4.0876842e-18
2.400030222215801e-09	-0.1335883	-0.05554062	-0.9445029	0	0	0.41	4.203405e-18
2.410033314684581e-09	-0.13938354	-0.060135666	-0.94408345	0	0	0.41	4.1713713e-18
2.4200440295273087e-09	-0.12823819	-0.068861224	-0.9479004	0	0	0.41	4.5190076e-18
2.430040210113594e-09	-0.10702338	-0.057709735	-0.95301014	0	0	0.41	4.648962e-18
2.4400099041737856e-09	-0.09383996	-0.05688657	-0.9559684	0	0	0.41	5.578147e-18
2.4500072908896328e-09	-0.09837204	-0.04670777	-0.95013505	0	0	0.41	4.796966e-18
2.4600545819656183e-09	-0.089983486	-0.03692477	-0.95209837	0	0	0.41	4.4669838e-18
2.470022986108528e-09	-0.09170036	-0.038097236	-0.9555104	0	0	0.41	4.975126e-18
2.4800417141840607e-09	-0.10246879	-0.051936164	-0.9538912	0	0	0.41	5.3490143e-18
2.4900269591563776e-09	-0.106487684	-0.056727584	-0.9526463	0	0	0.41	5.641054e-18
2.5000277111877375e-09	-0.108206935	-0.05652264	-0.9533032	0	0	0.41	4.280454e-18
2.5100069863201288e-09	-0.11986724	-0.035294816	-0.9520685	0	0	0.41	4.7061527e-18
2.520061212738773e-09	-0.12836865	-0.024772493	-0.94903535	0	0	0.41	5.016511e-18
2.5300143930904303e-09	-0.14638841	-0.026561948	-0.94381607	0	0	0.41	5.159719e-18
2.540058307898807e-09	-0.14286925	-0.03612838	-0.94555545	0	0	0.41	5.2901873e-18
2.5500443740916107e-09	-0.153046	-0.016885396	-0.94297945	0	0	0.41	4.057115e-18
2.5600466457386234e-09	-0.14007601	-0.013208551	-0.9409363	0	0	0.41	4.93141e-18
2.5700206417104694e-09	-0.15011634	-0.011577693	-0.94218063	0	0	0.41	4.6981232e-18
2.5800578097016217e-09	-0.15131803	-0.015588782	-0.9431029	0	0	0.41	4.6251663e-18
2.590004398118587e-09	-0.1478119	-0.033316933	-0.943395	0	0	0.41	4.5616992e-18
2.6000551276022377e-09	-0.15447265	-0.052930497	-0.9417067	0	0	0.41	5.1815735e-18
2.6100537244041686e-09	-0.16900219	-0.07061243	-0.93592644	0	0	0.41	5.131662e-18
2.6200559250834854e-09	-0.17742394	-0.03708756	-0.93287313	0	0	0.41	4.3694306e-18
2.630006739179607e-09	-0.171568	-0.02202277	-0.9322319	0	0	0.41	5.1456904e-18
2.6400106276509005e-09	-0.17327882	-0.028890755	-0.9299296	0	0	0.41	3.565041e-18
2.6500618839690764e-09	-0.17450772	-0.038715493	-0.92568904	0	0	0.41	4.666847e-18
2.6600300996796023e-09	-0.1876932	-0.05352215	-0.9187944	0	0	0.41	4.969602e-18
2.6700253724448497e-09	-0.18598565	-0.05905392	-0.91567135	0	0	0.41	5.141798e-18
2.6800606156586863e-09	-0.17771111	-0.06530678	-0.91442436	0	0	0.41	4.262298e-18
2.6900631679292943e-09	-0.17520572	-0.06375979	-0.91417676	0	0	0.41	5.2600705e-18
2.7000095898184766e-09	-0.18600789	-0.062823124	-0.9151441	0	0	0.41	4.3706805e-18
2.7100292087526517e-09	-0.17306606	-0.05883699	-0.91586006	0	0	0.41	5.2013055e-18
2.7200167959765895e-09	-0.17866103	-0.0614388	-0.9162433	0	0	0.41	4.445297e-18
2.730043934344542e-09	-0.16119023	-0.06364567	-0.91599804	0	0	0.41	4.922226e-18
2.7400586233639337e-09	-0.17566098	-0.061457634	-0.920884	0	0	0.41	3.8214925e-18
2.750008727564663e-09	-0.14133544	-0.08289722	-0.921045	0	0	0.41	3.940988e-18
2.760047340905699e-09	-0.12941523	-0.08641384	-0.9230785	0	0	0.41	5.1007352e-18
2.770003036702262e-09	-0.124204814	-0.08945992	-0.9180068	0	0	0.41	5.1442672e-18
2.7800060830992023e-09	-0.1227474	-0.11389449	-0.92278165	0	0	0.41	4.4573645e-18
2.7900312010557357e-09	-0.13674141	-0.12152542	-0.9230572	0	0	0.41	4.28798e-18
2.8000056721091427e-09	-0.14532268	-0.119239114	-0.921754	0	0	0.41	4.8551924e-18
2.810041618637592e-09	-0.12907049	-0.11049709	-0.9283519	0	0	0.41	5.058155e-18
2.8200180693452177e-09	-0.14732656	-0.103271976	-0.9275742	0	0	0.41	4.5296927e-18
2.830066498705829e-09	-0.14125739	-0.08432321	-0.9350353	0	0	0.41	4.2350266e-18
2.840054298603236e-09	-0.12922983	-0.093669176	-0.93013257	0	0	0.41	4.467574e-18
2.8500466611238945e-09	-0.11554891	-0.1078442	-0.93164647	0	0	0.41	4.519469e-18
2.860021044271443e-09	-0.115514785	-0.11978682	-0.9230557	0	0	0.41	4.252411e-18
2.870038874568267e-09	-0.10064979	-0.13438457	-0.9196659	0	0	0.41	4.486599e-18
2.880012996082014e-09	-0.09030134	-0.15524362	-0.9079994	0	0	0.41	4.503974e-18
2.8900010638477538e-09	-0.09323092	-0.1671882	-0.90439624	0	0	0.41	3.7285265e-18
2.900040003515689e-09	-0.0982644	-0.18433292	-0.9003177	0	0	0.41	4.9456116e-18
2.910046907226204e-09	-0.09673161	-0.21906984	-0.8956743	0	0	0.41	5.4959257e-18
2.920038259769894e-09	-0.07843817	-0.21999216	-0.89704806	0	0	0.41	5.2169347e-18
2.930032819731986e-09	-0.07578455	-0.21288931	-0.9020411	0	0	0.41	5.170899e-18
2.940060370774677e-09	-0.060623452	-0.19508125	-0.9077578	0	0	0.41	4.9964013e-18
2.9500472578992226e-09	-0.053016156	-0.19071186	-0.90648085	0	0	0.41	5.3874207e-18
2.9600363094294298e-09	-0.03105054	-0.18399142	-0.9041079	0	0	0.41	4.7998975e-18
2.9700253283106404e-09	-0.01022368	-0.18793882	-0.90473616	0	0	0.41	5.0441565e-18
2.980024916111026e-09	0.005536084	-0.18386023	-0.91075385	0	0	0.41	4.272829e-18
2.990055160624265e-09	0.018802451	-0.18498181	-0.9140306	0	0	0.41	4.273489e-18
3.000017283673786e-09	0.027549753	-0.18611355	-0.9149719	0	0	0.41	4.646373e-18
3.0100641726121764e-09	0.03737741	-0.18429066	-0.91484845	0	0	0.41	4.506332e-18
3.0200484849820654e-09	0.042944077	-0.1689394	-0.9168138	0	0	0.41	4.2222078e-18
3.0300041498674168e-09	0.041664477	-0.16296992	-0.9206731	0	0	0.41	5.2298672e-18
3.040042269932566e-09	0.05050558	-0.14114742	-0.9260544	0	0	0.41	3.8433495e-18
3.050055132057978e-09	0.05646616	-0.15379508	-0.9277321	0	0	0.41	4.4171374e-18
3.060013425469395e-09	0.060442176	-0.14311713	-0.9343365	0	0	0.41	4.3194962e-18
3.0700163478268367e-09	0.08186722	-0.13974828	-0.9343645	0	0	0.41	5.0341265e-18
3.0800243487972906e-09	0.08213068	-0.14201207	-0.9333128	0	0	0.41	5.606326e-18
3.0900503158849095e-09	0.06444433	-0.15385006	-0.93745714	0	0	0.41	5.2563473e-18
3.1000586405924428e-09	0.06371929	-0.16566756	-0.93164736	0	0	0.41	5.2529956e-18
3.1100019666565046e-09	0.053849217	-0.16319391	-0.9294119	0	0	0.41	4.1118623e-18
3.1200602166203e-09	0.02762097	-0.14362049	-0.9302807	0	0	0.41	4.2360006e-18
3.1300062642363082e-09	0.03716699	-0.13300218	-0.9284421	0	0	0.41	4.8839667e-18
3.1400189777209347e-09	0.052866556	-0.13026772	-0.9293438	0	0	0.41	5.4045984e-18
3.1500367886158005e-09	0.067037545	-0.10427762	-0.9300209	0	0	0.41	4.3403982e-18
3.1600608712925354e-09	0.065429606	-0.10171297	-0.93050504	0	0	0.41	4.7738918e-18
3.1700165933322405e-09	0.07106982	-0.1171833	-0.9241742	0	0	0.41	3.656183e-18
3.1800247399706413e-09	0.06776772	-0.103121474	-0.9295036	0	0	0.41	4.42322e-18
3.190032008636003e-09	0.07045195	-0.078728594	-0.9330864	0	0	0.41	3.4295028e-18
3.2000565722678803e-09	0.078348204	-0.070502356	-0.94281834	0	0	0.41	4.0993744e-18
3.210002084622332e-09	0.06951511	-0.0792028	-0.9449438	0	0	0.41	4.80753e-18
3.220013879427397e-09	0.08287177	-0.07734431	-0.9455225	0	0	0.41	4.6617054e-18
3.230001696612111e-09	0.08851553	-0.0731062	-0.9457907	0	0	0.41	4.6643706e-18
3.2400055455316345e-09	0.06860053	-0.09382537	-0.9425408	0	0	0.41	4.8067767e-18
3.2500005449926935e-09	0.061554752	-0.092234805	-0.9426092	0	0	0.41	4.112863e-18
3.260052667128106e-09	0.053675495	-0.08851909	-0.93565947	0	0	0.41	5.4234544e-18
3.2700341902474647e-09	0.059206348	-0.08691957	-0.9267906	0	0	0.41	4.504015e-18
3.2800363226624284e-09	0.054496303	-0.08007138	-0.92497367	0	0	0.41	5.483617e-18
3.2900244207382877e-09	0.07080582	-0.08314118	-0.9241193	0	0	0.41	4.989497e-18
3.300036646980717e-09	0.08389991	-0.06897767	-0.9223484	0	0	0.41	4.1621623e-18
3.310051275567137e-09	0.104029775	-0.06925453	-0.9218297	0	0	0.41	5.389806e-18
3.3200512168580847e-09	0.116489865	-0.054666884	-0.9224525	0	0	0.41	5.0537286e-18
3.330035288346512e-09	0.11861739	-0.05429092	-0.926127	0	0	0.41	4.3002457e-18
3.3400254453446795e-09	0.11190127	-0.059431925	-0.92608446	0	0	0.41	4.3471646e-18
3.350007137137788e-09	0.11320812	-0.058184158	-0.93639237	0	0	0.41	4.401912e-18
3.360031458809892e-09	0.11738746	-0.058566596	-0.9434187	0	0	0.41	4.215095e-18
3.3700512295639603e-09	0.12138254	-0.07306481	-0.9375287	0	0	0.41	4.7785715e-18
3.3800632567485996e-09	0.12475371	-0.07427267	-0.9413866	0	0	0.41	3.8774443e-18
3.3900371842851735e-09	0.1385796	-0.09167062	-0.939385	0	0	0.41	4.724944e-18
3.4000262630259377e-09	0.123248585	-0.10079144	-0.9404026	0	0	0.41	4.1658755e-18
3.4100552630814696e-09	0.1184518	-0.101685286	-0.9368856	0	0	0.41	4.115405e-18
3.4200043585050573e-09	0.11926508	-0.097855024	-0.9369037	0	0	0.41	3.893224e-18
3.4300414235346263e-09	0.120855436	-0.103853084	-0.9285786	0	0	0.41	4.74702e-18
3.440042643180136e-09	0.14423679	-0.102685	-0.9238932	0	0	0.41	5.3400973e-18
3.4500361260970444e-09	0.15248643	-0.09564907	-0.9224858	0	0	0.41	5.6502197e-18
3.4600453015126098e-09	0.15917873	-0.09649172	-0.9228866	0	0	0.41	5.3917754e-18
3.4700472097488037e-09	0.16751166	-0.08833539	-0.9252832	0	0	0.41	4.5149433e-18
3.4800039564303974e-09	0.17423941	-0.11177545	-0.9190789	0	0	0.41	4.7440988e-18
3.4900208115580464e-09	0.17801549	-0.11013872	-0.9187814	0	0	0.41	4.052354e-18
3.5000325134621067e-09	0.16685112	-0.102874614	-0.92075676	0	0	0.41	4.9367868e-18
3.5100178795230703e-09	0.18788408	-0.10502707	-0.9174909	0	0	0.41	4.8423807e-18
3.520055089948896e-09	0.19017653	-0.108501755	-0.9198425	0	0	0.41	4.0552132e-18
3.530016573994191e-09	0.18564087	-0.10071931	-0.91865677	0	0	0.41	5.4865306e-18
3.5400051390178532e-09	0.17984563	-0.095667	-0.91834295	0	0	0.41	3.9668737e-18
3.550045670993541e-09	0.1653646	-0.088586375	-0.91915655	0	0	0.41	5.099825e-18
3.560004029481754e-09	0.14570631	-0.07249966	-0.9204724	0	0	0.41	4.6808827e-18
3.570019284530991e-09	0.13927236	-0.056751914	-0.9198222	0	0	0.41	4.8166983e-18
3.580047877429562e-09	0.121957526	-0.06334561	-0.9228968	0	0	0.41	5.3780053e-18
3.5900612496275366e-09	0.10642184	-0.03545838	-0.9220425	0	0	0.41	4.126701e-18
3.6000501374625478e-09	0.11143582	-0.020575909	-0.9195363	0	0	0.41	5.3042882e-18
3.61000674712175e-09	0.12641267	-0.03560298	-0.9170656	0	0	0.41	4.2547536e-18
3.6200166610790473e-09	0.121501245	-0.04430077	-0.9181964	0	0	0.41	4.4203916e-18
3.630016594008471e-09	0.12252005	-0.027551657	-0.9180452	0	0	0.41	5.489625e-18
3.640015066859701e-09	0.12139406	-0.043675743	-0.9193309	0	0	0.41	4.0489296e-18
3.650051560412861e-09	0.14103477	-0.029541805	-0.92467594	0	0	0.41	4.1820866e-18
3.6600554794766767e-09	0.15884869	-0.014008564	-0.9242546	0	0	0.41	5.420429e-18
3.670049142523672e-09	0.16464952	-0.0127449855	-0.9270167	0	0	0.41	4.6238714e-18
3.6800257632281152e-09	0.1625926	0.0009237123	-0.9278692	0	0	0.41	3.6925727e-18
3.690058902835452e-09	0.14935769	0.0026691759	-0.9275147	0	0	0.41	4.832179e-18
3.7000621275940467e-09	0.15064439	0.0085684955	-0.93401	0	0	0.41	5.8793037e-18
3.7100100823395344e-09	0.16821395	-0.0035944101	-0.9334695	0	0	0.41	4.367188e-18
3.72001334689083e-09	0.15677711	-0.010021137	-0.93752533	0	0	0.41	3.895149e-18
3.730059149512692e-09	0.15455078	-0.0031576273	-0.9373975	0	0	0.41	5.1426973e-18
3.740029882153176e-09	0.158757	0.011648796	-0.9334823	0	0	0.41	4.5014966e-18
3.7500656894328875e-09	0.15582493	0.022343539	-0.9365101	0	0	0.41	3.8489198e-18
3.760007619540626e-09	0.15893538	0.049718067	-0.9384573	0	0	0.41	4.516045e-18
3.770031389642718e-09	0.16531022	0.034331933	-0.94294477	0	0	0.41	4.315003e-18
3.7800568409288815e-09	0.15807977	0.0302272	-0.9428126	0	0	0.41	4.5219098e-18
3.790001929333804e-09	0.15674327	0.031651475	-0.9392324	0	0	0.41	5.2531734e-18
3.80000127642059e-09	0.16520321	0.021072702	-0.9389121	0	0	0.41	4.4622064e-18
3.810003379940271e-09	0.15733215	0.0051409127	-0.9401815	0	0	0.41	5.2737454e-18
3.820031363397184e-09	0.16553254	0.018818457	-0.93565	0	0	0.41	5.012291e-18
3.830034558322078e-09	0.1699077	0.02936796	-0.93310875	0	0	0.41	4.5867827e-18
3.8400643740279935e-09	0.15486914	0.016723024	-0.9362931	0	0	0.41	4.9671025e-18
3.850054298508398e-09	0.15461826	0.017584238	-0.9362355	0	0	0.41	4.1587585e-18
3.860039982168525e-09	0.13955972	0.014003993	-0.9351072	0	0	0.41	4.516558e-18
3.87000932374998e-09	0.14371869	0.016543822	-0.93796986	0	0	0.41	4.9116752e-18
3.880020597247767e-09	0.14724128	0.044347875	-0.937659	0	0	0.41	4.5992665e-18
3.890025165222725e-09	0.15904336	0.06474722	-0.9339993	0	0	0.41	5.4573745e-18
3.900034686996225e-09	0.16313495	0.06145505	-0.9315139	0	0	0.41	4.20777e-18
3.910020542774302e-09	0.15259917	0.054638576	-0.9326475	0	0	0.41	5.388604e-18
3.9200483864905055e-09	0.1523834	0.047832344	-0.93686223	0	0	0.41	5.224186e-18
3.930016983257216e-09	0.13378671	0.040588006	-0.93849653	0	0	0.41	5.1122963e-18
3.940040920220818e-09	0.110004775	0.043534867	-0.9416891	0	0	0.41	5.7704223e-18
3.950043274323336e-09	0.11192271	0.046005737	-0.939989	0	0	0.41	4.592397e-18
3.960022029513763e-09	0.09997867	0.04071397	-0.94247645	0	0	0.41	4.7179404e-18
3.970006446361208e-09	0.09734275	0.04526055	-0.9400949	0	0	0.41	4.6222315e-18
3.980064935735199e-09	0.08728897	0.044936266	-0.9411	0	0	0.41	4.150287e-18
3.990041670022408e-09	0.075648025	0.053823277	-0.94147617	0	0	0.41	4.001845e-18
4.000040223854763e-09	0.07750335	0.043975674	-0.9438696	0	0	0.41	4.67076e-18
4.0100308398791755e-09	0.074612014	0.052345674	-0.94377476	0	0	0.41	5.4717237e-18
4.0200060837751055e-09	0.0846056	0.051600855	-0.9441537	0	0	0.41	4.521185e-18
4.030016638027174e-09	0.0785478	0.028393924	-0.9425604	0	0	0.41	5.326636e-18
4.040032363775261e-09	0.07829102	0.026077323	-0.93802005	0	0	0.41	5.1332095e-18
4.050056846412568e-09	0.06586499	0.014685136	-0.9381161	0	0	0.41	5.4474922e-18
4.060006309767276e-09	0.07504586	0.013585114	-0.93858284	0	0	0.41	4.8336626e-18
4.070023845490754e-09	0.08533865	0.008916608	-0.9403888	0	0	0.41	6.0406957e-18
4.080057394841613e-09	0.10660543	0.015520895	-0.93824655	0	0	0.41	4.452072e-18
4.090002061147507e-09	0.11451419	0.01216654	-0.9421316	0	0	0.41	4.881218e-18
4.100019679587091e-09	0.10721797	-0.00013083176	-0.9457226	0	0	0.41	5.096478e-18
4.11005689035759e-09	0.10905765	-0.008503361	-0.9425522	0	0	0.41	4.55419e-18
4.120055485645758e-09	0.10998871	-0.020761907	-0.94216603	0	0	0.41	4.9433653e-18
4.130041020265042e-09	0.08886241	-0.013179565	-0.9369217	0	0	0.41	4.174206e-18
4.140006196706078e-09	0.08964028	-0.015926935	-0.9385505	0	0	0.41	4.6471536e-18
4.1500422973224025e-09	0.09146515	0.0031839428	-0.937922	0	0	0.41	4.0758522e-18
4.160009833750834e-09	0.080919005	-0.006015807	-0.937161	0	0	0.41	5.4277842e-18
4.1700261839469476e-09	0.09865807	0.0132516315	-0.94134957	0	0	0.41	4.218618e-18
4.180010416401523e-09	0.121053524	0.021052718	-0.94120705	0	0	0.41	4.9189945e-18
4.190005572751257e-09	0.14605418	0.012246489	-0.9395047	0	0	0.41	5.3282008e-18
4.200063555605305e-09	0.15478086	0.0057002595	-0.9334565	0	0	0.41	4.4995346e-18
4.2100577191564925e-09	0.13081323	0.0026534405	-0.93924874	0	0	0.41	5.6522504e-18
4.220042784211922e-09	0.12581822	-0.0031430698	-0.9340952	0	0	0.41	5.5433174e-18
4.230000407668182e-09	0.112677276	0.016666187	-0.93011016	0	0	0.41	4.5251147e-18
4.2400488922520524e-09	0.12511604	0.031284783	-0.9263895	0	0	0.41	4.067254e-18
4.25002784059075e-09	0.124229096	0.030907001	-0.92297286	0	0	0.41	5.6292466e-18
4.2600075460807774e-09	0.12034823	0.0397932	-0.9258267	0	0	0.41	5.4786815e-18
4.270040548007849e-09	0.121686	0.047019802	-0.9253889	0	0	0.41	4.5316333e-18
4.2800069501665775e-09	0.15019132	0.054898303	-0.92293155	0	0	0.41	4.3296217e-18
4.290037218643315e-09	0.167091	0.049698845	-0.92050534	0	0	0.41	5.8485383e-18
4.300005392196712e-09	0.15435335	0.05330664	-0.9180588	0	0	0.41	4.86905e-18
4.310014483471207e-09	0.15742193	0.043753404	-0.9134524	0	0	0.41	5.1787756e-18
4.320005119323332e-09	0.13890794	0.04297021	-0.9175945	0	0	0.41	4.643594e-18
4.330008117982378e-09	0.11645591	0.044911977	-0.912784	0	0	0.41	3.721946e-18
4.340032771175162e-09	0.104795024	0.07381946	-0.91551924	0	0	0.41	4.561931e-18
4.350061335867654e-09	0.10477592	0.09327906	-0.9168229	0	0	0.41	3.6083417e-18
4.3600069805831606e-09	0.114708915	0.11249748	-0.9092179	0	0	0.41	4.588694e-18
4.3700385327577265e-09	0.122734256	0.12133469	-0.9116684	0	0	0.41	5.1391685e-18
4.380039193332538e-09	0.12724775	0.13513847	-0.91443795	0	0	0.41	4.427458e-18
4.390037491253589e-09	0.11213354	0.1165138	-0.91774684	0	0	0.41	5.002911e-18
4.400031911498961e-09	0.11723091	0.1184025	-0.91910845	0	0	0.41	4.1132544e-18
4.410049581145294e-09	0.11577218	0.10704187	-0.911674	0	0	0.41	4.5110216e-18
4.4200217467986145e-09	0.08943471	0.10994223	-0.9159843	0	0	0.41	4.4526677e-18
4.430016459539893e-09	0.08303858	0.124714725	-0.9167562	0	0	0.41	4.4913955e-18
4.440004862003809e-09	0.07137854	0.14992677	-0.9179105	0	0	0.41	4.320456e-18
4.4500539799601625e-09	0.06782164	0.1617369	-0.9137277	0	0	0.41	4.64319e-18
4.460003569365814e-09	0.062079076	0.1695204	-0.9162894	0	0	0.41	4.198133e-18
4.470049330716669e-09	0.06111307	0.17070055	-0.91780156	0	0	0.41	4.332872e-18
4.480001936255931e-09	0.07533163	0.16150256	-0.9170544	0	0	0.41	5.4179325e-18
4.490031720435682e-09	0.07895044	0.13445061	-0.9245062	0	0	0.41	4.9036115e-18
4.500031948111592e-09	0.06706224	0.12576155	-0.9275732	0	0	0.41	4.9831916e-18
4.510030551307146e-09	0.06636516	0.120168984	-0.9277828	0	0	0.41	5.9578635e-18
4.520056888884828e-09	0.055563282	0.113791235	-0.92594	0	0	0.41	5.8871664e-18
4.53001617443979e-09	0.03223727	0.120915264	-0.9308443	0	0	0.41	4.3261186e-18
4.54002800584207e-09	0.01395677	0.13466589	-0.9288596	0	0	0.41	6.4065047e-18
4.550001319634537e-09	0.013480313	0.14817083	-0.93422663	0	0	0.41	4.4551158e-18
4.560025729409036e-09	0.008053625	0.1475885	-0.9384814	0	0	0.41	5.8606545e-18
4.5700593684749214e-09	-0.0012411061	0.15197897	-0.9412696	0	0	0.41	5.084289e-18
4.580050711539618e-09	0.013173794	0.15353511	-0.93460506	0	0	0.41	4.570947e-18
4.5900481534014565e-09	0.019701175	0.12439966	-0.93441474	0	0	0.41	4.6433676e-18
4.600051424799453e-09	0.025644405	0.11115181	-0.93831927	0	0	0.41	4.0651493e-18
4.6100165946621406e-09	0.018831627	0.079830624	-0.94317544	0	0	0.41	5.324006e-18
4.620025448453504e-09	0.021508424	0.0991744	-0.9355678	0	0	0.41	5.3205303e-18
4.630001387389262e-09	0.010307065	0.11693003	-0.93024105	0	0	0.41	4.168013e-18
4.640053297066551e-09	0.019725062	0.12244214	-0.9311255	0	0	0.41	5.00714e-18
4.650050987267232e-09	-0.0069221025	0.12822424	-0.93276536	0	0	0.41	3.99911e-18
4.660050846171912e-09	0.018408163	0.13365315	-0.93925506	0	0	0.41	3.720048e-18
4.670057804346136e-09	0.034404323	0.13440244	-0.94013566	0	0	0.41	5.6211886e-18
4.680060371407506e-09	0.04806602	0.13405553	-0.94116133	0	0	0.41	4.8434105e-18
4.690012620634809e-09	0.058359213	0.11087773	-0.9418796	0	0	0.41	4.914248e-18
4.700050750231403e-09	0.06006331	0.089647055	-0.9432066	0	0	0.41	4.949914e-18
4.71001746736155e-09	0.059434965	0.06041725	-0.9434769	0	0	0.41	4.689836e-18
4.720058664142686e-09	0.039027765	0.06058365	-0.94586957	0	0	0.41	4.4492564e-18
4.730014755173964e-09	0.02726902	0.07105287	-0.9476174	0	0	0.41	4.2847625e-18
4.740061473556075e-09	0.029376859	0.07870618	-0.9486132	0	0	0.41	4.4777334e-18
4.750000272268796e-09	0.051866975	0.09154561	-0.9499916	0	0	0.41	4.481271e-18
4.760009025691477e-09	0.0657175	0.08594524	-0.9465041	0	0	0.41	4.5082894e-18
4.77000490834956e-09	0.06549987	0.07244506	-0.9464577	0	0	0.41	5.3424614e-18
4.780044875293123e-09	0.07294729	0.05795513	-0.9440655	0	0	0.41	4.5517536e-18
4.790041495683112e-09	0.08199108	0.06812617	-0.94334495	0	0	0.41	5.0714034e-18
4.800022483361911e-09	0.0878632	0.06499629	-0.94094795	0	0	0.41	4.770924e-18
4.810059722440116e-09	0.09054176	0.053589284	-0.9420482	0	0	0.41	4.222568e-18
4.820051382818698e-09	0.07956714	0.060270853	-0.94166255	0	0	0.41	4.9914353e-18
4.83005206384794e-09	0.08520993	0.08392144	-0.943783	0	0	0.41	4.8437596e-18
4.840040771467315e-09	0.07289393	0.09188365	-0.94545305	0	0	0.41	4.2886076e-18
4.850002255383457e-09	0.08636463	0.112788655	-0.9470837	0	0	0.41	5.2985294e-18
4.860057146256888e-09	0.094221145	0.1014471	-0.94797325	0	0	0.41	3.914109e-18
4.8700340200074336e-09	0.10778198	0.09968685	-0.9488178	0	0	0.41	4.1106583e-18
4.880023118938741e-09	0.09897352	0.08955739	-0.94886905	0	0	0.41	4.6833324e-18
4.8900059199155285e-09	0.10763632	0.087951235	-0.94154364	0	0	0.41	5.2541867e-18
4.900061574634036e-09	0.094544224	0.07929697	-0.9429197	0	0	0.41	4.0941507e-18
4.910038132591249e-09	0.09407393	0.082604796	-0.9376049	0	0	0.41	5.683996e-18
4.920011442838488e-09	0.09263423	0.09604905	-0.93692017	0	0	0.41	5.328292e-18
4.9300524307247564e-09	0.10428181	0.121716976	-0.93091923	0	0	0.41	4.409579e-18
4.94003165483778e-09	0.110610776	0.13869447	-0.92981154	0	0	0.41	5.4904858e-18
4.950014058647514e-09	0.13404082	0.1291086	-0.92817456	0	0	0.41	4.1303833e-18
4.960060462378623e-09	0.1348706	0.12504083	-0.9258438	0	0	0.41	4.3669516e-18
4.970037630932521e-09	0.13601093	0.11861125	-0.9312531	0	0	0.41	4.2064653e-18
4.980053601435946e-09	0.12504964	0.11206088	-0.9316961	0	0	0.41	4.2996393e-18
4.99004318192836e-09	0.10437848	0.097115055	-0.9357826	0	0	0.41	5.222593e-18
5.000007481556854e-09	0.0720463	0.110602476	-0.93462217	0	0	0.41	4.460441e-18
5.010033702266903e-09	0.078616984	0.13133538	-0.93001056	0	0	0.41	5.571239e-18
5.020016937573497e-09	0.07438015	0.14697437	-0.9321154	0	0	0.41	5.065043e-18
5.0300171453820664e-09	0.08380365	0.16183168	-0.9330612	0	0	0.41	5.2188545e-18
5.0400515441051295e-09	0.10907292	0.15228452	-0.9372273	0	0	0.41	4.2655715e-18
5.050002811968532e-09	0.12888137	0.14114033	-0.936072	0	0	0.41	4.572096e-18
5.060025511068587e-09	0.13490427	0.13957475	-0.93327004	0	0	0.41	3.9945218e-18
5.070014147275482e-09	0.14989774	0.13808107	-0.93008614	0	0	0.41	4.767532e-18
5.080025720919003e-09	0.15649064	0.13836567	-0.92701495	0	0	0.41	4.872732e-18
5.090007230157591e-09	0.13926086	0.14062855	-0.9254326	0	0	0.41	5.032257e-18
5.100056866542083e-09	0.13259177	0.14879854	-0.93145293	0	0	0.41	4.7371017e-18
5.110017053051701e-09	0.124839164	0.15376584	-0.9299916	0	0	0.41	4.2714374e-18
5.120001909983344e-09	0.11624733	0.17633091	-0.9272657	0	0	0.41	4.539176e-18
5.130015211202708e-09	0.11984943	0.196232	-0.92491764	0	0	0.41	5.840935e-18
5.140020402971818e-09	0.11425419	0.19333716	-0.9264422	0	0	0.41	5.303679e-18
5.150017766076152e-09	0.11112403	0.18361817	-0.9313675	0	0	0.41	4.0947392e-18
5.1600175107755794e-09	0.13157538	0.18727131	-0.9305439	0	0	0.41	4.6214424e-18
5.170050649199839e-09	0.1330846	0.16405262	-0.93058497	0	0	0.41	4.2392204e-18
5.180019374503596e-09	0.1278212	0.14986412	-0.9324562	0	0	0.41	4.393418e-18
5.1900078119489404e-09	0.12786043	0.14887926	-0.93017125	0	0	0.41	5.152183e-18
5.2000102065838525e-09	0.1194988	0.13441251	-0.93281955	0	0	0.41	4.0772034e-18
5.210035190898023e-09	0.104819365	0.13370101	-0.9359989	0	0	0.41	4.8472656e-18
5.220061510791251e-09	0.10206352	0.13569625	-0.93418455	0	0	0.41	4.799196e-18
5.230050984249894e-09	0.10335031	0.13740219	-0.9411503	0	0	0.41	5.047543e-18
5.240047185513561e-09	0.11375308	0.14105795	-0.9378533	0	0	0.41	4.7902025e-18
5.250028498777823e-09	0.12180212	0.16638601	-0.9333494	0	0	0.41	4.3236722e-18
5.260033254960248e-09	0.11069374	0.16440916	-0.9290146	0	0	0.41	4.616489e-18
5.270003355901595e-09	0.10199386	0.16762127	-0.92947614	0	0	0.41	4.5023916e-18
5.280013838776759e-09	0.09831681	0.16180694	-0.93228894	0	0	0.41	5.2804042e-18
5.29005757976531e-09	0.082081765	0.1549389	-0.9344843	0	0	0.41	5.1373404e-18
5.300049646015976e-09	0.08053752	0.1601968	-0.9334045	0	0	0.41	5.4778543e-18
5.310057281692253e-09	0.077342995	0.18299755	-0.93330115	0	0	0.41	5.6830964e-18
5.320064206422125e-09	0.083639085	0.19331461	-0.9290661	0	0	0.41	4.7333942e-18
5.330022788076794e-09	0.10489049	0.18760481	-0.9256109	0	0	0.41	5.4022756e-18
5.340044752909772e-09	0.095282316	0.1815085	-0.9281663	0	0	0.41	3.8500977e-18
5.3500495257094716e-09	0.07348655	0.17053285	-0.929944	0	0	0.41	4.886654e-18
5.360000837763738e-09	0.05972866	0.1717558	-0.927609	0	0	0.41	3.7884314e-18
5.370000639107747e-09	0.041430816	0.1825928	-0.9260176	0	0	0.41	4.820966e-18
5.38002183851814e-09	0.062267434	0.18967709	-0.928745	0	0	0.41	5.1569947e-18
5.390063702479818e-09	0.056202147	0.18826316	-0.9333108	0	0	0.41	4.6380666e-18
5.400045863643157e-09	0.06080915	0.17239927	-0.9360095	0	0	0.41	4.6854178e-18
5.410032902089921e-09	0.045578577	0.17271914	-0.93209165	0	0	0.41	4.4834074e-18
5.4200292622602975e-09	0.045765698	0.1677944	-0.9280418	0	0	0.41	5.2136665e-18
5.430021875747799e-09	0.05136582	0.15294105	-0.9294208	0	0	0.41	4.627178e-18
5.440050192656226e-09	0.053605568	0.14893927	-0.9305593	0	0	0.41	4.288821e-18
5.4500040046579885e-09	0.06418923	0.15963651	-0.9271191	0	0	0.41	4.8982447e-18
5.4600273463022316e-09	0.055611983	0.15081885	-0.9293561	0	0	0.41	4.438216e-18
5.470040696639042e-09	0.0454991	0.15213901	-0.92940575	0	0	0.41	4.6304603e-18
5.480056378684108e-09	0.024943955	0.17864479	-0.92226195	0	0	0.41	4.2182923e-18
5.490034742434534e-09	0.01676458	0.19824144	-0.9131844	0	0	0.41	4.2678624e-18
5.500018873698608e-09	0.028716069	0.20855087	-0.91969454	0	0	0.41	4.2065555e-18
5.510002425979814e-09	0.035551913	0.2060834	-0.92119265	0	0	0.41	4.56164e-18
5.520061526112882e-09	0.04012629	0.21250051	-0.9180224	0	0	0.41	4.0670883e-18
5.5300446014015276e-09	0.039006192	0.19158676	-0.91516614	0	0	0.41	5.8038106e-18
5.540016906268314e-09	0.029126475	0.1923855	-0.9159638	0	0	0.41	4.238106e-18
5.5500043320275166e-09	0.011449196	0.20571141	-0.9085612	0	0	0.41	5.1387007e-18
5.5600489222494864e-09	-0.0030513948	0.18726322	-0.9085116	0	0	0.41	5.030397e-18
5.5700626480159326e-09	-0.03744073	0.17938256	-0.9178075	0	0	0.41	5.1895368e-18
5.580064278387286e-09	-0.0457691	0.20633769	-0.91549414	0	0	0.41	5.2850662e-18
5.59005988614245e-09	-0.06839958	0.21423422	-0.91566706	0	0	0.41	5.2231348e-18
5.600058708363364e-09	-0.068623304	0.20633765	-0.9206745	0	0	0.41	4.513495e-18
5.610058877026116e-09	-0.07597434	0.19038436	-0.92489684	0	0	0.41	4.9136265e-18
5.620064323616311e-09	-0.07573892	0.19209474	-0.9233	0	0	0.41	4.6702014e-18
5.630016885646974e-09	-0.07585343	0.19140027	-0.9211814	0	0	0.41	5.096205e-18
5.6400089349738406e-09	-0.087014005	0.16687995	-0.9246348	0	0	0.41	4.280216e-18
5.650010718765295e-09	-0.09154496	0.1717347	-0.92091995	0	0	0.41	5.3449136e-18
5.6600125773528e-09	-0.10981833	0.15785728	-0.91576695	0	0	0.41	5.2574376e-18
5.670057086154854e-09	-0.12995787	0.1464709	-0.91675097	0	0	0.41	5.0257906e-18
5.68002072918582e-09	-0.15101424	0.13999875	-0.9205118	0	0	0.41	5.2256358e-18
5.690021638614212e-09	-0.161818	0.13933414	-0.92052656	0	0	0.41	3.925351e-18
5.700026260116951e-09	-0.1729509	0.12587811	-0.9237519	0	0	0.41	4.5084363e-18
5.710033117759715e-09	-0.17401946	0.1333969	-0.9252852	0	0	0.41	4.2696743e-18
5.720058093172133e-09	-0.13953896	0.12866993	-0.92804277	0	0	0.41	4.2751597e-18
5.730038884402589e-09	-0.12505749	0.1248281	-0.927186	0	0	0.41	5.0112194e-18
5.7400415219958935e-09	-0.108296745	0.1154328	-0.9263427	0	0	0.41	4.8553116e-18
5.750024441998326e-09	-0.122166	0.09185095	-0.92347	0	0	0.41	4.0757075e-18
5.760002383578249e-09	-0.12167007	0.07407844	-0.9178567	0	0	0.41	4.343244e-18
5.770027417056548e-09	-0.12804304	0.06385019	-0.922473	0	0	0.41	4.8895308e-18
5.780040997096993e-09	-0.13890015	0.06583421	-0.92636454	0	0	0.41	4.173679e-18
5.790006958160625e-09	-0.16178966	0.084227465	-0.91713095	0	0	0.41	4.7874732e-18
5.8000186953188674e-09	-0.17889765	0.08561174	-0.91567236	0	0	0.41	5.5634137e-18
5.810019579999012e-09	-0.1781711	0.072212085	-0.9157476	0	0	0.41	5.557882e-18
5.820019358732804e-09	-0.17843285	0.07176836	-0.91543984	0	0	0.41	3.922202e-18
5.830034677907146e-09	-0.19309463	0.07799943	-0.91940385	0	0	0.41	3.8784046e-18
5.84004101056368e-09	-0.18311794	0.07915318	-0.92609787	0	0	0.41	4.2353562e-18
5.850011695972165e-09	-0.16754344	0.06970337	-0.92818034	0	0	0.41	5.0906457e-18
5.860047015027957e-09	-0.16622782	0.053008705	-0.92112136	0	0	0.41	5.0723534e-18
5.870045161243486e-09	-0.17037246	0.03650662	-0.92187583	0	0	0.41	4.334618e-18
5.880047137580703e-09	-0.18383783	0.047102552	-0.91606253	0	0	0.41	5.364025e-18
5.890001451943841e-09	-0.19963527	0.0556754	-0.9134388	0	0	0.41	4.4424603e-18
5.900009674272414e-09	-0.19667321	0.051896363	-0.9171078	0	0	0.41	4.1849842e-18
5.910031753288116e-09	-0.18454716	0.048267797	-0.9209549	0	0	0.41	5.1535945e-18
5.92001217070352e-09	-0.19352554	0.043532208	-0.91544986	0	0	0.41	5.7421025e-18
5.930037622462493e-09	-0.18806055	0.025757063	-0.9205201	0	0	0.41	4.774431e-18
5.940009436879682e-09	-0.19636472	0.031065987	-0.92076266	0	0	0.41	4.247765e-18
5.9500052809728586e-09	-0.20653075	0.012789858	-0.92318213	0	0	0.41	4.8839692e-18
5.960032747107606e-09	-0.21948932	0.005981962	-0.9177698	0	0	0.41	4.2580723e-18
5.970005356873121e-09	-0.21911384	-0.0052785114	-0.91457516	0	0	0.41	5.4047336e-18
5.980023573761179e-09	-0.21191946	-0.017863924	-0.91425204	0	0	0.41	4.813474e-18
5.990047037286403e-09	-0.22602592	-0.02818716	-0.91224545	0	0	0.41	4.441428e-18
6.000044322220093e-09	-0.2165693	-0.019613849	-0.9154533	0	0	0.41	6.1827644e-18
6.010024374764377e-09	-0.2293757	-0.02228813	-0.913468	0	0	0.41	4.62697e-18
6.0200101768497444e-09	-0.22129892	-0.020050086	-0.9090849	0	0	0.41	4.110618e-18
6.03002892702637e-09	-0.22850859	-0.03162086	-0.9064104	0	0	0.41	4.8322427e-18
6.040016314621945e-09	-0.23315775	-0.049425095	-0.9067084	0	0	0.41	3.7949483e-18
6.05002423394204e-09	-0.23873255	-0.07055503	-0.90345263	0	0	0.41	5.1051457e-18
6.0600160562145404e-09	-0.25006664	-0.08648369	-0.8963539	0	0	0.41	4.9091283e-18
6.070019036093513e-09	-0.23833492	-0.09420623	-0.89658946	0	0	0.41	4.9832396e-18
6.080021633902793e-09	-0.23696546	-0.13150667	-0.88908005	0	0	0.41	5.360795e-18
6.090027824327682e-09	-0.23356284	-0.14918077	-0.8805453	0	0	0.41	5.6940264e-18
6.100004174619375e-09	-0.21837413	-0.15241548	-0.8785106	0	0	0.41	4.646101e-18
6.110025085258246e-09	-0.19823246	-0.1743804	-0.8833298	0	0	0.41	5.2335908e-18
6.12005700691586e-09	-0.18262403	-0.18358809	-0.8788849	0	0	0.41	4.6763696e-18
6.1300041680669785e-09	-0.16895531	-0.18093878	-0.87556404	0	0	0.41	4.4830588e-18
6.140039565424808e-09	-0.15934531	-0.18958125	-0.86909944	0	0	0.41	5.387209e-18
6.150007685475687e-09	-0.1443559	-0.20950986	-0.8695514	0	0	0.41	4.6294656e-18
6.160037687179425e-09	-0.15202567	-0.22737984	-0.86038727	0	0	0.41	4.4954623e-18
6.170052055923068e-09	-0.1292252	-0.2413695	-0.85090613	0	0	0.41	4.893789e-18
6.1800295765894404e-09	-0.09855709	-0.2581899	-0.8400539	0	0	0.41	4.587302e-18
6.1900643486565885e-09	-0.06383818	-0.28892002	-0.82460076	0	0	0.41	5.0424008e-18
6.200059477883756e-09	-0.025033096	-0.30203232	-0.8136263	0	0	0.41	4.0398872e-18
6.210035586045129e-09	0.042401005	-0.30735248	-0.800096	0	0	0.41	5.180278e-18
6.220003003264146e-09	0.110773556	-0.30263883	-0.7824033	0	0	0.41	4.4638057e-18
6.230029469463208e-09	0.16957216	-0.29532987	-0.7664656	0	0	0.41	4.7835243e-18
6.2400045586859496e-09	0.25024328	-0.23583537	-0.7539569	0	0	0.41	5.581605e-18
6.250042746454526e-09	0.31413698	-0.1419544	-0.7371334	0	0	0.41	5.1196235e-18
6.260040852160673e-09	0.36106294	0.005814331	-0.72896284	0	0	0.41	4.995915e-18
6.270060717276834e-09	0.3725144	0.13453285	-0.7028912	0	0	0.41	4.484398e-18
6.2800642824940645e-09	0.3476793	0.24336503	-0.693167	0	0	0.41	5.230156e-18
6.290032747303661e-09	0.2440071	0.35641924	-0.68777496	0	0	0.41	5.1396685e-18
6.300007445991846e-09	0.11731385	0.3721505	-0.6746532	0	0	0.41	5.281598e-18
6.310058603212265e-09	-0.035745934	0.32653636	-0.6516188	0	0	0.41	4.7575425e-18
6.320021530916707e-09	-0.17363487	0.21029359	-0.64468354	0	0	0.41	4.3890195e-18
6.3300430478310554e-09	-0.23168853	0.039095297	-0.64710766	0	0	0.41	4.2915532e-18
6.340034869913062e-09	-0.22812058	-0.12388955	-0.6465712	0	0	0.41	5.5991008e-18
6.350036579218142e-09	-0.2038746	-0.24917975	-0.6368883	0	0	0.41	4.8850566e-18
6.360057356198481e-09	-0.10817034	-0.3212723	-0.60771906	0	0	0.41	4.191023e-18
6.370006718353054e-09	0.032814868	-0.2852164	-0.5787003	0	0	0.41	5.125391e-18
6.380043952499104e-09	0.11662546	-0.16443922	-0.55282044	0	0	0.41	4.7075634e-18
6.390020024927958e-09	0.12269776	-0.056312043	-0.5448943	0	0	0.41	4.3343234e-18
6.400001352011239e-09	0.09710578	0.018269286	-0.528153	0	0	0.41	4.7214675e-18
6.4100248878060885e-09	0.034901127	0.061429657	-0.5224577	0	0	0.41	4.2527068e-18
6.420030398164696e-09	-0.048548162	0.07269887	-0.52591205	0	0	0.41	4.4095187e-18
6.4300453307713776e-09	-0.13838965	0.011805097	-0.5199727	0	0	0.41	4.0432803e-18
6.440024469734635e-09	-0.19014375	-0.07841123	-0.50629437	0	0	0.41	4.1683695e-18
6.450030064918738e-09	-0.1562392	-0.23819698	-0.4828683	0	0	0.41	4.013173e-18
6.4600282492418355e-09	-0.03422398	-0.3781697	-0.4683535	0	0	0.41	4.4929643e-18
6.470011242484186e-09	0.17188786	-0.42359036	-0.45930234	0	0	0.41	4.4679656e-18
6.480049160206318e-09	0.34656426	-0.3371704	-0.43907684	0	0	0.41	3.901404e-18
6.4900098717413865e-09	0.4676263	-0.14078222	-0.4231841	0	0	0.41	4.830604e-18
6.5000526328679775e-09	0.479218	0.10604152	-0.39904556	0	0	0.41	4.078441e-18
6.510030849181511e-09	0.34972098	0.32026413	-0.39103767	0	0	0.41	4.260253e-18
6.520026122783255e-09	0.123099454	0.40078968	-0.3707949	0	0	0.41	4.0233705e-18
6.530052375118913e-09	-0.08382753	0.39072415	-0.3437976	0	0	0.41	4.4984625e-18
6.540013593573095e-09	-0.26453885	0.29433596	-0.31916812	0	0	0.41	4.3094675e-18
6.550062621132539e-09	-0.3196077	0.063535966	-0.31287053	0	0	0.41	4.52942e-18
6.560032188781867e-09	-0.16103134	-0.106328465	-0.29628584	0	0	0.41	4.4910344e-18
6.570004648501926e-09	-0.03561227	-0.10113437	-0.26342452	0	0	0.41	3.9181354e-18
6.580022510534431e-09	-0.0013899357	-0.08065359	-0.23821649	0	0	0.41	4.340437e-18
6.59004469069548e-09	0.06425435	-0.10542128	-0.22016278	0	0	0.41	3.3995605e-18
6.6000243960366905e-09	0.18076424	-0.05676179	-0.19474171	0	0	0.41	3.596947e-18
6.610055127812371e-09	0.1545572	0.052771807	-0.16688111	0	0	0.41	3.571809e-18
6.620060451515837e-09	0.07081029	0.0865643	-0.15794215	0	0	0.41	4.0739977e-18
6.6300070673710206e-09	-0.002338114	0.13970773	-0.14121263	0	0	0.41	2.8992337e-18
6.640026280075979e-09	-0.1764753	0.038197372	-0.13049336	0	0	0.41	2.7856833e-18
6.650020986912072e-09	-0.19497132	-0.26387268	-0.10174414	0	0	0.41	2.9762802e-18
6.6600631534149035e-09	0.07355135	-0.42402437	-0.09514836	0	0	0.41	2.8705818e-18
6.670059182238126e-09	0.30178592	-0.32271963	-0.07108544	0	0	0.41	2.714792e-18
6.680062197146368e-09	0.36897352	-0.102730006	-0.038650587	0	0	0.41	3.677996e-18
6.6900601622104465e-09	0.2580996	0.16504799	-0.026184909	0	0	0.41	4.0595994e-18
6.70005698371044e-09	-0.037319437	0.250864	-0.036215644	0	0	0.41	2.793338e-18
6.710021156537477e-09	-0.2831805	0.124198124	-0.038586207	0	0	0.41	3.359826e-18
6.7200236141965295e-09	-0.3063691	-0.14768703	-0.011536527	0	0	0.41	2.3455356e-18
6.730062488768905e-09	-0.09065778	-0.33307442	0.014593171	0	0	0.41	3.1509723e-18
6.7400579181625335e-09	0.1435391	-0.2962464	0.037271228	0	0	0.41	2.1807961e-18
6.750037347325315e-09	0.22033282	-0.123940885	0.044695474	0	0	0.41	3.0967142e-18
6.760059517259686e-09	0.14740844	0.013037516	0.06474362	0	0	0.41	2.8293955e-18
6.770016692184525e-09	0.044525873	0.14843675	0.07517205	0	0	0.41	3.3684147e-18
6.780017156214963e-09	-0.09797265	0.21673363	0.082529865	0	0	0.41	3.0651217e-18
6.790027025797625e-09	-0.24672075	0.18883796	0.10747921	0	0	0.41	2.484273e-18
6.800033246869766e-09	-0.28071788	0.052923683	0.12796281	0	0	0.41	2.4553653e-18
6.810048606183482e-09	-0.18234351	-0.10889691	0.13808149	0	0	0.41	2.3585146e-18
6.820028721611182e-09	-0.08495402	-0.23647971	0.15081814	0	0	0.41	1.7501667e-18
6.830021587196686e-09	0.051989753	-0.30771646	0.16556978	0	0	0.41	2.2106098e-18
6.840044879270376e-09	0.17185946	-0.24119933	0.18374416	0	0	0.41	1.7376906e-18
6.850009308011541e-09	0.22846365	-0.119330674	0.2045081	0	0	0.41	3.1669871e-18
6.860007415610914e-09	0.2718478	0.03157716	0.23191229	0	0	0.41	1.9880901e-18
6.870032261504831e-09	0.16308811	0.20365553	0.24800342	0	0	0.41	3.1556196e-18
6.880023698698936e-09	-0.014144231	0.26221782	0.27048746	0	0	0.41	1.7878353e-18
6.890062825260267e-09	-0.14781572	0.17985523	0.28427637	0	0	0.41	1.4569824e-18
6.90006447051669e-09	-0.18631442	0.06277228	0.30527	0	0	0.41	1.4767569e-18
6.91005492778842e-09	-0.16445972	-0.0631601	0.3167563	0	0	0.41	1.4254031e-18
6.920012458252552e-09	0.0070893187	-0.20640583	0.33360937	0	0	0.41	2.1810333e-18
6.930005779632534e-09	0.1918429	-0.1694516	0.3284017	0	0	0.41	6.7894907e-19
6.940021665452157e-09	0.29637918	-0.027231893	0.34224805	0	0	0.41	1.6470781e-18
6.950040227624768e-09	0.19770862	0.2128913	0.37320796	0	0	0.41	1.7062883e-18
6.9600190263104566e-09	-0.06981442	0.29832777	0.39476922	0	0	0.41	8.883511e-19
6.970055928726289e-09	-0.31769702	0.17002471	0.41037092	0	0	0.41	1.5260502e-18
6.9800538364012625e-09	-0.33041137	-0.13004568	0.43383372	0	0	0.41	1.4465574e-18
6.99003380891008e-09	-0.055355113	-0.3268608	0.45366678	0	0	0.41	1.4049813e-18
7.000023390212163e-09	0.24642396	-0.20099786	0.45887327	0	0	0.41	1.617916e-18
7.010055160751275e-09	0.2392196	0.024865499	0.46947786	0	0	0.41	1.5300942e-18
7.020056963025423e-09	0.10114266	0.1197304	0.4833105	0	0	0.41	7.727314e-19
7.030046772724302e-09	0.019185586	0.13485897	0.50036335	0	0	0.41	6.6177267e-19
7.0400080325952685e-09	-0.07254157	0.17888378	0.5131817	0	0	0.41	4.681415e-19
7.050053033592511e-09	-0.21606699	0.117360264	0.53081924	0	0	0.41	7.45188e-19
7.060045674275095e-09	-0.2643723	-0.05313053	0.5430296	0	0	0.41	9.093537e-19
7.070012674376251e-09	-0.12599231	-0.21630757	0.55880076	0	0	0.41	1.0754676e-18
7.080043724986386e-09	0.04407223	-0.19488879	0.5599923	0	0	0.41	1.7362033e-18
7.09003913061833e-09	0.12551014	-0.10742475	0.5683989	0	0	0.41	1.76455e-18
7.100037360523171e-09	0.12716112	-0.022413386	0.5745845	0	0	0.41	7.7351236e-19
7.110002086182748e-09	0.118567236	0.0644629	0.58119524	0	0	0.41	6.6867063e-21
7.120021388657221e-09	0.034909952	0.18161976	0.60008436	0	0	0.41	8.780611e-19
7.130012589597113e-09	-0.12235043	0.1806784	0.61741203	0	0	0.41	6.2204763e-19
7.1400295259995465e-09	-0.26153612	0.0059208493	0.6302437	0	0	0.41	1.1319566e-18
7.150017069713399e-09	-0.16608621	-0.21445435	0.64783865	0	0	0.41	1.9615199e-19
7.160056434330747e-09	0.08243032	-0.279391	0.6695059	0	0	0.41	3.1620085e-19
7.170033325824023e-09	0.28496677	-0.08906739	0.6767897	0	0	0.41	-1.512187e-19
7.180005919294892e-09	0.20069115	0.1410365	0.68340874	0	0	0.41	4.605242e-19
7.1900249489922896e-09	0.0022449605	0.18070878	0.69986606	0	0	0.41	2.5552002e-19
7.200039036316975e-09	-0.12603682	0.11285592	0.7082758	0	0	0.41	1.6316417e-19
7.2100621018574064e-09	-0.1669585	0.00056763826	0.7137758	0	0	0.41	-1.3126634e-18
7.220015577941763e-09	-0.13623165	-0.09009732	0.7192556	0	0	0.41	-7.209482e-19
7.23001642556641e-09	-0.05721015	-0.18856452	0.7267836	0	0	0.41	4.2075772e-19
7.240002362025538e-09	0.1438347	-0.1978831	0.7367955	0	0	0.41	-3.804318e-19
7.250028483757171e-09	0.23310958	0.012051707	0.74080724	0	0	0.41	3.2263327e-19
7.2600574604960595e-09	0.117024764	0.17365408	0.74535096	0	0	0.41	1.0018686e-18
7.27004988032863e-09	-0.064333335	0.18348484	0.75890934	0	0	0.41	-2.538183e-19
7.280001478846172e-09	-0.19028947	0.053095292	0.7694065	0	0	0.41	-7.9083156e-19
7.290035816692352e-09	-0.16895193	-0.121568926	0.7663299	0	0	0.41	9.178849e-20
7.300009956960513e-09	-0.0011720187	-0.17741978	0.77381676	0	0	0.41	-3.4235125e-20
7.310008010532342e-09	0.13136286	-0.10042841	0.77847445	0	0	0.41	1.585331e-19
7.320009161086854e-09	0.14516781	0.01950933	0.7918079	0	0	0.41	-4.667841e-19
7.330048754393113e-09	0.09346727	0.10244879	0.7938102	0	0	0.41	-1.2159998e-18
7.340040443233272e-09	0.011648824	0.15325107	0.8013538	0	0	0.41	-7.2950294e-19
7.350009185346226e-09	-0.14645235	0.09734928	0.8182585	0	0	0.41	-1.1971714e-19
7.360003943563354e-09	-0.17310722	-0.08190629	0.831611	0	0	0.41	-7.4924174e-19
7.370036361489994e-09	-0.01253612	-0.19933914	0.8359292	0	0	0.41	-1.349656e-18
7.380035290063053e-09	0.18677562	-0.11700575	0.84410316	0	0	0.41	-7.561704e-19
7.390010278867202e-09	0.18136573	0.10714224	0.8586964	0	0	0.41	-1.0365461e-18
7.400004925777129e-09	-0.0070820465	0.20225367	0.8591113	0	0	0.41	-1.2920124e-18
7.410003398986481e-09	-0.17333917	0.083734766	0.86592454	0	0	0.41	8.023843e-19
7.4200418906831105e-09	-0.14491992	-0.10969413	0.8703374	0	0	0.41	-9.841927e-19
7.430013315674863e-09	0.01282419	-0.16795427	0.878938	0	0	0.41	-1.8779326e-18
7.440038582963258e-09	0.1565185	-0.07065993	0.8824549	0	0	0.41	-1.96533e-18
7.450059759112983e-09	0.118689686	0.11266576	0.8889794	0	0	0.41	-1.5628954e-18
7.460055208785788e-09	-0.08001666	0.13414396	0.9010809	0	0	0.41	-1.451386e-19
7.47000756593626e-09	-0.12602603	-0.031509366	0.91342413	0	0	0.41	-1.0732231e-18
7.480034683024954e-09	-0.0019001932	-0.11642931	0.9229222	0	0	0.41	-1.0332593e-18
7.490060588595185e-09	0.10000752	-0.017256401	0.9267312	0	0	0.41	-1.8684552e-18
7.500025929112555e-09	0.040776834	0.07816066	0.9361754	0	0	0.41	-1.4427076e-18
7.510001140239434e-09	-0.0613684	0.052543517	0.93921936	0	0	0.41	-2.7079492e-18
7.520034679978292e-09	-0.036883987	-0.05010071	0.9449912	0	0	0.41	-1.9035492e-18
7.53004957788262e-09	0.03847701	-0.052682143	0.9478843	0	0	0.41	-1.2945368e-18
7.540011313710059e-09	0.05747817	0.020314746	0.9551662	0	0	0.41	-1.779473e-18
7.550023625300921e-09	-0.009702772	0.0644511	0.95712113	0	0	0.41	-1.97609e-18
7.560045560622251e-09	-0.03845086	0.0008879976	0.9581099	0	0	0.41	-1.427478e-18
7.570027670402852e-09	-0.008020546	-0.03137617	0.9621389	0	0	0.41	-2.6281842e-18
7.580033492258544e-09	0.021107227	-0.0019503344	0.96219265	0	0	0.41	-1.8901307e-18
7.590038985395567e-09	0.011314991	0.018610174	0.9614223	0	0	0.41	-6.1530187e-19
7.600046023718152e-09	-0.007991046	-0.0037515939	0.9644202	0	0	0.41	-1.4798323e-18
7.610033858960666e-09	-0.0016173635	-0.00027515853	0.96424603	0	0	0.41	-1.0875588e-18
7.620028550817001e-09	-0.0037142725	-0.0137088075	0.96237063	0	0	0.41	-2.3227424e-18
7.63005040432502e-09	0.010236125	0.0036906116	0.9640841	0	0	0.41	-1.0985048e-18
7.640011892685328e-09	0.005707365	0.002525279	0.96643555	0	0	0.41	-8.293185e-19
7.650011999644773e-09	-0.0005841561	0.0028267729	0.9633455	0	0	0.41	-2.1076608e-18
7.660049656127784e-09	0.0015601242	-0.0056814267	0.96642816	0	0	0.41	-1.9160342e-18
7.670049987629967e-09	-0.0021838988	0.0055220984	0.96410614	0	0	0.41	-8.687988e-19
7.680051540747395e-09	-0.014756904	-0.0061317408	0.9637851	0	0	0.41	-1.2264082e-18
7.690034116276189e-09	0.008790314	-0.015517986	0.9630283	0	0	0.41	-1.7542884e-18
7.700017437797937e-09	0.0090565095	0.014986489	0.96143156	0	0	0.41	-1.7083764e-18
7.710023028119176e-09	-0.0009802456	-0.0037985223	0.96365136	0	0	0.41	-1.0874563e-18
7.720054795597793e-09	0.0027526377	0.0051122583	0.96120405	0	0	0.41	-1.0261968e-18
7.730032114243209e-09	-0.0025154827	0.024662722	0.9645601	0	0	0.41	-2.1137689e-18
7.74002147058938e-09	-0.01868888	-0.013907616	0.9624865	0	0	0.41	-9.453028e-19
7.750023190771846e-09	0.004978119	-0.007158395	0.9636341	0	0	0.41	-1.3721207e-18
7.760030977438835e-09	0.01611113	-0.0110293655	0.9657365	0	0	0.41	-1.3169145e-18
7.770024067138854e-09	0.008579146	0.030138697	0.9650969	0	0	0.41	-9.192722e-19
7.78005170731604e-09	-0.0424461	0.021796137	0.96202207	0	0	0.41	-8.1565556e-19
7.7900000328494e-09	-0.018262912	-0.040865056	0.9604838	0	0	0.41	-2.0286917e-18
7.800032614595811e-09	0.030867487	-0.0048816954	0.9615038	0	0	0.41	-1.4872982e-18
7.810039238988454e-09	-0.005670736	0.026974626	0.96281844	0	0	0.41	-2.196737e-18
7.820044404569158e-09	-0.016710335	-0.0059287795	0.9648807	0	0	0.41	-1.6872976e-18
7.830041985997913e-09	-0.008996731	-0.016479377	0.9622708	0	0	0.41	-1.8815964e-18
7.84002852600242e-09	0.010512305	-0.009642667	0.9626628	0	0	0.41	-6.9369444e-19
7.850027667705936e-09	0.015672434	0.0073600663	0.963604	0	0	0.41	-6.488252e-19
7.860026097835472e-09	-0.0023948548	0.018408997	0.9632974	0	0	0.41	-1.0798906e-18
7.870008118299599e-09	-0.012568617	0.007617824	0.96303374	0	0	0.41	-1.5306264e-18
7.880056333819069e-09	-0.009984368	-0.019041346	0.961088	0	0	0.41	-9.563741e-19
7.890005266693048e-09	0.010333034	-0.029406508	0.96199673	0	0	0.41	-7.580898e-19
7.90003533113444e-09	0.022951633	-0.0012433085	0.9659593	0	0	0.41	-2.1664638e-18
7.910044398729092e-09	0.011266515	0.026696801	0.9651491	0	0	0.41	-1.4342777e-18
7.920037096307928e-09	-0.011315022	0.019925917	0.96310896	0	0	0.41	-8.881736e-19
7.930036288417694e-09	-0.015780734	0.010702389	0.9640387	0	0	0.41	-7.6842266e-19
7.940030249633657e-09	-0.008037518	-0.0038498393	0.9664379	0	0	0.41	-1.4234255e-18
7.950064428531457e-09	-0.00023540136	-0.008997856	0.9664136	0	0	0.41	-1.9786867e-18
7.960013811517354e-09	0.0036229172	0.024509532	0.96479625	0	0	0.41	-2.13863e-18
7.970005388967629e-09	-0.03037853	0.0073680314	0.9655971	0	0	0.41	-1.5517396e-18
7.98005461934025e-09	0.0026236074	-0.038000964	0.96628106	0	0	0.41	-1.8300236e-18
7.990056384438224e-09	0.027420811	0.003835913	0.9647775	0	0	0.41	-1.5397347e-18
8.000019448992971e-09	-0.007447663	0.022564216	0.96538246	0	0	0.41	-1.018083e-18
8.010045925768565e-09	-0.023635639	-0.003980625	0.9664274	0	0	0.41	-1.8754418e-18
8.020047310306163e-09	0.0107070105	-0.02817526	0.9656568	0	0	0.41	-1.4947398e-18
8.03004284081022e-09	0.0085298885	0.006285776	0.9622269	0	0	0.41	1.7337974e-19
8.040025277140335e-09	0.004228336	0.018520856	0.9675508	0	0	0.41	-3.2611757e-18
8.05005090830893e-09	-0.007747526	0.022119144	0.9669446	0	0	0.41	-1.685835e-18
8.060019835817856e-09	-0.025318976	-0.0044320254	0.9647939	0	0	0.41	-7.411972e-19
8.070038782764495e-09	0.00329955	-0.023790196	0.9667546	0	0	0.41	-1.8337422e-18
8.080054153407288e-09	0.032194134	-0.015101756	0.9634745	0	0	0.41	-1.5505817e-18
8.090054419187793e-09	0.01894287	0.027592577	0.96170473	0	0	0.41	-1.86775e-18
8.100010119599485e-09	-0.026164746	0.019158315	0.96269953	0	0	0.41	-6.0115656e-19
8.11000073632594e-09	-0.020481255	-0.013101084	0.9663	0	0	0.41	-1.1320046e-18
8.120025722656142e-09	0.027475683	-0.023194406	0.96733373	0	0	0.41	-1.6800698e-18
8.130001900334952e-09	0.038580623	0.02558749	0.96586347	0	0	0.41	-1.7247486e-18
8.140054846418864e-09	-0.02030895	0.045586117	0.96618545	0	0	0.41	-1.3626898e-18
8.150009940953045e-09	-0.042873893	-0.019129552	0.9644033	0	0	0.41	-1.4293403e-18
8.160051143266396e-09	0.018466366	-0.049301393	0.9668021	0	0	0.41	-1.7833272e-18
8.170018792830803e-09	0.05111396	0.017589694	0.96340024	0	0	0.41	-1.812545e-18
8.180052780298065e-09	-0.010583975	0.045993377	0.96274275	0	0	0.41	-1.7720144e-18
8.19000079861202e-09	-0.03443892	-0.0021172545	0.962691	0	0	0.41	-8.70478e-19
8.200032285778895e-09	0.020970654	-0.034693696	0.96099544	0	0	0.41	-1.8366855e-18
8.210019970569705e-09	0.027630355	0.023632359	0.9632353	0	0	0.41	-1.3399088e-18
8.220016431068694e-09	-0.014189283	0.03141274	0.96040815	0	0	0.41	-4.7387047e-19
8.230030005517082e-09	-0.04952292	0.0064410437	0.9606105	0	0	0.41	-1.2631939e-18
8.240022465161896e-09	-0.0005649581	-0.049249686	0.9639353	0	0	0.41	-1.2140213e-18
8.250000712761052e-09	0.06773194	-0.005866035	0.9634544	0	0	0.41	-2.4132171e-18
8.260010181622197e-09	0.005121841	0.063445434	0.96301466	0	0	0.41	-1.7192545e-18
8.270011486182185e-09	-0.063026026	-0.011048218	0.9614707	0	0	0.41	-1.3399606e-18
8.280019586847317e-09	-0.0012377682	-0.05526451	0.96308637	0	0	0.41	-1.5797014e-18
8.290047619498525e-09	0.044875756	-0.015299185	0.9609688	0	0	0.41	-1.7362577e-18
8.300019697452923e-09	0.029876793	0.035659354	0.95859164	0	0	0.41	-1.2288133e-18
8.310015899935796e-09	-0.029873593	0.032896362	0.9583943	0	0	0.41	-1.2638215e-18
8.320048989989985e-09	-0.04781178	-0.021020072	0.96091944	0	0	0.41	-1.1167002e-18
8.330045986367194e-09	0.031966843	-0.046679843	0.9616012	0	0	0.41	-2.1126412e-18
8.340002728706386e-09	0.03821908	0.014223557	0.9621681	0	0	0.41	-4.4870175e-19
8.350024683356036e-09	-0.007511308	0.029691588	0.9616754	0	0	0.41	-2.26071e-18
8.360005980714271e-09	-0.016484259	-0.018046426	0.96398056	0	0	0.41	-1.6156977e-18
8.370018640163253e-09	0.016579399	-0.012374761	0.96622014	0	0	0.41	-1.3836768e-18
8.38004559580325e-09	-0.0024220003	0.018554932	0.9670574	0	0	0.41	-4.4190346e-19
8.390027837260102e-09	-0.001861281	-0.0007943872	0.96675134	0	0	0.41	-2.80517e-18
8.400036677376702e-09	-0.008223667	-0.00044988294	0.9661004	0	0	0.41	-1.8713776e-18
8.410062671070272e-09	0.0010522187	-0.018667096	0.9639128	0	0	0.41	-5.7032785e-19
8.420018543879928e-09	0.020986494	-0.009710709	0.9649434	0	0	0.41	-1.4608066e-18
8.430046562549117e-09	0.008588648	0.038982272	0.9661131	0	0	0.41	-1.8572949e-18
8.440030940886091e-09	-0.04360917	0.017285664	0.96599364	0	0	0.41	-2.6614375e-18
8.45002503900591e-09	-0.02093763	-0.041010913	0.9643272	0	0	0.41	-1.1440912e-18
8.460048120120139e-09	0.02550582	-0.021760548	0.96510464	0	0	0.41	-1.595313e-18
8.470058284992645e-09	0.028228678	0.026996775	0.9658113	0	0	0.41	-2.4308535e-18
8.480028766367304e-09	-0.022694996	0.03758079	0.96757734	0	0	0.41	-1.6313485e-18
8.490020365290583e-09	-0.061554726	-0.013927837	0.9656852	0	0	0.41	-1.4154933e-18
8.50000312523005e-09	0.02239702	-0.059875436	0.9653554	0	0	0.41	-1.4270865e-18
8.510008511042541e-09	0.050691962	0.012704267	0.9671708	0	0	0.41	-1.4937744e-18
8.520062331457329e-09	-0.015799604	0.043202743	0.96852964	0	0	0.41	-1.608621e-18
8.530046192283153e-09	-0.040718097	-0.00980366	0.96752447	0	0	0.41	-1.3272121e-18
8.540012628782176e-09	0.021673402	-0.032669462	0.96941054	0	0	0.41	-1.5484e-18
8.550047422555436e-09	0.027420359	0.035228085	0.967546	0	0	0.41	-2.0992237e-18
8.560054276171386e-09	-0.017048609	0.025479443	0.9661076	0	0	0.41	-1.3237907e-18
8.570001956573247e-09	-0.022457143	-0.010485332	0.96536463	0	0	0.41	-1.0538983e-18
8.580031414780348e-09	-0.0043663895	-0.038169038	0.96563095	0	0	0.41	-2.3620738e-18
8.590010921292524e-09	0.028880868	0.01085205	0.9661119	0	0	0.41	-1.3050025e-18
8.600004063171215e-09	-0.0016223121	0.022797918	0.9682019	0	0	0.41	-1.157099e-18
8.610059932494176e-09	-0.039407857	-0.013395693	0.9658695	0	0	0.41	-1.0420416e-18
8.620057210337014e-09	0.013087663	-0.03491626	0.9645562	0	0	0.41	-1.6464477e-18
8.63001598319312e-09	0.051650405	0.02265234	0.9630135	0	0	0.41	-6.494881e-19
8.64002477361633e-09	-0.0067422586	0.06199106	0.9631506	0	0	0.41	-1.9041936e-18
8.65004340328552e-09	-0.0728703	-0.009773892	0.9633319	0	0	0.41	-1.2169207e-18
8.660053505359773e-09	-0.0051341522	-0.045605984	0.966469	0	0	0.41	-1.1823647e-18
8.670016562921746e-09	0.039880536	-0.03191736	0.9671784	0	0	0.41	-1.1435034e-18
8.680041760539176e-09	0.01263372	0.036818143	0.9674265	0	0	0.41	-1.2247568e-18
8.690022826726792e-09	-0.03254443	0.024591142	0.9690025	0	0	0.41	-1.320362e-18
8.70002162776208e-09	-0.018756608	-0.038939007	0.96949184	0	0	0.41	-9.089864e-19
8.710015063445714e-09	0.036379796	-0.028333118	0.9665222	0	0	0.41	-1.2500235e-18
8.720028479901556e-09	0.017771108	0.02620429	0.96890557	0	0	0.41	-1.5589788e-18
8.730060011175068e-09	-0.048970237	0.015391517	0.96432525	0	0	0.41	-2.1621976e-18
8.740054306067494e-09	-0.0047962326	-0.036510933	0.963625	0	0	0.41	-3.8194607e-19
8.750038605051646e-09	0.023818271	0.0047067064	0.9670906	0	0	0.41	-1.6465361e-18
8.760055040126015e-09	0.005859173	0.002717866	0.96730894	0	0	0.41	-1.8717813e-18
8.770039693921815e-09	-0.010907541	0.027304318	0.96308964	0	0	0.41	-4.596603e-19
8.780003655374433e-09	-0.022092637	-0.006646856	0.96407044	0	0	0.41	-1.5548213e-18
8.790037319045076e-09	-0.0047400096	-0.020570721	0.9623986	0	0	0.41	-3.0882142e-19
8.800055763894976e-09	0.025465623	3.923028e-05	0.9624743	0	0	0.41	-1.607599e-18
8.810060633433195e-09	-0.0020742281	0.01593383	0.96221846	0	0	0.41	-1.3069604e-18
8.820014453543851e-09	-0.020179711	-0.0017981523	0.96308243	0	0	0.41	-5.700817e-19
8.830044640532877e-09	-7.674377e-05	-0.0107036345	0.962827	0	0	0.41	-2.6691414e-18
8.840001899068398e-09	0.0019995705	0.0051094764	0.9640402	0	0	0.41	-1.0975496e-18
8.8500325991379e-09	0.004011465	0.0018881295	0.96283305	0	0	0.41	-1.723958e-18
8.86004689233813e-09	-0.002395851	-0.0065792087	0.9625668	0	0	0.41	-6.3450305e-19
8.870002372121352e-09	0.0019442308	0.0025179165	0.9623841	0	0	0.41	-1.0742784e-18
8.880059421488931e-09	0.0012885384	-0.005001791	0.96156055	0	0	0.41	-1.4950289e-18
8.890002852350499e-09	-0.0017425733	0.014885487	0.96055794	0	0	0.41	-1.3426724e-18
8.900001741282661e-09	-0.01635196	-0.0076143914	0.9643572	0	0	0.41	-1.7618089e-18
8.91001295642642e-09	0.032960083	-0.020509603	0.9670701	0	0	0.41	-1.818488e-18
8.920020891812962e-09	0.012389237	0.027910298	0.9678373	0	0	0.41	-1.3760305e-18
8.930000627935304e-09	-0.013075914	0.011463347	0.9674771	0	0	0.41	-1.9138478e-18
8.940049317564613e-09	-0.016002199	-0.020154225	0.9630674	0	0	0.41	-7.902108e-19
8.950000818936329e-09	0.00048756716	-0.015548729	0.9649629	0	0	0.41	-1.2204176e-18
8.960016713930823e-09	0.02365297	-0.003131312	0.9665718	0	0	0.41	-2.3634144e-18
8.970042276631318e-09	-0.00037601384	0.01658551	0.96390027	0	0	0.41	-1.833323e-18
8.980002192931608e-09	-0.025782263	0.004289991	0.9636587	0	0	0.41	-2.1616579e-18
8.990000137453213e-09	-0.0062163784	-0.031173699	0.9648622	0	0	0.41	-1.6158394e-18
9.000060799796604e-09	0.041215837	-0.0052364706	0.9665247	0	0	0.41	-2.052988e-18
9.010060414772748e-09	0.015095302	0.020420413	0.9670434	0	0	0.41	-1.2079159e-18
9.020000912867121e-09	-0.0017481978	0.01421564	0.96617925	0	0	0.41	-1.0310936e-18
9.030022922413254e-09	-0.019209538	-0.0025689614	0.9656589	0	0	0.41	-2.4338665e-18
9.040006004595907e-09	0.00347	-0.005724961	0.9641717	0	0	0.41	-1.1485083e-18
9.050029545087193e-09	0.016629383	0.0074498784	0.96446866	0	0	0.41	-1.7169965e-18
9.060027911311277e-09	-0.012993977	0.034411725	0.9630695	0	0	0.41	-9.776828e-19
9.070056297424589e-09	-0.039794307	-0.013644038	0.96915764	0	0	0.41	-1.6815192e-18
9.080062174329738e-09	0.008080967	-0.026911953	0.96932805	0	0	0.41	-5.7620393e-19
9.090015786878274e-09	0.040343326	0.008761213	0.96598905	0	0	0.41	-2.1895396e-18
9.100013477328703e-09	0.021137267	0.03670489	0.9675808	0	0	0.41	-1.1533468e-18
9.110022440552942e-09	-0.03914744	0.006392754	0.9677357	0	0	0.41	-7.9825964e-19
9.120017073054405e-09	-0.0010762508	-0.065650925	0.9657048	0	0	0.41	-7.559172e-19
9.130003698783202e-09	0.059443314	0.0073635112	0.9644356	0	0	0.41	-1.5650747e-18
9.14002468322558e-09	0.018418523	0.047287982	0.96758544	0	0	0.41	-1.2829671e-18
9.150051028318676e-09	-0.06654472	0.015535342	0.9657896	0	0	0.41	-1.620121e-18
9.160053599336348e-09	-0.029083299	-0.043133415	0.9642602	0	0	0.41	-1.3732807e-18
9.170033264534085e-09	0.041267622	-0.037687868	0.96565646	0	0	0.41	-2.0453517e-18
9.180015056557793e-09	0.03115045	0.010912027	0.96729	0	0	0.41	-2.077103e-18
9.190041867935776e-09	-0.016321905	0.022789622	0.96677125	0	0	0.41	-6.9826694e-19
9.200013361045457e-09	-0.031898662	-0.005722687	0.9649141	0	0	0.41	-2.172994e-18
9.21000505297422e-09	0.012240149	-0.030919211	0.9653577	0	0	0.41	-1.805706e-18
9.220053453162075e-09	0.037472427	-0.0033958186	0.96799505	0	0	0.41	-1.4570569e-18
9.230060449018354e-09	0.019142136	0.036660466	0.96533626	0	0	0.41	-1.9915221e-18
9.240060631448264e-09	-0.029070698	0.006306606	0.967624	0	0	0.41	-1.1776699e-18
9.250034327052869e-09	-0.0052755172	-0.0130572105	0.96821797	0	0	0.41	-1.578778e-18
9.260009321457354e-09	0.013676271	-0.0015592868	0.96771795	0	0	0.41	-2.1493258e-18
9.270058131030183e-09	-0.003043978	0.009402161	0.96768355	0	0	0.41	-5.368733e-19
9.280005693325375e-09	-0.009718343	-0.013732529	0.9670845	0	0	0.41	-2.5814797e-19
9.290060902837359e-09	0.0015105802	-0.011128738	0.966276	0	0	0.41	-1.0890898e-18
9.30005363961951e-09	0.009327183	0.0008243857	0.96577114	0	0	0.41	-1.2836797e-18
9.310036576933081e-09	0.0029679495	0.017279956	0.96062696	0	0	0.41	-1.4158527e-18
9.320031988943592e-09	-0.026484258	0.0012252061	0.961327	0	0	0.41	-1.857455e-18
9.330007302366243e-09	-0.021548962	-0.011186522	0.96229017	0	0	0.41	-2.1281579e-18
9.340042524591745e-09	0.023890173	-0.033373166	0.9620716	0	0	0.41	-1.3046439e-18
9.350009878913597e-09	0.04796674	0.004625359	0.9630107	0	0	0.41	-1.7262021e-18
9.360059930585367e-09	-0.011473057	0.05426729	0.96393436	0	0	0.41	-1.5385143e-18
9.370004074653919e-09	-0.041000567	-0.02017878	0.96490747	0	0	0.41	-1.5662555e-18
9.380033084160321e-09	0.008934686	-0.03804284	0.9647404	0	0	0.41	-1.5594458e-18
9.390007073023988e-09	0.034492638	0.0047531277	0.9677755	0	0	0.41	-2.5117941e-18
9.400023205857783e-09	-0.00037751527	0.02759361	0.9668581	0	0	0.41	-1.6527159e-18
9.410026296707674e-09	-0.01954825	0.0098734945	0.9677369	0	0	0.41	-2.4144672e-18
9.42002725710404e-09	-0.0122140115	-0.025798356	0.9696194	0	0	0.41	-1.4004628e-18
9.430004317239877e-09	0.02403771	-0.01697489	0.9660264	0	0	0.41	-1.6622984e-18
9.440049302079176e-09	0.007528284	0.039255086	0.96794164	0	0	0.41	-1.8162725e-18
9.450038240623431e-09	-0.057629075	0.013841064	0.9670644	0	0	0.41	-1.4098257e-18
9.460005061809331e-09	-0.01302434	-0.06957824	0.9675801	0	0	0.41	-1.2980231e-18
9.47005412363526e-09	0.06269777	0.008140888	0.9685359	0	0	0.41	-1.3299268e-18
9.48001611427038e-09	0.0046695215	0.050493512	0.96980774	0	0	0.41	-1.2330909e-18
9.490051979788402e-09	-0.045887586	0.015007578	0.9667886	0	0	0.41	-1.2757109e-18
9.500026259086544e-09	-0.019808095	-0.06355833	0.9668303	0	0	0.41	-2.0600216e-18
9.51000143670874e-09	0.055097178	-0.021399023	0.9667838	0	0	0.41	-1.3530716e-18
9.520050859475647e-09	0.019582847	0.041759223	0.96666723	0	0	0.41	-1.5180553e-18
9.530011757859162e-09	-0.028954158	0.015778776	0.9675266	0	0	0.41	-1.2111546e-19
9.540001024148617e-09	-0.0214742	-0.025118133	0.9656923	0	0	0.41	-1.8967946e-18
9.550040639924603e-09	0.037010092	-0.036226686	0.9654553	0	0	0.41	-1.4921973e-18
9.560022521791434e-09	0.04326174	0.02599805	0.9630172	0	0	0.41	-1.8535939e-18
9.5700026997481e-09	-0.02097983	0.052697778	0.96134657	0	0	0.41	-5.2327084e-19
9.58005294195847e-09	-0.056462668	-0.009210246	0.9631713	0	0	0.41	-1.5947785e-18
9.590002579858802e-09	0.018795963	-0.052752715	0.9664027	0	0	0.41	-1.8209275e-18
9.600030200413932e-09	0.04511276	0.013172815	0.96792483	0	0	0.41	-1.7279892e-18
9.61000377237918e-09	-0.012882148	0.042307924	0.96699154	0	0	0.41	-1.4262309e-18
9.620038050157286e-09	-0.0406323	0.011947626	0.96705645	0	0	0.41	-1.5964583e-18
9.630041624998559e-09	-0.007310071	-0.048440598	0.9647614	0	0	0.41	-2.2056957e-18
9.640000551327306e-09	0.023766344	-0.0186884	0.9663561	0	0	0.41	-2.2139086e-18
9.650014330969528e-09	0.021741536	0.015685648	0.9658552	0	0	0.41	-7.9188585e-19
9.660004787018426e-09	-0.0055097584	0.019992117	0.9620874	0	0	0.41	-8.0917703e-19
9.670045432879355e-09	-0.0046454533	-0.020954125	0.96259004	0	0	0.41	-2.496668e-18
9.68004531955024e-09	0.0010510207	0.0049599134	0.9632687	0	0	0.41	-9.614398e-19
9.690011067879508e-09	0.0012059634	0.0010407781	0.9659911	0	0	0.41	-1.734685e-18
9.700009965729585e-09	-0.0056354012	0.0099001145	0.96132785	0	0	0.41	-1.1149391e-18
9.710054550271256e-09	-0.02779804	-0.011637129	0.9650764	0	0	0.41	-2.3326555e-18
9.720001842983427e-09	0.004723747	-0.028325766	0.96734166	0	0	0.41	-1.2189459e-18
9.730020266254805e-09	0.017588405	-0.009509282	0.96356744	0	0	0.41	-1.0405329e-18
9.740051859462679e-09	0.001037981	0.018191153	0.9676873	0	0	0.41	-1.5913908e-18
9.750007843814285e-09	-0.017428651	0.0116406325	0.96582663	0	0	0.41	-1.3743034e-18
9.760022360553121e-09	-0.010348315	-0.0044193375	0.96288806	0	0	0.41	-8.1294876e-19
9.770044854831963e-09	-0.00359186	-0.034624156	0.96315646	0	0	0.41	-6.0445267e-19
9.780045908690782e-09	0.046402954	-0.006016068	0.9646026	0	0	0.41	-1.3998694e-18
9.790029410644463e-09	0.021444013	0.058600213	0.9619796	0	0	0.41	-1.3260515e-18
9.800026137037345e-09	-0.038729925	0.028452577	0.96375525	0	0	0.41	-4.80351e-19
9.810059489705412e-09	-0.04152079	-0.057478	0.96398324	0	0	0.41	-1.4529038e-18
9.820018251565313e-09	0.060164157	-0.04736334	0.9609232	0	0	0.41	-7.1731753e-19
9.830002034117094e-09	0.04529835	0.061989374	0.96260494	0	0	0.41	-1.9386903e-18
9.840028499461136e-09	-0.060297247	0.05835306	0.96187514	0	0	0.41	-1.359204e-18
9.850045916626026e-09	-0.053758338	-0.036876686	0.96222174	0	0	0.41	-1.2295808e-18
9.8600484664937e-09	0.02745266	-0.04391717	0.96647817	0	0	0.41	-1.5176646e-18
9.870001456406767e-09	0.054947596	0.021404738	0.9676471	0	0	0.41	-1.2224346e-18
9.88001015159493e-09	-0.018111223	0.05606928	0.9670352	0	0	0.41	-2.3926007e-18
9.890055105193165e-09	-0.059068594	-0.018920014	0.9665082	0	0	0.41	-2.1508084e-18
9.900054321578154e-09	-0.00028290626	-0.037296724	0.9658218	0	0	0.41	-1.383732e-18
9.910039683308142e-09	0.043798573	0.01107521	0.9639003	0	0	0.41	-1.5650285e-18
9.92004954510568e-09	-0.011497519	0.028481338	0.96532196	0	0	0.41	-7.946766e-19
9.930039326056548e-09	-0.021517448	-0.008970866	0.96321833	0	0	0.41	-1.4808913e-18
9.94001422192197e-09	0.007179297	-0.025028083	0.96359015	0	0	0.41	-1.1418549e-18
9.950051916533282e-09	0.01482044	-0.0026255006	0.96637833	0	0	0.41	-1.9767875e-18
9.96005745944074e-09	0.026631914	0.0027580662	0.9626621	0	0	0.41	-1.2553464e-18
9.97000672820678e-09	-0.0005840446	0.026903206	0.9649082	0	0	0.41	-1.6354113e-18
9.980038188894167e-09	-0.0223337	-0.017808309	0.9632442	0	0	0.41	-1.2642366e-18
9.990013582174086e-09	0.016188063	-0.021332704	0.96407795	0	0	0.41	-2.4633281e-18
1e-08	0.032524843	-4.70219e-05	0.96613854	0	0	0.41	-2.1992487e-18
