# t (s)	mx ()	my ()	mz ()	B_extx (T)	B_exty (T)	B_extz (T)	E_total (J)
0	0	0	-1	0	0	0.4	1.2498702e-18
1.0033955148188362e-11	0.009687688	0.000611159	-0.9747417	0	0	0.4	4.260291e-18
2.0013307891114837e-11	0.019512322	-0.0037765072	-0.96673644	0	0	0.4	4.4436415e-18
3.005515322659714e-11	0.031968348	-0.026875854	-0.9641432	0	0	0.4	5.282373e-18
4.005461688653173e-11	0.025578031	-0.029225	-0.9628311	0	0	0.4	5.2646808e-18
5.003578553622968e-11	0.006419311	-0.019007016	-0.9613109	0	0	0.4	3.872868e-18
6.000534861825817e-11	-0.0055169086	-0.014090767	-0.95754826	0	0	0.4	5.2365678e-18
7.005233871021747e-11	-0.0028493123	-0.025406983	-0.9574583	0	0	0.4	4.742279e-18
8.00370888592545e-11	0.020287508	-0.012050755	-0.95456815	0	0	0.4	5.5979816e-18
9.002617284667616e-11	0.03430375	-0.017703846	-0.95567894	0	0	0.4	4.695585e-18
1.0004715661178253e-10	0.035874855	-0.020335447	-0.9561634	0	0	0.4	4.4187054e-18
1.1000745196099564e-10	0.037323304	-0.0162074	-0.95649713	0	0	0.4	4.968808e-18
1.2003811705740726e-10	0.034151856	-0.02689056	-0.9564735	0	0	0.4	5.1809163e-18
1.300227839748919e-10	0.055155177	-0.032125674	-0.956906	0	0	0.4	4.140752e-18
1.4003887784507096e-10	0.040410887	-0.03568585	-0.95972115	0	0	0.4	4.809152e-18
1.5003569510487144e-10	0.043135956	-0.049137224	-0.9597176	0	0	0.4	4.7118487e-18
1.600615305127498e-10	0.03535408	-0.0338335	-0.9608703	0	0	0.4	4.063847e-18
1.7006478363421727e-10	0.032631572	-0.04303523	-0.959502	0	0	0.4	4.5670408e-18
1.8000557656508997e-10	0.026671536	-0.04425543	-0.9564126	0	0	0.4	4.951272e-18
1.9001386409501504e-10	0.03097767	-0.039197434	-0.9561022	0	0	0.4	4.9103435e-18
2.0005993575523415e-10	0.032198656	-0.03969662	-0.9573879	0	0	0.4	4.334634e-18
2.1002165020851956e-10	0.03706322	-0.0179816	-0.9539292	0	0	0.4	4.789891e-18
2.200526300319301e-10	0.042466722	-0.023939824	-0.9537834	0	0	0.4	4.964997e-18
2.3000346334144707e-10	0.03769587	-0.049600642	-0.9535407	0	0	0.4	4.740392e-18
2.400575135147247e-10	0.04577093	-0.060086396	-0.9547669	0	0	0.4	3.5878384e-18
2.5003330267327277e-10	0.035515714	-0.07337286	-0.95367223	0	0	0.4	4.658329e-18
2.6002764776246275e-10	0.027725523	-0.07136301	-0.9550442	0	0	0.4	3.837707e-18
2.700279846226788e-10	0.013116885	-0.06634872	-0.951405	0	0	0.4	4.6305012e-18
2.800137366170999e-10	0.012173075	-0.06653476	-0.9450507	0	0	0.4	5.111165e-18
2.9005449589956203e-10	0.03405454	-0.06090789	-0.94335985	0	0	0.4	3.937599e-18
3.000003244350718e-10	0.043071043	-0.052187502	-0.9422713	0	0	0.4	4.66752e-18
3.1005416253153245e-10	0.061983686	-0.056522135	-0.942132	0	0	0.4	4.6123947e-18
3.200502548717551e-10	0.048079908	-0.07496649	-0.9421479	0	0	0.4	4.2582865e-18
3.300159645847463e-10	0.043043066	-0.07976389	-0.941944	0	0	0.4	5.0221402e-18
3.40046932480955e-10	0.045772355	-0.091929086	-0.9416729	0	0	0.4	4.317662e-18
3.5004902238742587e-10	0.043641623	-0.093598336	-0.9433663	0	0	0.4	4.7376207e-18
3.6005119355666435e-10	0.033134494	-0.08994544	-0.9458338	0	0	0.4	4.8793263e-18
3.7002824243615276e-10	0.04673597	-0.06602105	-0.94794995	0	0	0.4	4.4067373e-18
3.80002684337222e-10	0.045917977	-0.051694147	-0.9493601	0	0	0.4	5.1534754e-18
3.900445868525006e-10	0.059681952	-0.05274622	-0.9499888	0	0	0.4	5.0987777e-18
4.000598078292638e-10	0.08458489	-0.041332234	-0.9506476	0	0	0.4	4.871499e-18
4.100071424664078e-10	0.073684104	-0.05934782	-0.9530657	0	0	0.4	5.4509048e-18
4.2005753383985016e-10	0.07652778	-0.076625936	-0.95109767	0	0	0.4	4.4879023e-18
4.3003948745719494e-10	0.063033804	-0.086551026	-0.952493	0	0	0.4	4.2861468e-18
4.4002685474375597e-10	0.06846058	-0.10568277	-0.94574463	0	0	0.4	5.0426642e-18
4.5000394310558734e-10	0.06239918	-0.1027683	-0.94960105	0	0	0.4	4.149623e-18
4.600017990245623e-10	0.07521673	-0.12006629	-0.94577736	0	0	0.4	4.132005e-18
4.700049614184011e-10	0.07888049	-0.13512944	-0.9445536	0	0	0.4	3.848823e-18
4.80013179188854e-10	0.05892125	-0.12157423	-0.94979143	0	0	0.4	4.3468693e-18
4.900314313384949e-10	0.054564837	-0.11690883	-0.9488997	0	0	0.4	5.330608e-18
5.000376748264556e-10	0.06401157	-0.13214695	-0.9431377	0	0	0.4	5.3648035e-18
5.100355919066697e-10	0.055335727	-0.123073965	-0.94496655	0	0	0.4	4.4684826e-18
5.200065883647313e-10	0.059246346	-0.13066484	-0.93971735	0	0	0.4	5.435819e-18
5.300500070714423e-10	0.050774977	-0.15038879	-0.93891567	0	0	0.4	4.6723553e-18
5.400258751129241e-10	0.021455504	-0.14564441	-0.9401084	0	0	0.4	4.75718e-18
5.500604574946019e-10	0.016956192	-0.13378066	-0.94024825	0	0	0.4	5.299477e-18
5.600256918938908e-10	0.015063053	-0.10688446	-0.9440649	0	0	0.4	4.4006856e-18
5.700627551928841e-10	0.01317731	-0.08146116	-0.9455927	0	0	0.4	4.9597067e-18
5.80012759967221e-10	0.0028812867	-0.07505573	-0.94800603	0	0	0.4	4.482367e-18
5.900458130675052e-10	0.011971446	-0.06256558	-0.9543307	0	0	0.4	3.5949505e-18
6.00053939699371e-10	0.024865288	-0.06708363	-0.9513708	0	0	0.4	6.0092984e-18
6.100034424150705e-10	0.024349742	-0.07116641	-0.9534231	0	0	0.4	4.904309e-18
6.200603811290207e-10	0.026422584	-0.07371989	-0.9513161	0	0	0.4	4.798382e-18
6.300180134606829e-10	-0.004588775	-0.09079983	-0.949088	0	0	0.4	5.3066895e-18
6.400600106002321e-10	-0.013882274	-0.08133017	-0.94748986	0	0	0.4	3.9997504e-18
6.500238030734452e-10	-0.010711751	-0.08093425	-0.9464941	0	0	0.4	4.485443e-18
6.600059490872459e-10	-0.01049889	-0.07945601	-0.9477444	0	0	0.4	4.5404093e-18
6.700124122250173e-10	0.0033991183	-0.086226664	-0.9450824	0	0	0.4	4.4926975e-18
6.800320465415152e-10	0.013717539	-0.087934956	-0.9400293	0	0	0.4	4.5649393e-18
6.900076245795958e-10	0.0075385957	-0.096648134	-0.93701565	0	0	0.4	5.1664026e-18
7.00011526090014e-10	0.020511396	-0.08085215	-0.9357822	0	0	0.4	4.702518e-18
7.100447154824389e-10	0.023491155	-0.07529151	-0.93594754	0	0	0.4	4.8349174e-18
7.200401169876807e-10	0.0058552786	-0.077816114	-0.936429	0	0	0.4	4.9754384e-18
7.300322282390169e-10	-0.005866431	-0.08754035	-0.94438535	0	0	0.4	4.498326e-18
7.400330333462981e-10	-0.008648604	-0.10331425	-0.9436737	0	0	0.4	4.7032675e-18
7.500153492405099e-10	-0.0071424874	-0.10703809	-0.94266725	0	0	0.4	5.283598e-18
7.600062124359738e-10	-0.016139744	-0.11050408	-0.9398199	0	0	0.4	3.8853066e-18
7.700236553748836e-10	-0.021458296	-0.103742644	-0.93630695	0	0	0.4	3.7997096e-18
7.800625315949965e-10	-0.02659382	-0.086145714	-0.9343016	0	0	0.4	5.0539255e-18
7.900298120349915e-10	-0.0382092	-0.07466535	-0.9354986	0	0	0.4	3.609877e-18
8.000101366201624e-10	-0.0395544	-0.06421124	-0.93215895	0	0	0.4	5.1039997e-18
8.100502576530921e-10	-0.018334607	-0.047534343	-0.92580485	0	0	0.4	4.514966e-18
8.200452096162684e-10	-0.007550843	-0.04224269	-0.92919064	0	0	0.4	4.8597787e-18
8.300090635596259e-10	0.007514578	-0.033856086	-0.93388015	0	0	0.4	4.2566433e-18
8.400292859664468e-10	0.006845385	-0.04795125	-0.9336969	0	0	0.4	4.9753504e-18
8.500104662519314e-10	-0.017189896	-0.049471643	-0.9415793	0	0	0.4	5.3432216e-18
8.600106881410403e-10	-0.04406337	-0.04074338	-0.9411698	0	0	0.4	4.625356e-18
8.700351877074887e-10	-0.068475656	-0.024792362	-0.9385525	0	0	0.4	5.0237785e-18
8.800401038078727e-10	-0.07784306	-0.039941605	-0.93802255	0	0	0.4	4.4642797e-18
8.900307032269792e-10	-0.09236878	-0.04803621	-0.94201195	0	0	0.4	5.5706776e-18
9.000106056499301e-10	-0.092280574	-0.031859383	-0.9412701	0	0	0.4	4.529646e-18
9.100522450346509e-10	-0.085746326	-0.028422713	-0.9391997	0	0	0.4	4.8239755e-18
9.200337689462817e-10	-0.08508608	-0.024239378	-0.93594706	0	0	0.4	4.977e-18
9.300229130045355e-10	-0.070455186	-0.020788442	-0.9380311	0	0	0.4	3.516148e-18
9.400089082002215e-10	-0.060438007	-0.029057825	-0.93465996	0	0	0.4	4.435083e-18
9.500635679691441e-10	-0.078347385	-0.02628062	-0.9330911	0	0	0.4	4.05889e-18
9.600508437436437e-10	-0.08680808	-0.025846582	-0.9301144	0	0	0.4	5.2625206e-18
9.700100704390767e-10	-0.092288785	-0.04279856	-0.9317445	0	0	0.4	5.0391586e-18
9.800636227955924e-10	-0.085584745	-0.03981601	-0.933375	0	0	0.4	4.2617156e-18
9.900568776622176e-10	-0.0852434	-0.04884889	-0.93668145	0	0	0.4	4.3446806e-18
1.000039194157564e-09	-0.0765225	-0.057992294	-0.93477154	0	0	0.4	4.859929e-18
1.0100225755095856e-09	-0.0831203	-0.06763524	-0.9356384	0	0	0.4	4.5375125e-18
1.0200440546618712e-09	-0.077809334	-0.06842573	-0.94056606	0	0	0.4	4.8476618e-18
1.0300178562207149e-09	-0.06421259	-0.0664318	-0.9421926	0	0	0.4	5.013899e-18
1.0400436490239337e-09	-0.053103387	-0.07008693	-0.9407312	0	0	0.4	4.1269976e-18
1.0500001291425717e-09	-0.048439384	-0.07308717	-0.9381674	0	0	0.4	5.5635903e-18
1.0600262552752488e-09	-0.052091826	-0.0956308	-0.9347701	0	0	0.4	4.653221e-18
1.0700260827212236e-09	-0.08763791	-0.10318241	-0.9344669	0	0	0.4	3.847295e-18
1.080041323737556e-09	-0.096506506	-0.09982689	-0.94083965	0	0	0.4	4.4936326e-18
1.0900032227938392e-09	-0.09768085	-0.07499923	-0.9370014	0	0	0.4	4.15867e-18
1.100037347136021e-09	-0.0868373	-0.0806091	-0.93951726	0	0	0.4	5.0038244e-18
1.1100323684541346e-09	-0.09538937	-0.082306005	-0.9377004	0	0	0.4	4.087179e-18
1.1200240151448325e-09	-0.09853575	-0.076428406	-0.9354953	0	0	0.4	4.8135604e-18
1.1300387930499567e-09	-0.095896006	-0.079796135	-0.93469524	0	0	0.4	4.197846e-18
1.1400521857048997e-09	-0.08222653	-0.08239566	-0.94024146	0	0	0.4	4.620951e-18
1.1500128927560836e-09	-0.07479802	-0.0834304	-0.94005233	0	0	0.4	4.1813724e-18
1.1600024848437772e-09	-0.07492293	-0.09197271	-0.93984896	0	0	0.4	4.9721537e-18
1.1700650877550857e-09	-0.058177307	-0.10831185	-0.93906254	0	0	0.4	4.3604814e-18
1.180063387983491e-09	-0.052475892	-0.1001654	-0.94257885	0	0	0.4	4.128711e-18
1.1900111607356993e-09	-0.07873731	-0.10625343	-0.9415692	0	0	0.4	4.9446876e-18
1.2000669185826948e-09	-0.08805135	-0.10615151	-0.94096816	0	0	0.4	4.2485816e-18
1.210032920360561e-09	-0.09632175	-0.08874585	-0.9375886	0	0	0.4	3.9144792e-18
1.2200535404881453e-09	-0.071773425	-0.07755297	-0.9380833	0	0	0.4	4.9328147e-18
1.230033249473118e-09	-0.07287535	-0.086330906	-0.9332932	0	0	0.4	5.0929936e-18
1.2400066275081259e-09	-0.07268615	-0.0896633	-0.931817	0	0	0.4	4.411989e-18
1.2500411383595196e-09	-0.051152132	-0.1014544	-0.9315531	0	0	0.4	4.7724917e-18
1.2600647670123422e-09	-0.044596903	-0.10162515	-0.9391862	0	0	0.4	3.97921e-18
1.2700547649805338e-09	-0.06391708	-0.107665755	-0.9283694	0	0	0.4	4.4024955e-18
1.2800251806382826e-09	-0.064169444	-0.105814606	-0.9299595	0	0	0.4	4.2664206e-18
1.2900304217124142e-09	-0.072104104	-0.07830261	-0.93054086	0	0	0.4	4.9895473e-18
1.3000184263572073e-09	-0.08226909	-0.08217699	-0.9265159	0	0	0.4	5.0663597e-18
1.3100502778974496e-09	-0.09735669	-0.06267796	-0.9257035	0	0	0.4	4.398297e-18
1.3200200098848203e-09	-0.100410216	-0.060668916	-0.92431444	0	0	0.4	4.358365e-18
1.330015908650476e-09	-0.10109074	-0.06943024	-0.92307633	0	0	0.4	4.8161516e-18
1.3400363309991058e-09	-0.09819385	-0.0708418	-0.9244282	0	0	0.4	4.4648273e-18
1.3500275393333019e-09	-0.074653514	-0.08704844	-0.9256519	0	0	0.4	4.7877028e-18
1.3600228334670583e-09	-0.08425179	-0.10016527	-0.92627525	0	0	0.4	5.532235e-18
1.3700239722929526e-09	-0.077085026	-0.1064914	-0.9297254	0	0	0.4	4.636615e-18
1.3800424088841395e-09	-0.0867148	-0.10497535	-0.93272287	0	0	0.4	4.1882355e-18
1.3900597053913785e-09	-0.083054885	-0.09099168	-0.9366715	0	0	0.4	4.8618475e-18
1.4000421500219887e-09	-0.08110396	-0.08141362	-0.9375384	0	0	0.4	5.150688e-18
1.410011358349639e-09	-0.077819236	-0.07693138	-0.9351153	0	0	0.4	5.072781e-18
1.4200305280492668e-09	-0.076636754	-0.065152645	-0.93004847	0	0	0.4	4.2962446e-18
1.4300257635206139e-09	-0.07103203	-0.06629651	-0.930407	0	0	0.4	4.707812e-18
1.440015730205798e-09	-0.0694895	-0.07172974	-0.92841494	0	0	0.4	4.857238e-18
1.4500560946384877e-09	-0.0807727	-0.08604016	-0.9301994	0	0	0.4	5.103934e-18
1.4600145608191047e-09	-0.08099766	-0.09367174	-0.9317026	0	0	0.4	5.7358044e-18
1.4700349847979331e-09	-0.0715329	-0.110014066	-0.9348155	0	0	0.4	4.0980765e-18
1.4800156557497557e-09	-0.06903726	-0.10851005	-0.93386	0	0	0.4	4.057603e-18
1.4900060699102046e-09	-0.07276286	-0.080547884	-0.9356918	0	0	0.4	4.6575356e-18
1.5000379036435865e-09	-0.046265032	-0.09050657	-0.9350618	0	0	0.4	4.8546494e-18
1.5100553246711817e-09	-0.024694005	-0.082180806	-0.9370334	0	0	0.4	4.214622e-18
1.5200231183619625e-09	-0.023449188	-0.08133206	-0.93443865	0	0	0.4	5.4931046e-18
1.5300667291646756e-09	-0.016623482	-0.08095101	-0.93531895	0	0	0.4	5.51643e-18
1.5400267505525665e-09	-0.05276624	-0.08623491	-0.9324025	0	0	0.4	4.1598177e-18
1.5500635895473984e-09	-0.05388306	-0.054267067	-0.94125575	0	0	0.4	4.399578e-18
1.5600286722635978e-09	-0.0565632	-0.04826602	-0.9395363	0	0	0.4	4.699593e-18
1.5700279787664836e-09	-0.057178102	-0.062081378	-0.93648314	0	0	0.4	4.955799e-18
1.5800543101404086e-09	-0.057116885	-0.06525528	-0.9381602	0	0	0.4	4.768794e-18
1.5900403145826149e-09	-0.068270266	-0.055196382	-0.93932396	0	0	0.4	4.685257e-18
1.6000333003143782e-09	-0.060562626	-0.057556506	-0.9352555	0	0	0.4	5.9145143e-18
1.6100401409224234e-09	-0.059681665	-0.07409559	-0.93472725	0	0	0.4	4.9340203e-18
1.6200395237447575e-09	-0.062107537	-0.062533386	-0.93728435	0	0	0.4	5.4179677e-18
1.630059587171795e-09	-0.06371873	-0.05498314	-0.94038457	0	0	0.4	5.1906584e-18
1.6400336598386817e-09	-0.07074458	-0.046641696	-0.93909335	0	0	0.4	4.9320102e-18
1.650011678224192e-09	-0.080716036	-0.030929053	-0.9402941	0	0	0.4	4.357829e-18
1.6600516398216073e-09	-0.070784345	-0.01929421	-0.94352436	0	0	0.4	4.5189634e-18
1.6700104384728023e-09	-0.10046171	-0.017197026	-0.9391448	0	0	0.4	4.3227235e-18
1.6800061307390267e-09	-0.09006788	-0.029672889	-0.9409817	0	0	0.4	4.517103e-18
1.6900455987729593e-09	-0.095117144	-0.019348625	-0.933757	0	0	0.4	4.363194e-18
1.7000048978344025e-09	-0.11038496	-0.019886006	-0.93106484	0	0	0.4	3.3863316e-18
1.7100447662070956e-09	-0.09369684	-0.023868248	-0.93044215	0	0	0.4	4.327165e-18
1.7200121792413146e-09	-0.091046534	-0.013675255	-0.9344824	0	0	0.4	4.5536913e-18
1.7300597553365376e-09	-0.06955497	-0.016890988	-0.9367875	0	0	0.4	4.5007567e-18
1.7400163645150856e-09	-0.08726848	0.0048857676	-0.9369228	0	0	0.4	4.3276224e-18
1.7500083435215667e-09	-0.08925978	0.014233368	-0.9367819	0	0	0.4	5.2749514e-18
1.7600631975874407e-09	-0.11396052	0.022736784	-0.9397514	0	0	0.4	5.2621115e-18
1.7700422340644885e-09	-0.116266765	0.036152575	-0.9368036	0	0	0.4	4.4487903e-18
1.7800406910651625e-09	-0.11277687	0.021267267	-0.93369085	0	0	0.4	4.773377e-18
1.7900556190400545e-09	-0.117555596	0.0066248137	-0.93475777	0	0	0.4	4.9030275e-18
1.8000494024148796e-09	-0.11077283	-0.010455007	-0.9336416	0	0	0.4	3.146884e-18
1.8100097613771213e-09	-0.12728333	-0.02359949	-0.9313069	0	0	0.4	4.205224e-18
1.8200631506786543e-09	-0.13924056	-0.03447571	-0.92812186	0	0	0.4	5.2143398e-18
1.8300571592344325e-09	-0.15136035	-0.025532221	-0.93076855	0	0	0.4	4.717042e-18
1.840065232902529e-09	-0.14754264	-0.0053112684	-0.93331516	0	0	0.4	5.2319426e-18
1.850041663910173e-09	-0.14952725	-0.007190677	-0.9345894	0	0	0.4	4.8422376e-18
1.8600127846787764e-09	-0.13707489	-0.005377342	-0.9325227	0	0	0.4	4.9369282e-18
1.870049748967742e-09	-0.11748112	0.011472231	-0.93650854	0	0	0.4	4.067548e-18
1.880064301686573e-09	-0.112633206	0.001548618	-0.9398076	0	0	0.4	4.564473e-18
1.890042449302753e-09	-0.10834945	-0.007958907	-0.9413935	0	0	0.4	4.970914e-18
1.900055490122736e-09	-0.12217874	-0.027351575	-0.9377692	0	0	0.4	4.701151e-18
1.910014799198303e-09	-0.13716823	-0.037807778	-0.9343024	0	0	0.4	4.0883394e-18
1.9200495763087805e-09	-0.1408731	-0.040063612	-0.9299659	0	0	0.4	5.0508277e-18
1.9300225195757324e-09	-0.14885013	-0.0389551	-0.92985153	0	0	0.4	5.4010378e-18
1.9400259766509056e-09	-0.14939314	-0.04163167	-0.9353782	0	0	0.4	4.577345e-18
1.950000747443518e-09	-0.12355008	-0.045614753	-0.9340951	0	0	0.4	3.8581838e-18
1.9600609301816718e-09	-0.116023436	-0.049516547	-0.9335158	0	0	0.4	4.8420494e-18
1.9700447462646883e-09	-0.09963562	-0.05739901	-0.9369814	0	0	0.4	5.427013e-18
1.980005184830635e-09	-0.090486765	-0.04672074	-0.94189394	0	0	0.4	4.311982e-18
1.9900444805331125e-09	-0.084891334	-0.05388766	-0.9441473	0	0	0.4	5.093181e-18
2.0000547543457437e-09	-0.11307507	-0.05038539	-0.9433805	0	0	0.4	5.6079466e-18
2.0100157613058376e-09	-0.13140349	-0.033377834	-0.9441339	0	0	0.4	3.529598e-18
2.0200000821419217e-09	-0.14661191	-0.024755187	-0.9373878	0	0	0.4	4.4999188e-18
2.030036259871812e-09	-0.16295387	-0.036365405	-0.93402594	0	0	0.4	4.485406e-18
2.040023933830289e-09	-0.17128547	-0.026236618	-0.93565404	0	0	0.4	5.2024242e-18
2.050063981249299e-09	-0.16130924	-0.021851469	-0.93844306	0	0	0.4	4.600738e-18
2.060001367661828e-09	-0.1461275	-0.030108372	-0.94291544	0	0	0.4	4.9055326e-18
2.0700104444374508e-09	-0.14324722	-0.023105681	-0.9413168	0	0	0.4	5.2523094e-18
2.080050796515272e-09	-0.15844029	-0.035978094	-0.93867934	0	0	0.4	4.0901285e-18
2.0900126099583524e-09	-0.16725491	-0.03939738	-0.9388002	0	0	0.4	4.3802927e-18
2.1000063776340373e-09	-0.17620489	-0.015121895	-0.936707	0	0	0.4	4.256881e-18
2.1100088077159183e-09	-0.1733307	-0.019401537	-0.93825895	0	0	0.4	5.105235e-18
2.1200551899201317e-09	-0.18783322	-0.030778717	-0.93706644	0	0	0.4	4.2404624e-18
2.1300061883333075e-09	-0.1895033	-0.027037213	-0.9341868	0	0	0.4	5.9481135e-18
2.1400312923819616e-09	-0.18926239	-0.016296899	-0.9332874	0	0	0.4	4.5787144e-18
2.150026804249303e-09	-0.1840769	-0.011485139	-0.935433	0	0	0.4	5.3992097e-18
2.1600152413736526e-09	-0.1900953	-0.020972792	-0.9310381	0	0	0.4	4.6353e-18
2.170027608755491e-09	-0.19464795	-0.025678482	-0.9234446	0	0	0.4	5.0264974e-18
2.1800199394665014e-09	-0.17717662	-0.037996855	-0.92773443	0	0	0.4	4.095749e-18
2.1900195159830296e-09	-0.17683989	-0.04253143	-0.92394567	0	0	0.4	3.902712e-18
2.2000592388587764e-09	-0.1739184	-0.0388416	-0.9199674	0	0	0.4	4.795211e-18
2.2100297514661586e-09	-0.19012114	-0.042684004	-0.91844267	0	0	0.4	5.676334e-18
2.220009609900361e-09	-0.1851208	-0.03231334	-0.91749513	0	0	0.4	5.0002026e-18
2.230023543532642e-09	-0.183136	-0.01395474	-0.91781735	0	0	0.4	5.2537847e-18
2.240004565421089e-09	-0.18655439	-0.019211395	-0.91616064	0	0	0.4	4.2285655e-18
2.250041998497554e-09	-0.18874508	-0.020198658	-0.9173154	0	0	0.4	3.956291e-18
2.260037216222175e-09	-0.19483098	-0.026632559	-0.9181758	0	0	0.4	4.5583165e-18
2.27002320561777e-09	-0.18221787	-0.034398764	-0.91762525	0	0	0.4	4.8814757e-18
2.2800385930387597e-09	-0.18493502	-0.043351837	-0.9173722	0	0	0.4	5.2775587e-18
2.2900262341893147e-09	-0.17476997	-0.03932133	-0.9296255	0	0	0.4	4.913707e-18
2.300040070987003e-09	-0.16208923	-0.028140374	-0.9313015	0	0	0.4	5.110587e-18
2.3100510682380763e-09	-0.18174297	-0.034063023	-0.9252725	0	0	0.4	5.015225e-18
2.3200464441936902e-09	-0.18683931	-0.0392465	-0.9282044	0	0	0.4	4.2540824e-18
2.3300318619514705e-09	-0.17974527	-0.035619896	-0.92610514	0	0	0.4	5.8208133e-18
2.340002625748974e-09	-0.18734789	-0.023461865	-0.92009836	0	0	0.4	4.737889e-18
2.3500130214981904e-09	-0.192831	-0.023197262	-0.9113885	0	0	0.4	5.460335e-18
2.360065900738882e-09	-0.18551038	-0.026710285	-0.90701157	0	0	0.4	4.8754096e-18
2.370005465562691e-09	-0.17369756	-0.035503995	-0.91236615	0	0	0.4	4.6648586e-18
2.38004734330141e-09	-0.17032422	-0.04807601	-0.90466744	0	0	0.4	4.543189e-18
2.3900299930868044e-09	-0.17627135	-0.06422579	-0.905026	0	0	0.4	5.113302e-18
2.4000093088841523e-09	-0.1873962	-0.07913497	-0.90368617	0	0	0.4	5.152551e-18
2.4100225484689696e-09	-0.19101529	-0.061321784	-0.90330154	0	0	0.4	4.0081603e-18
2.4200124368834816e-09	-0.19083382	-0.064958476	-0.9012357	0	0	0.4	4.5294917e-18
2.4300038556024216e-09	-0.18748537	-0.08440438	-0.90314966	0	0	0.4	4.246101e-18
2.4400624947579053e-09	-0.19068159	-0.083106525	-0.9003419	0	0	0.4	4.2972637e-18
2.4500228855549175e-09	-0.17204054	-0.09913913	-0.90301347	0	0	0.4	4.764108e-18
2.4600366309559393e-09	-0.15217151	-0.10569835	-0.9081294	0	0	0.4	4.3349686e-18
2.4700197388962687e-09	-0.14470248	-0.11454162	-0.91299415	0	0	0.4	5.210885e-18
2.4800260401540143e-09	-0.14286274	-0.121267796	-0.91999704	0	0	0.4	4.5146327e-18
2.490060169990516e-09	-0.1340374	-0.14095041	-0.9213646	0	0	0.4	4.4048646e-18
2.5000389516150433e-09	-0.15766223	-0.13914035	-0.9199664	0	0	0.4	4.987378e-18
2.510017813889661e-09	-0.17251056	-0.12192351	-0.92673403	0	0	0.4	5.658685e-18
2.520021857863386e-09	-0.18609498	-0.10682107	-0.92289966	0	0	0.4	5.043949e-18
2.5300260528179787e-09	-0.17760949	-0.095256805	-0.92164487	0	0	0.4	4.0240046e-18
2.5400315148905526e-09	-0.17770731	-0.08001786	-0.9175567	0	0	0.4	4.256995e-18
2.550040731957682e-09	-0.18132967	-0.07992416	-0.9088342	0	0	0.4	5.267042e-18
2.560016700851771e-09	-0.15689898	-0.08425906	-0.9134911	0	0	0.4	4.138342e-18
2.5700234438384595e-09	-0.13947013	-0.08724573	-0.9153741	0	0	0.4	3.658106e-18
2.580060536573371e-09	-0.13899654	-0.10892966	-0.9118413	0	0	0.4	5.3356644e-18
2.5900238120096133e-09	-0.13295895	-0.12612799	-0.905902	0	0	0.4	4.890824e-18
2.6000319859826027e-09	-0.12664318	-0.1411861	-0.9059571	0	0	0.4	4.267364e-18
2.610035534413622e-09	-0.11446014	-0.14312167	-0.91676736	0	0	0.4	4.398216e-18
2.6200378494204294e-09	-0.13131572	-0.12045856	-0.91521645	0	0	0.4	4.4088793e-18
2.630049488175534e-09	-0.12464822	-0.11008655	-0.909748	0	0	0.4	5.402664e-18
2.6400051034925385e-09	-0.096181534	-0.103325024	-0.911543	0	0	0.4	4.4109282e-18
2.6500158615543763e-09	-0.07319292	-0.114792995	-0.91169477	0	0	0.4	5.01426e-18
2.660048935971628e-09	-0.061845593	-0.109312415	-0.9151442	0	0	0.4	4.0737884e-18
2.6700049762826838e-09	-0.04613829	-0.12028242	-0.92034334	0	0	0.4	4.787143e-18
2.6800079316476712e-09	-0.03944768	-0.13136311	-0.9259863	0	0	0.4	4.010116e-18
2.6900266100504204e-09	-0.039361186	-0.14882644	-0.9268943	0	0	0.4	4.8445044e-18
2.7000193658623874e-09	-0.031789143	-0.1597078	-0.9295895	0	0	0.4	5.2850513e-18
2.710006757920539e-09	-0.041991644	-0.15141363	-0.92875135	0	0	0.4	4.8459685e-18
2.720017135199845e-09	-0.05781202	-0.15060534	-0.92494	0	0	0.4	4.351977e-18
2.7300190902326176e-09	-0.052695096	-0.14944795	-0.92547816	0	0	0.4	5.007183e-18
2.740034334931003e-09	-0.03451333	-0.13487607	-0.9179078	0	0	0.4	4.5736946e-18
2.750030579548718e-09	-0.03716303	-0.130214	-0.9187921	0	0	0.4	4.2120727e-18
2.7600205396179667e-09	-0.011281483	-0.13102803	-0.91664124	0	0	0.4	5.1979674e-18
2.7700108946279805e-09	-0.005588358	-0.14894444	-0.91389906	0	0	0.4	5.1397562e-18
2.7800064936464753e-09	0.005919715	-0.15350102	-0.91487736	0	0	0.4	4.640564e-18
2.790050207006152e-09	0.0077884183	-0.18576947	-0.91317177	0	0	0.4	4.624462e-18
2.8000392977162655e-09	0.0027261695	-0.19392343	-0.91358346	0	0	0.4	4.743989e-18
2.8100270827759188e-09	-0.0020765343	-0.19077088	-0.9164491	0	0	0.4	3.088008e-18
2.8200488925299425e-09	-0.0070504392	-0.20398952	-0.91841394	0	0	0.4	3.7792137e-18
2.8300529520476243e-09	0.011584535	-0.21063834	-0.9198422	0	0	0.4	5.2295434e-18
2.8400644236267524e-09	0.0038079605	-0.2060005	-0.9180917	0	0	0.4	4.224638e-18
2.8500515680628657e-09	0.022583835	-0.21282518	-0.91580486	0	0	0.4	4.8063917e-18
2.8600126309468954e-09	0.044321615	-0.19966802	-0.91783017	0	0	0.4	4.0135784e-18
2.8700270794298224e-09	0.056802176	-0.22159807	-0.9116799	0	0	0.4	5.7371084e-18
2.8800038421788286e-09	0.060374174	-0.22038269	-0.9112143	0	0	0.4	4.3709105e-18
2.8900352189246916e-09	0.08128219	-0.2386767	-0.9085081	0	0	0.4	5.0326744e-18
2.9000569061128303e-09	0.09041163	-0.24051124	-0.911501	0	0	0.4	4.8949873e-18
2.9100462072467394e-09	0.0946076	-0.24606587	-0.90608656	0	0	0.4	4.102937e-18
2.9200002153520105e-09	0.11054042	-0.25235015	-0.9008176	0	0	0.4	5.018212e-18
2.93004026492561e-09	0.12209074	-0.23780665	-0.8975468	0	0	0.4	4.4244303e-18
2.9400341973594905e-09	0.12082466	-0.23739108	-0.89658463	0	0	0.4	4.581478e-18
2.950058402120122e-09	0.1484827	-0.21757737	-0.89898473	0	0	0.4	5.1479846e-18
2.960018467668852e-09	0.18142818	-0.2059539	-0.8915315	0	0	0.4	4.4435402e-18
2.9700298617544403e-09	0.18212163	-0.19414619	-0.90078425	0	0	0.4	3.4865712e-18
2.9800072925494005e-09	0.1867022	-0.18679197	-0.90865463	0	0	0.4	3.9841328e-18
2.9900562199435086e-09	0.20406839	-0.18912275	-0.9082586	0	0	0.4	4.8845114e-18
3.0000267876262985e-09	0.2104837	-0.18603182	-0.9044452	0	0	0.4	5.340827e-18
3.0100653349173726e-09	0.19828968	-0.19388862	-0.9094443	0	0	0.4	5.363428e-18
3.0200552304899445e-09	0.22668158	-0.19547267	-0.90182644	0	0	0.4	4.6188276e-18
3.030039482668742e-09	0.20938878	-0.18429145	-0.90389097	0	0	0.4	4.048688e-18
3.0400573054965663e-09	0.20108622	-0.1605156	-0.9098497	0	0	0.4	3.694282e-18
3.050056182026007e-09	0.21285905	-0.14792404	-0.908367	0	0	0.4	5.2661085e-18
3.060032259159867e-09	0.20372051	-0.12470455	-0.9089476	0	0	0.4	4.92877e-18
3.070036281258483e-09	0.20922136	-0.09762892	-0.90753466	0	0	0.4	4.622801e-18
3.08003640153941e-09	0.21949907	-0.09404988	-0.9024281	0	0	0.4	4.760752e-18
3.090024103702652e-09	0.2369463	-0.09057501	-0.9010801	0	0	0.4	4.2147445e-18
3.100009682873315e-09	0.2507896	-0.098465435	-0.90149295	0	0	0.4	5.1186945e-18
3.110064049167366e-09	0.25743857	-0.10805665	-0.90155524	0	0	0.4	4.4561465e-18
3.1200175042619345e-09	0.2688067	-0.093877405	-0.8961263	0	0	0.4	4.8541076e-18
3.1300553667998083e-09	0.27050987	-0.09584808	-0.8913732	0	0	0.4	3.643633e-18
3.1400459404605343e-09	0.26183364	-0.09329806	-0.8916891	0	0	0.4	5.2523525e-18
3.1500571827527843e-09	0.2714054	-0.092570975	-0.89029354	0	0	0.4	3.9793277e-18
3.160011078135488e-09	0.27643576	-0.092825755	-0.8860607	0	0	0.4	4.8527903e-18
3.1700272682872192e-09	0.28486064	-0.08136318	-0.8834122	0	0	0.4	4.679618e-18
3.180012780521295e-09	0.2716565	-0.057112154	-0.88839805	0	0	0.4	5.3018534e-18
3.1900328471141257e-09	0.28160587	-0.053742442	-0.8910559	0	0	0.4	4.7264534e-18
3.200046322260296e-09	0.27409288	-0.05130165	-0.8974776	0	0	0.4	4.7996357e-18
3.2100154311508735e-09	0.26999477	-0.043201245	-0.89911926	0	0	0.4	4.8232525e-18
3.220058159263306e-09	0.28354314	-0.040673293	-0.8958193	0	0	0.4	4.6828717e-18
3.230014569166232e-09	0.26662514	-0.041039966	-0.89422727	0	0	0.4	4.8477213e-18
3.2400603041286993e-09	0.26930115	-0.029264335	-0.89739376	0	0	0.4	4.49071e-18
3.2500272860489275e-09	0.2637359	-0.036474768	-0.8955503	0	0	0.4	4.0700405e-18
3.2600385475369256e-09	0.2681402	-0.048526928	-0.89456886	0	0	0.4	5.3743087e-18
3.270055805189411e-09	0.26639158	-0.04442559	-0.89497125	0	0	0.4	3.7158827e-18
3.2800437957328686e-09	0.27636442	-0.033237644	-0.88806015	0	0	0.4	4.1324095e-18
3.290022982112343e-09	0.28081933	-0.0263758	-0.88229984	0	0	0.4	4.6617538e-18
3.300000782213422e-09	0.29279056	-0.018126072	-0.88342613	0	0	0.4	4.774754e-18
3.310024768276464e-09	0.287923	-0.008908136	-0.88221043	0	0	0.4	5.2582432e-18
3.320038819567913e-09	0.2887922	-0.004768979	-0.88533807	0	0	0.4	4.502916e-18
3.3300171297568113e-09	0.30529836	0.028380591	-0.8798976	0	0	0.4	5.163727e-18
3.3400150123312457e-09	0.29694587	0.051805303	-0.88114774	0	0	0.4	5.088681e-18
3.350024644781389e-09	0.30173996	0.06624216	-0.8763642	0	0	0.4	5.1057446e-18
3.3600363095678132e-09	0.2858117	0.07402003	-0.88320744	0	0	0.4	3.3241446e-18
3.3700424243568704e-09	0.28153837	0.091845036	-0.8783885	0	0	0.4	4.499004e-18
3.380038700949424e-09	0.27410316	0.09623938	-0.8802561	0	0	0.4	5.4260484e-18
3.390022776560593e-09	0.25810596	0.10841319	-0.88784117	0	0	0.4	4.6064857e-18
3.400040885107656e-09	0.25450876	0.121570215	-0.8857735	0	0	0.4	4.656721e-18
3.4100247140617747e-09	0.24481791	0.123222895	-0.88522977	0	0	0.4	4.613428e-18
3.4200008642329105e-09	0.22059885	0.1380289	-0.8886212	0	0	0.4	4.9516347e-18
3.4300245726718347e-09	0.22204567	0.14857696	-0.8834906	0	0	0.4	4.9694484e-18
3.440037556842299e-09	0.2218574	0.16627209	-0.88580936	0	0	0.4	4.308705e-18
3.450065704589119e-09	0.22340496	0.18347713	-0.88947916	0	0	0.4	5.2078956e-18
3.46004890136543e-09	0.22438152	0.1915536	-0.88860124	0	0	0.4	4.318238e-18
3.4700215468575058e-09	0.21643253	0.2115659	-0.8875669	0	0	0.4	4.347136e-18
3.4800477886803335e-09	0.21376522	0.21699129	-0.88343143	0	0	0.4	4.972645e-18
3.490020545653415e-09	0.20137449	0.2380541	-0.88018936	0	0	0.4	5.135474e-18
3.500010741520944e-09	0.20956753	0.23833418	-0.8818526	0	0	0.4	4.2619323e-18
3.5100376550575395e-09	0.19601697	0.24763699	-0.88368577	0	0	0.4	6.1268474e-18
3.5200543430596194e-09	0.18195264	0.2408129	-0.8856206	0	0	0.4	4.989293e-18
3.5300222146878785e-09	0.17264883	0.25003633	-0.8865131	0	0	0.4	3.74671e-18
3.540033788842831e-09	0.16414633	0.27147508	-0.87905276	0	0	0.4	4.464284e-18
3.550012018277864e-09	0.13513881	0.2769582	-0.880588	0	0	0.4	5.3298254e-18
3.5600356226314633e-09	0.15045552	0.28384203	-0.87635976	0	0	0.4	4.323696e-18
3.5700429137239553e-09	0.14671259	0.28418893	-0.87447685	0	0	0.4	5.3380653e-18
3.5800213670468952e-09	0.13890325	0.3071832	-0.8660355	0	0	0.4	4.626669e-18
3.5900112897492913e-09	0.13068514	0.3052104	-0.8646432	0	0	0.4	4.988982e-18
3.60002309631487e-09	0.11930929	0.28815672	-0.86903	0	0	0.4	4.970651e-18
3.610039545855193e-09	0.09657235	0.2905411	-0.8637499	0	0	0.4	5.2079585e-18
3.6200362110018565e-09	0.059961066	0.2952253	-0.8607719	0	0	0.4	3.9702593e-18
3.6300204485065064e-09	0.01010634	0.29493946	-0.8562948	0	0	0.4	3.7835717e-18
3.6400358129294088e-09	-0.043187506	0.29805675	-0.84819186	0	0	0.4	5.352284e-18
3.650034311899261e-09	-0.08809331	0.2928756	-0.8343482	0	0	0.4	4.3253655e-18
3.6600542672616734e-09	-0.15314986	0.28614983	-0.8256664	0	0	0.4	5.2301125e-18
3.670063930324176e-09	-0.20419551	0.25485834	-0.8020309	0	0	0.4	4.198648e-18
3.6800203889273483e-09	-0.26680204	0.18321653	-0.77708125	0	0	0.4	5.572764e-18
3.690016490563241e-09	-0.31033298	0.082179666	-0.75417507	0	0	0.4	4.894129e-18
3.7000035176450602e-09	-0.318816	-0.041369397	-0.73958087	0	0	0.4	4.8340927e-18
3.710016833232127e-09	-0.26921126	-0.16701765	-0.7287703	0	0	0.4	5.347118e-18
3.7200105043362247e-09	-0.21405575	-0.26766244	-0.7193096	0	0	0.4	4.5080963e-18
3.7300527652852e-09	-0.106580056	-0.3463045	-0.71305406	0	0	0.4	4.0049633e-18
3.740011672005239e-09	-0.013097998	-0.3568661	-0.70617884	0	0	0.4	3.2738297e-18
3.75006347611328e-09	0.105457164	-0.30893078	-0.7002259	0	0	0.4	4.87043e-18
3.760027846107026e-09	0.19862913	-0.18512826	-0.6923144	0	0	0.4	5.1237523e-18
3.770050269778699e-09	0.21347159	-0.012347198	-0.6860375	0	0	0.4	5.4241823e-18
3.780034411215339e-09	0.1212784	0.14313199	-0.6804686	0	0	0.4	4.70764e-18
3.790036129011546e-09	0.0014727903	0.20987919	-0.6822266	0	0	0.4	4.3245817e-18
3.800044263873805e-09	-0.099010274	0.22823124	-0.6808543	0	0	0.4	5.0739044e-18
3.810065348689624e-09	-0.2354179	0.2276125	-0.6817713	0	0	0.4	4.5341157e-18
3.820031164020574e-09	-0.34945852	0.12792023	-0.6655475	0	0	0.4	4.1042903e-18
3.830054720269712e-09	-0.38821238	-0.020141505	-0.6628331	0	0	0.4	4.198056e-18
3.840011205545078e-09	-0.35773826	-0.20070103	-0.6614569	0	0	0.4	3.8633003e-18
3.850057549823572e-09	-0.22838512	-0.29087746	-0.65687263	0	0	0.4	4.385263e-18
3.860037186755392e-09	-0.10177679	-0.29477105	-0.6496093	0	0	0.4	4.3840548e-18
3.870048545333983e-09	0.034107875	-0.23464222	-0.6550399	0	0	0.4	4.8816854e-18
3.8800101241930714e-09	0.13710177	-0.08764556	-0.64456356	0	0	0.4	4.753769e-18
3.8900018857088355e-09	0.1715191	0.099438146	-0.632626	0	0	0.4	4.363171e-18
3.900006650364985e-09	0.13571702	0.23238716	-0.62146765	0	0	0.4	5.4061183e-18
3.910000931822009e-09	0.04389192	0.31531447	-0.61521757	0	0	0.4	4.4080525e-18
3.920064797995021e-09	-0.09246916	0.369925	-0.6154199	0	0	0.4	3.9556765e-18
3.9300402359893594e-09	-0.25779217	0.30419603	-0.6076733	0	0	0.4	3.470646e-18
3.940013854842493e-09	-0.36767992	0.13010395	-0.5820043	0	0	0.4	4.0008112e-18
3.9500182093404075e-09	-0.3450228	-0.091470174	-0.5566398	0	0	0.4	4.1782336e-18
3.960010962435933e-09	-0.22168753	-0.21867059	-0.546778	0	0	0.4	3.9650886e-18
3.9700562983826575e-09	-0.09536729	-0.31399402	-0.5439503	0	0	0.4	4.340611e-18
3.980044104900261e-09	0.08366078	-0.33779675	-0.54037637	0	0	0.4	3.5365917e-18
3.990042524457486e-09	0.21290171	-0.20004638	-0.5234292	0	0	0.4	3.818589e-18
4.000057428960062e-09	0.23871619	-0.045465074	-0.5087349	0	0	0.4	4.189831e-18
4.010054950131037e-09	0.22248694	0.12909737	-0.49675763	0	0	0.4	3.9447437e-18
4.020053530427222e-09	0.07505034	0.30729425	-0.5052633	0	0	0.4	4.7797924e-18
4.030026018581758e-09	-0.16766644	0.32416722	-0.5157485	0	0	0.4	4.917016e-18
4.040052656631422e-09	-0.341404	0.20619078	-0.508655	0	0	0.4	2.9307774e-18
4.05001581642012e-09	-0.40171784	0.013227875	-0.5042629	0	0	0.4	4.3736083e-18
4.060003683916328e-09	-0.30745563	-0.17402627	-0.48766172	0	0	0.4	4.4034054e-18
4.0700074285981195e-09	-0.12787457	-0.26281458	-0.48631036	0	0	0.4	3.5774395e-18
4.080061016012676e-09	0.03952217	-0.2550008	-0.4859645	0	0	0.4	4.0978312e-18
4.09000569208058e-09	0.17482498	-0.17135982	-0.4820034	0	0	0.4	4.315517e-18
4.100029732995407e-09	0.25332627	0.014507491	-0.46435505	0	0	0.4	4.0628035e-18
4.110054861425742e-09	0.19493788	0.25484094	-0.45355353	0	0	0.4	4.4870735e-18
4.120001816837444e-09	0.032223318	0.40417767	-0.4474625	0	0	0.4	4.001213e-18
4.130029738400679e-09	-0.15115923	0.44332746	-0.4355485	0	0	0.4	4.6199874e-18
4.140038989064553e-09	-0.30754283	0.36410412	-0.43078858	0	0	0.4	3.0081397e-18
4.1500085991603134e-09	-0.37332523	0.17750168	-0.41379935	0	0	0.4	3.8574675e-18
4.160003615524436e-09	-0.29089403	-0.06380403	-0.42275327	0	0	0.4	3.1978376e-18
4.170061297779157e-09	-0.072102524	-0.2251125	-0.42368102	0	0	0.4	4.7661444e-18
4.18003614890318e-09	0.12326762	-0.22811264	-0.41752926	0	0	0.4	4.5425653e-18
4.190020029720263e-09	0.28114375	-0.13257733	-0.41866574	0	0	0.4	3.291527e-18
4.200020564738306e-09	0.3707594	0.032312583	-0.41476738	0	0	0.4	3.8869854e-18
4.210035200625336e-09	0.32521358	0.26273772	-0.40272623	0	0	0.4	3.9609506e-18
4.220021694953043e-09	0.118889645	0.3873336	-0.39804888	0	0	0.4	2.913244e-18
4.2300095146096576e-09	-0.09869112	0.40045008	-0.39821205	0	0	0.4	4.0108573e-18
4.240048456918767e-09	-0.25694445	0.22195548	-0.38785225	0	0	0.4	3.8987123e-18
4.250000341781352e-09	-0.2712261	-0.009521447	-0.3733345	0	0	0.4	3.1296176e-18
4.260046942943423e-09	-0.16985409	-0.22638579	-0.35604283	0	0	0.4	3.62888e-18
4.270023612510195e-09	0.021724	-0.34327212	-0.33938816	0	0	0.4	3.5837765e-18
4.28006101404849e-09	0.2307025	-0.3579715	-0.32335675	0	0	0.4	3.489855e-18
4.2900328660672815e-09	0.4214107	-0.20875686	-0.31634116	0	0	0.4	3.2451218e-18
4.300046865518601e-09	0.44798753	0.053323362	-0.3016817	0	0	0.4	4.196213e-18
4.310013859794557e-09	0.29184595	0.29070985	-0.29068336	0	0	0.4	2.8334638e-18
4.320029146741249e-09	0.042453475	0.37640896	-0.28266934	0	0	0.4	3.3350622e-18
4.330031016862933e-09	-0.18723978	0.3141756	-0.27307767	0	0	0.4	3.149681e-18
4.3400495564641216e-09	-0.33679056	0.14600298	-0.2710118	0	0	0.4	3.4803657e-18
4.350007737066336e-09	-0.35408217	-0.07959196	-0.25769365	0	0	0.4	3.6246666e-18
4.360031346437723e-09	-0.2231251	-0.30521172	-0.24197926	0	0	0.4	3.3565705e-18
4.370061493670239e-09	-0.0105723515	-0.38494998	-0.22212042	0	0	0.4	2.9659514e-18
4.380009289214876e-09	0.23088935	-0.31023166	-0.21931833	0	0	0.4	3.7022094e-18
4.390005839482974e-09	0.35261682	-0.0925081	-0.20820259	0	0	0.4	3.340745e-18
4.400025495227682e-09	0.30863407	0.1914741	-0.19891676	0	0	0.4	2.7831215e-18
4.4100304126154755e-09	0.087038666	0.37542117	-0.18430445	0	0	0.4	2.9692816e-18
4.420023426813078e-09	-0.14370376	0.401974	-0.17641097	0	0	0.4	2.5241098e-18
4.430007905660024e-09	-0.3577635	0.27054974	-0.16450681	0	0	0.4	2.5938885e-18
4.440060413660316e-09	-0.42035475	-0.009294721	-0.15085608	0	0	0.4	3.4457005e-18
4.450021738285452e-09	-0.25390053	-0.2643593	-0.13331322	0	0	0.4	2.1950236e-18
4.460010445120019e-09	0.010141407	-0.3545036	-0.12800083	0	0	0.4	3.1052362e-18
4.4700326592487934e-09	0.2293021	-0.29381675	-0.1288999	0	0	0.4	3.3462827e-18
4.480031804613313e-09	0.3576739	-0.117230535	-0.11870079	0	0	0.4	2.5126074e-18
4.490006351481584e-09	0.36553317	0.15028088	-0.1001249	0	0	0.4	2.7840412e-18
4.500026381163941e-09	0.18315788	0.3810288	-0.08893769	0	0	0.4	3.7331513e-18
4.510015984164383e-09	-0.11678235	0.43391442	-0.07156295	0	0	0.4	2.6830083e-18
4.520032346342699e-09	-0.33805645	0.27778244	-0.064168036	0	0	0.4	2.8592633e-18
4.530059231680085e-09	-0.40322447	0.03806858	-0.048146367	0	0	0.4	3.2062288e-18
4.540058597712058e-09	-0.30931705	-0.22796984	-0.03426363	0	0	0.4	3.538448e-18
4.550012202537178e-09	-0.075140245	-0.39359978	-0.027469128	0	0	0.4	2.0978185e-18
4.56000506195251e-09	0.19238064	-0.37186834	-0.0092459805	0	0	0.4	1.9412967e-18
4.570006517794804e-09	0.3566132	-0.17507273	-0.016167814	0	0	0.4	1.8619157e-18
4.5800252161319245e-09	0.38239053	0.06588915	0.008624054	0	0	0.4	1.8333885e-18
4.5900023090051e-09	0.23651323	0.31215504	0.027358389	0	0	0.4	2.3850376e-18
4.600043422053555e-09	-0.07035143	0.41421825	0.037070215	0	0	0.4	2.4900984e-18
4.610010535968491e-09	-0.32643202	0.26723468	0.043473154	0	0	0.4	3.156321e-18
4.62002916362793e-09	-0.41854674	0.0051221563	0.0520034	0	0	0.4	2.3420519e-18
4.630063587560164e-09	-0.30447283	-0.27801645	0.07191571	0	0	0.4	2.0335536e-18
4.640034481309462e-09	-0.028598053	-0.40684697	0.07996962	0	0	0.4	1.8337777e-18
4.650011477491347e-09	0.23707451	-0.2969497	0.08052326	0	0	0.4	2.7208115e-18
4.66004083491957e-09	0.35091397	-0.081461824	0.089712225	0	0	0.4	1.7459475e-18
4.670046933546686e-09	0.31567916	0.15286644	0.11003923	0	0	0.4	1.6566471e-18
4.680012051568276e-09	0.14164087	0.35145795	0.119298324	0	0	0.4	3.119749e-18
4.6900112040340155e-09	-0.15549035	0.4084272	0.1300791	0	0	0.4	1.8610164e-18
4.700035935201238e-09	-0.37950355	0.2065503	0.14244433	0	0	0.4	1.9962364e-18
4.7100581716116345e-09	-0.39917865	-0.08681687	0.15683378	0	0	0.4	2.293523e-18
4.7200581753622184e-09	-0.22117116	-0.3104311	0.18208832	0	0	0.4	2.7981357e-18
4.730023239295705e-09	0.015635824	-0.3678256	0.1777142	0	0	0.4	2.357196e-18
4.74001143982771e-09	0.2345227	-0.2641651	0.17390761	0	0	0.4	1.2783399e-18
4.750005196673563e-09	0.36099425	-0.046845384	0.17925344	0	0	0.4	2.2313255e-18
4.760061175009099e-09	0.3202045	0.22225651	0.1996707	0	0	0.4	1.671155e-18
4.7700292460173504e-09	0.08080879	0.37356123	0.2223165	0	0	0.4	1.9426324e-18
4.780031199454369e-09	-0.1852979	0.306433	0.23297182	0	0	0.4	1.9580492e-18
4.790052088153534e-09	-0.33424008	0.111392915	0.2461045	0	0	0.4	2.2693832e-18
4.8000378826267575e-09	-0.34769362	-0.18346472	0.2617732	0	0	0.4	9.707175e-19
4.810004316961968e-09	-0.11582328	-0.39694434	0.2702259	0	0	0.4	1.7021033e-18
4.8200229719537095e-09	0.17725222	-0.36195678	0.27713504	0	0	0.4	9.537578e-19
4.830043431465371e-09	0.3784341	-0.1396287	0.27989843	0	0	0.4	1.8369094e-18
4.840020384743759e-09	0.36899623	0.16884442	0.2972598	0	0	0.4	1.3861334e-18
4.850037259073313e-09	0.15473375	0.37429118	0.31873074	0	0	0.4	1.8662109e-18
4.8600133541811146e-09	-0.11344355	0.3520946	0.32221726	0	0	0.4	1.29369e-18
4.870016091942958e-09	-0.2928733	0.16613066	0.32689857	0	0	0.4	1.4211261e-18
4.880053302847525e-09	-0.32687008	-0.06676238	0.33926684	0	0	0.4	1.353061e-18
4.890020945781951e-09	-0.23474033	-0.28914133	0.3493673	0	0	0.4	1.6625966e-18
4.90005248933161e-09	0.023438144	-0.41273746	0.35238487	0	0	0.4	1.7946988e-18
4.910053495486316e-09	0.31804115	-0.26141074	0.36134452	0	0	0.4	1.4253454e-18
4.920018055177924e-09	0.40736908	0.056444373	0.36817586	0	0	0.4	1.3215572e-18
4.9300040087363646e-09	0.23026507	0.27857533	0.3819294	0	0	0.4	6.070819e-19
4.940024221173793e-09	-0.002616124	0.31418186	0.3876072	0	0	0.4	1.3564021e-18
4.950029646009879e-09	-0.22561477	0.21832871	0.39362237	0	0	0.4	1.0069245e-18
4.960002718218442e-09	-0.34460273	-0.0028551975	0.40597147	0	0	0.4	-3.2821715e-19
4.9700508356177665e-09	-0.2978085	-0.21888553	0.42471433	0	0	0.4	8.437777e-19
4.980030560088147e-09	-0.05517983	-0.3775593	0.41622326	0	0	0.4	1.7602093e-18
4.99005402856624e-09	0.23813382	-0.26758114	0.41939914	0	0	0.4	2.2204913e-18
5.000043179813196e-09	0.3628352	0.011856511	0.4391993	0	0	0.4	4.8873263e-19
5.010002355764224e-09	0.2709673	0.2587619	0.451155	0	0	0.4	1.7675733e-18
5.020001619441179e-09	0.067197815	0.3587124	0.4602603	0	0	0.4	9.654916e-19
5.030031184036177e-09	-0.1862357	0.26411712	0.46322474	0	0	0.4	1.5322283e-18
5.040003542106099e-09	-0.29940727	0.03600955	0.48431093	0	0	0.4	1.676297e-18
5.050030471546029e-09	-0.25300676	-0.18173026	0.5028557	0	0	0.4	1.1768309e-18
5.0600220454914925e-09	-0.072521225	-0.27563208	0.5065278	0	0	0.4	2.560019e-18
5.070055232800445e-09	0.14243546	-0.2804391	0.51281863	0	0	0.4	8.965395e-19
5.080007732032659e-09	0.33668932	-0.07583569	0.53389174	0	0	0.4	9.620097e-19
5.090024364491983e-09	0.29941472	0.22297199	0.54264104	0	0	0.4	1.170555e-18
5.100027266956711e-09	0.047374073	0.33327734	0.5567715	0	0	0.4	-1.6798306e-19
5.11001684139685e-09	-0.21979703	0.22596884	0.5602624	0	0	0.4	4.411732e-20
5.120013408467635e-09	-0.3187822	-0.0059417435	0.5803016	0	0	0.4	6.1668424e-19
5.130002412332325e-09	-0.21214598	-0.21844196	0.58871263	0	0	0.4	2.4616577e-19
5.1400343071488e-09	0.035133943	-0.29453743	0.5860323	0	0	0.4	4.825151e-19
5.1500537045181634e-09	0.24971166	-0.166531	0.59861416	0	0	0.4	7.520028e-20
5.160062708925347e-09	0.30215466	0.053125273	0.62755185	0	0	0.4	4.429042e-19
5.170054514044235e-09	0.16386496	0.22756132	0.63440627	0	0	0.4	2.0811971e-19
5.180062738094432e-09	-0.05514064	0.26929948	0.63544095	0	0	0.4	1.1035766e-20
5.190035042747292e-09	-0.2618692	0.13286012	0.6486388	0	0	0.4	9.16554e-20
5.200029851310138e-09	-0.2885668	-0.10847564	0.6669988	0	0	0.4	6.3087246e-19
5.210005437984088e-09	-0.11187716	-0.26724425	0.67632335	0	0	0.4	4.7773015e-19
5.2200347745092715e-09	0.1336962	-0.24779339	0.692694	0	0	0.4	6.6905227e-19
5.230050559229916e-09	0.27844965	-0.044891424	0.7046011	0	0	0.4	-4.6412216e-20
5.24001985920468e-09	0.20935322	0.17416705	0.71304315	0	0	0.4	-1.3997616e-19
5.250051909978219e-09	-0.014533151	0.26304218	0.7137476	0	0	0.4	6.3390257e-19
5.260032724024184e-09	-0.2043331	0.15933272	0.7262305	0	0	0.4	-9.332896e-19
5.27005809752193e-09	-0.25158083	-0.065074384	0.7359061	0	0	0.4	-1.8195606e-19
5.28001108439371e-09	-0.08155028	-0.22820793	0.74404216	0	0	0.4	-1.2705796e-18
5.29001444968949e-09	0.12377133	-0.20067455	0.74436224	0	0	0.4	-1.0049156e-18
5.300055244254929e-09	0.26014996	-0.04129518	0.7602674	0	0	0.4	5.014495e-19
5.3100228999549475e-09	0.1870164	0.1736261	0.76455796	0	0	0.4	2.3711554e-19
5.320012322124132e-09	-0.042642847	0.25878865	0.7654977	0	0	0.4	4.6153535e-19
5.330041394565963e-09	-0.22291441	0.09143404	0.7859653	0	0	0.4	6.647736e-19
5.340007514584518e-09	-0.17157286	-0.089621566	0.7845915	0	0	0.4	-2.7810828e-19
5.350024294805043e-09	-0.06372939	-0.1909929	0.7883149	0	0	0.4	4.0999168e-19
5.360042982994193e-09	0.12036187	-0.18755953	0.80048585	0	0	0.4	-3.697832e-20
5.370045761077045e-09	0.27006197	0.009240493	0.8140973	0	0	0.4	-1.3074921e-18
5.380031557206131e-09	0.13691337	0.23331302	0.8098219	0	0	0.4	-5.969418e-19
5.3900413934147e-09	-0.12978391	0.22704783	0.8216565	0	0	0.4	1.1031924e-19
5.400044396737153e-09	-0.2329633	-0.0056961323	0.8247556	0	0	0.4	-1.6869682e-19
5.410033009821003e-09	-0.100770004	-0.19103694	0.82843846	0	0	0.4	-1.0984198e-18
5.420022963037483e-09	0.08935241	-0.1642918	0.8412864	0	0	0.4	-9.920397e-19
5.43000323707516e-09	0.1664525	-0.024816833	0.8571988	0	0	0.4	3.613991e-19
5.440028700466338e-09	0.10684424	0.12093516	0.8578978	0	0	0.4	-6.481296e-19
5.450048767009962e-09	-0.036178876	0.15020865	0.8715109	0	0	0.4	-2.1206508e-19
5.460050063440596e-09	-0.13795474	0.021285787	0.8767983	0	0	0.4	-1.0282513e-18
5.470023067223259e-09	-0.116282985	-0.10231714	0.8783857	0	0	0.4	-1.1289959e-18
5.480023900086421e-09	0.04326189	-0.16306795	0.893413	0	0	0.4	-3.6390064e-19
5.490050273206176e-09	0.18097126	-0.022705827	0.89420474	0	0	0.4	-6.5220513e-19
5.500049478453729e-09	0.052948054	0.17668311	0.9076682	0	0	0.4	-8.795583e-19
5.51001858474281e-09	-0.14857952	0.07872147	0.9174304	0	0	0.4	-7.3894133e-19
5.520034311792398e-09	-0.0881503	-0.119629875	0.92834556	0	0	0.4	-6.5675545e-19
5.5300166653051765e-09	0.111892544	-0.121391445	0.92867935	0	0	0.4	-1.9756762e-18
5.540022625645079e-09	0.14967144	0.07952125	0.9295517	0	0	0.4	-7.591465e-19
5.550039893899256e-09	-0.04136248	0.15143657	0.93270546	0	0	0.4	-9.714707e-19
5.56000229794775e-09	-0.1532454	-0.024409771	0.93759125	0	0	0.4	-1.5534694e-18
5.570021494825324e-09	-0.0077899783	-0.15104982	0.9367984	0	0	0.4	-2.5680794e-18
5.580019078668831e-09	0.13134225	-0.022044985	0.94182754	0	0	0.4	-1.8820985e-18
5.590007649743914e-09	0.02029873	0.123144686	0.9450858	0	0	0.4	-1.991508e-18
5.600049255912663e-09	-0.08793817	0.031913195	0.94680893	0	0	0.4	-1.2473012e-18
5.610044046904886e-09	-0.035989325	-0.07019947	0.94914097	0	0	0.4	-8.372157e-19
5.620054037840925e-09	0.05653944	-0.063422516	0.9525213	0	0	0.4	-1.720025e-18
5.630051829072985e-09	0.07429507	0.017668137	0.95088935	0	0	0.4	-1.364801e-18
5.640004947121669e-09	-0.021267975	0.064526685	0.94880456	0	0	0.4	-1.741998e-18
5.6500356970621555e-09	-0.055025842	-0.016594816	0.95106214	0	0	0.4	-7.052598e-19
5.6600037378794146e-09	0.008651752	-0.05543185	0.95281214	0	0	0.4	-9.480644e-19
5.6700383221994955e-09	0.044521492	-6.774846e-05	0.95736426	0	0	0.4	-1.2622035e-18
5.680057774059598e-09	0.0076136566	0.028396094	0.95840794	0	0	0.4	-1.0610747e-18
5.690061755001462e-09	-0.0307896	-0.006836863	0.95713425	0	0	0.4	-8.992771e-19
5.700013862307956e-09	0.008191962	-0.04229198	0.9545515	0	0	0.4	-1.0177655e-18
5.710013851362141e-09	0.02841702	-0.0017168134	0.954943	0	0	0.4	-8.487979e-19
5.72002738101631e-09	0.018395143	0.046450976	0.95357496	0	0	0.4	-1.0047635e-18
5.73002311467445e-09	-0.037691813	-0.0003824645	0.95666593	0	0	0.4	-2.2739836e-18
5.740029609880228e-09	0.00025453942	-0.028699579	0.9560685	0	0	0.4	-1.561538e-18
5.750053352175873e-09	0.02232781	-0.0048996676	0.95995903	0	0	0.4	-1.4706098e-18
5.760061736969214e-09	0.014753723	0.025431536	0.9601689	0	0	0.4	-1.4396729e-18
5.7700183756809436e-09	-0.011220796	0.030352244	0.96027726	0	0	0.4	-1.0354646e-18
5.780042454275941e-09	-0.027540421	-0.022032045	0.95909035	0	0	0.4	-1.6292882e-18
5.7900396924373866e-09	0.018813228	-0.0071199127	0.9637454	0	0	0.4	-1.5714241e-18
5.800037688174353e-09	0.011962068	0.022538293	0.95970416	0	0	0.4	-1.1569803e-18
5.810007920958383e-09	-0.024015985	0.01341546	0.95916206	0	0	0.4	-1.5030411e-18
5.8200339617593835e-09	-0.012834877	-0.0067754425	0.95961463	0	0	0.4	-7.016642e-20
5.8300444098291035e-09	0.014852394	-0.022656899	0.96415424	0	0	0.4	-1.6117254e-18
5.8400167959249e-09	0.025420584	0.007858199	0.96407586	0	0	0.4	-1.2788327e-18
5.850054814944051e-09	-0.012246686	0.03572433	0.9661751	0	0	0.4	-5.0113554e-19
5.86001785991669e-09	-0.039466918	-0.01059839	0.96753705	0	0	0.4	3.3148136e-19
5.8700375442869135e-09	0.015994988	-0.060353246	0.96518946	0	0	0.4	-1.6677489e-18
5.880044475620993e-09	0.05639985	0.009272772	0.96684587	0	0	0.4	-2.2752519e-18
5.890034928249007e-09	0.0069934158	0.062686406	0.9637699	0	0	0.4	-1.0469855e-18
5.900050441084314e-09	-0.05652171	0.0034415282	0.96388435	0	0	0.4	-8.284856e-19
5.910032911168595e-09	-0.015387771	-0.046277456	0.96187353	0	0	0.4	-1.1086652e-18
5.920020782146997e-09	0.047514986	-0.017515711	0.9631672	0	0	0.4	-1.1220137e-18
5.930005986798404e-09	0.029616008	0.04119109	0.963062	0	0	0.4	-8.233479e-19
5.940050929265208e-09	-0.027543444	0.026070548	0.9639649	0	0	0.4	-1.5925692e-18
5.950054279539935e-09	-0.025936134	-0.03179446	0.9642234	0	0	0.4	-2.5699116e-18
5.960045681946827e-09	0.0379611	-0.027275987	0.96457404	0	0	0.4	-6.878974e-19
5.970055231509753e-09	0.03520239	0.04099721	0.96394575	0	0	0.4	-8.3357146e-19
5.980002156219014e-09	-0.037729558	0.050013877	0.9628851	0	0	0.4	-8.1744035e-19
5.990001758644495e-09	-0.048037786	-0.026462475	0.96659964	0	0	0.4	-1.4302851e-18
6.0000154055682936e-09	0.0037640592	-0.034190167	0.9671453	0	0	0.4	-1.5885506e-18
6.010050695451926e-09	0.025038105	-0.017118514	0.96916115	0	0	0.4	-1.0275285e-18
6.020023624099033e-09	0.028856868	0.02716661	0.96837914	0	0	0.4	-1.4492926e-18
6.030006148133102e-09	-0.02859186	0.021910021	0.9656015	0	0	0.4	-1.0444568e-18
6.040058455479405e-09	-0.03981729	-0.0137041425	0.9682736	0	0	0.4	-1.8321953e-18
6.050021641731585e-09	0.022577247	-0.010396427	0.9667087	0	0	0.4	-1.5664846e-18
6.060041717526292e-09	0.0054277065	0.005729199	0.9662678	0	0	0.4	-1.228323e-18
6.070061370852918e-09	0.00088132016	0.0058300016	0.9663576	0	0	0.4	-1.5331441e-18
6.0800158617785306e-09	-0.00941471	-0.018777179	0.968289	0	0	0.4	-1.8670668e-18
6.090063042450461e-09	0.021860562	-0.0029804641	0.9691376	0	0	0.4	-5.013636e-19
6.10002769635219e-09	0.0048829825	0.018003372	0.96373594	0	0	0.4	-1.089662e-18
6.110001111670523e-09	-0.021642562	-0.00032246523	0.9684114	0	0	0.4	-2.0943605e-18
6.120020473021592e-09	0.005726314	-0.003805577	0.96660084	0	0	0.4	-2.5676013e-18
6.1300277593069704e-09	0.0013227833	0.015780099	0.9666697	0	0	0.4	-1.0980444e-18
6.1400196297941866e-09	-0.0013343912	0.0069223163	0.9678831	0	0	0.4	-1.3525215e-18
6.150018721991421e-09	-0.027113125	0.0069005745	0.96569306	0	0	0.4	-1.0842247e-18
6.1600275300370265e-09	-0.0035635282	-0.02832393	0.9686552	0	0	0.4	-6.1013566e-19
6.17001319392954e-09	0.023081807	0.0015217577	0.9695558	0	0	0.4	-2.1433079e-18
6.18005475539724e-09	-0.0001223422	0.04029686	0.96594703	0	0	0.4	-1.1366248e-18
6.190060152861442e-09	-0.04473813	0.003024029	0.9669118	0	0	0.4	-1.4451561e-18
6.200014711798592e-09	-0.015036197	-0.041348387	0.9665956	0	0	0.4	-1.7882962e-18
6.2100221000338055e-09	0.025531761	-0.0023014306	0.9663224	0	0	0.4	-1.7773874e-18
6.220027596560055e-09	-0.0056045703	-0.0017271289	0.9628456	0	0	0.4	-1.4582621e-18
6.230037654338424e-09	0.0054661403	-0.016600886	0.9639144	0	0	0.4	-6.057187e-19
6.240044822048688e-09	0.023575444	0.0104347775	0.9636954	0	0	0.4	-1.0106103e-18
6.250004647681145e-09	-0.0050196717	0.019547412	0.96584976	0	0	0.4	-1.5055511e-18
6.260022223266059e-09	0.006934457	-0.0053373324	0.9637407	0	0	0.4	-1.4648706e-18
6.270021387654463e-09	0.009331646	0.014802983	0.96331894	0	0	0.4	-1.4338804e-18
6.280029457191082e-09	-0.02465425	-0.0028620225	0.9599612	0	0	0.4	-1.9266277e-18
6.2900257942724115e-09	0.0054841815	-0.019695355	0.9595323	0	0	0.4	-9.894718e-19
6.300040585186781e-09	0.013952539	0.01164665	0.9603079	0	0	0.4	-1.6398399e-18
6.310058274036476e-09	-0.02613645	0.009846797	0.96039855	0	0	0.4	-1.2619623e-18
6.3200114572937875e-09	-0.005840159	-0.013318661	0.9577634	0	0	0.4	-1.2353018e-18
6.330018595259714e-09	-0.003706508	-0.014196696	0.9591771	0	0	0.4	-1.038019e-18
6.340042324561404e-09	0.014726028	-0.016424004	0.96330065	0	0	0.4	-2.3823374e-18
6.350017320616422e-09	0.027688906	0.016445132	0.9621876	0	0	0.4	-1.3019726e-18
6.360004682075896e-09	-0.034649413	0.02044876	0.9634573	0	0	0.4	-2.013941e-18
6.370029474656586e-09	-0.0075887283	-0.04745852	0.9636243	0	0	0.4	-1.0360608e-18
6.380026883866654e-09	0.04468131	-0.0046938127	0.9662128	0	0	0.4	-1.5210102e-18
6.390010446592715e-09	0.0075997794	0.029033106	0.9667778	0	0	0.4	-9.391963e-19
6.400004261809617e-09	-0.0157775	-0.00010481022	0.9653392	0	0	0.4	-2.1942802e-18
6.410065011295584e-09	0.00773824	-0.011531568	0.96329856	0	0	0.4	-1.766899e-19
6.42002399236417e-09	0.007314761	0.008000869	0.9608688	0	0	0.4	-9.041615e-19
6.430015187577969e-09	-0.011214287	0.013076131	0.9624832	0	0	0.4	-4.5271197e-19
6.4400260082372086e-09	-0.029332086	-0.011133922	0.9639824	0	0	0.4	-9.847791e-19
6.450042390876007e-09	0.0026610568	-0.021585621	0.96209925	0	0	0.4	-9.798413e-19
6.460049144067731e-09	0.006178075	0.01223419	0.9621516	0	0	0.4	-1.3411008e-18
6.47000552912801e-09	-0.009680114	0.015608542	0.9620575	0	0	0.4	-1.5893539e-18
6.4800595070518255e-09	-0.028611897	-0.013151934	0.963171	0	0	0.4	-1.4817089e-18
6.490053492387169e-09	0.0017088482	-0.03737538	0.9633302	0	0	0.4	-2.0115798e-18
6.500037270900644e-09	0.04270062	-0.023339685	0.9635516	0	0	0.4	-1.1481118e-18
6.510023452656631e-09	0.012869182	0.034553874	0.96361476	0	0	0.4	-4.713058e-19
6.520025180280173e-09	-0.026013384	0.02046963	0.96335995	0	0	0.4	-7.106088e-19
6.530063161258632e-09	-0.027285106	-0.027049713	0.96225816	0	0	0.4	-8.242072e-19
6.54005302307613e-09	0.014178189	-0.03209101	0.9641536	0	0	0.4	-1.018554e-18
6.550041246215697e-09	0.022580711	-0.0020467748	0.9626512	0	0	0.4	-6.4259557e-19
6.560024124823002e-09	0.008721031	0.019470554	0.964751	0	0	0.4	-8.2972125e-19
6.570023172551701e-09	-0.035033178	0.0020474803	0.9653085	0	0	0.4	-1.7408e-18
6.580028592959533e-09	-0.016881116	-0.021451062	0.96496177	0	0	0.4	-1.9910469e-18
6.590022216424597e-09	0.019160848	-0.022271039	0.96697426	0	0	0.4	-2.0365973e-18
6.600032571542522e-09	0.027502889	0.013774365	0.9662793	0	0	0.4	-1.6302022e-18
6.610035064217823e-09	-0.0052438015	0.015205766	0.96677506	0	0	0.4	-1.3919539e-18
6.620059159650786e-09	-0.006635659	-0.006485547	0.9672205	0	0	0.4	-1.8465428e-18
6.630049439659863e-09	0.025446424	0.009839243	0.96454483	0	0	0.4	-1.1598339e-18
6.640013433828899e-09	-0.005170961	0.040188435	0.96470207	0	0	0.4	-1.6762712e-18
6.650032384793859e-09	-0.036909256	-0.0010795176	0.9641943	0	0	0.4	-2.0234302e-18
6.660044123380272e-09	-0.014781771	-0.051878016	0.962248	0	0	0.4	-7.3395834e-19
6.670057439308111e-09	0.04495486	-0.01464287	0.9620987	0	0	0.4	-1.5379087e-18
6.680006066535367e-09	0.016294701	0.053885605	0.96242785	0	0	0.4	-1.3999639e-18
6.6900534929179e-09	-0.05464896	0.012120435	0.96683985	0	0	0.4	-1.3945198e-18
6.700022555010443e-09	-0.035658367	-0.052449923	0.96345556	0	0	0.4	-1.0189589e-18
6.710060945739357e-09	0.046052948	-0.024670845	0.9652543	0	0	0.4	-2.526035e-18
6.720008065505487e-09	0.051178027	0.044591144	0.96278536	0	0	0.4	-1.2958773e-18
6.73004211216658e-09	-0.0461625	0.0626812	0.9658817	0	0	0.4	-1.6511603e-18
6.74001770974913e-09	-0.056158062	-0.039140917	0.9656986	0	0	0.4	-1.4449268e-18
6.750058293767625e-09	0.03313877	-0.043989345	0.9653789	0	0	0.4	-1.3813421e-18
6.760032799564788e-09	0.05620743	0.0351921	0.9637382	0	0	0.4	-2.420316e-19
6.770037877314747e-09	-0.037041273	0.06922767	0.9644681	0	0	0.4	-7.336502e-19
6.780043323600573e-09	-0.056359973	-0.02278529	0.96583533	0	0	0.4	-9.038726e-19
6.790025413220441e-09	0.008609209	-0.064052165	0.9651686	0	0	0.4	-1.50052e-18
6.800054412046041e-09	0.061938364	0.0014035276	0.9652381	0	0	0.4	-8.4817337e-19
6.810030594614268e-09	0.004999215	0.040934186	0.96694964	0	0	0.4	-1.4264348e-18
6.820021950980183e-09	-0.05376053	0.0017446213	0.9659869	0	0	0.4	-5.7254283e-19
6.830061963938042e-09	0.0041341023	-0.043274425	0.9660451	0	0	0.4	-4.3463766e-19
6.8400037109758206e-09	0.05201696	-0.00978439	0.9647213	0	0	0.4	-1.6580459e-18
6.8500004438417845e-09	0.004693814	0.041390367	0.9635593	0	0	0.4	-1.6207128e-18
6.860035402102732e-09	-0.053089056	0.019446932	0.96017915	0	0	0.4	-1.3947366e-18
6.870005427085231e-09	-0.0065722256	-0.056607798	0.96333677	0	0	0.4	-1.6469046e-18
6.880048626041236e-09	0.060361262	-0.015170386	0.9621021	0	0	0.4	-1.9148785e-18
6.890014805130986e-09	0.033095796	0.048724752	0.963644	0	0	0.4	-1.725124e-18
6.9000595349040015e-09	-0.06411781	0.06360726	0.9637638	0	0	0.4	-1.3493534e-18
6.910043958633002e-09	-0.06773039	-0.042844933	0.962786	0	0	0.4	-1.3285747e-18
6.920040504626889e-09	0.025197413	-0.07398811	0.96653265	0	0	0.4	-3.9336347e-19
6.930041698536423e-09	0.07383563	0.028335704	0.9662821	0	0	0.4	-6.3093713e-19
6.940015994025036e-09	-0.021753078	0.06483212	0.964168	0	0	0.4	-2.1460055e-18
6.950049495527676e-09	-0.05670836	0.0006536674	0.9642672	0	0	0.4	-8.429925e-20
6.960025357549334e-09	-0.013111699	-0.05595583	0.9661015	0	0	0.4	-2.0591931e-18
6.970050745473648e-09	0.035808995	-0.027567584	0.96572953	0	0	0.4	-2.4168102e-18
6.980042815395e-09	0.03468244	0.022901569	0.9682524	0	0	0.4	-1.611901e-18
6.990025288482174e-09	-0.0054967827	0.04690197	0.9668489	0	0	0.4	-1.2893712e-18
7.000062511752832e-09	-0.058428947	0.0015028833	0.96793836	0	0	0.4	-1.1708772e-18
7.0100600427352926e-09	-0.0041263085	-0.048857704	0.96680456	0	0	0.4	-1.5392325e-18
7.020062165697645e-09	0.059307545	-0.017344898	0.9651025	0	0	0.4	-1.220438e-18
7.0300374780092374e-09	0.016105719	0.06715086	0.9628613	0	0	0.4	-1.7756284e-18
7.040000544810563e-09	-0.065151274	0.026800724	0.96179783	0	0	0.4	-1.6503397e-18
7.0500485504172465e-09	-0.037140727	-0.045517754	0.9654272	0	0	0.4	-1.7274815e-18
7.0600147878196825e-09	0.047998127	-0.036846124	0.96417946	0	0	0.4	-1.710506e-18
7.070049548630961e-09	0.04789674	0.041679386	0.9634702	0	0	0.4	-9.970053e-19
7.0800290881402605e-09	-0.041122757	0.023291776	0.96655446	0	0	0.4	-1.8496385e-18
7.090046808842852e-09	-0.023632176	-0.019348767	0.9671125	0	0	0.4	-1.3789344e-18
7.100007791431456e-09	0.011459548	-0.023986556	0.9656823	0	0	0.4	-2.1808865e-18
7.110031935630917e-09	0.02462396	0.018181525	0.9643427	0	0	0.4	-1.3770507e-18
7.120062325254626e-09	-0.011271958	0.033900075	0.96333605	0	0	0.4	-1.6689134e-18
7.1300423689325705e-09	-0.027412053	-0.008955796	0.96508145	0	0	0.4	-1.589344e-18
7.1400515456355664e-09	0.017206687	-0.029083934	0.96468055	0	0	0.4	-1.0017277e-18
7.150009650157161e-09	0.02006782	0.023174249	0.9666981	0	0	0.4	-1.3980134e-18
7.1600432436254904e-09	-0.022933744	0.03302094	0.9635139	0	0	0.4	-4.498347e-19
7.170004697351231e-09	-0.030186104	-0.019188419	0.9657503	0	0	0.4	-1.2773859e-18
7.180022442640517e-09	0.0054500937	-0.040813893	0.96556246	0	0	0.4	-9.582744e-19
7.190021516663189e-09	0.052302092	-0.019930417	0.96654296	0	0	0.4	-1.9365936e-18
7.200042982229115e-09	0.024833532	0.050133113	0.96494484	0	0	0.4	-1.5560438e-18
7.210042800550851e-09	-0.03462067	0.03136444	0.9656009	0	0	0.4	-1.3635575e-18
7.220053348845885e-09	-0.04300144	-0.028154496	0.9652042	0	0	0.4	-1.2268719e-18
7.230059771374203e-09	0.02833476	-0.03845295	0.9655343	0	0	0.4	-1.018988e-18
7.240012621851064e-09	0.02381913	0.018071255	0.9673474	0	0	0.4	-7.295673e-19
7.2500429613240935e-09	-0.001428395	0.034311816	0.9661528	0	0	0.4	-7.872833e-19
7.260011431640138e-09	-0.038526572	0.0048386147	0.96437013	0	0	0.4	-2.054989e-18
7.270018254259583e-09	-0.015099729	-0.03939755	0.9623439	0	0	0.4	-1.549102e-18
7.280008269084606e-09	0.035741854	-0.022583224	0.96439606	0	0	0.4	-1.4103282e-18
7.290057925013437e-09	0.017417196	0.021836463	0.9639947	0	0	0.4	-2.171758e-18
7.300060840239842e-09	-0.0021694866	0.0071372585	0.9640463	0	0	0.4	-1.3527753e-18
7.3100318709770174e-09	-0.007832647	0.00044211966	0.9663667	0	0	0.4	-1.3171526e-18
7.32003390703847e-09	-0.0044513913	-0.006118738	0.9647963	0	0	0.4	-1.1969267e-18
7.330052767663642e-09	-0.0023610673	-0.0014362588	0.96418935	0	0	0.4	-1.3508887e-18
7.340032130969703e-09	0.0121505065	0.003811539	0.96606904	0	0	0.4	-8.6473885e-19
7.35005872767036e-09	-0.0031308476	0.019247327	0.96514183	0	0	0.4	-1.896771e-18
7.360020402949855e-09	-0.026126862	-0.0043336814	0.9652847	0	0	0.4	-9.739889e-19
7.37004714888946e-09	0.022932874	-0.012632269	0.9671199	0	0	0.4	-1.3014186e-18
7.380001553067421e-09	0.008674562	0.010923723	0.96686894	0	0	0.4	-2.5851973e-18
7.390018827856868e-09	0.012194257	-0.010990735	0.96812236	0	0	0.4	-2.834106e-18
7.400002749112329e-09	0.015381263	-0.000715133	0.9697723	0	0	0.4	-2.7855946e-19
7.410048624832972e-09	0.008998111	0.009996146	0.96952254	0	0	0.4	-1.4077152e-18
7.420001764596233e-09	-0.004907919	0.037517957	0.9684318	0	0	0.4	-2.4630767e-18
7.430013081242105e-09	-0.039569993	0.016845454	0.96570665	0	0	0.4	-5.176844e-19
7.440030655005303e-09	-0.03720265	-0.049850445	0.96497256	0	0	0.4	-1.6189655e-18
7.450005507703173e-09	0.040216804	-0.039415337	0.96415055	0	0	0.4	-1.232415e-19
7.460027857071688e-09	0.039652407	0.020196782	0.9625166	0	0	0.4	-1.9817862e-18
7.470004260468008e-09	0.0013534651	0.049211863	0.96256006	0	0	0.4	-7.2726345e-19
7.480037010838695e-09	-0.059019882	-0.0009960542	0.9633286	0	0	0.4	-1.1625592e-18
7.490038629552103e-09	0.0024933687	-0.053421184	0.9647479	0	0	0.4	-1.4022457e-18
7.500027310137965e-09	0.049632866	0.0024544757	0.963269	0	0	0.4	-2.087073e-18
7.510012676357548e-09	-0.008146564	0.042529088	0.9662873	0	0	0.4	-7.4970155e-19
7.520034292515132e-09	-0.040163387	0.00028781584	0.96569943	0	0	0.4	-1.1457397e-18
7.530037511264639e-09	-0.011281091	-0.026730537	0.96691597	0	0	0.4	-1.4168233e-18
7.540052980001751e-09	0.018770603	-0.022227691	0.9650948	0	0	0.4	-2.0926402e-18
7.550064141001965e-09	0.028626936	-0.0009364443	0.96625155	0	0	0.4	-1.5940059e-18
7.560012690508574e-09	0.00090847374	0.025294224	0.96703994	0	0	0.4	-1.7082243e-18
7.570055416685117e-09	-0.0072357315	-0.005867951	0.96541035	0	0	0.4	-1.5677964e-18
7.580046063915494e-09	0.0033720743	0.00942159	0.96561784	0	0	0.4	-7.7798756e-19
7.590003299730455e-09	-0.012576066	-0.0008311285	0.9657095	0	0	0.4	-5.777643e-19
7.600020713923074e-09	-0.0044575958	-0.008210398	0.96580213	0	0	0.4	-2.8077548e-18
7.610018853723823e-09	0.0065658614	-0.007166651	0.9644807	0	0	0.4	-1.3277863e-18
7.620032032903784e-09	-0.0032360023	0.0015757482	0.96583277	0	0	0.4	-1.0444226e-18
7.63004944512486e-09	0.005141233	0.010420143	0.96481	0	0	0.4	-1.2841621e-18
7.64002471372552e-09	-0.023755345	0.00024868673	0.9663111	0	0	0.4	-7.839917e-19
7.650032923091286e-09	-0.004438277	-0.011132487	0.96916133	0	0	0.4	-7.9730275e-19
7.660057451822153e-09	-0.0022660359	0.00036723758	0.9681763	0	0	0.4	-2.1262099e-18
7.670030694205421e-09	-0.00010594652	-0.0016238161	0.96870154	0	0	0.4	-1.4051913e-18
7.680025264927634e-09	0.015422038	0.011850668	0.96936035	0	0	0.4	-1.902584e-18
7.690019403659089e-09	-0.009548497	0.008020344	0.96646464	0	0	0.4	-1.4691742e-18
7.700012968247122e-09	-0.012362243	-0.01781855	0.9641889	0	0	0.4	-5.030209e-19
7.710051731312954e-09	0.02626295	-0.0063984124	0.96558326	0	0	0.4	-1.178228e-18
7.720046063318769e-09	0.004509976	0.0245125	0.96768564	0	0	0.4	-1.0789265e-18
7.73001900798586e-09	-0.028058492	0.0124743935	0.96551275	0	0	0.4	-6.7408737e-19
7.740011644200762e-09	-0.0013453134	-0.034786545	0.96639776	0	0	0.4	-5.663422e-19
7.750056614319573e-09	0.025331525	0.003152152	0.96737075	0	0	0.4	-7.8784967e-19
7.760028441785707e-09	0.0018959063	0.026273584	0.9679027	0	0	0.4	-1.2460375e-18
7.770011324728369e-09	-0.008019779	0.0019835357	0.9658367	0	0	0.4	-1.0405857e-18
7.780005042691887e-09	-0.012568969	-0.0073410585	0.96473265	0	0	0.4	-9.995899e-19
7.790001423576682e-09	0.014073247	-0.0084179435	0.96834093	0	0	0.4	-1.6619045e-18
7.800023562280458e-09	0.016898016	0.01714211	0.96407384	0	0	0.4	-2.4984906e-18
7.810029252806255e-09	-0.0077254786	0.0010292354	0.9652327	0	0	0.4	-1.765529e-18
7.820003383053297e-09	-0.012510993	-0.0033490094	0.9633666	0	0	0.4	-2.4177077e-18
7.830043236972047e-09	0.0059513175	-0.024377966	0.96401423	0	0	0.4	-1.3393643e-18
7.840001653905183e-09	0.015986428	0.013695407	0.961049	0	0	0.4	-2.062476e-19
7.850042025000281e-09	0.0049654804	0.0121306805	0.9621354	0	0	0.4	-2.1359443e-18
7.860010137766443e-09	-0.016017778	0.0106329145	0.9597117	0	0	0.4	-8.265893e-19
7.870009715329483e-09	-0.024155933	-0.014428305	0.96235543	0	0	0.4	-1.6478831e-18
7.880022265356734e-09	0.02760792	-0.035306193	0.96405524	0	0	0.4	-1.8453866e-18
7.890006988542914e-09	0.023870746	0.011362064	0.96528965	0	0	0.4	-1.3143167e-18
7.90002205409973e-09	0.0055638603	0.018174788	0.962236	0	0	0.4	-1.1380798e-18
7.910058167025063e-09	-0.013863077	0.009907764	0.9606809	0	0	0.4	1.4858803e-19
7.920000572063643e-09	-0.01541347	-0.014929807	0.9596188	0	0	0.4	-8.137352e-19
7.930019862996926e-09	-0.0043980405	-0.0137016	0.96132463	0	0	0.4	-1.5317199e-18
7.940011593016287e-09	0.035899807	0.0065214788	0.9629506	0	0	0.4	-1.6607723e-18
7.950044809310576e-09	-0.0010283875	0.036826007	0.96251196	0	0	0.4	-2.440199e-18
7.960062705485549e-09	-0.032884523	-0.004521168	0.9625184	0	0	0.4	-8.671405e-19
7.970001932805358e-09	0.012022275	-0.03149443	0.9653484	0	0	0.4	-1.4071608e-18
7.98002774324427e-09	0.045809563	0.008738311	0.9648708	0	0	0.4	-1.6837307e-18
7.990032832144572e-09	0.012529802	0.030987287	0.9650481	0	0	0.4	-2.4872926e-18
8.00003480260065e-09	-0.03348989	0.027942277	0.962286	0	0	0.4	-8.2297373e-19
8.010017519378038e-09	-0.034480277	-0.03493877	0.96621394	0	0	0.4	-1.1892047e-18
8.020023324582136e-09	0.033315413	-0.03715375	0.9663827	0	0	0.4	-1.3562162e-18
8.030007259338578e-09	0.040760845	0.030310636	0.96746933	0	0	0.4	-1.307887e-18
8.040028674988631e-09	-0.0042276504	0.03882676	0.9690722	0	0	0.4	-8.793753e-19
8.050053199101197e-09	-0.05764688	0.014134695	0.9636191	0	0	0.4	-6.344734e-19
8.060046221008883e-09	-0.018614784	-0.04994185	0.96803594	0	0	0.4	-2.3529008e-18
8.070056113861261e-09	0.028272493	-0.017915698	0.9690293	0	0	0.4	-1.371804e-18
8.080041252630617e-09	0.02609022	0.020282583	0.9643427	0	0	0.4	-1.2352603e-18
8.09004468990204e-09	-0.030579604	0.016696515	0.9637762	0	0	0.4	-8.265477e-19
8.10004009597265e-09	-0.024283186	-0.02870263	0.9631858	0	0	0.4	-9.055891e-19
8.110045690884595e-09	0.020902282	-0.038030703	0.9660273	0	0	0.4	-1.1027482e-18
8.120016021056123e-09	0.03883419	0.034643844	0.9641832	0	0	0.4	-1.4825195e-18
8.130053947044489e-09	-0.019976277	0.038895063	0.96425307	0	0	0.4	-1.0387903e-18
8.140043879012374e-09	-0.04255629	-0.02188357	0.96355027	0	0	0.4	-1.6677139e-18
8.150046163267283e-09	0.007824331	-0.03628148	0.9651975	0	0	0.4	-4.902266e-19
8.160050036254325e-09	0.030719273	0.010042524	0.9662154	0	0	0.4	-2.5766182e-18
8.17001413581831e-09	-0.005979484	0.01682585	0.9669746	0	0	0.4	-1.6178508e-18
8.18001229451577e-09	-0.007830047	-0.011698342	0.96920174	0	0	0.4	-2.1542604e-18
8.190026323186342e-09	0.0028158878	0.00057085673	0.96793956	0	0	0.4	-1.6455007e-18
8.200040911581366e-09	0.00318043	-0.017815689	0.96697456	0	0	0.4	-2.266203e-18
8.210012386423211e-09	0.014528777	0.016548293	0.96660984	0	0	0.4	-1.571892e-18
8.220045341065985e-09	-0.004894367	-0.002353206	0.96652055	0	0	0.4	-1.6597058e-18
8.230039794180481e-09	0.0025011343	0.006676464	0.96534437	0	0	0.4	-9.369259e-19
8.240046463792736e-09	-0.03552449	0.0137609	0.9661565	0	0	0.4	-2.3007177e-18
8.25005912061111e-09	-0.00083253713	-0.050905067	0.9633122	0	0	0.4	-1.9811307e-18
8.26003259595717e-09	0.047626007	0.0064519336	0.9646591	0	0	0.4	-2.713872e-19
8.270003151585428e-09	-0.011330273	0.027534442	0.9623802	0	0	0.4	-1.3735283e-18
8.280060872665165e-09	-0.0304929	0.0056121997	0.9640972	0	0	0.4	-1.3829045e-18
8.290024827648922e-09	-0.005499937	-0.017502237	0.9623017	0	0	0.4	-1.507856e-18
8.300052846732125e-09	0.007007007	-0.014431633	0.96441853	0	0	0.4	-1.3742593e-18
8.310000040959557e-09	0.0133304475	0.01951372	0.9615232	0	0	0.4	-2.1865184e-18
8.320048905487495e-09	-0.019815132	0.011332831	0.96069443	0	0	0.4	-1.0220284e-18
8.330039880458288e-09	-0.01628108	-0.016217234	0.9599342	0	0	0.4	-1.2802665e-18
8.340051933301465e-09	0.016861608	-0.0053569837	0.96172947	0	0	0.4	-7.785362e-19
8.350000851675342e-09	-0.0029231105	0.02095806	0.9634652	0	0	0.4	-9.396823e-19
8.36005479482874e-09	-0.02523353	-0.010180382	0.96536756	0	0	0.4	-2.117852e-18
8.370043551772441e-09	0.026371274	-0.032325994	0.9642379	0	0	0.4	-6.0956335e-19
8.380011690261164e-09	0.03178996	0.027092123	0.9610467	0	0	0.4	-7.8181865e-19
8.390037727899104e-09	-0.016737489	0.024080964	0.9645213	0	0	0.4	-1.0826057e-18
8.400058121378552e-09	-0.010427496	-0.0055506006	0.9668974	0	0	0.4	-1.2391198e-18
8.410002450734079e-09	0.009992808	-0.0026231464	0.96630424	0	0	0.4	-7.225572e-19
8.420014980352009e-09	0.009282923	0.012051533	0.9672671	0	0	0.4	-1.801071e-18
8.430005155879295e-09	0.010084129	0.0039250082	0.96518785	0	0	0.4	-1.4076604e-18
8.44004427519462e-09	-0.030726103	0.0322494	0.9626704	0	0	0.4	-1.1154184e-18
8.450062883517167e-09	-0.040945776	-0.015961014	0.96276146	0	0	0.4	-3.3599128e-19
8.460058273912842e-09	0.0098841535	-0.025930213	0.96326697	0	0	0.4	-1.6219545e-18
8.470024371561468e-09	0.008114103	-0.0038685391	0.96540564	0	0	0.4	-2.2945279e-18
8.480015136280309e-09	-0.00073898194	-0.001085508	0.96576065	0	0	0.4	-1.7079804e-18
8.490022931363887e-09	0.008952943	0.01593974	0.96660596	0	0	0.4	-1.0116729e-18
8.500022205522827e-09	-0.018607505	0.013406789	0.9645782	0	0	0.4	-1.5104855e-18
8.510057154204007e-09	0.0016389609	-0.027652675	0.9647253	0	0	0.4	-4.2426978e-19
8.520044346420366e-09	0.029713118	-0.01237434	0.9653763	0	0	0.4	-1.6068658e-18
8.53002521435109e-09	0.009635584	0.026741369	0.9639048	0	0	0.4	-1.0914103e-18
8.540027622241313e-09	-0.05507955	0.014969512	0.96311915	0	0	0.4	-1.5471645e-18
8.550012015282892e-09	-0.013377108	-0.03794202	0.96318495	0	0	0.4	-2.4172234e-18
8.560051465342775e-09	0.017585795	-0.0109214755	0.9664428	0	0	0.4	-1.6401224e-18
8.570054668579249e-09	0.013552673	0.019221997	0.96737844	0	0	0.4	-1.2877107e-18
8.580047521018694e-09	-0.014584048	0.009368662	0.968467	0	0	0.4	-1.8963924e-18
8.59004881435074e-09	-0.013238291	-0.020653905	0.96650004	0	0	0.4	-9.857796e-19
8.60002686644078e-09	0.0039614458	-0.02676224	0.96532303	0	0	0.4	-8.3321334e-19
8.610024033083319e-09	0.027976759	0.011580853	0.96321803	0	0	0.4	-1.1131069e-18
8.620058841267911e-09	0.0049310457	0.020727111	0.9648247	0	0	0.4	-2.1789869e-18
8.630062135036085e-09	-0.017671416	0.009849074	0.96364427	0	0	0.4	-3.1714436e-19
8.640016562655e-09	-0.007858284	-0.020411879	0.96489036	0	0	0.4	-1.9789072e-18
8.650053521811463e-09	0.018351298	-0.0044113873	0.9657752	0	0	0.4	-1.0086608e-18
8.660010375484381e-09	0.0008601937	0.0118070515	0.9688456	0	0	0.4	-1.5942792e-18
8.670043484072394e-09	-0.016047206	0.009783448	0.9666933	0	0	0.4	-1.1073959e-18
8.680001359479475e-09	-0.011437752	-0.011145879	0.967179	0	0	0.4	-1.4241351e-18
8.690044343292628e-09	0.0060381936	-0.0135074705	0.96540666	0	0	0.4	-2.0544391e-18
8.70004628267289e-09	0.0066030095	-0.00015188922	0.9667842	0	0	0.4	-6.552655e-19
8.7100093403876e-09	-0.010102275	0.015313306	0.96305203	0	0	0.4	-1.6437811e-18
8.720007229741883e-09	-0.011784211	-0.012230064	0.96235996	0	0	0.4	-1.3937529e-18
8.730017850114129e-09	-0.0025979357	-0.0044291457	0.9633284	0	0	0.4	-1.7051078e-18
8.740010651675203e-09	-0.004911781	-0.0063109878	0.9640443	0	0	0.4	-1.5195136e-18
8.75001959136547e-09	0.023170542	-0.0040679723	0.9636168	0	0	0.4	-1.9215323e-18
8.760039932420957e-09	-0.0046557416	0.036509678	0.962208	0	0	0.4	-1.9741728e-18
8.770051864906732e-09	-0.046463877	-0.0036547917	0.9642941	0	0	0.4	-8.886854e-19
8.78005797388108e-09	-0.0048726285	-0.045094147	0.96374184	0	0	0.4	-1.74136e-18
8.790031732657749e-09	0.024021443	-0.009402023	0.96589726	0	0	0.4	-1.5755416e-18
8.800048935240616e-09	0.006626735	0.0245021	0.9622798	0	0	0.4	-5.479943e-19
8.810044781478458e-09	-0.012117313	-0.005650866	0.9649373	0	0	0.4	-9.426991e-19
8.820047902018954e-09	0.0061038234	-0.0033891436	0.963215	0	0	0.4	-7.2231396e-19
8.830030644749073e-09	-0.015032648	0.0054593002	0.9631166	0	0	0.4	-1.7289978e-18
8.840028758843956e-09	-0.029161515	-0.013309453	0.9631497	0	0	0.4	-9.868949e-19
8.850029064193999e-09	0.03262063	-0.035605256	0.96508044	0	0	0.4	-6.7892607e-19
8.860061910142112e-09	0.02642375	0.039623644	0.96402204	0	0	0.4	-1.4361705e-18
8.870057888300312e-09	-0.013943266	0.012477217	0.96118057	0	0	0.4	-1.2119973e-18
8.88003131188188e-09	-0.017696762	0.0052641714	0.96281093	0	0	0.4	-1.7843922e-18
8.890006841821196e-09	0.0011180713	-0.026611147	0.9644563	0	0	0.4	-1.7039242e-18
8.900052589252613e-09	0.03184289	0.003076669	0.9646371	0	0	0.4	-1.8248022e-18
8.91003914671492e-09	-0.012421184	0.038990453	0.96566755	0	0	0.4	-1.3052835e-18
8.920052964566633e-09	-0.03229907	-0.013930554	0.96714985	0	0	0.4	-2.0928888e-18
8.930000159615373e-09	0.008750284	-0.03430842	0.9677154	0	0	0.4	-2.1845617e-18
8.940052130253985e-09	0.030437326	0.008737209	0.9653923	0	0	0.4	-1.8093472e-18
8.950029795288909e-09	-0.0035450107	0.026008418	0.9661515	0	0	0.4	-1.7093818e-18
8.96003811205619e-09	-0.015313656	0.004395964	0.9658384	0	0	0.4	-8.330194e-19
8.970046138849689e-09	-0.0070543946	-0.01500972	0.9662472	0	0	0.4	-1.1356681e-18
8.980044728120234e-09	0.0119774025	-0.006683169	0.968652	0	0	0.4	-1.4133515e-18
8.990054830346991e-09	0.017051402	0.021559644	0.9682317	0	0	0.4	-2.031639e-18
9.000009474943085e-09	-0.011056219	0.010506534	0.968231	0	0	0.4	-7.665179e-19
9.01003726458993e-09	-0.017049024	-0.0079094255	0.9688979	0	0	0.4	-8.589612e-19
9.020039885586798e-09	-0.0019956059	-0.027668653	0.9688807	0	0	0.4	-6.667015e-19
9.030031805701156e-09	0.0189554	-0.0062806197	0.9680195	0	0	0.4	-1.6538983e-18
9.040038459315364e-09	0.011937586	0.028542459	0.9661661	0	0	0.4	-1.6273586e-18
9.050004534790808e-09	-0.029005429	0.030316224	0.9661955	0	0	0.4	-6.4676146e-19
9.060041860434641e-09	-0.031211259	-0.020201476	0.96774554	0	0	0.4	-1.5348622e-18
9.07003159251211e-09	0.0027693636	-0.039646167	0.9653657	0	0	0.4	-1.3092721e-18
9.080001451866378e-09	0.032686107	0.0027375864	0.9619446	0	0	0.4	3.4916674e-19
9.090006146964982e-09	0.0026720597	0.02367914	0.96141857	0	0	0.4	-1.1152304e-18
9.10003737226184e-09	-0.03881034	0.0024370202	0.9628172	0	0	0.4	-1.088889e-18
9.110019188116265e-09	-0.0026912289	-0.03861523	0.9634439	0	0	0.4	-2.1549095e-18
9.12003094045549e-09	0.034094	0.001120484	0.9648464	0	0	0.4	-1.7248687e-18
9.13004685497592e-09	0.019965254	0.044290323	0.96244234	0	0	0.4	-1.1665429e-18
9.140023666231507e-09	-0.054955985	0.038770996	0.9649351	0	0	0.4	-1.3399621e-18
9.150060796257005e-09	-0.03943684	-0.0405349	0.9649549	0	0	0.4	-8.5267e-19
9.160061677176413e-09	0.035147585	-0.05333228	0.9661488	0	0	0.4	-1.5182009e-18
9.170036955261074e-09	0.052150343	0.03413208	0.965028	0	0	0.4	-1.4744736e-18
9.180054574491629e-09	-0.026842551	0.050763182	0.96352094	0	0	0.4	-2.4645356e-18
9.190040618521958e-09	-0.040680524	-0.030154608	0.96478784	0	0	0.4	-1.8483241e-18
9.200003738723015e-09	0.016368516	-0.03417028	0.96505183	0	0	0.4	-1.8447461e-18
9.210027103940387e-09	0.033328127	0.005023705	0.9669662	0	0	0.4	-9.39125e-19
9.22003221956565e-09	0.010039666	0.036509987	0.96619624	0	0	0.4	-9.5016e-19
9.230019867819027e-09	-0.0362947	0.006644939	0.96823496	0	0	0.4	-1.1679647e-18
9.240051565778628e-09	0.019017931	-0.025622742	0.96580917	0	0	0.4	-2.1435356e-18
9.250028860817602e-09	0.0113601005	0.006977379	0.9664487	0	0	0.4	-1.397889e-18
9.260058601616023e-09	0.0010627788	-0.010299809	0.966464	0	0	0.4	-1.5978134e-18
9.270047508514134e-09	0.026235525	0.005871226	0.96597743	0	0	0.4	-1.8663438e-18
9.280013068242924e-09	0.009945526	0.02188097	0.9652922	0	0	0.4	-1.3381924e-18
9.29002494821091e-09	-0.012164912	0.006535022	0.96487963	0	0	0.4	-1.6214739e-18
9.300014983213267e-09	0.0027646555	-0.0023902673	0.9677686	0	0	0.4	-2.66825e-19
9.310035581196186e-09	0.0022742008	-0.006951605	0.96719724	0	0	0.4	-1.1259575e-18
9.320034777191353e-09	0.017662909	0.0040572216	0.96403766	0	0	0.4	-1.6035584e-18
9.330006070372571e-09	-0.00042324993	0.007882451	0.96695113	0	0	0.4	-6.6110523e-19
9.340023268391692e-09	-0.003558278	0.0033350696	0.96580887	0	0	0.4	-1.5805308e-18
9.350000749953462e-09	-0.007093691	-0.0064948956	0.9656468	0	0	0.4	-7.0129654e-19
9.360030719532377e-09	0.014105774	0.0033062224	0.96554255	0	0	0.4	-2.09776e-18
9.370022094227536e-09	-0.024650602	0.015335788	0.96614474	0	0	0.4	-1.1177804e-18
9.380055630811905e-09	-0.028719703	-0.035064902	0.96577144	0	0	0.4	-1.8468009e-18
9.390059136875726e-09	0.042642742	-0.027330816	0.9663014	0	0	0.4	-1.75789e-18
9.40002694540696e-09	0.034781884	0.039555743	0.9656265	0	0	0.4	-1.2862973e-18
9.41002735499058e-09	-0.038079664	0.029130451	0.9652621	0	0	0.4	-1.1515888e-18
9.42001581480422e-09	-0.029403247	-0.021156609	0.96402633	0	0	0.4	-1.413207e-18
9.43003829959814e-09	0.036976084	-0.024185883	0.96663785	0	0	0.4	-8.123359e-19
9.440047961048587e-09	0.015063854	0.02487339	0.96592283	0	0	0.4	-7.752534e-19
9.450030230869307e-09	-0.026105424	0.009732679	0.9662769	0	0	0.4	-1.45449e-18
9.460024731029935e-09	-0.013495396	-0.012120914	0.96736264	0	0	0.4	-1.6861385e-18
9.470038748704562e-09	0.01943005	-0.01766285	0.9676214	0	0	0.4	-1.7106937e-18
9.480046804609488e-09	0.016097032	0.025517717	0.96617556	0	0	0.4	-2.2388578e-18
9.490035705101224e-09	-0.049592707	0.016526349	0.96526027	0	0	0.4	-1.8300962e-18
9.500005354155504e-09	-0.019788533	-0.05123145	0.96205974	0	0	0.4	-1.9621824e-18
9.510000475608732e-09	0.035343982	-0.02913239	0.96063215	0	0	0.4	-1.200496e-18
9.520026965912771e-09	0.02886978	0.017426498	0.9638535	0	0	0.4	-1.0342439e-18
9.530022157231482e-09	-0.016336275	0.044655696	0.9644464	0	0	0.4	-1.0474405e-18
9.540023620560409e-09	-0.044881538	0.004856847	0.9657181	0	0	0.4	-1.3823852e-18
9.550060721372154e-09	-0.012025774	-0.04985357	0.96906346	0	0	0.4	-1.5589998e-18
9.560022803207318e-09	0.03698814	-0.02255637	0.96603674	0	0	0.4	-1.7937e-18
9.570025605279112e-09	0.028501464	0.04156508	0.96661955	0	0	0.4	-1.848831e-18
9.580055011617105e-09	-0.034885347	0.04186148	0.9651397	0	0	0.4	-2.2540233e-18
9.59005055075559e-09	-0.028854737	-0.028275814	0.9634404	0	0	0.4	-1.7593786e-18
9.600031894557661e-09	0.022981407	-0.022738986	0.96312594	0	0	0.4	-7.919353e-19
9.610040365877674e-09	0.011923016	0.025697224	0.96631396	0	0	0.4	-1.2308495e-18
9.620034714883868e-09	-0.004605401	0.013874824	0.9664374	0	0	0.4	-1.7310257e-18
9.630015684632115e-09	-0.007898859	0.0066824863	0.9662935	0	0	0.4	-3.3923905e-19
9.640019923690925e-09	-0.0075883903	-0.010743891	0.9674388	0	0	0.4	-3.4174186e-19
9.650044919041471e-09	0.0153671075	0.02174066	0.965573	0	0	0.4	-1.3555011e-18
9.660050869697403e-09	-0.04052063	0.0082844095	0.96429247	0	0	0.4	-5.943952e-19
9.67002211344763e-09	-0.012706929	-0.028528458	0.9647541	0	0	0.4	-1.2165792e-18
9.680032087911405e-09	0.03337167	-0.035685197	0.9635016	0	0	0.4	-8.678659e-19
9.690004992162872e-09	0.015697803	0.026520165	0.96309596	0	0	0.4	-2.7641225e-19
9.700043766126866e-09	-0.013122669	0.002319155	0.9661818	0	0	0.4	-1.1785346e-18
9.710007467051467e-09	-0.0007941335	-0.016164688	0.9647255	0	0	0.4	-1.3288915e-18
9.720022852227543e-09	0.01862697	0.021048564	0.9619894	0	0	0.4	-1.2593512e-18
9.730043479303039e-09	-0.0133803375	0.0045298277	0.9601266	0	0	0.4	-1.3731418e-18
9.74000836611966e-09	0.012528562	-0.0013831601	0.9625002	0	0	0.4	-1.5507843e-18
9.750022248733515e-09	0.016126677	0.0013966537	0.9641422	0	0	0.4	-1.6839654e-18
9.76002588150246e-09	-0.0012492711	0.011538864	0.9634744	0	0	0.4	-6.3308625e-19
9.77003523474606e-09	-0.009693447	0.0031320015	0.9659773	0	0	0.4	-2.2906395e-18
9.780035421056187e-09	-0.022715127	-0.0073144767	0.96535915	0	0	0.4	-5.630081e-19
9.790010530238804e-09	0.0084694885	-0.014307147	0.96900254	0	0	0.4	-7.3296743e-19
9.800054627393743e-09	0.0230574	0.00166028	0.9677213	0	0	0.4	-1.9008503e-18
9.810050433812497e-09	0.013785114	0.01629422	0.96771103	0	0	0.4	-1.5857789e-18
9.820014530979869e-09	0.008872433	0.0007340203	0.96686363	0	0	0.4	-2.3785361e-18
9.830038443645634e-09	-0.004642833	-0.011058858	0.96973366	0	0	0.4	-1.4869795e-18
9.840009648667832e-09	0.012709731	-0.008223373	0.96709	0	0	0.4	-1.4336459e-18
9.850052918853715e-09	0.0049450155	0.00019496327	0.97008693	0	0	0.4	-9.911728e-19
9.860017229672667e-09	-0.0046378276	0.014766863	0.9674074	0	0	0.4	-1.2876887e-18
9.870041957850278e-09	-0.014442238	-0.008248625	0.96611995	0	0	0.4	-3.649777e-19
9.880051031219786e-09	-0.0015467091	-0.012269826	0.9647718	0	0	0.4	-1.3723829e-18
9.89000294762585e-09	0.0019980893	0.009241641	0.96188307	0	0	0.4	-8.335592e-19
9.90005676775574e-09	-0.029758079	0.0048580724	0.96363014	0	0	0.4	-6.1309986e-19
9.910059599411256e-09	0.005938745	-0.050460145	0.962355	0	0	0.4	-1.0183871e-18
9.920047297901587e-09	0.051185273	0.009606117	0.96577954	0	0	0.4	-1.0524739e-18
9.930046357313618e-09	-0.00619643	0.035298705	0.96637654	0	0	0.4	-1.7237995e-18
9.940009960084621e-09	-0.024557844	-0.0061107557	0.96669114	0	0	0.4	-2.1462415e-18
9.950007590651253e-09	0.00073483895	-0.026288165	0.96778905	0	0	0.4	-1.9328727e-18
9.960010797190099e-09	0.020361893	-0.012559269	0.9677323	0	0	0.4	-2.5566762e-19
9.970048968668895e-09	0.010074417	0.0037982834	0.9646877	0	0	0.4	-8.338292e-19
9.980012894041447e-09	0.007938516	0.02994431	0.96445256	0	0	0.4	-1.0610092e-18
9.990017811284773e-09	-0.046460975	0.0038464563	0.9643735	0	0	0.4	-2.0159287e-18
1e-08	0.010738045	-0.041757777	0.96556354	0	0	0.4	-1.7509964e-18
