# t (s)	mx ()	my ()	mz ()	B_extx (T)	B_exty (T)	B_extz (T)	E_total (J)
0	0	0	-1	0	0	0.4	1.2498702e-18
1.002711979496208e-11	-0.011840104	-0.0017139865	-0.9751124	0	0	0.4	4.8554534e-18
2.0050694563215696e-11	-0.018574828	-0.026777273	-0.9700108	0	0	0.4	5.1660974e-18
3.0057272790978516e-11	-0.010357735	-0.026429059	-0.96482253	0	0	0.4	4.6216045e-18
4.0000015369557757e-11	-0.0121175945	-0.0010904961	-0.96473813	0	0	0.4	4.8514776e-18
5.000533370873242e-11	0.0019990534	-0.006260058	-0.9626695	0	0	0.4	5.113196e-18
6.000383259811702e-11	0.015682627	0.0055289203	-0.96301943	0	0	0.4	5.767315e-18
7.003136044778148e-11	0.027273063	-0.00041435036	-0.9650871	0	0	0.4	4.463658e-18
8.003493806126128e-11	0.027081382	0.012825794	-0.9617018	0	0	0.4	4.836148e-18
9.004692065578935e-11	0.030564139	0.0069704596	-0.96095294	0	0	0.4	4.667357e-18
1.0000413866551037e-10	0.010880163	0.029017974	-0.9584806	0	0	0.4	4.4700427e-18
1.1006422849038829e-10	0.0045818132	0.0350513	-0.95645785	0	0	0.4	4.7149353e-18
1.2002948754092635e-10	0.019286267	0.03473583	-0.9528472	0	0	0.4	4.2605083e-18
1.300073881095228e-10	0.0127540305	0.05022323	-0.9499259	0	0	0.4	5.044265e-18
1.4005538625527956e-10	0.020899473	0.068285555	-0.9490251	0	0	0.4	4.7230772e-18
1.5005847967207058e-10	0.029220294	0.071678475	-0.94633263	0	0	0.4	3.965743e-18
1.600264888731145e-10	0.027585013	0.08492744	-0.94734025	0	0	0.4	4.40963e-18
1.700277549380925e-10	0.025047218	0.07431767	-0.951842	0	0	0.4	4.78883e-18
1.8001084424368938e-10	0.034820836	0.06468892	-0.9539539	0	0	0.4	4.6792528e-18
1.9003631446299688e-10	0.036902633	0.06783267	-0.9478824	0	0	0.4	4.906395e-18
2.000601539566663e-10	0.02897162	0.07616635	-0.9529413	0	0	0.4	4.416288e-18
2.1002353594215184e-10	0.041105956	0.05768122	-0.95325834	0	0	0.4	4.472481e-18
2.2004675648554082e-10	0.034991737	0.062795386	-0.9508877	0	0	0.4	5.017619e-18
2.300650447960793e-10	0.04068348	0.07696926	-0.94560593	0	0	0.4	4.732282e-18
2.400457868576765e-10	0.040223613	0.07843335	-0.94015175	0	0	0.4	4.5013118e-18
2.500653931554379e-10	0.048734233	0.07563828	-0.9408425	0	0	0.4	5.6873887e-18
2.600654824944498e-10	0.04592028	0.06323228	-0.94234633	0	0	0.4	4.4227974e-18
2.70063770564048e-10	0.055752352	0.073779434	-0.93939507	0	0	0.4	5.1796052e-18
2.8000840574604575e-10	0.04611268	0.07030092	-0.9378283	0	0	0.4	5.2947484e-18
2.900493841671154e-10	0.04343986	0.07158502	-0.9431613	0	0	0.4	5.3176828e-18
3.0000439525104764e-10	0.06673915	0.062757425	-0.94210273	0	0	0.4	4.5275677e-18
3.1000569122006936e-10	0.06557562	0.04631425	-0.9421105	0	0	0.4	4.232123e-18
3.20006040930584e-10	0.084852606	0.031062892	-0.9410506	0	0	0.4	4.1162e-18
3.3005385044914723e-10	0.10058662	0.006151906	-0.94300187	0	0	0.4	5.1260614e-18
3.400550867788628e-10	0.09798287	0.012258605	-0.9443022	0	0	0.4	4.463477e-18
3.500286733393935e-10	0.08396987	0.0050029284	-0.9450427	0	0	0.4	4.4281547e-18
3.600510887343655e-10	0.08995739	-0.011863046	-0.94976753	0	0	0.4	4.418164e-18
3.7000187290814067e-10	0.08449464	0.00080271426	-0.94500023	0	0	0.4	4.3505006e-18
3.800461635623317e-10	0.07614953	0.0064299954	-0.9463187	0	0	0.4	5.0198353e-18
3.900634384635038e-10	0.08229393	-0.009773677	-0.9407173	0	0	0.4	4.407758e-18
4.000133966023832e-10	0.07733426	0.0046434025	-0.93958896	0	0	0.4	4.5625256e-18
4.100003967117364e-10	0.0781895	-0.003513773	-0.9403866	0	0	0.4	4.0955888e-18
4.2005980416088623e-10	0.0753474	0.0061434605	-0.934159	0	0	0.4	3.5494634e-18
4.300603211127533e-10	0.08626944	-0.0031882003	-0.933848	0	0	0.4	4.737137e-18
4.400365286190664e-10	0.07506394	-0.00088626175	-0.9382511	0	0	0.4	4.474959e-18
4.5005648806033474e-10	0.070535176	-0.011805438	-0.9423995	0	0	0.4	4.569296e-18
4.6005614541787583e-10	0.07313041	-0.008123469	-0.94289076	0	0	0.4	4.674506e-18
4.700116025777884e-10	0.06953506	-0.00749059	-0.9448818	0	0	0.4	3.7273933e-18
4.800555392239622e-10	0.06507709	0.0010661327	-0.95002276	0	0	0.4	4.446288e-18
4.900173215370506e-10	0.053129077	0.0032248849	-0.94366807	0	0	0.4	4.27733e-18
5.00006420801659e-10	0.07173124	0.005265128	-0.9386567	0	0	0.4	4.170263e-18
5.100485881087108e-10	0.061304037	0.0026232363	-0.94442886	0	0	0.4	4.3182856e-18
5.200463548520514e-10	0.06723277	0.007507646	-0.93943065	0	0	0.4	4.3779374e-18
5.300097446137012e-10	0.07533355	0.012263846	-0.93520623	0	0	0.4	4.4671446e-18
5.400060966062323e-10	0.06983756	0.010097958	-0.9353172	0	0	0.4	5.075197e-18
5.500543318680254e-10	0.07161133	0.017494062	-0.9322191	0	0	0.4	5.2824763e-18
5.600227409982376e-10	0.06255286	-0.0012136468	-0.93739235	0	0	0.4	4.9682933e-18
5.700571292653351e-10	0.067948945	0.007930112	-0.937153	0	0	0.4	4.7010225e-18
5.800429581349158e-10	0.06204094	0.015484091	-0.9391589	0	0	0.4	4.4105212e-18
5.900387010488603e-10	0.050956152	-0.005612641	-0.93982625	0	0	0.4	4.7406134e-18
6.000012508682897e-10	0.043282595	-0.011724751	-0.94329023	0	0	0.4	4.1695846e-18
6.100182044464891e-10	0.04082248	-0.012144751	-0.9436363	0	0	0.4	4.9340455e-18
6.2004988003054e-10	0.04892553	-0.010430219	-0.9399092	0	0	0.4	4.26312e-18
6.300415486538496e-10	0.06129137	-0.014578208	-0.93921494	0	0	0.4	4.888165e-18
6.400376389111863e-10	0.048439205	-0.015843472	-0.9410198	0	0	0.4	4.0485544e-18
6.500313563054661e-10	0.030064518	-0.025773222	-0.9392104	0	0	0.4	4.5267604e-18
6.600115378965784e-10	0.029685702	-0.022760907	-0.9406943	0	0	0.4	3.5473752e-18
6.70011956911353e-10	0.026973156	0.0087784715	-0.94127005	0	0	0.4	4.9772686e-18
6.800009882375096e-10	0.034406215	0.015419655	-0.93945205	0	0	0.4	4.1976273e-18
6.90062244686034e-10	0.020006198	0.021388195	-0.93761843	0	0	0.4	3.914877e-18
7.00034871253786e-10	0.02188922	0.035499945	-0.9369384	0	0	0.4	5.014104e-18
7.100167846524838e-10	0.01589631	0.018408366	-0.9399307	0	0	0.4	4.7449417e-18
7.200370426837123e-10	0.017432224	0.02003805	-0.94573265	0	0	0.4	4.6936325e-18
7.300022294873942e-10	0.015262357	0.029214272	-0.94771194	0	0	0.4	4.4568673e-18
7.400595049736107e-10	0.007569022	0.045222696	-0.948646	0	0	0.4	5.56012e-18
7.500169647004611e-10	0.012770828	0.045101594	-0.94405735	0	0	0.4	5.1290306e-18
7.600246377463282e-10	0.014997697	0.04301668	-0.94652	0	0	0.4	4.1140663e-18
7.700038476280652e-10	0.022161627	0.036031835	-0.9500611	0	0	0.4	5.414713e-18
7.800504816168132e-10	0.025933446	0.040484432	-0.94862115	0	0	0.4	4.261593e-18
7.900343201633296e-10	0.022606973	0.06569405	-0.9470425	0	0	0.4	4.7161264e-18
8.000222634121251e-10	0.02771732	0.057979133	-0.94669	0	0	0.4	4.506424e-18
8.100246052062355e-10	0.014399815	0.055908624	-0.9455851	0	0	0.4	4.570945e-18
8.200163422084854e-10	0.022908412	0.059126604	-0.94812816	0	0	0.4	4.6990112e-18
8.300519135657395e-10	0.01920753	0.06043803	-0.949847	0	0	0.4	4.0641133e-18
8.40036981635406e-10	0.015050282	0.06446593	-0.9504502	0	0	0.4	4.5258753e-18
8.500649598324467e-10	0.012629774	0.05134651	-0.95419854	0	0	0.4	4.7006834e-18
8.600031345448725e-10	0.028152555	0.05979469	-0.95534104	0	0	0.4	4.589437e-18
8.700610924715749e-10	0.039625037	0.0707634	-0.95727384	0	0	0.4	4.2394834e-18
8.800395053518192e-10	0.051386587	0.072299786	-0.9568147	0	0	0.4	4.031435e-18
8.900087849192587e-10	0.055487663	0.043114554	-0.954995	0	0	0.4	4.4032458e-18
9.000235122908078e-10	0.047502313	0.04015741	-0.9566231	0	0	0.4	4.3517633e-18
9.100638283597638e-10	0.034574423	0.053857494	-0.95796084	0	0	0.4	4.8073893e-18
9.200095858435412e-10	0.029897125	0.053845566	-0.9524497	0	0	0.4	5.714736e-18
9.300009099508664e-10	0.037833754	0.0471382	-0.9538828	0	0	0.4	4.075476e-18
9.400224134032502e-10	0.04323821	0.038981777	-0.9553346	0	0	0.4	5.0038413e-18
9.50024518969203e-10	0.058434762	0.054588806	-0.95349663	0	0	0.4	4.840902e-18
9.600148802183326e-10	0.057404317	0.044842362	-0.9509223	0	0	0.4	5.1505757e-18
9.70032062207053e-10	0.05034213	0.061189447	-0.95161664	0	0	0.4	4.2780024e-18
9.80057227415498e-10	0.053758178	0.049602237	-0.95245516	0	0	0.4	4.2634593e-18
9.900577472278612e-10	0.053596713	0.050642554	-0.9532693	0	0	0.4	5.2299818e-18
1.0000275625049045e-09	0.06316612	0.049411256	-0.9544434	0	0	0.4	5.1188443e-18
1.0100100212804125e-09	0.073697425	0.046950392	-0.9538145	0	0	0.4	4.9564365e-18
1.020000509271699e-09	0.09099273	0.04743263	-0.9520186	0	0	0.4	5.1128294e-18
1.0300141873508787e-09	0.09084403	0.041400425	-0.9524079	0	0	0.4	5.238189e-18
1.0400011436966365e-09	0.07548928	0.035725698	-0.95410204	0	0	0.4	4.159363e-18
1.0500035800602276e-09	0.06480094	0.016927699	-0.9539705	0	0	0.4	4.4613585e-18
1.0600202372097054e-09	0.075298406	0.015569288	-0.95307827	0	0	0.4	4.2035445e-18
1.0700393167341148e-09	0.06864835	0.009498023	-0.95289075	0	0	0.4	4.5939022e-18
1.0800113795789459e-09	0.08108263	-0.0006909206	-0.9527689	0	0	0.4	4.6469104e-18
1.090035833669766e-09	0.07676198	0.0019855264	-0.9542719	0	0	0.4	5.174793e-18
1.1000281524426956e-09	0.081789196	-0.010099354	-0.955495	0	0	0.4	5.3322986e-18
1.1100185015373906e-09	0.07109441	-0.020271383	-0.9569573	0	0	0.4	4.7164486e-18
1.120003379722801e-09	0.069948316	-0.027867703	-0.95669824	0	0	0.4	4.576601e-18
1.1300647185329773e-09	0.0845708	-0.033976603	-0.9551972	0	0	0.4	4.2748433e-18
1.1400183180080365e-09	0.07074644	-0.024317196	-0.9565485	0	0	0.4	3.83178e-18
1.150029517293549e-09	0.07638443	-0.031939927	-0.9549216	0	0	0.4	3.674768e-18
1.1600520472306524e-09	0.06957312	-0.023119655	-0.9525578	0	0	0.4	4.7919623e-18
1.1700528958264666e-09	0.07371292	-0.022538813	-0.9487467	0	0	0.4	4.6254174e-18
1.1800516487398658e-09	0.094316326	-0.027987052	-0.9471428	0	0	0.4	4.2320235e-18
1.1900531127177328e-09	0.09516234	-0.027348993	-0.9464967	0	0	0.4	4.2861588e-18
1.2000254097816194e-09	0.111567475	-0.025668832	-0.9459743	0	0	0.4	4.5464667e-18
1.210005051189608e-09	0.10760018	-0.035265192	-0.9446032	0	0	0.4	4.1371596e-18
1.2200548424233482e-09	0.101664774	-0.049863826	-0.9430544	0	0	0.4	4.2535414e-18
1.2300665904946302e-09	0.09035291	-0.05798254	-0.94384336	0	0	0.4	5.0533324e-18
1.240049167289087e-09	0.08517157	-0.066245034	-0.9461851	0	0	0.4	5.241313e-18
1.2500469854339643e-09	0.0737836	-0.07139985	-0.945472	0	0	0.4	5.1431547e-18
1.260006611981184e-09	0.088211	-0.05462499	-0.9467336	0	0	0.4	4.7584715e-18
1.270008170229264e-09	0.096720524	-0.039464787	-0.9449291	0	0	0.4	3.2278525e-18
1.2800272149184845e-09	0.095250584	-0.038526703	-0.94720954	0	0	0.4	4.5154354e-18
1.2900597260238179e-09	0.100283645	-0.03642417	-0.9504754	0	0	0.4	5.0617944e-18
1.3000385013171366e-09	0.09737588	-0.05160843	-0.9519093	0	0	0.4	4.3360456e-18
1.3100170296665552e-09	0.09501411	-0.079250485	-0.94847935	0	0	0.4	4.4106317e-18
1.3200153893690902e-09	0.089438036	-0.07259931	-0.9498126	0	0	0.4	4.5193294e-18
1.330001741292515e-09	0.087736346	-0.064015195	-0.9474286	0	0	0.4	4.2743574e-18
1.3400201681757005e-09	0.07251774	-0.060509685	-0.9503342	0	0	0.4	4.8892198e-18
1.3500422973315566e-09	0.08860315	-0.056514554	-0.9467816	0	0	0.4	3.920901e-18
1.3600439829851357e-09	0.06959606	-0.07307003	-0.9450569	0	0	0.4	5.039213e-18
1.3700257206617894e-09	0.066610314	-0.07408996	-0.94342047	0	0	0.4	5.0910225e-18
1.380028834068786e-09	0.057871897	-0.08362562	-0.94130385	0	0	0.4	4.7997176e-18
1.3900536311531311e-09	0.059163578	-0.078673065	-0.94403076	0	0	0.4	3.3652119e-18
1.4000461770154508e-09	0.063183814	-0.078826465	-0.9460682	0	0	0.4	3.4378365e-18
1.4100374653415846e-09	0.060801614	-0.0865328	-0.9457103	0	0	0.4	5.2050576e-18
1.420013564361366e-09	0.06379521	-0.09064591	-0.94074553	0	0	0.4	4.9562015e-18
1.4300514949799216e-09	0.06969718	-0.09197493	-0.94340897	0	0	0.4	5.0063237e-18
1.4400009178183518e-09	0.06558337	-0.09564402	-0.9440103	0	0	0.4	5.172232e-18
1.4500122477257928e-09	0.034675937	-0.08490916	-0.9489092	0	0	0.4	4.892964e-18
1.4600187351629959e-09	0.03491303	-0.08811255	-0.94710594	0	0	0.4	5.5524904e-18
1.4700500637441809e-09	0.022311313	-0.087752104	-0.94374365	0	0	0.4	4.3463436e-18
1.480061576222694e-09	0.042856436	-0.07874872	-0.93786323	0	0	0.4	5.0465305e-18
1.4900421184969153e-09	0.055023953	-0.07101243	-0.9415004	0	0	0.4	4.9632446e-18
1.500066143876386e-09	0.0573929	-0.0792593	-0.9442812	0	0	0.4	5.1515386e-18
1.5100389080378103e-09	0.05499324	-0.08972045	-0.94850135	0	0	0.4	4.5414015e-18
1.520005850815403e-09	0.052158948	-0.09143186	-0.94577456	0	0	0.4	5.4028116e-18
1.530052779904823e-09	0.0425828	-0.0881844	-0.94704914	0	0	0.4	4.272404e-18
1.540002869648707e-09	0.033826485	-0.072931804	-0.94595516	0	0	0.4	4.574386e-18
1.5500573360537397e-09	0.038670626	-0.07748322	-0.94258213	0	0	0.4	4.1146962e-18
1.5600548485985584e-09	0.024874054	-0.086666696	-0.94050694	0	0	0.4	4.3980536e-18
1.5700108813536567e-09	0.05913439	-0.082729556	-0.9420643	0	0	0.4	4.483737e-18
1.5800193115179512e-09	0.061111245	-0.09621649	-0.93517405	0	0	0.4	4.8445566e-18
1.5900391555548828e-09	0.06034847	-0.09533466	-0.9421813	0	0	0.4	4.2892255e-18
1.6000262482510862e-09	0.07029183	-0.11281964	-0.94484687	0	0	0.4	3.2695308e-18
1.610021297652723e-09	0.07451678	-0.12134174	-0.9402457	0	0	0.4	4.0279068e-18
1.6200588850021682e-09	0.060442563	-0.13322227	-0.9421376	0	0	0.4	3.5310454e-18
1.6300297706151074e-09	0.04099087	-0.14036855	-0.9415474	0	0	0.4	4.7227997e-18
1.6400464790085328e-09	0.012821907	-0.13112059	-0.94069916	0	0	0.4	4.4190792e-18
1.6500343065223444e-09	0.022259545	-0.15208332	-0.93979454	0	0	0.4	5.07925e-18
1.6600275981541719e-09	0.02952606	-0.16296653	-0.94068587	0	0	0.4	4.500176e-18
1.6700016120052586e-09	0.017557083	-0.15839949	-0.9398697	0	0	0.4	5.1881107e-18
1.6800495106114785e-09	0.01308733	-0.15375616	-0.93771255	0	0	0.4	4.842262e-18
1.6900572861017552e-09	0.010686857	-0.16993232	-0.9389751	0	0	0.4	3.817615e-18
1.7000047421041282e-09	0.0036343378	-0.1911514	-0.9316812	0	0	0.4	3.989311e-18
1.7100065726717824e-09	0.0032136005	-0.17593922	-0.9378178	0	0	0.4	4.9290444e-18
1.7200232474343244e-09	0.0077111335	-0.1929713	-0.93572074	0	0	0.4	4.7363655e-18
1.7300647382853234e-09	-0.0008345261	-0.17477109	-0.9381363	0	0	0.4	4.795001e-18
1.7400157445545373e-09	-0.028834142	-0.17414217	-0.93845564	0	0	0.4	4.4801157e-18
1.750055241912024e-09	-0.020585062	-0.17855632	-0.9366314	0	0	0.4	4.7807396e-18
1.7600649035270025e-09	-0.03316433	-0.17885357	-0.9337759	0	0	0.4	5.152368e-18
1.770064243456642e-09	-0.03450363	-0.17525326	-0.93180156	0	0	0.4	4.6154763e-18
1.7800042123632246e-09	-0.021924134	-0.17576969	-0.9311955	0	0	0.4	4.493821e-18
1.7900236248573793e-09	-0.006372866	-0.19384484	-0.9320027	0	0	0.4	4.516439e-18
1.8000518902144463e-09	-0.0023897316	-0.19370694	-0.93362635	0	0	0.4	5.2507783e-18
1.8100092170238836e-09	-0.008726564	-0.19280262	-0.9273603	0	0	0.4	5.4054264e-18
1.820046043838203e-09	-0.0075811623	-0.18664546	-0.93253344	0	0	0.4	4.2932258e-18
1.8300376237141505e-09	-0.024965217	-0.17724083	-0.93413	0	0	0.4	3.918128e-18
1.840001935930891e-09	-0.022564005	-0.15983273	-0.9317143	0	0	0.4	4.9376417e-18
1.850042393816976e-09	-0.02700866	-0.14203547	-0.93266726	0	0	0.4	4.4972925e-18
1.8600361194701883e-09	-0.030009205	-0.1486677	-0.930887	0	0	0.4	4.9027346e-18
1.870018644986078e-09	-0.021969372	-0.14054526	-0.9246657	0	0	0.4	5.2199733e-18
1.880056710991961e-09	-0.014472499	-0.18102284	-0.9190973	0	0	0.4	4.458566e-18
1.8900434544845197e-09	-0.029589519	-0.18291761	-0.9248349	0	0	0.4	4.1268008e-18
1.9000121412097715e-09	-0.03674111	-0.18387358	-0.92404085	0	0	0.4	4.979388e-18
1.910011692637425e-09	-0.04810661	-0.19377926	-0.9226129	0	0	0.4	4.4965468e-18
1.920059194929753e-09	-0.05730154	-0.1788173	-0.9245779	0	0	0.4	4.5689007e-18
1.9300628582061606e-09	-0.055060655	-0.1798174	-0.92380184	0	0	0.4	4.38571e-18
1.9400315185164207e-09	-0.04425589	-0.17805807	-0.921826	0	0	0.4	4.9353425e-18
1.9500467307381466e-09	-0.043149017	-0.17304245	-0.9279776	0	0	0.4	4.2714097e-18
1.9600421782456595e-09	-0.030376649	-0.15849352	-0.9276376	0	0	0.4	4.8452952e-18
1.970005558380499e-09	-0.020561561	-0.14791495	-0.93202	0	0	0.4	4.927632e-18
1.980023132301591e-09	-0.021673132	-0.1303819	-0.931393	0	0	0.4	4.5950652e-18
1.9900199448395726e-09	0.0017349978	-0.14177695	-0.93424624	0	0	0.4	5.1732082e-18
2.00003053655028e-09	-0.0027304506	-0.15644109	-0.9307156	0	0	0.4	3.8870917e-18
2.0100477188307594e-09	-0.0029331897	-0.16722704	-0.93163526	0	0	0.4	5.053962e-18
2.0200508911260595e-09	-0.026790144	-0.15450162	-0.9292655	0	0	0.4	4.637346e-18
2.030027628180246e-09	-0.020229042	-0.15937093	-0.93114567	0	0	0.4	4.0467892e-18
2.0400527826093137e-09	-0.041987874	-0.17342384	-0.9310054	0	0	0.4	4.477084e-18
2.0500199787994067e-09	-0.032730285	-0.17631856	-0.9288332	0	0	0.4	4.5382644e-18
2.0600452840243472e-09	-0.039707925	-0.16697009	-0.9278833	0	0	0.4	4.212681e-18
2.0700290039316732e-09	-0.020738902	-0.16271281	-0.9267321	0	0	0.4	3.833765e-18
2.0800293414981613e-09	-0.014947609	-0.15580383	-0.9234968	0	0	0.4	4.3662696e-18
2.0900279714794426e-09	-0.025579011	-0.16386938	-0.9223817	0	0	0.4	3.785127e-18
2.1000061818503613e-09	-0.04514872	-0.16847566	-0.9292341	0	0	0.4	4.319446e-18
2.1100293141925985e-09	-0.058340546	-0.1654243	-0.92495745	0	0	0.4	5.289587e-18
2.12000162119502e-09	-0.057388283	-0.14983924	-0.9308771	0	0	0.4	4.3029675e-18
2.13001459018157e-09	-0.051661234	-0.15221468	-0.93089545	0	0	0.4	4.223712e-18
2.140034079243837e-09	-0.037233233	-0.15298794	-0.9277174	0	0	0.4	4.855757e-18
2.1500351179747094e-09	-0.03269194	-0.1632745	-0.9310288	0	0	0.4	3.975182e-18
2.1600092155740313e-09	-0.030515287	-0.16881557	-0.93242854	0	0	0.4	5.0235175e-18
2.170045801268298e-09	-0.038009718	-0.16903055	-0.9305319	0	0	0.4	4.8907893e-18
2.180008721442126e-09	-0.032050192	-0.15988211	-0.92994136	0	0	0.4	4.719636e-18
2.190058619660687e-09	-0.045708284	-0.1628427	-0.93411505	0	0	0.4	4.10988e-18
2.2000323474901965e-09	-0.064349346	-0.17200737	-0.92967004	0	0	0.4	4.2708162e-18
2.210020602404647e-09	-0.078647286	-0.1591424	-0.93007225	0	0	0.4	5.1740474e-18
2.220015411421946e-09	-0.08420749	-0.16052622	-0.9286042	0	0	0.4	3.987482e-18
2.2300436912767735e-09	-0.09314336	-0.1421357	-0.93680334	0	0	0.4	4.948508e-18
2.2400640293071583e-09	-0.08574604	-0.13855362	-0.9411186	0	0	0.4	4.5041353e-18
2.2500353757498094e-09	-0.085063785	-0.13049656	-0.93880135	0	0	0.4	4.057231e-18
2.2600215888299423e-09	-0.09294781	-0.14273703	-0.9365744	0	0	0.4	4.7831487e-18
2.270066893717644e-09	-0.099462934	-0.14240904	-0.9389992	0	0	0.4	4.0134406e-18
2.28005631166678e-09	-0.096216105	-0.13674524	-0.9374272	0	0	0.4	4.6781224e-18
2.2900112786821284e-09	-0.115267426	-0.11886797	-0.9353143	0	0	0.4	3.4735245e-18
2.3000341731017765e-09	-0.09486268	-0.10860118	-0.93632656	0	0	0.4	4.986244e-18
2.310030990030251e-09	-0.10532135	-0.10037654	-0.93874425	0	0	0.4	5.1718107e-18
2.320001486895798e-09	-0.11201405	-0.1073724	-0.93398756	0	0	0.4	4.949248e-18
2.3300534468980943e-09	-0.11597363	-0.115744114	-0.9344595	0	0	0.4	3.8224384e-18
2.3400575690958254e-09	-0.13033365	-0.11227978	-0.93097734	0	0	0.4	4.1843564e-18
2.35001693717122e-09	-0.12900314	-0.13710603	-0.928404	0	0	0.4	4.207426e-18
2.360009418640516e-09	-0.14789832	-0.14159043	-0.928643	0	0	0.4	4.852386e-18
2.3700304491094376e-09	-0.15015283	-0.14549468	-0.93047947	0	0	0.4	3.2500596e-18
2.380050833327206e-09	-0.15840067	-0.14950037	-0.92638487	0	0	0.4	4.0908333e-18
2.390025027600174e-09	-0.164394	-0.15691997	-0.9224451	0	0	0.4	4.8856765e-18
2.4000182809439086e-09	-0.1740714	-0.14569099	-0.9200727	0	0	0.4	5.276782e-18
2.410029252227946e-09	-0.1638886	-0.16844392	-0.91697866	0	0	0.4	4.4276687e-18
2.4200249968633952e-09	-0.17207868	-0.17470966	-0.9127394	0	0	0.4	4.176217e-18
2.4300221173970224e-09	-0.15832715	-0.17890058	-0.9073363	0	0	0.4	4.9206774e-18
2.440000441345236e-09	-0.13980216	-0.2131689	-0.9080044	0	0	0.4	4.732318e-18
2.450032377532258e-09	-0.13616475	-0.21558385	-0.90339684	0	0	0.4	4.169481e-18
2.460025857066167e-09	-0.15459807	-0.22910905	-0.907775	0	0	0.4	5.0539486e-18
2.4700122795039303e-09	-0.1514836	-0.22257371	-0.9098266	0	0	0.4	5.4319507e-18
2.480062184764588e-09	-0.14879948	-0.22125286	-0.9084054	0	0	0.4	5.020079e-18
2.4900043475541663e-09	-0.1555274	-0.20143308	-0.9173737	0	0	0.4	5.23541e-18
2.5000630086908255e-09	-0.14936791	-0.18471737	-0.9125882	0	0	0.4	4.567774e-18
2.510044104820729e-09	-0.125533	-0.17799167	-0.91896725	0	0	0.4	5.090383e-18
2.5200207243651984e-09	-0.11441627	-0.18001357	-0.92526305	0	0	0.4	4.4256198e-18
2.530001016189855e-09	-0.1311226	-0.19105093	-0.92520136	0	0	0.4	4.620041e-18
2.5400033192582103e-09	-0.14141954	-0.18824537	-0.92203385	0	0	0.4	4.0585505e-18
2.5500486946018325e-09	-0.14798641	-0.18888131	-0.917492	0	0	0.4	4.119743e-18
2.5600035565673725e-09	-0.14892338	-0.20201127	-0.916223	0	0	0.4	5.2570194e-18
2.5700609943936494e-09	-0.14859703	-0.21976693	-0.90603644	0	0	0.4	4.6508098e-18
2.5800232141456865e-09	-0.14756957	-0.21047172	-0.9090764	0	0	0.4	4.094361e-18
2.590002620455682e-09	-0.13651846	-0.21030784	-0.9091487	0	0	0.4	4.1388755e-18
2.6000261717576764e-09	-0.13215168	-0.20922084	-0.91107583	0	0	0.4	3.5804802e-18
2.6100553429367574e-09	-0.1289149	-0.20595524	-0.9075683	0	0	0.4	3.686823e-18
2.620050052347818e-09	-0.12803382	-0.2145921	-0.90906197	0	0	0.4	3.8079433e-18
2.630057326150605e-09	-0.11252034	-0.20658574	-0.9098154	0	0	0.4	4.3442136e-18
2.6400578429185393e-09	-0.08634158	-0.21504168	-0.9105629	0	0	0.4	4.0711824e-18
2.6500351914238826e-09	-0.061993167	-0.22611004	-0.91458476	0	0	0.4	4.9428595e-18
2.6600433106145786e-09	-0.07896677	-0.22234865	-0.9166541	0	0	0.4	4.8715963e-18
2.6700252557260907e-09	-0.09386675	-0.20391099	-0.9162672	0	0	0.4	5.186204e-18
2.6800171270339527e-09	-0.09098754	-0.18816039	-0.92353886	0	0	0.4	4.555596e-18
2.690058095252672e-09	-0.115826264	-0.15544616	-0.92560846	0	0	0.4	4.5027118e-18
2.7000251917115146e-09	-0.118737034	-0.13505952	-0.92932147	0	0	0.4	5.14749e-18
2.710048323616132e-09	-0.11558255	-0.13040395	-0.930795	0	0	0.4	4.983943e-18
2.720005043805356e-09	-0.10459894	-0.11886449	-0.9316896	0	0	0.4	4.702967e-18
2.7300416065419154e-09	-0.11785061	-0.1189771	-0.9280923	0	0	0.4	4.9901395e-18
2.740017861084853e-09	-0.10873643	-0.12321615	-0.92471504	0	0	0.4	4.8713675e-18
2.750008735566515e-09	-0.10582632	-0.13594715	-0.92462033	0	0	0.4	4.42938e-18
2.7600146858568387e-09	-0.10175011	-0.14119737	-0.9308177	0	0	0.4	4.5353854e-18
2.7700216442693267e-09	-0.11041667	-0.15794691	-0.92162687	0	0	0.4	4.631554e-18
2.7800094855788257e-09	-0.104672305	-0.14425157	-0.9211336	0	0	0.4	3.7811286e-18
2.790044495988382e-09	-0.104684494	-0.14010096	-0.91647565	0	0	0.4	5.115422e-18
2.8000312301934037e-09	-0.08713525	-0.116041854	-0.9205163	0	0	0.4	4.537525e-18
2.8100540132161846e-09	-0.06538578	-0.10573416	-0.92392033	0	0	0.4	4.303877e-18
2.8200472932266505e-09	-0.052765686	-0.08983857	-0.92616117	0	0	0.4	5.320287e-18
2.830027249288998e-09	-0.029342558	-0.10054304	-0.9251478	0	0	0.4	5.2109153e-18
2.840030331168192e-09	-0.038065664	-0.11306161	-0.9249189	0	0	0.4	4.259458e-18
2.850021949965087e-09	-0.040328406	-0.12744954	-0.9266081	0	0	0.4	5.246473e-18
2.86000367159859e-09	-0.051094376	-0.12730244	-0.9307218	0	0	0.4	4.0382337e-18
2.8700518183333165e-09	-0.063275486	-0.10997179	-0.9368542	0	0	0.4	3.7602808e-18
2.8800492166728327e-09	-0.08334233	-0.115908146	-0.93267363	0	0	0.4	4.844678e-18
2.890063308497466e-09	-0.08958924	-0.098530926	-0.9292167	0	0	0.4	4.033584e-18
2.9000398261571407e-09	-0.078960195	-0.087658286	-0.9286458	0	0	0.4	4.0083303e-18
2.9100070678330928e-09	-0.094673224	-0.08371199	-0.9297427	0	0	0.4	4.334381e-18
2.9200175138486963e-09	-0.06910885	-0.10316409	-0.9308889	0	0	0.4	5.1824114e-18
2.930010573567857e-09	-0.05795031	-0.1321198	-0.9294937	0	0	0.4	3.690027e-18
2.9400621299670336e-09	-0.053274285	-0.15226114	-0.9256796	0	0	0.4	5.1295955e-18
2.950065745654977e-09	-0.052598774	-0.16217215	-0.92475075	0	0	0.4	4.085491e-18
2.9600198283484365e-09	-0.051403068	-0.16062424	-0.92841876	0	0	0.4	3.8638003e-18
2.97005182566028e-09	-0.069638886	-0.17267229	-0.9290751	0	0	0.4	4.578146e-18
2.9800585755853325e-09	-0.09134559	-0.15687993	-0.93035936	0	0	0.4	4.4236072e-18
2.990014046458401e-09	-0.070710406	-0.11797503	-0.9309761	0	0	0.4	4.460929e-18
3.000038491155403e-09	-0.063921794	-0.1239962	-0.9273351	0	0	0.4	4.400784e-18
3.01000408378156e-09	-0.056947265	-0.12167208	-0.92592925	0	0	0.4	5.0876252e-18
3.0200018266709115e-09	-0.02617055	-0.13215992	-0.9298579	0	0	0.4	4.0003985e-18
3.0300239672005863e-09	-0.015856871	-0.15548973	-0.93355584	0	0	0.4	5.469975e-18
3.040047432458849e-09	-0.035858676	-0.17005324	-0.932886	0	0	0.4	5.3969523e-18
3.0500532758853137e-09	-0.054705966	-0.16903435	-0.9344428	0	0	0.4	4.067731e-18
3.0600305200837107e-09	-0.07215645	-0.15227665	-0.937914	0	0	0.4	4.627464e-18
3.0700014303280535e-09	-0.09369627	-0.14374134	-0.9352077	0	0	0.4	4.3063e-18
3.080023242319109e-09	-0.096620515	-0.14030783	-0.93366706	0	0	0.4	5.1409213e-18
3.0900275075014338e-09	-0.08886264	-0.122157246	-0.9321948	0	0	0.4	5.60549e-18
3.1000660639363423e-09	-0.09228264	-0.10801528	-0.9238814	0	0	0.4	4.8958885e-18
3.110040973574103e-09	-0.0888294	-0.118691675	-0.91791403	0	0	0.4	4.928928e-18
3.1200386129560347e-09	-0.057660114	-0.111484	-0.92142594	0	0	0.4	4.2656844e-18
3.130054484433736e-09	-0.051710345	-0.15005298	-0.923208	0	0	0.4	4.2902364e-18
3.1400273167615408e-09	-0.06840845	-0.16561314	-0.9265767	0	0	0.4	4.8897636e-18
3.150002385410013e-09	-0.067148104	-0.16135594	-0.9328316	0	0	0.4	5.1178173e-18
3.160038574916254e-09	-0.090318896	-0.16695175	-0.931542	0	0	0.4	4.4792012e-18
3.170040352471325e-09	-0.09938547	-0.15965189	-0.92578095	0	0	0.4	3.8500807e-18
3.180055233872898e-09	-0.0967315	-0.15708087	-0.93157804	0	0	0.4	5.0122165e-18
3.1900174557614723e-09	-0.10119755	-0.14540294	-0.9320249	0	0	0.4	4.688165e-18
3.200006194890056e-09	-0.08453465	-0.12887168	-0.9338443	0	0	0.4	4.456697e-18
3.2100133791192536e-09	-0.043871738	-0.14495629	-0.9379131	0	0	0.4	3.1322278e-18
3.22005532915351e-09	-0.024423039	-0.15641661	-0.93738335	0	0	0.4	5.0560435e-18
3.2300591653196278e-09	-0.03170067	-0.17349593	-0.93804336	0	0	0.4	3.3344352e-18
3.2400238236879415e-09	-0.045988724	-0.18150656	-0.94009453	0	0	0.4	4.3637036e-18
3.250045184113238e-09	-0.06611615	-0.17227444	-0.94209206	0	0	0.4	3.681041e-18
3.2600354179191305e-09	-0.078641474	-0.16707073	-0.9393848	0	0	0.4	4.1748004e-18
3.270032412257022e-09	-0.0962686	-0.12851754	-0.94115883	0	0	0.4	4.8594326e-18
3.28001146956245e-09	-0.08648678	-0.1269539	-0.94158244	0	0	0.4	4.4255846e-18
3.2900054553666172e-09	-0.08121149	-0.12637457	-0.93854815	0	0	0.4	4.2438464e-18
3.3000347478128134e-09	-0.07228825	-0.1378148	-0.93580794	0	0	0.4	3.983491e-18
3.310015161077196e-09	-0.05900368	-0.16505326	-0.93388015	0	0	0.4	5.2025785e-18
3.3200170095209367e-09	-0.044248234	-0.15894935	-0.9341252	0	0	0.4	5.321138e-18
3.330000658994931e-09	-0.05290756	-0.1647328	-0.93877834	0	0	0.4	4.570142e-18
3.3400351955838532e-09	-0.048236113	-0.1624722	-0.94149095	0	0	0.4	4.4175345e-18
3.3500597858287255e-09	-0.074589714	-0.15566115	-0.9449701	0	0	0.4	3.9319513e-18
3.3600139954612417e-09	-0.07709852	-0.14845648	-0.94283515	0	0	0.4	4.869146e-18
3.370001895144663e-09	-0.083167784	-0.12330109	-0.9437386	0	0	0.4	4.574476e-18
3.380062494147868e-09	-0.082468875	-0.11718214	-0.9415052	0	0	0.4	4.7448437e-18
3.3900349915752925e-09	-0.07787891	-0.116280496	-0.94254625	0	0	0.4	4.3085886e-18
3.40001624716698e-09	-0.08166577	-0.10713799	-0.9400951	0	0	0.4	4.2415684e-18
3.4100303041843644e-09	-0.0707334	-0.11695895	-0.9400988	0	0	0.4	4.2190178e-18
3.4200385875717e-09	-0.081413634	-0.12049589	-0.9379541	0	0	0.4	4.409439e-18
3.4300060426198547e-09	-0.10152927	-0.13018888	-0.9384896	0	0	0.4	5.899759e-18
3.440015324891852e-09	-0.11297389	-0.11391827	-0.94011295	0	0	0.4	4.8522952e-18
3.450035892398491e-09	-0.11584965	-0.108203016	-0.93732053	0	0	0.4	4.2663296e-18
3.4600200364663957e-09	-0.11596151	-0.10549012	-0.9300946	0	0	0.4	3.7119407e-18
3.4700030765071052e-09	-0.08758818	-0.10000751	-0.92863244	0	0	0.4	4.111376e-18
3.480038809312271e-09	-0.050071534	-0.09345261	-0.9372696	0	0	0.4	4.061704e-18
3.4900007878287296e-09	-0.043543886	-0.10355267	-0.9364609	0	0	0.4	4.1808777e-18
3.50001303738922e-09	-0.030196598	-0.12734099	-0.9388467	0	0	0.4	5.052192e-18
3.510020197798851e-09	-0.01870337	-0.15457894	-0.93639225	0	0	0.4	4.2240135e-18
3.5200027839635648e-09	-0.018573686	-0.1776347	-0.9388817	0	0	0.4	3.8484868e-18
3.530052673274825e-09	-0.032668505	-0.17136823	-0.93813246	0	0	0.4	4.8783626e-18
3.54001964182874e-09	-0.03204757	-0.15403403	-0.9426501	0	0	0.4	4.2160014e-18
3.5500027797499366e-09	-0.027826535	-0.13770874	-0.9403701	0	0	0.4	4.4714973e-18
3.560053747401544e-09	-0.030598385	-0.15148999	-0.9397203	0	0	0.4	4.2548777e-18
3.570000062625535e-09	-0.018938957	-0.14725815	-0.93730474	0	0	0.4	4.1014895e-18
3.5800476922466164e-09	-0.01941924	-0.14395031	-0.9356251	0	0	0.4	5.4752437e-18
3.590059861987892e-09	-0.0029904407	-0.15181555	-0.93635654	0	0	0.4	5.4048287e-18
3.600047140585238e-09	-0.002420087	-0.16259448	-0.9379862	0	0	0.4	3.4429662e-18
3.6100196262489586e-09	-0.008628126	-0.15877827	-0.9353688	0	0	0.4	4.8496214e-18
3.6200394789210637e-09	-0.01012905	-0.15833026	-0.9341652	0	0	0.4	4.3989084e-18
3.630049319335612e-09	-0.019947028	-0.15120229	-0.9378164	0	0	0.4	4.512308e-18
3.64002659572429e-09	-0.03282875	-0.13681813	-0.9370902	0	0	0.4	5.028943e-18
3.6500137741609165e-09	-0.016898885	-0.12634279	-0.93850565	0	0	0.4	3.757528e-18
3.6600151270919034e-09	0.0023642397	-0.13059716	-0.9362398	0	0	0.4	4.6588963e-18
3.670007238707171e-09	0.011487814	-0.13297242	-0.94071496	0	0	0.4	4.5081732e-18
3.680014873510381e-09	-0.0063970075	-0.12933235	-0.93923163	0	0	0.4	4.421896e-18
3.6900062744280966e-09	-0.004341069	-0.11829878	-0.94338447	0	0	0.4	4.3903744e-18
3.7000051997482815e-09	-0.0090854205	-0.10573623	-0.94613886	0	0	0.4	4.3827296e-18
3.7100620942655143e-09	-0.03128413	-0.10659048	-0.93918085	0	0	0.4	3.6225105e-18
3.7200610453127372e-09	-0.021173699	-0.10924714	-0.9416904	0	0	0.4	4.402435e-18
3.730035434486596e-09	-0.012120322	-0.10193819	-0.94164395	0	0	0.4	5.410896e-18
3.740023268854724e-09	-0.01465163	-0.112882614	-0.94202775	0	0	0.4	5.2936867e-18
3.750000357469659e-09	-0.01938477	-0.12326457	-0.9387659	0	0	0.4	4.8165486e-18
3.760036060518888e-09	-0.0216464	-0.11090739	-0.93995315	0	0	0.4	4.5289673e-18
3.7700315983343736e-09	-0.021603415	-0.10868625	-0.93785447	0	0	0.4	5.026417e-18
3.78005209858178e-09	-0.0070159095	-0.11096389	-0.93842095	0	0	0.4	5.042731e-18
3.790052421199039e-09	-0.013619253	-0.115985684	-0.93634385	0	0	0.4	4.7097637e-18
3.800040179795249e-09	-0.00036633073	-0.10605819	-0.9355416	0	0	0.4	5.0469697e-18
3.810007381167697e-09	0.007670097	-0.09134644	-0.9344415	0	0	0.4	4.1844164e-18
3.820037668948446e-09	0.013444928	-0.07383639	-0.93298286	0	0	0.4	5.1455345e-18
3.830014597829333e-09	0.023207683	-0.065781265	-0.93661827	0	0	0.4	4.8698964e-18
3.840002099522058e-09	-0.0032493374	-0.059172004	-0.9406808	0	0	0.4	5.0920163e-18
3.850025071117282e-09	0.0147686945	-0.07652051	-0.94170403	0	0	0.4	3.5280515e-18
3.860048924596321e-09	-0.003015227	-0.088546775	-0.9436839	0	0	0.4	4.2873123e-18
3.870007258025305e-09	-0.01531469	-0.10017248	-0.9405483	0	0	0.4	4.142195e-18
3.88001320893202e-09	-0.022320323	-0.10388122	-0.9416355	0	0	0.4	4.9504774e-18
3.890042484008989e-09	-0.029564986	-0.103488594	-0.944013	0	0	0.4	4.7817003e-18
3.900033795419478e-09	-0.024095718	-0.097859986	-0.9414354	0	0	0.4	4.1481044e-18
3.9100162310003605e-09	-0.01545651	-0.08382964	-0.94470024	0	0	0.4	3.0798465e-18
3.9200392174192026e-09	0.0013106351	-0.082717255	-0.9473882	0	0	0.4	5.5207837e-18
3.930037647673782e-09	0.0020549216	-0.10096283	-0.946228	0	0	0.4	5.0976337e-18
3.940011492032508e-09	0.0051739416	-0.115725	-0.94423586	0	0	0.4	5.316639e-18
3.950053470236529e-09	-0.006387828	-0.1361027	-0.94254774	0	0	0.4	4.619107e-18
3.960041746923401e-09	-0.02107973	-0.13136244	-0.9459785	0	0	0.4	5.4418256e-18
3.9700485564366264e-09	-0.029197495	-0.12190091	-0.9473779	0	0	0.4	5.683525e-18
3.980062000070513e-09	-0.03583759	-0.11386825	-0.9441909	0	0	0.4	4.2365143e-18
3.9900241412718035e-09	-0.034987986	-0.107811004	-0.94668055	0	0	0.4	4.9267258e-18
4.000027164834744e-09	-0.02400526	-0.10212114	-0.94544417	0	0	0.4	5.2081115e-18
4.010063441976247e-09	-0.009630501	-0.1061469	-0.9414528	0	0	0.4	4.2056336e-18
4.020008172139045e-09	0.0076652723	-0.104496315	-0.937273	0	0	0.4	4.3422722e-18
4.030053120699822e-09	0.00636253	-0.12894323	-0.9303038	0	0	0.4	5.5644444e-18
4.040044967390995e-09	0.0012351468	-0.15269276	-0.92972517	0	0	0.4	4.089242e-18
4.05001610612115e-09	-0.0004776123	-0.17143197	-0.93459684	0	0	0.4	4.580907e-18
4.0600225659013224e-09	-0.03293399	-0.17090698	-0.9347992	0	0	0.4	4.532621e-18
4.070012872716875e-09	-0.040744103	-0.17392522	-0.9374061	0	0	0.4	5.250588e-18
4.080020248340928e-09	-0.0516286	-0.1600258	-0.9345226	0	0	0.4	3.883047e-18
4.0900511273947564e-09	-0.053105973	-0.14865203	-0.9318151	0	0	0.4	4.8293575e-18
4.100064010568575e-09	-0.038518704	-0.15183415	-0.9282748	0	0	0.4	4.9947022e-18
4.1100462536550836e-09	-0.026284592	-0.15896405	-0.926096	0	0	0.4	4.8629655e-18
4.12001109369859e-09	-0.005722393	-0.16609542	-0.92665815	0	0	0.4	4.6971484e-18
4.130043589257105e-09	0.014425871	-0.16379938	-0.9261828	0	0	0.4	4.2314606e-18
4.1400282661071406e-09	0.034780327	-0.15444829	-0.9249304	0	0	0.4	4.9376226e-18
4.150062093726283e-09	0.03385718	-0.15185376	-0.9286248	0	0	0.4	3.5718234e-18
4.160026135845139e-09	0.024959031	-0.14558592	-0.925884	0	0	0.4	5.3252056e-18
4.170032562749612e-09	0.026249865	-0.14926536	-0.9267268	0	0	0.4	5.3244177e-18
4.1800056938146505e-09	0.016864434	-0.15255012	-0.92185515	0	0	0.4	5.0704827e-18
4.190020211676667e-09	0.006811903	-0.1252202	-0.9198643	0	0	0.4	5.725403e-18
4.200004979599878e-09	0.022067117	-0.10505463	-0.928778	0	0	0.4	4.0932623e-18
4.21001652318934e-09	0.030110653	-0.08892515	-0.93276536	0	0	0.4	3.8817762e-18
4.22005500158719e-09	0.040589742	-0.07440148	-0.92759514	0	0	0.4	5.063844e-18
4.230047383964468e-09	0.057916198	-0.077646464	-0.93001115	0	0	0.4	4.0441944e-18
4.240053633760563e-09	0.07982282	-0.09268468	-0.9318957	0	0	0.4	4.1199004e-18
4.25000874459071e-09	0.08634045	-0.108577274	-0.9310886	0	0	0.4	4.816592e-18
4.2600502034869816e-09	0.08884688	-0.1227719	-0.9270112	0	0	0.4	5.013945e-18
4.270027130691632e-09	0.052892074	-0.12449161	-0.92702925	0	0	0.4	4.5246093e-18
4.280050941505579e-09	0.027152067	-0.12611362	-0.9214542	0	0	0.4	5.1123013e-18
4.2900467988017394e-09	0.011960553	-0.10961709	-0.9188498	0	0	0.4	5.890103e-18
4.300011624239731e-09	-0.003405874	-0.08859322	-0.92213523	0	0	0.4	5.1812575e-18
4.310063716884993e-09	0.010978972	-0.07221376	-0.9247081	0	0	0.4	4.4556013e-18
4.3200654470638845e-09	0.036906857	-0.06479633	-0.92419416	0	0	0.4	4.177772e-18
4.330004903792719e-09	0.062041502	-0.06699766	-0.920399	0	0	0.4	4.581974e-18
4.340056487493095e-09	0.06873876	-0.08463069	-0.9205185	0	0	0.4	5.5663974e-18
4.350027041607499e-09	0.06272769	-0.08722856	-0.92449695	0	0	0.4	5.4246418e-18
4.360048286086354e-09	0.04741402	-0.10163323	-0.92539835	0	0	0.4	4.8522857e-18
4.370039401573044e-09	0.031178348	-0.09943843	-0.925263	0	0	0.4	5.1182913e-18
4.380054919335056e-09	0.025348756	-0.11663197	-0.92341787	0	0	0.4	5.833353e-18
4.390060656310219e-09	0.015061692	-0.101541996	-0.9226397	0	0	0.4	4.2319056e-18
4.400013306504015e-09	0.021581553	-0.09058862	-0.9200532	0	0	0.4	4.7272772e-18
4.410038807364145e-09	0.025592616	-0.09938279	-0.92414224	0	0	0.4	3.9258674e-18
4.420038589062875e-09	0.04309727	-0.10147083	-0.92648685	0	0	0.4	4.62806e-18
4.430032571815529e-09	0.057939257	-0.11815964	-0.9254567	0	0	0.4	5.8859447e-18
4.440043375773729e-09	0.042920418	-0.13643046	-0.92816144	0	0	0.4	4.0675746e-18
4.450005694467828e-09	0.026574306	-0.14231752	-0.93156093	0	0	0.4	5.6535173e-18
4.46006235553108e-09	0.016424855	-0.13475949	-0.93669325	0	0	0.4	4.7645616e-18
4.470018232356185e-09	-0.0027994134	-0.124805674	-0.9325739	0	0	0.4	4.9479314e-18
4.480055858084562e-09	-0.003534486	-0.11744318	-0.93449914	0	0	0.4	4.2419125e-18
4.490037580081432e-09	-0.003108064	-0.10442441	-0.93458265	0	0	0.4	5.1695595e-18
4.5000535806456275e-09	-0.009389349	-0.09128114	-0.93392485	0	0	0.4	4.1845893e-18
4.510044842805585e-09	0.009855285	-0.09905665	-0.9338666	0	0	0.4	5.044128e-18
4.52006080881e-09	0.024342673	-0.10010125	-0.9384346	0	0	0.4	5.358834e-18
4.530053038048624e-09	0.021390582	-0.07720041	-0.9430345	0	0	0.4	4.0864033e-18
4.540035759373506e-09	0.039772585	-0.08881076	-0.9421421	0	0	0.4	4.8888785e-18
4.550063598355844e-09	0.049540542	-0.07821872	-0.9439255	0	0	0.4	3.881294e-18
4.5600019325097025e-09	0.049132135	-0.07550269	-0.94494545	0	0	0.4	5.0498864e-18
4.570010652635386e-09	0.051676888	-0.0621416	-0.94566065	0	0	0.4	4.597366e-18
4.5800139022864254e-09	0.047587372	-0.05706942	-0.9507523	0	0	0.4	4.435834e-18
4.5900492340307845e-09	0.04713625	-0.061053883	-0.95103604	0	0	0.4	4.036981e-18
4.60002051639133e-09	0.049008314	-0.040000904	-0.9507323	0	0	0.4	4.191254e-18
4.610038656899189e-09	0.04418497	-0.04954346	-0.95091915	0	0	0.4	4.5437776e-18
4.620027471343725e-09	0.032597337	-0.05722651	-0.9526938	0	0	0.4	4.9006237e-18
4.630018401020192e-09	0.018651774	-0.047977787	-0.95343167	0	0	0.4	4.4543784e-18
4.640034214560324e-09	-0.001331172	-0.06335967	-0.9553634	0	0	0.4	4.1801117e-18
4.650042564054921e-09	-0.00783974	-0.057613578	-0.9539704	0	0	0.4	4.2418657e-18
4.660058237390755e-09	-0.016582973	-0.05041351	-0.9536933	0	0	0.4	3.943563e-18
4.670044875815581e-09	-0.017934762	-0.066029936	-0.9522896	0	0	0.4	4.9294116e-18
4.680057318125553e-09	-0.018762572	-0.061852306	-0.95194006	0	0	0.4	3.732122e-18
4.6900529451092695e-09	-0.013700769	-0.05564257	-0.9517616	0	0	0.4	5.0270934e-18
4.7000164777495126e-09	-0.011019026	-0.062098213	-0.95019454	0	0	0.4	4.542541e-18
4.710023641820882e-09	-0.019113768	-0.05057739	-0.95162755	0	0	0.4	3.934619e-18
4.720032323281413e-09	-0.008008156	-0.045026973	-0.9523119	0	0	0.4	5.0146638e-18
4.73001603205964e-09	0.0031095261	-0.07064951	-0.9476615	0	0	0.4	4.8900354e-18
4.740041870633188e-09	-0.010931821	-0.07226575	-0.94255286	0	0	0.4	4.702347e-18
4.750024992986451e-09	0.015363162	-0.056967776	-0.9443065	0	0	0.4	4.443205e-18
4.7600354420793914e-09	0.025343098	-0.08566749	-0.9445927	0	0	0.4	4.305372e-18
4.770037239050434e-09	0.006299221	-0.10071685	-0.94366217	0	0	0.4	4.7737735e-18
4.780031482703014e-09	-0.0071914173	-0.10047718	-0.9417186	0	0	0.4	5.1257186e-18
4.790011604911945e-09	-0.004447254	-0.10648827	-0.9410011	0	0	0.4	4.7178904e-18
4.800004179729453e-09	-0.0086067235	-0.08956056	-0.94497013	0	0	0.4	4.597453e-18
4.810052585566804e-09	-0.033717602	-0.095505886	-0.94124556	0	0	0.4	4.4121913e-18
4.8200006243321915e-09	-0.025844716	-0.10278232	-0.93519855	0	0	0.4	4.047017e-18
4.830015484199292e-09	-0.026700992	-0.103181615	-0.9395124	0	0	0.4	5.8205763e-18
4.840019334414286e-09	-0.026916848	-0.10243084	-0.94068956	0	0	0.4	5.2524803e-18
4.850025474550178e-09	-0.02957984	-0.114021584	-0.94120204	0	0	0.4	5.2589343e-18
4.8600121150829295e-09	-0.025634585	-0.12192813	-0.9380179	0	0	0.4	4.9604326e-18
4.870049505494501e-09	-0.03677086	-0.11200053	-0.9383763	0	0	0.4	4.389844e-18
4.880052283193289e-09	-0.031298943	-0.098201714	-0.93576425	0	0	0.4	4.209363e-18
4.890008305319484e-09	-0.030121526	-0.099180974	-0.9305698	0	0	0.4	4.8884658e-18
4.9000039790370815e-09	-0.027361723	-0.09347491	-0.9318572	0	0	0.4	5.3166753e-18
4.910024953358015e-09	-0.016058685	-0.08193573	-0.9371077	0	0	0.4	4.898322e-18
4.920028539259298e-09	-0.013679568	-0.08659312	-0.93799645	0	0	0.4	5.0185867e-18
4.930039014569269e-09	-0.03223765	-0.091143884	-0.9368759	0	0	0.4	5.2050907e-18
4.940058761895306e-09	-0.032282237	-0.1035556	-0.93095505	0	0	0.4	4.666682e-18
4.950019775581575e-09	-0.019271422	-0.11175052	-0.92739993	0	0	0.4	4.6762997e-18
4.9600188076925006e-09	-0.03283171	-0.10414798	-0.9305434	0	0	0.4	5.6792773e-18
4.970014429084519e-09	-0.023785872	-0.11372151	-0.93555254	0	0	0.4	5.306265e-18
4.980049522462306e-09	-0.03025194	-0.10459237	-0.934556	0	0	0.4	4.4748726e-18
4.990013170411222e-09	-0.059994236	-0.08801291	-0.93521005	0	0	0.4	4.7994616e-18
5.000033543118275e-09	-0.07439393	-0.07284211	-0.9326952	0	0	0.4	5.206535e-18
5.010015651417042e-09	-0.07914518	-0.08936706	-0.9357288	0	0	0.4	4.9362967e-18
5.020013819838679e-09	-0.082500026	-0.104614414	-0.9349514	0	0	0.4	4.7031777e-18
5.030066491062502e-09	-0.08012042	-0.11697409	-0.93441767	0	0	0.4	4.2798676e-18
5.040025535334078e-09	-0.09023049	-0.10427705	-0.93526363	0	0	0.4	4.4342456e-18
5.0500349292776956e-09	-0.0876196	-0.10740083	-0.9348642	0	0	0.4	3.7487155e-18
5.0600050298953614e-09	-0.09041867	-0.094520286	-0.9356344	0	0	0.4	5.173574e-18
5.0700633030285105e-09	-0.084137246	-0.09259991	-0.93342966	0	0	0.4	5.875635e-18
5.0800043242601e-09	-0.088697694	-0.09196723	-0.9329529	0	0	0.4	5.3461217e-18
5.090037340024478e-09	-0.09046256	-0.097775504	-0.93590015	0	0	0.4	4.762086e-18
5.100026852576505e-09	-0.084166914	-0.09008445	-0.9349765	0	0	0.4	4.5141885e-18
5.110013562114239e-09	-0.089045554	-0.10140824	-0.9343208	0	0	0.4	3.6049594e-18
5.120059929142756e-09	-0.11657613	-0.10105599	-0.934259	0	0	0.4	3.767332e-18
5.1300121373850515e-09	-0.11807907	-0.09594967	-0.9362366	0	0	0.4	4.4016555e-18
5.140053289712188e-09	-0.12611732	-0.09640383	-0.935404	0	0	0.4	4.223927e-18
5.150019994431799e-09	-0.12955593	-0.10726372	-0.9357999	0	0	0.4	4.631347e-18
5.1600103181157024e-09	-0.14046584	-0.10009048	-0.93337935	0	0	0.4	4.992711e-18
5.1700098702441155e-09	-0.13240844	-0.095034935	-0.9329183	0	0	0.4	4.207967e-18
5.180040498909725e-09	-0.1351165	-0.08876755	-0.93470263	0	0	0.4	5.6954127e-18
5.19001419847276e-09	-0.11854863	-0.08779327	-0.9396887	0	0	0.4	4.4836812e-18
5.200059432564046e-09	-0.107175395	-0.11012022	-0.9371759	0	0	0.4	4.3171367e-18
5.210059776969405e-09	-0.11939791	-0.10579958	-0.9367316	0	0	0.4	3.4729224e-18
5.220021016249819e-09	-0.113293745	-0.09670967	-0.93366504	0	0	0.4	5.5397497e-18
5.2300584623752315e-09	-0.11942679	-0.10848178	-0.93275714	0	0	0.4	4.7499933e-18
5.240036618703223e-09	-0.12408945	-0.12315943	-0.93268543	0	0	0.4	4.298783e-18
5.250044092689097e-09	-0.11466192	-0.10909279	-0.93996865	0	0	0.4	5.207335e-18
5.260053820655578e-09	-0.10226239	-0.09306622	-0.9447883	0	0	0.4	4.5064593e-18
5.270050559421478e-09	-0.09793027	-0.085139975	-0.9484958	0	0	0.4	4.4582942e-18
5.2800252099542035e-09	-0.103225134	-0.08784545	-0.9461533	0	0	0.4	2.8302338e-18
5.290042996337388e-09	-0.10054805	-0.097697146	-0.94688225	0	0	0.4	4.629286e-18
5.300053661415736e-09	-0.12431559	-0.09326355	-0.9412399	0	0	0.4	4.9258452e-18
5.3100624374419815e-09	-0.1288046	-0.088687465	-0.94054264	0	0	0.4	4.8382886e-18
5.320060290923875e-09	-0.13881482	-0.085090734	-0.9406648	0	0	0.4	4.952251e-18
5.330018326951263e-09	-0.15564427	-0.08354079	-0.9399688	0	0	0.4	5.0617903e-18
5.34003663942415e-09	-0.14716394	-0.08825109	-0.9392016	0	0	0.4	4.3077718e-18
5.350027481790857e-09	-0.1305109	-0.089106604	-0.94458073	0	0	0.4	4.874097e-18
5.3600497525595076e-09	-0.14974207	-0.06795321	-0.9371792	0	0	0.4	4.716067e-18
5.3700316223441605e-09	-0.14640205	-0.083678864	-0.9304111	0	0	0.4	4.4414206e-18
5.380038302312948e-09	-0.15288474	-0.09542706	-0.92594415	0	0	0.4	4.2778907e-18
5.390029157758109e-09	-0.15832993	-0.09430154	-0.92549944	0	0	0.4	4.2608963e-18
5.400044115093698e-09	-0.14403248	-0.093921624	-0.9249297	0	0	0.4	5.111466e-18
5.410031174266622e-09	-0.15262868	-0.11814031	-0.9212592	0	0	0.4	4.727581e-18
5.420006684432718e-09	-0.16047634	-0.130511	-0.9163519	0	0	0.4	4.73943e-18
5.4300559858647945e-09	-0.15505867	-0.1330298	-0.92016584	0	0	0.4	3.7784837e-18
5.4400039426190135e-09	-0.16784632	-0.1537171	-0.9175038	0	0	0.4	4.5106163e-18
5.45002472628368e-09	-0.1833761	-0.16518173	-0.9125382	0	0	0.4	5.193516e-18
5.460011400301144e-09	-0.18580541	-0.16473575	-0.91284746	0	0	0.4	4.7948926e-18
5.470054014364342e-09	-0.18909891	-0.14738071	-0.9161066	0	0	0.4	5.0502164e-18
5.480062561696962e-09	-0.17387585	-0.14123903	-0.9220356	0	0	0.4	5.0456706e-18
5.4900610476773665e-09	-0.19343904	-0.13449632	-0.9108844	0	0	0.4	5.3425966e-18
5.500055558224916e-09	-0.18464784	-0.12967697	-0.9101344	0	0	0.4	4.7523425e-18
5.510060249547945e-09	-0.15423165	-0.12109155	-0.91300297	0	0	0.4	5.3835743e-18
5.520036365827581e-09	-0.13754793	-0.12882222	-0.9207275	0	0	0.4	4.5761e-18
5.530029074277721e-09	-0.12669452	-0.14643225	-0.91895485	0	0	0.4	4.6285627e-18
5.5400216957382734e-09	-0.1548664	-0.16950324	-0.9105748	0	0	0.4	5.160038e-18
5.550050865697792e-09	-0.16935353	-0.16104656	-0.9107714	0	0	0.4	4.573203e-18
5.56005683241409e-09	-0.15829337	-0.16623278	-0.91350895	0	0	0.4	4.4154715e-18
5.570040287629434e-09	-0.18514498	-0.15656783	-0.90722835	0	0	0.4	4.3865123e-18
5.580023415552381e-09	-0.19236092	-0.15366246	-0.90765464	0	0	0.4	5.745267e-18
5.590029290449472e-09	-0.18724321	-0.15118882	-0.90998054	0	0	0.4	5.2951363e-18
5.600025544928654e-09	-0.17605196	-0.13802758	-0.90976304	0	0	0.4	5.019126e-18
5.610024543048489e-09	-0.16816919	-0.13383852	-0.9066894	0	0	0.4	4.5709326e-18
5.6200518865198404e-09	-0.13093625	-0.14161062	-0.90903986	0	0	0.4	4.748944e-18
5.630011143837717e-09	-0.11376904	-0.16003914	-0.9146763	0	0	0.4	5.015547e-18
5.640058155498629e-09	-0.106393956	-0.19545883	-0.90937346	0	0	0.4	4.765064e-18
5.65002535319532e-09	-0.090519205	-0.19510451	-0.91600734	0	0	0.4	4.1409857e-18
5.660025198164634e-09	-0.07836748	-0.21688546	-0.918206	0	0	0.4	4.5991263e-18
5.670018159439198e-09	-0.095088094	-0.20661198	-0.92042476	0	0	0.4	4.5301134e-18
5.680054876503546e-09	-0.09902154	-0.20884264	-0.9192726	0	0	0.4	5.67847e-18
5.690012622074555e-09	-0.08773153	-0.202018	-0.92576504	0	0	0.4	3.663511e-18
5.700018090409414e-09	-0.09551754	-0.20079497	-0.9232918	0	0	0.4	4.5745412e-18
5.7100340947999105e-09	-0.08838915	-0.19890665	-0.9212552	0	0	0.4	4.7938243e-18
5.7200536414611525e-09	-0.08570617	-0.21260814	-0.9128177	0	0	0.4	4.8019485e-18
5.73000707216886e-09	-0.08709792	-0.21219714	-0.9122161	0	0	0.4	3.8640506e-18
5.740047046625601e-09	-0.09380031	-0.22340487	-0.91144294	0	0	0.4	4.9613247e-18
5.750014348692976e-09	-0.085648976	-0.22738427	-0.91603523	0	0	0.4	4.637074e-18
5.760007871337175e-09	-0.10058775	-0.24029954	-0.91481775	0	0	0.4	4.2805075e-18
5.7700406802299725e-09	-0.11728409	-0.255791	-0.9095818	0	0	0.4	4.7366856e-18
5.780051256000166e-09	-0.13463444	-0.2585315	-0.90655845	0	0	0.4	4.540313e-18
5.790031556887768e-09	-0.13114695	-0.25972313	-0.90435106	0	0	0.4	4.592876e-18
5.800042449915637e-09	-0.13829121	-0.24844877	-0.90433896	0	0	0.4	5.964508e-18
5.810012492503017e-09	-0.1220037	-0.24822734	-0.90433204	0	0	0.4	3.8546013e-18
5.820032893509185e-09	-0.09554029	-0.24086793	-0.9059799	0	0	0.4	4.6939067e-18
5.8300486048946664e-09	-0.06910465	-0.2300919	-0.9076806	0	0	0.4	4.9569795e-18
5.840003214500221e-09	-0.03866849	-0.23492764	-0.904866	0	0	0.4	4.7961557e-18
5.850051172906125e-09	-0.012028873	-0.23732647	-0.9060619	0	0	0.4	4.6215143e-18
5.860011214948757e-09	-0.0061245714	-0.25544715	-0.90177685	0	0	0.4	3.8492035e-18
5.870058519162992e-09	-0.027095696	-0.2569069	-0.90833	0	0	0.4	4.8600294e-18
5.88000214815434e-09	-0.03424683	-0.23856363	-0.919541	0	0	0.4	4.624949e-18
5.890006233828548e-09	-0.04930967	-0.25155988	-0.9129694	0	0	0.4	4.970973e-18
5.900021243381059e-09	-0.05473454	-0.25710717	-0.91088253	0	0	0.4	4.4468018e-18
5.910035973536595e-09	-0.070215106	-0.26133716	-0.90500706	0	0	0.4	4.872347e-18
5.92001896485934e-09	-0.08541108	-0.2476235	-0.90850246	0	0	0.4	4.7963253e-18
5.930029728627097e-09	-0.070204675	-0.2318702	-0.91105026	0	0	0.4	4.5456846e-18
5.940016559338767e-09	-0.057915203	-0.20454492	-0.9198372	0	0	0.4	5.3237836e-18
5.9500084874744454e-09	-0.04285033	-0.2123875	-0.92128915	0	0	0.4	3.901773e-18
5.960057028915509e-09	-0.038091835	-0.22441581	-0.92252415	0	0	0.4	3.6566524e-18
5.970014294590618e-09	-0.042890202	-0.23625386	-0.9173898	0	0	0.4	5.0994924e-18
5.980037292198214e-09	-0.04350234	-0.24185613	-0.91869026	0	0	0.4	4.343795e-18
5.990000429095971e-09	-0.046410542	-0.24455823	-0.9197552	0	0	0.4	4.917936e-18
6.0000027428512e-09	-0.074276395	-0.24382594	-0.92033905	0	0	0.4	5.2158854e-18
6.010022324962636e-09	-0.08368713	-0.24100816	-0.9178326	0	0	0.4	4.7836517e-18
6.02000535894017e-09	-0.09176867	-0.22559981	-0.91844547	0	0	0.4	3.936729e-18
6.030052268395174e-09	-0.088674225	-0.21881399	-0.91826653	0	0	0.4	5.558758e-18
6.040004122435149e-09	-0.088172875	-0.20582333	-0.9217103	0	0	0.4	5.342939e-18
6.050018353456272e-09	-0.08847342	-0.19873212	-0.9261948	0	0	0.4	4.9552693e-18
6.060056428093853e-09	-0.081858434	-0.20292269	-0.92683506	0	0	0.4	6.375487e-18
6.07004816621294e-09	-0.08813794	-0.20648569	-0.9283471	0	0	0.4	3.9671777e-18
6.080038437269978e-09	-0.104606956	-0.20989673	-0.9284722	0	0	0.4	3.6113287e-18
6.090021954530289e-09	-0.12159009	-0.20352459	-0.92630005	0	0	0.4	4.2796174e-18
6.100013581110867e-09	-0.123027705	-0.19296393	-0.9290585	0	0	0.4	5.111229e-18
6.110017270571566e-09	-0.12405834	-0.16784446	-0.9334568	0	0	0.4	4.413929e-18
6.120049967617545e-09	-0.13690235	-0.15475373	-0.92599714	0	0	0.4	5.08642e-18
6.130046493525361e-09	-0.143754	-0.15243101	-0.9158172	0	0	0.4	4.3212565e-18
6.1400075843378155e-09	-0.13147709	-0.16577499	-0.91835916	0	0	0.4	5.2875358e-18
6.15002776918563e-09	-0.1299669	-0.18927498	-0.91582453	0	0	0.4	5.014114e-18
6.160034081331646e-09	-0.10230298	-0.1958974	-0.91851294	0	0	0.4	4.4040833e-18
6.170017872165532e-09	-0.10421022	-0.2210944	-0.92037785	0	0	0.4	5.9525216e-18
6.1800477167265135e-09	-0.11220059	-0.22348244	-0.92226994	0	0	0.4	5.2979628e-18
6.190026173158859e-09	-0.12536709	-0.23332654	-0.92147917	0	0	0.4	5.5742188e-18
6.2000256408352375e-09	-0.122470595	-0.23839769	-0.9156138	0	0	0.4	4.5744846e-18
6.210022418774989e-09	-0.14370064	-0.20421927	-0.9209296	0	0	0.4	4.211791e-18
6.2200396650460545e-09	-0.12745562	-0.19879004	-0.92143595	0	0	0.4	4.3209777e-18
6.230024488367597e-09	-0.11565925	-0.20459488	-0.9218482	0	0	0.4	3.344367e-18
6.240030395520095e-09	-0.11103971	-0.19279104	-0.9243997	0	0	0.4	3.5235967e-18
6.2500602626440735e-09	-0.09733236	-0.18924856	-0.9224074	0	0	0.4	4.674502e-18
6.260004208760297e-09	-0.08272505	-0.20539318	-0.9215832	0	0	0.4	5.3160156e-18
6.2700151785747085e-09	-0.09334856	-0.20237756	-0.9276143	0	0	0.4	4.788498e-18
6.280011332503232e-09	-0.092009164	-0.19359633	-0.9309859	0	0	0.4	4.4847743e-18
6.290056011521124e-09	-0.093754716	-0.19957793	-0.9295081	0	0	0.4	4.604024e-18
6.300056522574228e-09	-0.100051336	-0.20303562	-0.93049306	0	0	0.4	4.2415303e-18
6.310050183891233e-09	-0.10699459	-0.20344032	-0.9260467	0	0	0.4	4.962595e-18
6.320004439245764e-09	-0.123087145	-0.20363875	-0.92400855	0	0	0.4	4.612576e-18
6.330042575833746e-09	-0.13355912	-0.21201262	-0.9229144	0	0	0.4	5.881215e-18
6.340000028927179e-09	-0.13802385	-0.20511262	-0.92500705	0	0	0.4	4.9440995e-18
6.35005632434175e-09	-0.14293784	-0.2098765	-0.92190665	0	0	0.4	3.811562e-18
6.360008892562855e-09	-0.15615372	-0.21721037	-0.91908556	0	0	0.4	3.989408e-18
6.370002181557844e-09	-0.15982826	-0.22172196	-0.9128323	0	0	0.4	5.066841e-18
6.3800004762367215e-09	-0.13603665	-0.22060795	-0.9172695	0	0	0.4	5.0553094e-18
6.390002725305467e-09	-0.12417549	-0.2125556	-0.9222675	0	0	0.4	4.387277e-18
6.40001005784564e-09	-0.11465743	-0.19540721	-0.9273451	0	0	0.4	5.3358274e-18
6.410044762316467e-09	-0.12107665	-0.18483298	-0.9268931	0	0	0.4	5.1480115e-18
6.4200102780493725e-09	-0.12710632	-0.18346813	-0.9224237	0	0	0.4	4.932264e-18
6.430017585474433e-09	-0.12835084	-0.18599091	-0.92208564	0	0	0.4	4.4581627e-18
6.440039380385153e-09	-0.10364865	-0.20778815	-0.91616803	0	0	0.4	5.0047488e-18
6.450046450334574e-09	-0.09118829	-0.2141361	-0.9170801	0	0	0.4	4.884071e-18
6.460003338960678e-09	-0.07692093	-0.22096866	-0.9158112	0	0	0.4	5.662229e-18
6.470040532142751e-09	-0.089239985	-0.23257221	-0.9108936	0	0	0.4	5.1331437e-18
6.4800199555444706e-09	-0.08479946	-0.24678601	-0.9061702	0	0	0.4	4.7494184e-18
6.490049569559927e-09	-0.09089635	-0.26547015	-0.8968089	0	0	0.4	5.2213146e-18
6.500030905007649e-09	-0.08984748	-0.2695087	-0.8982764	0	0	0.4	5.3290706e-18
6.510043415952426e-09	-0.0840179	-0.26247567	-0.9025796	0	0	0.4	4.470718e-18
6.520023640844103e-09	-0.09253274	-0.25933665	-0.90349704	0	0	0.4	5.4751854e-18
6.5300425596361784e-09	-0.05536599	-0.25729048	-0.8993479	0	0	0.4	5.380175e-18
6.5400210268138464e-09	-0.037990045	-0.2749653	-0.89079684	0	0	0.4	5.4008674e-18
6.5500197701418814e-09	-0.0035801942	-0.3027879	-0.88786685	0	0	0.4	4.9081535e-18
6.560028733587855e-09	0.011982935	-0.29365253	-0.8976495	0	0	0.4	4.3601985e-18
6.5700066796802974e-09	0.025195105	-0.29375684	-0.9012664	0	0	0.4	5.562408e-18
6.580062234552714e-09	0.02103767	-0.29668495	-0.89952195	0	0	0.4	4.4123377e-18
6.590034337768733e-09	0.007428127	-0.28765982	-0.9059101	0	0	0.4	4.420246e-18
6.600041575285994e-09	0.02399332	-0.27523792	-0.91155076	0	0	0.4	4.513844e-18
6.610037106419875e-09	0.038172238	-0.2622773	-0.9076254	0	0	0.4	4.082546e-18
6.62001235849435e-09	0.040073235	-0.26088163	-0.9072278	0	0	0.4	5.0203936e-18
6.630033472704482e-09	0.04994006	-0.26685002	-0.90975934	0	0	0.4	4.4639645e-18
6.640031527727413e-09	0.064697474	-0.26027635	-0.907617	0	0	0.4	4.7089262e-18
6.650035389918988e-09	0.06719142	-0.24295928	-0.9119257	0	0	0.4	4.6042105e-18
6.660000410241911e-09	0.06993482	-0.2644627	-0.9103837	0	0	0.4	4.277838e-18
6.670036993302371e-09	0.06822452	-0.2539414	-0.9099446	0	0	0.4	4.1402387e-18
6.680026758929505e-09	0.09281821	-0.23185638	-0.9188431	0	0	0.4	4.589001e-18
6.6900223068147344e-09	0.09100402	-0.24501568	-0.91552705	0	0	0.4	5.9397933e-18
6.700034608473399e-09	0.09214234	-0.25019145	-0.91326725	0	0	0.4	4.6215218e-18
6.710006050207958e-09	0.086673185	-0.23695783	-0.91415083	0	0	0.4	4.5302168e-18
6.720003076538308e-09	0.085595325	-0.245321	-0.9137918	0	0	0.4	4.4858985e-18
6.730050757852501e-09	0.08034493	-0.21987115	-0.9144535	0	0	0.4	3.5213695e-18
6.740024008005195e-09	0.10284755	-0.20287289	-0.9134554	0	0	0.4	4.494621e-18
6.750054143817176e-09	0.12419075	-0.20472106	-0.9169067	0	0	0.4	4.8773017e-18
6.760051693304459e-09	0.14741553	-0.1943276	-0.9162353	0	0	0.4	4.519216e-18
6.770041708052595e-09	0.16574602	-0.1830705	-0.9146715	0	0	0.4	5.0036734e-18
6.780006985697028e-09	0.17538977	-0.18747264	-0.9160713	0	0	0.4	4.5502933e-18
6.79005111535177e-09	0.1712532	-0.19507557	-0.91793793	0	0	0.4	5.453387e-18
6.800016067286878e-09	0.16462678	-0.20977983	-0.9183436	0	0	0.4	4.8802986e-18
6.8100563119405135e-09	0.14990413	-0.22316599	-0.91366726	0	0	0.4	3.7997286e-18
6.820031121666039e-09	0.143512	-0.1956773	-0.9166896	0	0	0.4	4.780167e-18
6.830056273304258e-09	0.1445998	-0.18155535	-0.9135684	0	0	0.4	5.3405134e-18
6.840058922086964e-09	0.16558544	-0.16050859	-0.9143196	0	0	0.4	4.8388163e-18
6.850030433863379e-09	0.1960362	-0.14982611	-0.91107184	0	0	0.4	4.520062e-18
6.860007487809106e-09	0.19991337	-0.13721718	-0.91312313	0	0	0.4	4.9016713e-18
6.870005832641932e-09	0.2134945	-0.12956889	-0.91057765	0	0	0.4	4.8524197e-18
6.880007481575646e-09	0.21545297	-0.14832638	-0.90813285	0	0	0.4	4.384297e-18
6.890004851676458e-09	0.21425396	-0.15382609	-0.9081099	0	0	0.4	4.838632e-18
6.900054143557939e-09	0.19777502	-0.16042902	-0.9113954	0	0	0.4	4.491063e-18
6.910053035841328e-09	0.18431287	-0.16117059	-0.90673465	0	0	0.4	4.263309e-18
6.9200492713469e-09	0.16217336	-0.16245574	-0.9009814	0	0	0.4	4.8547243e-18
6.930001873607108e-09	0.17092888	-0.14813542	-0.88883454	0	0	0.4	4.1708576e-18
6.940049705702387e-09	0.16198649	-0.097874664	-0.8889536	0	0	0.4	4.9133155e-18
6.950003981540119e-09	0.17963268	-0.07232093	-0.8906068	0	0	0.4	4.1091272e-18
6.960063485106077e-09	0.21325672	-0.04175564	-0.88982886	0	0	0.4	4.284403e-18
6.970044659479295e-09	0.23779455	-0.026850829	-0.8872059	0	0	0.4	4.8590095e-18
6.980052192345766e-09	0.2584069	-0.026164424	-0.8874806	0	0	0.4	4.583874e-18
6.990057823270185e-09	0.28235292	-0.021598283	-0.8818368	0	0	0.4	5.0870565e-18
7.000059428803291e-09	0.27374044	-0.011264166	-0.8798802	0	0	0.4	5.5608106e-18
7.010038169220193e-09	0.27400714	0.0017976561	-0.8775603	0	0	0.4	4.9768897e-18
7.0200254964674954e-09	0.2707625	0.030999435	-0.8768987	0	0	0.4	4.745584e-18
7.030021686598064e-09	0.24289511	0.05480095	-0.8835193	0	0	0.4	3.6301433e-18
7.040057679032402e-09	0.24139014	0.092618294	-0.87514305	0	0	0.4	5.1586e-18
7.050007934349698e-09	0.23110841	0.11565242	-0.87203884	0	0	0.4	4.83588e-18
7.060022273708213e-09	0.18609737	0.15328154	-0.8791641	0	0	0.4	4.784662e-18
7.070046643428526e-09	0.17135814	0.18581188	-0.87615025	0	0	0.4	3.739905e-18
7.08004881119838e-09	0.13641432	0.22676618	-0.8765069	0	0	0.4	4.278722e-18
7.090066347565671e-09	0.12844995	0.23622346	-0.86771905	0	0	0.4	4.417149e-18
7.100044456749702e-09	0.09730874	0.25704163	-0.86827916	0	0	0.4	4.974389e-18
7.110054281410398e-09	0.10227096	0.24924906	-0.8664118	0	0	0.4	4.3313352e-18
7.120018852310434e-09	0.10241252	0.24343827	-0.8635323	0	0	0.4	4.1431566e-18
7.130052648895084e-09	0.08090015	0.2585748	-0.85435236	0	0	0.4	4.5528927e-18
7.140058712773453e-09	0.039702825	0.25143662	-0.85676837	0	0	0.4	4.7177808e-18
7.150046900704903e-09	0.0066427505	0.26164305	-0.85309154	0	0	0.4	4.6173106e-18
7.160015142396328e-09	-0.020592365	0.29187503	-0.84823775	0	0	0.4	4.3793212e-18
7.170032769221491e-09	-0.049674075	0.2984821	-0.8462234	0	0	0.4	4.5934105e-18
7.180041810108068e-09	-0.071936086	0.28692228	-0.8461338	0	0	0.4	4.9572525e-18
7.190002170886846e-09	-0.073494725	0.26117188	-0.86120945	0	0	0.4	4.7671155e-18
7.200005474066253e-09	-0.094208494	0.2547983	-0.8612541	0	0	0.4	4.1708035e-18
7.2100289543190655e-09	-0.109519735	0.26317132	-0.85724705	0	0	0.4	4.8630403e-18
7.220042308992306e-09	-0.12352228	0.2389434	-0.8624159	0	0	0.4	5.563374e-18
7.23002887851696e-09	-0.14112902	0.20469643	-0.8683413	0	0	0.4	4.412435e-18
7.240020055339255e-09	-0.15114108	0.17310551	-0.8708911	0	0	0.4	4.1502154e-18
7.2500242839841016e-09	-0.16310106	0.11632049	-0.87532467	0	0	0.4	3.734696e-18
7.260044503244124e-09	-0.1745305	0.06969345	-0.8709592	0	0	0.4	4.3028583e-18
7.27005109368732e-09	-0.18547992	0.020472607	-0.8665559	0	0	0.4	4.3343193e-18
7.280056915096035e-09	-0.17550741	-0.032649215	-0.8504341	0	0	0.4	4.6435843e-18
7.29003971050949e-09	-0.1447176	-0.084159195	-0.8423471	0	0	0.4	5.888493e-18
7.3000093044069235e-09	-0.10836799	-0.12562478	-0.8304517	0	0	0.4	5.352376e-18
7.310024374517475e-09	-0.019944966	-0.1708083	-0.82425964	0	0	0.4	4.5744932e-18
7.3200018411898955e-09	0.082036965	-0.2187883	-0.82690567	0	0	0.4	4.042525e-18
7.330064347723421e-09	0.154672	-0.24006484	-0.8216705	0	0	0.4	5.025619e-18
7.340024312037883e-09	0.2243888	-0.25266248	-0.8214484	0	0	0.4	4.8562053e-18
7.350035694954901e-09	0.2663578	-0.2195424	-0.82476914	0	0	0.4	5.489061e-18
7.3600292553066106e-09	0.30607715	-0.14344433	-0.828611	0	0	0.4	5.2093664e-18
7.3700211727311285e-09	0.32291213	-0.088490866	-0.83641493	0	0	0.4	5.588228e-18
7.380043093226149e-09	0.32951927	-0.049506698	-0.82259446	0	0	0.4	4.468687e-18
7.390033645367187e-09	0.32314026	0.0033870612	-0.8168723	0	0	0.4	4.5293288e-18
7.400009830061594e-09	0.30854723	0.07941136	-0.80856895	0	0	0.4	4.7271486e-18
7.410027229348291e-09	0.29508728	0.16189945	-0.80036604	0	0	0.4	4.772982e-18
7.420021742552681e-09	0.26421902	0.23581481	-0.78540844	0	0	0.4	4.5574467e-18
7.430018989814757e-09	0.21272683	0.2874799	-0.77731806	0	0	0.4	6.0280237e-18
7.440051001610685e-09	0.14922275	0.3583838	-0.7622994	0	0	0.4	4.672712e-18
7.450053016043281e-09	0.05835878	0.39040333	-0.75717247	0	0	0.4	4.7742793e-18
7.460015453595747e-09	-0.022642395	0.39869854	-0.755768	0	0	0.4	5.298217e-18
7.47002061233731e-09	-0.11814474	0.3767736	-0.7595311	0	0	0.4	4.908542e-18
7.480041650719691e-09	-0.21524163	0.3500355	-0.75691664	0	0	0.4	4.8998792e-18
7.490007092220087e-09	-0.2924391	0.27818957	-0.7711794	0	0	0.4	5.1648186e-18
7.500049703652213e-09	-0.3173694	0.17798984	-0.76278746	0	0	0.4	5.6338477e-18
7.510009890241906e-09	-0.30220678	0.07645005	-0.7537817	0	0	0.4	4.4358263e-18
7.520014530049642e-09	-0.25718015	-0.021581715	-0.74099493	0	0	0.4	4.1747797e-18
7.530030280801487e-09	-0.14784159	-0.08248897	-0.72852963	0	0	0.4	4.5359036e-18
7.540056438831408e-09	-0.030731747	-0.120960854	-0.7223586	0	0	0.4	4.6621835e-18
7.550050933466804e-09	0.09196167	-0.13167955	-0.71383095	0	0	0.4	4.0685904e-18
7.560046565068718e-09	0.22393934	-0.08047383	-0.7149566	0	0	0.4	4.9280935e-18
7.570001019608826e-09	0.31226006	0.0012496093	-0.70847225	0	0	0.4	5.5889447e-18
7.580007342811875e-09	0.346413	0.12587142	-0.700846	0	0	0.4	5.664962e-18
7.590022764655649e-09	0.28601056	0.26970887	-0.6885889	0	0	0.4	4.7156777e-18
7.600044257247462e-09	0.15732275	0.39215276	-0.66670495	0	0	0.4	4.39986e-18
7.610030300093809e-09	-0.0068394174	0.43660438	-0.6620566	0	0	0.4	3.6471493e-18
7.620047249285504e-09	-0.11438226	0.3785806	-0.6748799	0	0	0.4	4.6869997e-18
7.630020319464006e-09	-0.23645285	0.30065933	-0.6780752	0	0	0.4	4.1183036e-18
7.640036429898236e-09	-0.29626086	0.15092777	-0.6754155	0	0	0.4	6.2564e-18
7.650054947161109e-09	-0.2563939	-0.023026217	-0.6480161	0	0	0.4	3.6069264e-18
7.660019400235169e-09	-0.112172455	-0.11624095	-0.63984144	0	0	0.4	5.0171982e-18
7.670053927932517e-09	-0.016613737	-0.14940001	-0.634104	0	0	0.4	4.5588674e-18
7.680034291863323e-09	0.114656135	-0.19588876	-0.62710434	0	0	0.4	4.252811e-18
7.690003216260979e-09	0.27911443	-0.09000963	-0.62478286	0	0	0.4	4.6359213e-18
7.700038922392775e-09	0.34665552	0.08364673	-0.62006986	0	0	0.4	4.601959e-18
7.710047771089549e-09	0.30308658	0.22621636	-0.59762436	0	0	0.4	3.769336e-18
7.720061019550717e-09	0.1609702	0.3309051	-0.58215386	0	0	0.4	4.7466634e-18
7.730000744823073e-09	-0.0169869	0.32944125	-0.5788336	0	0	0.4	4.5759214e-18
7.740030375774232e-09	-0.12891954	0.22531109	-0.57426244	0	0	0.4	4.936463e-18
7.75004050689127e-09	-0.20221668	0.098464474	-0.56934774	0	0	0.4	4.7953137e-18
7.760012193556497e-09	-0.20966366	-0.07071879	-0.55556583	0	0	0.4	3.6035954e-18
7.770062684152081e-09	-0.11796897	-0.2131332	-0.54339075	0	0	0.4	4.5371957e-18
7.780024674192543e-09	0.029892415	-0.2953163	-0.53005666	0	0	0.4	4.154509e-18
7.79003079309316e-09	0.23285964	-0.29158232	-0.52138364	0	0	0.4	4.9850933e-18
7.800054577958469e-09	0.40233812	-0.15817362	-0.51672244	0	0	0.4	4.322722e-18
7.810059779380714e-09	0.46828887	0.056058	-0.50526696	0	0	0.4	3.1165514e-18
7.820041549714395e-09	0.3712	0.25039008	-0.49513954	0	0	0.4	4.856267e-18
7.830043616782916e-09	0.19982678	0.32658845	-0.48525468	0	0	0.4	3.3840331e-18
7.840062329511727e-09	0.004358611	0.32566765	-0.48151514	0	0	0.4	3.892128e-18
7.850056528058728e-09	-0.17737155	0.23251182	-0.48989356	0	0	0.4	4.5514406e-18
7.86006127896075e-09	-0.2738157	0.019418614	-0.48686963	0	0	0.4	3.66599e-18
7.870039977880171e-09	-0.2026139	-0.19149444	-0.47631773	0	0	0.4	3.320986e-18
7.880062748479671e-09	-0.062225036	-0.31487158	-0.4611609	0	0	0.4	4.056702e-18
7.890012622578299e-09	0.12205289	-0.364334	-0.44997624	0	0	0.4	4.2711984e-18
7.90004032746047e-09	0.33032992	-0.28010806	-0.44169885	0	0	0.4	3.9010454e-18
7.910022079329044e-09	0.4498586	-0.03861799	-0.4356374	0	0	0.4	2.880182e-18
7.920021361236982e-09	0.37319484	0.20137605	-0.40951726	0	0	0.4	3.1935696e-18
7.930045941957068e-09	0.13752572	0.3151706	-0.3846807	0	0	0.4	4.109889e-18
7.940053586728445e-09	-0.10176539	0.268589	-0.37098965	0	0	0.4	2.9996187e-18
7.950041565141876e-09	-0.25988668	0.18234043	-0.3634488	0	0	0.4	2.863623e-18
7.960019501603468e-09	-0.39477563	0.016747814	-0.3579467	0	0	0.4	3.626772e-18
7.970026003595534e-09	-0.36804762	-0.22999851	-0.349084	0	0	0.4	3.7901105e-18
7.98002647150001e-09	-0.14842954	-0.3930283	-0.33909848	0	0	0.4	3.545011e-18
7.99000581233912e-09	0.08526647	-0.3741559	-0.31985986	0	0	0.4	4.009857e-18
8.000039688802681e-09	0.27673113	-0.25792438	-0.307177	0	0	0.4	3.2857115e-18
8.010058267502478e-09	0.38581675	-0.03712026	-0.3060683	0	0	0.4	3.2970462e-18
8.020032572181766e-09	0.33634678	0.18702455	-0.290644	0	0	0.4	3.0153306e-18
8.030061021573015e-09	0.13297366	0.34781486	-0.2817207	0	0	0.4	3.019778e-18
8.040050199215823e-09	-0.105508946	0.37993765	-0.26667365	0	0	0.4	3.109275e-18
8.050053315605945e-09	-0.34640548	0.2279677	-0.26653108	0	0	0.4	3.544553e-18
8.060001755620914e-09	-0.42512587	-0.020506727	-0.26097083	0	0	0.4	2.3601448e-18
8.070022858333589e-09	-0.32490554	-0.25950152	-0.25162905	0	0	0.4	3.557945e-18
8.080002801981833e-09	-0.07366644	-0.3697159	-0.23926635	0	0	0.4	3.614036e-18
8.0900560470456e-09	0.1750237	-0.31807396	-0.2305532	0	0	0.4	3.4026046e-18
8.100006503202235e-09	0.32962453	-0.170138	-0.23168759	0	0	0.4	2.267052e-18
8.110003964319855e-09	0.38492003	0.071826614	-0.23156103	0	0	0.4	2.945269e-18
8.12005232474029e-09	0.23710331	0.3174223	-0.2164381	0	0	0.4	2.8273736e-18
8.130027422474748e-09	-0.04572905	0.39755467	-0.21130127	0	0	0.4	3.0129163e-18
8.140005348933529e-09	-0.26221412	0.29726303	-0.20727381	0	0	0.4	3.9673485e-18
8.150037124098457e-09	-0.40935257	0.12656642	-0.20766313	0	0	0.4	2.4574219e-18
8.160028982964671e-09	-0.42048132	-0.1523111	-0.20036891	0	0	0.4	3.2654537e-18
8.170015784979505e-09	-0.2034443	-0.33370528	-0.1846132	0	0	0.4	3.2451487e-18
8.18003772831188e-09	0.06834227	-0.33475074	-0.16595648	0	0	0.4	2.2229898e-18
8.190009799199465e-09	0.29371622	-0.22579703	-0.16603614	0	0	0.4	2.1308704e-18
8.200026597875328e-09	0.38884193	-0.012445413	-0.1592785	0	0	0.4	3.4695036e-18
8.210058993382358e-09	0.33401522	0.21664862	-0.15716678	0	0	0.4	3.718631e-18
8.220004799971677e-09	0.1404185	0.3918572	-0.1401887	0	0	0.4	3.0872192e-18
8.230013799836094e-09	-0.17813471	0.36840734	-0.13766178	0	0	0.4	3.2300443e-18
8.2400290582718e-09	-0.3487949	0.12675492	-0.12870896	0	0	0.4	2.859397e-18
8.250028785519451e-09	-0.33938757	-0.12404683	-0.123869136	0	0	0.4	3.980132e-18
8.260024300867329e-09	-0.23748979	-0.34873608	-0.10860653	0	0	0.4	3.4907746e-18
8.270003860453946e-09	0.038846847	-0.42824987	-0.10015078	0	0	0.4	2.4088447e-18
8.280006225891571e-09	0.32008135	-0.28499308	-0.085908376	0	0	0.4	2.8610604e-18
8.290026973442381e-09	0.40681413	-0.0032785386	-0.08565435	0	0	0.4	3.4047498e-18
8.30004362996776e-09	0.28526792	0.224805	-0.06954171	0	0	0.4	2.1903176e-18
8.310038100227745e-09	0.07484367	0.32966173	-0.061294444	0	0	0.4	2.4829658e-18
8.320009468615423e-09	-0.14204125	0.31505662	-0.049601793	0	0	0.4	1.9740363e-18
8.330034971907127e-09	-0.38198957	0.18895878	-0.04222381	0	0	0.4	2.3850554e-18
8.340004074575995e-09	-0.46046612	-0.10662523	-0.03198825	0	0	0.4	3.709902e-18
8.350035569345464e-09	-0.3142327	-0.37287438	-0.019460687	0	0	0.4	2.7766077e-18
8.360060937346091e-09	-0.0028814643	-0.46276808	-0.002218331	0	0	0.4	2.2208385e-18
8.370023049624546e-09	0.25247484	-0.32374087	0.0012997782	0	0	0.4	1.3259979e-18
8.380043224951086e-09	0.36104193	-0.09588925	0.014852984	0	0	0.4	2.1019226e-18
8.390008544560773e-09	0.30613562	0.10620491	0.009988268	0	0	0.4	3.3106756e-18
8.400017729399066e-09	0.15174077	0.27829984	0.02793095	0	0	0.4	2.1855286e-18
8.410054494392253e-09	-0.10963302	0.33549455	0.045388885	0	0	0.4	1.7360577e-18
8.420018929257558e-09	-0.3590533	0.22887696	0.07440661	0	0	0.4	1.9725135e-18
8.430011901698626e-09	-0.43592685	-0.03418882	0.072638184	0	0	0.4	2.5817895e-18
8.440007214160203e-09	-0.3004721	-0.2782613	0.08250799	0	0	0.4	1.8970277e-18
8.450055516800367e-09	-0.046389844	-0.36973962	0.10593324	0	0	0.4	2.632955e-18
8.460017941475437e-09	0.2365996	-0.26334697	0.12871702	0	0	0.4	1.6061055e-18
8.470041457071997e-09	0.36073175	-0.003446344	0.13241589	0	0	0.4	2.9500607e-18
8.480052073263956e-09	0.30501473	0.26291877	0.14104171	0	0	0.4	1.967036e-18
8.49001602277011e-09	0.104377754	0.43108067	0.15750742	0	0	0.4	1.7965327e-18
8.500063483962899e-09	-0.22372387	0.37653175	0.17566766	0	0	0.4	2.0385535e-18
8.510053338171065e-09	-0.40461844	0.11173101	0.19238222	0	0	0.4	1.5446471e-18
8.520049976862465e-09	-0.34972608	-0.18076006	0.19615299	0	0	0.4	1.2423197e-18
8.53005949432728e-09	-0.10550948	-0.3044729	0.21203224	0	0	0.4	2.521099e-18
8.540056491580182e-09	0.1239478	-0.3034959	0.22889286	0	0	0.4	1.769466e-18
8.550000292944032e-09	0.32643843	-0.17882511	0.23902547	0	0	0.4	8.445894e-19
8.56000600695717e-09	0.40576714	0.08107977	0.24569073	0	0	0.4	1.6793987e-18
8.570001873741084e-09	0.26439944	0.32842475	0.26565564	0	0	0.4	1.5073185e-18
8.580037667449957e-09	-0.053774234	0.3953262	0.2862478	0	0	0.4	1.0244057e-18
8.590011072764607e-09	-0.32596713	0.19846179	0.30610335	0	0	0.4	8.68913e-19
8.600052718696503e-09	-0.35049152	-0.08171215	0.31360376	0	0	0.4	1.6838977e-18
8.610043446701264e-09	-0.23344399	-0.26745322	0.31454796	0	0	0.4	1.939393e-18
8.620031341636795e-09	-0.014272691	-0.3627163	0.34119642	0	0	0.4	1.2157732e-18
8.630063886669234e-09	0.22258672	-0.27581537	0.36386654	0	0	0.4	1.6909454e-18
8.640025440071926e-09	0.34922212	-0.022369727	0.3711126	0	0	0.4	1.5343627e-18
8.650045878846169e-09	0.27380905	0.24747711	0.3774131	0	0	0.4	1.6315484e-18
8.660015962148498e-09	0.0066618	0.3712966	0.39084482	0	0	0.4	5.9346916e-19
8.670040444616108e-09	-0.26589698	0.25408703	0.39426723	0	0	0.4	1.3646323e-18
8.680007275257545e-09	-0.3794779	-0.0061885524	0.4086314	0	0	0.4	8.231438e-19
8.690055314484903e-09	-0.26056576	-0.2498505	0.4111161	0	0	0.4	1.4685121e-18
8.70001598859792e-09	-0.041856673	-0.35159183	0.4263798	0	0	0.4	1.7874854e-18
8.710004318725107e-09	0.24394362	-0.2712447	0.43785927	0	0	0.4	1.6674058e-18
8.72003000358738e-09	0.3696816	-0.017355502	0.44128925	0	0	0.4	1.2519697e-18
8.730021164896294e-09	0.26254588	0.23781775	0.44910714	0	0	0.4	1.5785346e-18
8.740007182784128e-09	0.0080746	0.35385907	0.46064577	0	0	0.4	5.043737e-19
8.750062973365829e-09	-0.25258926	0.24542822	0.46768317	0	0	0.4	5.1837315e-19
8.760056721287291e-09	-0.33627728	0.017023953	0.46790558	0	0	0.4	1.5041739e-18
8.77005464778814e-09	-0.23905654	-0.2172142	0.47760934	0	0	0.4	5.237305e-19
8.780010058839636e-09	-0.021868346	-0.312194	0.488811	0	0	0.4	6.0082605e-19
8.790058240887634e-09	0.21904185	-0.27109316	0.50013596	0	0	0.4	7.9546723e-19
8.800042887544758e-09	0.36263645	-0.055496734	0.5036223	0	0	0.4	1.0061392e-18
8.810052482697603e-09	0.2739556	0.20722218	0.51179206	0	0	0.4	1.6591926e-18
8.820056299146342e-09	0.009591731	0.3499318	0.5170132	0	0	0.4	5.53356e-19
8.83000155973796e-09	-0.27909133	0.23555312	0.5352862	0	0	0.4	6.252742e-19
8.840018924565803e-09	-0.33802956	-0.04439509	0.5383257	0	0	0.4	8.797132e-19
8.850043189455147e-09	-0.18875664	-0.2262033	0.5477098	0	0	0.4	6.428037e-19
8.86005700621779e-09	0.014637754	-0.26757586	0.56203926	0	0	0.4	-7.631362e-19
8.87002197078838e-09	0.2430241	-0.19725984	0.57575446	0	0	0.4	1.0583394e-18
8.880015358774065e-09	0.3277535	0.057410996	0.58030087	0	0	0.4	6.015177e-19
8.890059256623757e-09	0.17314024	0.28077507	0.59090346	0	0	0.4	-2.022888e-20
8.900055016919665e-09	-0.10224063	0.29503664	0.6016497	0	0	0.4	7.091614e-19
8.910061255983972e-09	-0.2726901	0.10333209	0.61793286	0	0	0.4	1.3888049e-18
8.920010009944127e-09	-0.24595127	-0.08467336	0.62453836	0	0	0.4	6.1748485e-19
8.93002415293845e-09	-0.12063007	-0.22332901	0.6314433	0	0	0.4	9.810355e-19
8.94000332471226e-09	0.10017233	-0.24618457	0.64860135	0	0	0.4	1.100983e-19
8.950051677411495e-09	0.2905971	-0.09131007	0.65957355	0	0	0.4	5.4162985e-19
8.960053536260926e-09	0.26115993	0.19905685	0.66412747	0	0	0.4	6.2801217e-19
8.970004318155777e-09	0.00067455077	0.30817083	0.6673336	0	0	0.4	1.2486945e-18
8.980054720895266e-09	-0.20600113	0.16686545	0.68028367	0	0	0.4	-4.7795685e-19
8.990003604478704e-09	-0.2513557	-0.042799566	0.68985885	0	0	0.4	3.379958e-19
9.00005054814181e-09	-0.14666864	-0.19826305	0.6965091	0	0	0.4	1.4475202e-19
9.010011911696838e-09	0.047304444	-0.24133687	0.71101004	0	0	0.4	2.4816e-19
9.020007074569743e-09	0.20152101	-0.1357892	0.7202289	0	0	0.4	3.1048785e-19
9.030002052943438e-09	0.25686416	0.06462075	0.729269	0	0	0.4	-5.754772e-21
9.040000781256705e-09	0.115842395	0.25220686	0.73486435	0	0	0.4	-2.3800385e-19
9.05001637795492e-09	-0.16709276	0.24267778	0.7412942	0	0	0.4	4.0808157e-19
9.060057183743093e-09	-0.27481535	0.020795155	0.7502527	0	0	0.4	-1.8612131e-19
9.070017198397417e-09	-0.17269586	-0.19297706	0.74913836	0	0	0.4	5.9231643e-19
9.08004637978976e-09	0.032491293	-0.23499747	0.7518177	0	0	0.4	1.8366209e-19
9.090046399303376e-09	0.19147082	-0.13281597	0.75694525	0	0	0.4	1.5337443e-19
9.100005515833917e-09	0.2149432	0.07929482	0.7718486	0	0	0.4	-4.0411188e-19
9.110059326484997e-09	0.06174228	0.21697359	0.7756791	0	0	0.4	-5.5449484e-19
9.12000250890521e-09	-0.14591888	0.19070636	0.78998977	0	0	0.4	-1.2526229e-18
9.130054551735737e-09	-0.24717465	-0.014082152	0.80033636	0	0	0.4	-1.0843834e-19
9.140027475107065e-09	-0.14608641	-0.20376568	0.7979661	0	0	0.4	-4.7562973e-19
9.15003344190355e-09	0.09228296	-0.23351505	0.79866606	0	0	0.4	-1.8658492e-20
9.160029235321534e-09	0.24074283	-0.04164973	0.8090205	0	0	0.4	4.5422126e-20
9.170058182054647e-09	0.15680473	0.18745612	0.8187245	0	0	0.4	-1.9464077e-19
9.180027865766742e-09	-0.06100245	0.21744004	0.824863	0	0	0.4	-7.451771e-19
9.19004008402117e-09	-0.22782438	0.039916024	0.833879	0	0	0.4	-8.388052e-19
9.200056134951504e-09	-0.13890262	-0.1793328	0.842989	0	0	0.4	3.8538309e-19
9.210032291678263e-09	0.08956492	-0.19432025	0.8522217	0	0	0.4	-5.725551e-19
9.220013661395481e-09	0.20629475	-0.020020397	0.86747015	0	0	0.4	-1.4502785e-18
9.230017111723195e-09	0.109292164	0.18706666	0.8745201	0	0	0.4	-5.496603e-19
9.240022899172369e-09	-0.15881737	0.17429753	0.8794218	0	0	0.4	-8.507563e-19
9.250043842604698e-09	-0.22969739	-0.10245328	0.8856966	0	0	0.4	-7.382389e-19
9.260046944591055e-09	0.04973987	-0.25199327	0.8883918	0	0	0.4	-1.3039078e-18
9.27004071507727e-09	0.22679225	-0.010673126	0.90365344	0	0	0.4	-1.1974316e-18
9.280012016735902e-09	0.05200109	0.2008873	0.91490126	0	0	0.4	-1.1831057e-18
9.290036696455562e-09	-0.18469226	0.08075031	0.920804	0	0	0.4	-2.2366472e-18
9.300022661174236e-09	-0.10216206	-0.16605076	0.92416006	0	0	0.4	-5.673756e-19
9.310014929336278e-09	0.1361606	-0.10778414	0.9277556	0	0	0.4	-1.5140381e-18
9.32000065225645e-09	0.13077879	0.10065152	0.9310349	0	0	0.4	-9.780467e-19
9.330022165603359e-09	-0.068806246	0.14350358	0.93543285	0	0	0.4	-4.2480134e-19
9.340040852904119e-09	-0.1431624	-0.051404383	0.9380001	0	0	0.4	-1.9832946e-18
9.350017641221133e-09	0.046311412	-0.12446089	0.9430191	0	0	0.4	-1.5810579e-18
9.360007167249684e-09	0.11181028	0.023549907	0.9437852	0	0	0.4	-1.8272974e-18
9.370040534920015e-09	0.004400118	0.10168519	0.94487834	0	0	0.4	-1.8506057e-18
9.380006995246055e-09	-0.090810426	0.033553082	0.9483504	0	0	0.4	-1.3820888e-18
9.390017658128934e-09	-0.04229779	-0.09132291	0.9512407	0	0	0.4	-5.847243e-19
9.400003782975777e-09	0.087304	-0.06259968	0.9527704	0	0	0.4	-2.0407718e-18
9.410031616476322e-09	0.070117265	0.076210015	0.9541977	0	0	0.4	-1.0654145e-18
9.420037583211977e-09	-0.077895164	0.06713794	0.9561442	0	0	0.4	-9.604477e-19
9.43005590547276e-09	-0.0764029	-0.07582548	0.95595396	0	0	0.4	-1.0558828e-18
9.440016372487626e-09	0.054625608	-0.07578699	0.9584047	0	0	0.4	-1.3426448e-18
9.450026808063221e-09	0.09156482	0.043170836	0.9587904	0	0	0.4	-2.1977473e-18
9.460038379917389e-09	-0.0292823	0.087391965	0.95935714	0	0	0.4	-1.4413666e-18
9.470012722857783e-09	-0.090979986	-0.014526543	0.96215355	0	0	0.4	-1.0864026e-18
9.480044615821856e-09	0.0042190664	-0.07677666	0.96335727	0	0	0.4	-1.3070962e-18
9.490011812700868e-09	0.06973271	0.0033538367	0.96327335	0	0	0.4	-1.1769766e-18
9.500024348658484e-09	0.0052244035	0.049805045	0.9664608	0	0	0.4	-1.0533611e-18
9.510013081676449e-09	-0.06091969	-0.0033552498	0.9658788	0	0	0.4	-7.4566176e-19
9.52000604949096e-09	-0.0044566183	-0.06031359	0.96300244	0	0	0.4	-1.0820294e-18
9.530015961416445e-09	0.057146758	-0.03006763	0.9628093	0	0	0.4	-2.0922502e-18
9.540033837415099e-09	0.039511066	0.045187373	0.9640882	0	0	0.4	-9.930789e-19
9.550026610721182e-09	-0.042932265	0.021535771	0.9620363	0	0	0.4	-1.5927694e-18
9.560014193828499e-09	-0.01717494	-0.037685256	0.9616424	0	0	0.4	-1.3292531e-18
9.570021232821613e-09	0.030863026	-0.01820165	0.9636585	0	0	0.4	-1.0253225e-18
9.580012204739635e-09	0.016759947	0.019828547	0.96383697	0	0	0.4	-3.8713004e-19
9.590035196147725e-09	-0.011401928	0.03399242	0.9633286	0	0	0.4	-6.351091e-19
9.600041465590995e-09	-0.027086215	-0.011503119	0.96226215	0	0	0.4	-1.0922497e-18
9.610049397024643e-09	0.010379418	-0.022695152	0.9623398	0	0	0.4	-2.5801792e-18
9.62003185311963e-09	0.021308163	0.0020381617	0.9633631	0	0	0.4	-1.9079334e-18
9.630008969284103e-09	-0.0013891159	0.015632128	0.9641157	0	0	0.4	-9.852301e-19
9.640052899091085e-09	-0.0011516721	0.013014009	0.9656721	0	0	0.4	-1.2368571e-18
9.650002211384508e-09	-0.0060541546	0.0069966638	0.9679851	0	0	0.4	-1.9927319e-18
9.660033876912752e-09	-0.0059373295	-0.019414332	0.9708961	0	0	0.4	-7.1897117e-19
9.670064582342442e-09	0.017399264	0.007564359	0.9699477	0	0	0.4	-1.4076752e-18
9.680046473593655e-09	-0.007232997	0.014366239	0.9704843	0	0	0.4	-2.1663515e-18
9.69005082232863e-09	-0.009116655	0.00071931357	0.96785146	0	0	0.4	-1.034618e-18
9.700020080746263e-09	0.011248706	-0.009108064	0.9637623	0	0	0.4	-1.4219847e-18
9.710023105986372e-09	0.015939359	0.013477013	0.9617134	0	0	0.4	-9.811713e-19
9.720019370299207e-09	-0.0061522	-0.0037566952	0.9648801	0	0	0.4	-1.0172567e-18
9.730045413719012e-09	0.005700346	-0.002393321	0.9668259	0	0	0.4	-1.6053775e-18
9.740051169080743e-09	-0.024019051	0.0070521045	0.96350896	0	0	0.4	-1.8390717e-18
9.750028294830795e-09	0.0115175145	-0.039081875	0.9665425	0	0	0.4	-2.195775e-18
9.760049489183608e-09	0.03963673	0.020430505	0.96760994	0	0	0.4	-1.7763673e-18
9.770035307446777e-09	-0.034418844	0.015540808	0.96793723	0	0	0.4	-6.8854747e-19
9.780058238489846e-09	-0.0059769643	-0.035290282	0.9653048	0	0	0.4	-1.8979295e-18
9.790010724902478e-09	0.06401188	-0.012931383	0.9630705	0	0	0.4	-1.1115696e-18
9.80001031523662e-09	-0.0031293256	0.06373019	0.96232486	0	0	0.4	-4.115433e-19
9.81001174838167e-09	-0.062963225	0.015258957	0.9621651	0	0	0.4	-7.087972e-19
9.820033964823682e-09	-0.020197075	-0.058649726	0.9608175	0	0	0.4	-1.7530786e-18
9.830028031819047e-09	0.05729234	-0.025815273	0.9616397	0	0	0.4	-1.792949e-18
9.84004619761376e-09	0.039373703	0.047000114	0.9596305	0	0	0.4	-5.750721e-19
9.850016208830741e-09	-0.019403609	0.044235714	0.9595008	0	0	0.4	-1.2728113e-18
9.860060139177264e-09	-0.04514587	-0.0034289795	0.9605564	0	0	0.4	-1.4986738e-18
9.870058263274063e-09	-0.01543024	-0.027611727	0.9638117	0	0	0.4	-6.130244e-20
9.880026185475178e-09	0.04427566	0.003266843	0.9619402	0	0	0.4	-1.4331901e-18
9.89004261941016e-09	0.015000245	0.036177054	0.9597753	0	0	0.4	-1.3218525e-18
9.900004290249341e-09	-0.036065932	0.023394924	0.9609082	0	0	0.4	-6.837716e-19
9.91006269935306e-09	-0.013680794	-0.033010338	0.96105486	0	0	0.4	-1.2112411e-18
9.920027383132392e-09	0.03233715	-0.01357632	0.9638908	0	0	0.4	-1.36456e-18
9.930033289859045e-09	0.00010906975	0.027354334	0.96360576	0	0	0.4	-1.4608856e-18
9.940036560137849e-09	-0.03731053	0.0031700374	0.963792	0	0	0.4	-1.4041609e-18
9.950014258134422e-09	-0.039968934	-0.033074282	0.9635809	0	0	0.4	-1.1025238e-18
9.960024722369153e-09	0.023374539	-0.038856972	0.9630273	0	0	0.4	-7.46864e-19
9.97004631490991e-09	0.033973802	0.014359294	0.96565026	0	0	0.4	-1.4904986e-18
9.980001472491402e-09	-0.017697116	0.03202313	0.9655655	0	0	0.4	-9.442233e-19
9.990019088499943e-09	-0.03726547	-0.0059497724	0.9612661	0	0	0.4	-6.987062e-19
1e-08	-0.011767856	-0.039079454	0.9632106	0	0	0.4	-7.1418955e-19
