# t (s)	mx ()	my ()	mz ()	B_extx (T)	B_exty (T)	B_extz (T)	E_total (J)
0	0	0	-1	0	0	0.39	1.17474e-18
1.0047563378991563e-11	-0.0024806315	0.013651316	-0.975635	0	0	0.39	5.402963e-18
2.001945530466129e-11	-0.0054382603	0.014432015	-0.9676729	0	0	0.39	4.2348384e-18
3.003091838829592e-11	0.0059408396	0.015106899	-0.9649965	0	0	0.39	4.818977e-18
4.000146657761373e-11	0.022683887	0.010566031	-0.9653975	0	0	0.39	4.156009e-18
5.001443604643655e-11	0.0077036815	0.013707242	-0.9645104	0	0	0.39	4.5706915e-18
6.001691812910538e-11	-0.01055876	0.028705344	-0.9621722	0	0	0.39	5.5388667e-18
7.000515577187824e-11	-0.0029663576	0.042850133	-0.9624933	0	0	0.39	4.972591e-18
8.000803190437596e-11	-0.00953102	0.045547344	-0.95876926	0	0	0.39	4.391765e-18
9.003185860391898e-11	-0.017582737	0.048713516	-0.95784175	0	0	0.39	4.4108066e-18
1.0002706223692351e-10	-0.021436652	0.0765347	-0.95613796	0	0	0.39	4.351728e-18
1.1000913557601809e-10	-0.012030953	0.084421925	-0.95490503	0	0	0.39	4.191515e-18
1.2003409683826642e-10	-0.0023885267	0.08133256	-0.95366156	0	0	0.39	3.988591e-18
1.300033853135059e-10	0.028912527	0.069496706	-0.9545335	0	0	0.39	5.0812973e-18
1.400108455278504e-10	0.03506005	0.07820697	-0.950453	0	0	0.39	3.358623e-18
1.5000562942628728e-10	0.03881594	0.05829381	-0.94949985	0	0	0.39	5.2207103e-18
1.600447980699795e-10	0.04099691	0.04557406	-0.95307165	0	0	0.39	3.805136e-18
1.7000746362100177e-10	0.04050352	0.04842378	-0.9487789	0	0	0.39	5.056273e-18
1.800093922833129e-10	0.031293076	0.027878864	-0.9518738	0	0	0.39	4.207116e-18
1.900149766031103e-10	0.0451616	0.0328183	-0.94629043	0	0	0.39	5.677256e-18
2.0002440509859853e-10	0.060053788	0.025025565	-0.94717425	0	0	0.39	4.336275e-18
2.1004077217024063e-10	0.090962656	0.027765237	-0.9436352	0	0	0.39	4.4718803e-18
2.2003119774950823e-10	0.10538367	0.029683216	-0.9455849	0	0	0.39	4.870445e-18
2.30052203116101e-10	0.117347606	0.026808191	-0.9419455	0	0	0.39	4.186059e-18
2.4002864216577855e-10	0.120774075	0.016628511	-0.9399586	0	0	0.39	4.2700747e-18
2.5001370513017694e-10	0.11716332	0.00847202	-0.9405558	0	0	0.39	6.152451e-18
2.6005675022393297e-10	0.11582802	0.01201658	-0.94432724	0	0	0.39	4.362939e-18
2.700148775162035e-10	0.10022196	0.0019926403	-0.94560033	0	0	0.39	4.9820836e-18
2.800310558680527e-10	0.11521782	0.022755118	-0.9458319	0	0	0.39	3.9082063e-18
2.90031211660515e-10	0.1277227	0.024282554	-0.94074404	0	0	0.39	3.9821107e-18
3.000077423834534e-10	0.14851712	0.01759092	-0.9383787	0	0	0.39	4.4646424e-18
3.100036596296122e-10	0.1483245	0.010392833	-0.93505055	0	0	0.39	4.9322422e-18
3.200071588540087e-10	0.14920805	0.009777713	-0.9345709	0	0	0.39	4.9532688e-18
3.3003172657958987e-10	0.13289359	-0.0031298434	-0.9364081	0	0	0.39	4.534676e-18
3.400121072907664e-10	0.13263142	-0.006208906	-0.9404748	0	0	0.39	3.6807043e-18
3.500552568509243e-10	0.13898727	-0.02155565	-0.9415127	0	0	0.39	4.643772e-18
3.600018664096637e-10	0.11725293	-0.01876342	-0.93950266	0	0	0.39	5.0656557e-18
3.7003210884492484e-10	0.12016603	-0.001449922	-0.94615406	0	0	0.39	4.715658e-18
3.800599820752113e-10	0.12809302	0.0029494867	-0.9466258	0	0	0.39	5.126766e-18
3.9002427301341536e-10	0.128236	-0.010143646	-0.945974	0	0	0.39	4.406219e-18
4.000077623867603e-10	0.13064088	-0.021333674	-0.94422376	0	0	0.39	5.35056e-18
4.1005145631138414e-10	0.12141638	-0.030718131	-0.9453275	0	0	0.39	4.1479745e-18
4.200371658444887e-10	0.11487649	-0.023141997	-0.9454363	0	0	0.39	6.0751974e-18
4.3001323011523113e-10	0.09721662	-0.030441778	-0.95028853	0	0	0.39	4.5734357e-18
4.400652742301986e-10	0.09458701	-0.024512198	-0.95244765	0	0	0.39	3.7453936e-18
4.5004841909979056e-10	0.097423576	-0.0292039	-0.9486014	0	0	0.39	4.1329997e-18
4.600566591771667e-10	0.09421266	-0.018267691	-0.9483545	0	0	0.39	3.7123204e-18
4.700041604508761e-10	0.111974634	-0.037994985	-0.94493985	0	0	0.39	4.358599e-18
4.800040382186975e-10	0.09756038	-0.053691864	-0.94392145	0	0	0.39	5.0643802e-18
4.900549638222872e-10	0.09039804	-0.06804073	-0.9469791	0	0	0.39	4.9406237e-18
5.000146095695166e-10	0.059222173	-0.066600405	-0.9487828	0	0	0.39	4.855837e-18
5.100368815640717e-10	0.059401173	-0.07264364	-0.94449997	0	0	0.39	4.1793197e-18
5.200138672464838e-10	0.05837324	-0.071582384	-0.9429754	0	0	0.39	5.2446282e-18
5.300629634707635e-10	0.03922175	-0.07069059	-0.9444651	0	0	0.39	4.2756862e-18
5.400401884379132e-10	0.029819662	-0.071623236	-0.94523555	0	0	0.39	5.2620466e-18
5.50043177750484e-10	0.027821109	-0.07082766	-0.9508868	0	0	0.39	4.364103e-18
5.60021566207883e-10	0.03332356	-0.09231906	-0.9484041	0	0	0.39	4.68403e-18
5.700344013141982e-10	0.02448994	-0.08381389	-0.9467898	0	0	0.39	4.8480956e-18
5.800214153872339e-10	0.023620648	-0.0833919	-0.9509721	0	0	0.39	4.323557e-18
5.900074339269897e-10	0.016374003	-0.077172145	-0.95083785	0	0	0.39	4.8471365e-18
6.000310707176418e-10	0.011529861	-0.08614899	-0.9479853	0	0	0.39	4.8662436e-18
6.100289338037484e-10	0.0011104915	-0.09640261	-0.9504147	0	0	0.39	5.0343734e-18
6.200497458843458e-10	-0.0076559777	-0.08689886	-0.952815	0	0	0.39	4.8455095e-18
6.300460849651626e-10	-0.012566031	-0.08542423	-0.9529488	0	0	0.39	4.69719e-18
6.400159102155496e-10	-0.020881008	-0.10000593	-0.9528351	0	0	0.39	3.8193365e-18
6.500537761000529e-10	-0.049840286	-0.116214566	-0.9494802	0	0	0.39	4.7002276e-18
6.600260122441245e-10	-0.060215518	-0.11620298	-0.9455852	0	0	0.39	5.200018e-18
6.700061255837283e-10	-0.05649873	-0.119398095	-0.9475523	0	0	0.39	4.620289e-18
6.800256882912347e-10	-0.05398654	-0.11751748	-0.9436773	0	0	0.39	4.7370665e-18
6.900402249273602e-10	-0.0649097	-0.115440905	-0.94195	0	0	0.39	4.9451248e-18
7.000047769934572e-10	-0.07162119	-0.122774564	-0.9445801	0	0	0.39	4.8919246e-18
7.100488968421013e-10	-0.09556989	-0.13513136	-0.93750626	0	0	0.39	5.432853e-18
7.200441506052503e-10	-0.10383222	-0.14814334	-0.9349015	0	0	0.39	4.5938782e-18
7.300395890613951e-10	-0.12695509	-0.12285235	-0.9357169	0	0	0.39	4.5336603e-18
7.400315281950294e-10	-0.13911965	-0.12275933	-0.9339825	0	0	0.39	4.6539162e-18
7.500085408945148e-10	-0.16895904	-0.10449673	-0.9329162	0	0	0.39	4.1470754e-18
7.60019236962888e-10	-0.18751396	-0.08378235	-0.93069595	0	0	0.39	3.8973487e-18
7.700660262562199e-10	-0.16998145	-0.10726936	-0.9300005	0	0	0.39	4.409948e-18
7.800572555052481e-10	-0.18573445	-0.113171995	-0.9243592	0	0	0.39	4.425257e-18
7.900027817070395e-10	-0.18345965	-0.11313346	-0.9249908	0	0	0.39	4.200797e-18
8.000233545864831e-10	-0.17251661	-0.11334984	-0.920285	0	0	0.39	6.0797465e-18
8.100044343384111e-10	-0.17924789	-0.09628668	-0.920769	0	0	0.39	4.7490466e-18
8.200273836234759e-10	-0.18378358	-0.11114664	-0.9155532	0	0	0.39	4.75445e-18
8.300376229285804e-10	-0.18659316	-0.10755684	-0.91403776	0	0	0.39	5.889186e-18
8.400288337225073e-10	-0.19356537	-0.106963344	-0.91590786	0	0	0.39	4.04321e-18
8.500417680256522e-10	-0.18896483	-0.07728505	-0.9185592	0	0	0.39	4.5824656e-18
8.60027496654727e-10	-0.17781998	-0.069634594	-0.922443	0	0	0.39	4.8222748e-18
8.70020545382268e-10	-0.17669061	-0.088280134	-0.921182	0	0	0.39	4.7577415e-18
8.800618344853114e-10	-0.16872796	-0.090288736	-0.9241907	0	0	0.39	4.926131e-18
8.900136460744787e-10	-0.15685724	-0.10104353	-0.92561424	0	0	0.39	4.245027e-18
9.000520289489893e-10	-0.17445785	-0.11875577	-0.9221435	0	0	0.39	4.261802e-18
9.100416128423179e-10	-0.18451022	-0.10897504	-0.91865677	0	0	0.39	4.506138e-18
9.200357908546421e-10	-0.18010077	-0.094731376	-0.92376727	0	0	0.39	4.2852857e-18
9.300319845991125e-10	-0.16333193	-0.09502901	-0.92993647	0	0	0.39	4.5543117e-18
9.400115423100226e-10	-0.17576411	-0.077150136	-0.9270834	0	0	0.39	3.8451656e-18
9.500047928994617e-10	-0.17384757	-0.065072075	-0.9249477	0	0	0.39	4.971863e-18
9.600163454965488e-10	-0.17228423	-0.071986526	-0.91942936	0	0	0.39	4.2757917e-18
9.70056249860439e-10	-0.17009401	-0.08366477	-0.92051744	0	0	0.39	4.6173875e-18
9.80025141851822e-10	-0.16212621	-0.09530978	-0.930046	0	0	0.39	4.0207037e-18
9.900463227205158e-10	-0.17214054	-0.09963236	-0.9318151	0	0	0.39	4.4905783e-18
1.0000143434849802e-09	-0.19582292	-0.085718915	-0.9267308	0	0	0.39	4.801397e-18
1.0100493761506935e-09	-0.1996894	-0.06292481	-0.93096745	0	0	0.39	4.7964854e-18
1.0200043715718142e-09	-0.18847762	-0.050261557	-0.9345873	0	0	0.39	3.665701e-18
1.0300283960504635e-09	-0.17710315	-0.055129137	-0.93473375	0	0	0.39	4.4414024e-18
1.0400646666397311e-09	-0.15619472	-0.03509188	-0.9411648	0	0	0.39	4.463962e-18
1.0500073893792718e-09	-0.15802525	-0.050029803	-0.9393871	0	0	0.39	4.0371315e-18
1.060028333721849e-09	-0.16872804	-0.05448628	-0.9340828	0	0	0.39	4.4249092e-18
1.0700055181782728e-09	-0.17042321	-0.07864669	-0.9286814	0	0	0.39	3.9311353e-18
1.080065295246726e-09	-0.16855572	-0.071719624	-0.93188214	0	0	0.39	5.3824543e-18
1.090050033884688e-09	-0.18979546	-0.07299673	-0.9340826	0	0	0.39	4.6107275e-18
1.1000371306550808e-09	-0.19918433	-0.061996464	-0.93564904	0	0	0.39	4.267119e-18
1.1100658921167835e-09	-0.20000006	-0.039834317	-0.932372	0	0	0.39	3.778269e-18
1.1200256122688658e-09	-0.20462562	-0.019603476	-0.9270791	0	0	0.39	4.5531135e-18
1.1300135018372961e-09	-0.20062354	-0.015963554	-0.9284256	0	0	0.39	5.3308647e-18
1.140043659335774e-09	-0.18503131	-0.016031114	-0.9315177	0	0	0.39	3.4643755e-18
1.1500054547166046e-09	-0.18268187	-0.01544403	-0.9300501	0	0	0.39	3.9469378e-18
1.1600034584249609e-09	-0.17749003	-0.02656857	-0.9220719	0	0	0.39	4.2329946e-18
1.170003677701291e-09	-0.20544125	-0.03645708	-0.91786075	0	0	0.39	4.8554472e-18
1.1800195166640823e-09	-0.21716036	-0.040905554	-0.92041683	0	0	0.39	3.919666e-18
1.1900077931288644e-09	-0.23181802	-0.037359565	-0.9132307	0	0	0.39	4.0729943e-18
1.2000045988660187e-09	-0.25243196	-0.03486363	-0.9114221	0	0	0.39	3.488341e-18
1.2100130514613984e-09	-0.26476422	-0.03392277	-0.91398394	0	0	0.39	4.1627285e-18
1.2200024128165844e-09	-0.24078098	-0.036465075	-0.9180556	0	0	0.39	5.0566237e-18
1.2300272499615434e-09	-0.2344288	-0.039004296	-0.9242226	0	0	0.39	4.2980123e-18
1.2400314683619144e-09	-0.23195449	-0.03622788	-0.9226515	0	0	0.39	4.2571413e-18
1.250055529749943e-09	-0.22614588	-0.019767085	-0.9259212	0	0	0.39	4.8396166e-18
1.2600412470059556e-09	-0.22831824	-0.015261335	-0.92525274	0	0	0.39	4.8589346e-18
1.2700319987966452e-09	-0.2331726	-0.01212252	-0.9228397	0	0	0.39	4.1750262e-18
1.2800203050459998e-09	-0.24063052	-0.0024799996	-0.918948	0	0	0.39	4.9964604e-18
1.2900089410839549e-09	-0.23901461	0.013726508	-0.92228186	0	0	0.39	4.483323e-18
1.3000176211234982e-09	-0.25124976	0.023334874	-0.9181227	0	0	0.39	4.9403647e-18
1.3100058885081196e-09	-0.21484147	0.026595872	-0.9236292	0	0	0.39	4.1165685e-18
1.3200055267762495e-09	-0.21917784	0.026576396	-0.92255867	0	0	0.39	4.3040503e-18
1.3300607582897856e-09	-0.20972025	0.02083682	-0.92546	0	0	0.39	5.1940797e-18
1.3400220055569089e-09	-0.204894	0.024220776	-0.9271422	0	0	0.39	4.5192885e-18
1.3500179411157303e-09	-0.22029786	0.026205152	-0.9283704	0	0	0.39	4.3965634e-18
1.360040436307126e-09	-0.21911095	0.042022705	-0.9269848	0	0	0.39	4.584207e-18
1.3700210780159623e-09	-0.23042206	0.056643173	-0.92467135	0	0	0.39	4.728898e-18
1.3800046555186112e-09	-0.22593512	0.074539006	-0.92399126	0	0	0.39	5.3314574e-18
1.390037484610923e-09	-0.22385801	0.09433984	-0.92650276	0	0	0.39	3.923559e-18
1.4000326444134312e-09	-0.22280094	0.099196844	-0.92210686	0	0	0.39	4.4373426e-18
1.4100500545297237e-09	-0.21156166	0.095213756	-0.9220509	0	0	0.39	4.542739e-18
1.4200282018924703e-09	-0.22488339	0.10832977	-0.9160239	0	0	0.39	4.5072468e-18
1.4300525851743168e-09	-0.22196217	0.10036699	-0.91658175	0	0	0.39	4.7561917e-18
1.44003833369134e-09	-0.22468996	0.093073756	-0.9158352	0	0	0.39	3.984429e-18
1.450049220208866e-09	-0.22315823	0.09495869	-0.91583115	0	0	0.39	4.749017e-18
1.460043925097609e-09	-0.22296225	0.10536506	-0.9168231	0	0	0.39	4.101307e-18
1.470038350220069e-09	-0.20149627	0.1088414	-0.9167927	0	0	0.39	4.366769e-18
1.4800591721506297e-09	-0.22884537	0.11159138	-0.9115235	0	0	0.39	4.2457233e-18
1.4900087400308246e-09	-0.24162106	0.117483616	-0.9080041	0	0	0.39	4.501658e-18
1.5000472836545142e-09	-0.24744919	0.11644755	-0.9089191	0	0	0.39	3.5298167e-18
1.510005376456366e-09	-0.24576858	0.10258136	-0.9108248	0	0	0.39	4.470738e-18
1.5200576731764898e-09	-0.21178517	0.10401407	-0.9191917	0	0	0.39	4.1473595e-18
1.5300110366661814e-09	-0.20792739	0.09264132	-0.9188596	0	0	0.39	4.6008547e-18
1.5400503957297035e-09	-0.19470811	0.09439206	-0.91609937	0	0	0.39	4.761217e-18
1.550053114266751e-09	-0.19834	0.10508632	-0.9148306	0	0	0.39	4.470654e-18
1.5600358749602772e-09	-0.2112493	0.110466145	-0.9085063	0	0	0.39	4.9548044e-18
1.5700289635095006e-09	-0.23687449	0.10870073	-0.9071912	0	0	0.39	5.945923e-18
1.5800464809656674e-09	-0.23657058	0.12584715	-0.9077923	0	0	0.39	3.8149954e-18
1.5900072057936707e-09	-0.225499	0.13939533	-0.9100521	0	0	0.39	5.454658e-18
1.600012443113651e-09	-0.20963612	0.1582513	-0.913939	0	0	0.39	3.9559892e-18
1.6100187330745475e-09	-0.20305145	0.15018883	-0.9089338	0	0	0.39	4.3679247e-18
1.6200302958343186e-09	-0.20561989	0.16221699	-0.9015099	0	0	0.39	5.024784e-18
1.6300541146203187e-09	-0.19863936	0.12713291	-0.91103417	0	0	0.39	4.6351876e-18
1.6400135389723427e-09	-0.21621561	0.10421971	-0.9070746	0	0	0.39	5.2501914e-18
1.6500240963258659e-09	-0.2214529	0.10189892	-0.9052868	0	0	0.39	5.0144946e-18
1.6600175674907072e-09	-0.2252229	0.11201878	-0.89632463	0	0	0.39	3.893482e-18
1.6700501957917576e-09	-0.24852185	0.12121705	-0.88815045	0	0	0.39	4.700419e-18
1.6800565211233565e-09	-0.2544687	0.09093607	-0.8935385	0	0	0.39	4.235744e-18
1.6900011546837823e-09	-0.25789484	0.08795624	-0.8910795	0	0	0.39	4.8110297e-18
1.7000347315959407e-09	-0.2613483	0.0784401	-0.8895396	0	0	0.39	3.6457043e-18
1.7100211876441697e-09	-0.26980722	0.07293773	-0.8869722	0	0	0.39	3.7106896e-18
1.7200358874843697e-09	-0.27865618	0.06472668	-0.88229376	0	0	0.39	5.157169e-18
1.7300643889793297e-09	-0.26274478	0.058969818	-0.8761593	0	0	0.39	4.922806e-18
1.7400051523070007e-09	-0.25337115	0.025803799	-0.8713932	0	0	0.39	4.0777456e-18
1.7500462853909732e-09	-0.24975196	-0.026707964	-0.8590613	0	0	0.39	4.513602e-18
1.7600429662074431e-09	-0.26271543	-0.06712385	-0.85673726	0	0	0.39	4.644064e-18
1.7700654876114101e-09	-0.2711773	-0.10280818	-0.8622093	0	0	0.39	4.747971e-18
1.7800412230128787e-09	-0.27671146	-0.11588101	-0.8680557	0	0	0.39	5.0192095e-18
1.7900347778897027e-09	-0.30222362	-0.12334769	-0.8573189	0	0	0.39	4.1866254e-18
1.800026309825337e-09	-0.30982348	-0.13140273	-0.8461837	0	0	0.39	3.0608913e-18
1.8100367598990624e-09	-0.29021108	-0.14058788	-0.84414434	0	0	0.39	4.716451e-18
1.8200190660686493e-09	-0.29084235	-0.15696658	-0.83449775	0	0	0.39	4.732406e-18
1.830014589004053e-09	-0.2557974	-0.1731723	-0.83862513	0	0	0.39	5.7680495e-18
1.8400107385612865e-09	-0.21608298	-0.1866779	-0.83934635	0	0	0.39	4.391633e-18
1.8500094323344255e-09	-0.16648856	-0.21175118	-0.837292	0	0	0.39	4.0555263e-18
1.860061474359881e-09	-0.1084052	-0.2466938	-0.8339672	0	0	0.39	3.9590667e-18
1.8700419168043165e-09	-0.056385398	-0.28053868	-0.82527584	0	0	0.39	4.9837905e-18
1.880013877670699e-09	-0.015605414	-0.2907271	-0.80591166	0	0	0.39	5.09343e-18
1.89002955028351e-09	0.05373332	-0.28113565	-0.79496384	0	0	0.39	4.379416e-18
1.900060334512101e-09	0.13310398	-0.23099487	-0.7791736	0	0	0.39	5.6266695e-18
1.9100316925301186e-09	0.17079471	-0.14085948	-0.773342	0	0	0.39	3.7442624e-18
1.920000163299446e-09	0.21276288	-0.04156247	-0.7665055	0	0	0.39	4.775019e-18
1.930034215625328e-09	0.19560657	0.061239004	-0.7659296	0	0	0.39	4.6266404e-18
1.9400580722237964e-09	0.16289975	0.17108847	-0.7610083	0	0	0.39	3.7327406e-18
1.950050897546065e-09	0.09105907	0.2448587	-0.75982726	0	0	0.39	5.1910526e-18
1.9600507044388297e-09	0.008723109	0.28665927	-0.7461231	0	0	0.39	4.0678067e-18
1.970002320518278e-09	-0.090545155	0.26024634	-0.72559893	0	0	0.39	4.8908985e-18
1.9800387255718065e-09	-0.1829101	0.1663452	-0.69731754	0	0	0.39	5.2386696e-18
1.9900348150352454e-09	-0.19331667	0.009094718	-0.6828027	0	0	0.39	4.576297e-18
2.000060530451065e-09	-0.15086414	-0.11759167	-0.66379553	0	0	0.39	4.8073392e-18
2.0100512599715735e-09	-0.056012172	-0.22317941	-0.65230376	0	0	0.39	3.5235086e-18
2.020058805579398e-09	0.059244666	-0.24145168	-0.6503268	0	0	0.39	4.6815023e-18
2.030001934807746e-09	0.17857492	-0.19967125	-0.64736104	0	0	0.39	4.068398e-18
2.0400074985867403e-09	0.28446022	-0.09023577	-0.64827716	0	0	0.39	5.298495e-18
2.0500619382913143e-09	0.3558385	0.040936027	-0.6493787	0	0	0.39	4.432719e-18
2.0600008714067466e-09	0.35647812	0.18499836	-0.65164405	0	0	0.39	3.689589e-18
2.070057988769886e-09	0.26110578	0.3281526	-0.6615849	0	0	0.39	3.637196e-18
2.0800432306819793e-09	0.09813747	0.3591704	-0.66245455	0	0	0.39	4.7374367e-18
2.0900008480774138e-09	-0.039354444	0.30046594	-0.6519664	0	0	0.39	3.9608568e-18
2.100038515893784e-09	-0.08794319	0.17801723	-0.64773095	0	0	0.39	4.225532e-18
2.110007086627114e-09	-0.13059632	0.0534358	-0.6395494	0	0	0.39	4.0101323e-18
2.120030032918706e-09	-0.12453565	-0.111003466	-0.6365915	0	0	0.39	4.142151e-18
2.1300400059323816e-09	-0.037212368	-0.25832763	-0.6393148	0	0	0.39	3.9746467e-18
2.140026404952578e-09	0.102412805	-0.36762127	-0.6376651	0	0	0.39	3.909997e-18
2.150032074682366e-09	0.25236696	-0.3576561	-0.6306464	0	0	0.39	3.924492e-18
2.160058967665508e-09	0.3737299	-0.28648242	-0.6238166	0	0	0.39	3.582021e-18
2.170032013550213e-09	0.40018317	-0.12384727	-0.6104938	0	0	0.39	4.243794e-18
2.180019266878176e-09	0.33313853	0.042768057	-0.589115	0	0	0.39	4.396408e-18
2.1900491641142043e-09	0.21068351	0.17672715	-0.59042567	0	0	0.39	4.743846e-18
2.200002097457182e-09	0.058871597	0.2057357	-0.5884592	0	0	0.39	3.801389e-18
2.2100464071591307e-09	-0.10784758	0.21102546	-0.58976007	0	0	0.39	4.784452e-18
2.220055116961651e-09	-0.2479384	0.090522185	-0.570991	0	0	0.39	4.8973985e-18
2.2300147168089173e-09	-0.2979399	-0.08131402	-0.5431125	0	0	0.39	4.4475206e-18
2.2400299025682686e-09	-0.22539584	-0.27720296	-0.5246255	0	0	0.39	4.6330556e-18
2.25000898725314e-09	-0.078796394	-0.41316175	-0.5138193	0	0	0.39	3.8951844e-18
2.2600283804800885e-09	0.13893302	-0.4472561	-0.505213	0	0	0.39	4.003028e-18
2.27005883160081e-09	0.2971472	-0.31828898	-0.4981197	0	0	0.39	3.6627264e-18
2.280028369716685e-09	0.3042739	-0.09406357	-0.48962143	0	0	0.39	3.805103e-18
2.2900157072143796e-09	0.2193821	0.05648798	-0.47910658	0	0	0.39	3.528128e-18
2.3000410070581375e-09	0.13880938	0.24173698	-0.47079876	0	0	0.39	3.9299624e-18
2.310053232007679e-09	-0.06875994	0.36757934	-0.46804065	0	0	0.39	3.9648777e-18
2.320028202158872e-09	-0.27520257	0.31790143	-0.47571406	0	0	0.39	3.422407e-18
2.330033644446335e-09	-0.39736208	0.15555055	-0.46611124	0	0	0.39	4.5553655e-18
2.3400132121229074e-09	-0.40376154	-0.03310643	-0.4567599	0	0	0.39	3.817157e-18
2.3500042438205076e-09	-0.2566295	-0.21685235	-0.4473592	0	0	0.39	3.7798684e-18
2.360062689896177e-09	-0.0682431	-0.31233227	-0.4393159	0	0	0.39	4.504986e-18
2.3700377247638175e-09	0.1539159	-0.27784982	-0.4447834	0	0	0.39	3.798601e-18
2.380009185696999e-09	0.31404015	-0.10136038	-0.43639657	0	0	0.39	3.1258667e-18
2.390057697759171e-09	0.31833878	0.11078156	-0.42105561	0	0	0.39	3.707735e-18
2.400042151985256e-09	0.21812883	0.30128863	-0.38535297	0	0	0.39	3.9907333e-18
2.4100510544430124e-09	0.020488877	0.44648215	-0.37407544	0	0	0.39	3.786912e-18
2.4200008797703793e-09	-0.2293499	0.42165056	-0.36150673	0	0	0.39	3.0451327e-18
2.430025859762369e-09	-0.37539923	0.22586738	-0.36217684	0	0	0.39	2.9174747e-18
2.440029647815632e-09	-0.3595872	-0.010948456	-0.35185093	0	0	0.39	2.9339087e-18
2.4500295121391277e-09	-0.23638508	-0.21066348	-0.3458872	0	0	0.39	3.7735045e-18
2.4600137361949896e-09	-0.04651932	-0.33572978	-0.34457177	0	0	0.39	3.3906547e-18
2.4700425447492753e-09	0.17425507	-0.35518116	-0.3358546	0	0	0.39	3.694724e-18
2.480004562168341e-09	0.35222375	-0.22796063	-0.32801792	0	0	0.39	2.9536029e-18
2.490026404948374e-09	0.3864838	0.022391183	-0.31180325	0	0	0.39	3.2950746e-18
2.5000623203967573e-09	0.2564956	0.26189232	-0.30000246	0	0	0.39	4.285761e-18
2.510004282168948e-09	0.03598834	0.36091524	-0.29243448	0	0	0.39	3.3275596e-18
2.5200117399466218e-09	-0.15493259	0.34360754	-0.29403332	0	0	0.39	2.9326392e-18
2.530016270748389e-09	-0.34329802	0.18228422	-0.2862252	0	0	0.39	2.7914585e-18
2.540061707663872e-09	-0.3621806	-0.10205373	-0.2722456	0	0	0.39	3.0162173e-18
2.5500398591080476e-09	-0.19566365	-0.342151	-0.25247282	0	0	0.39	3.2177367e-18
2.5600539888302486e-09	0.028669503	-0.42028755	-0.24796517	0	0	0.39	3.2031907e-18
2.5700581854229633e-09	0.22817445	-0.35195595	-0.24197194	0	0	0.39	2.8560627e-18
2.58003566373817e-09	0.37459928	-0.18673375	-0.22577655	0	0	0.39	3.7848087e-18
2.5900639535353274e-09	0.3474123	0.12846194	-0.20538436	0	0	0.39	3.7040358e-18
2.600003310895643e-09	0.14735776	0.31384924	-0.18705226	0	0	0.39	3.825227e-18
2.6100523763605632e-09	-0.0646796	0.35407823	-0.18789582	0	0	0.39	2.7305133e-18
2.620012810168946e-09	-0.25788993	0.31372407	-0.18306237	0	0	0.39	3.400165e-18
2.63004438475177e-09	-0.4086242	0.11424795	-0.17592072	0	0	0.39	2.0721745e-18
2.6400118670073504e-09	-0.34772065	-0.17279305	-0.16601449	0	0	0.39	2.0955368e-18
2.6500469433136586e-09	-0.11157309	-0.356499	-0.15001336	0	0	0.39	3.1191095e-18
2.660028188842126e-09	0.13357057	-0.35079318	-0.14872596	0	0	0.39	2.493233e-18
2.6700598774540937e-09	0.30374646	-0.24816512	-0.1481244	0	0	0.39	3.496201e-18
2.6800204278238186e-09	0.41521242	-0.061241604	-0.13551663	0	0	0.39	2.8277967e-18
2.6900242240974044e-09	0.35973656	0.20938516	-0.11740052	0	0	0.39	4.004142e-18
2.700021183600503e-09	0.08264544	0.39599305	-0.11423128	0	0	0.39	2.3970673e-18
2.7100603771234568e-09	-0.2025024	0.3540069	-0.101544425	0	0	0.39	3.5832116e-18
2.720041429519285e-09	-0.3576024	0.1945157	-0.094476976	0	0	0.39	1.7576558e-18
2.7300045346815304e-09	-0.40246212	-0.022586484	-0.078488074	0	0	0.39	2.8733316e-18
2.74005286860578e-09	-0.2938322	-0.23765455	-0.06320461	0	0	0.39	3.0949203e-18
2.7500003060959554e-09	-0.032462504	-0.37568647	-0.050932333	0	0	0.39	2.397706e-18
2.7600072196857072e-09	0.25930896	-0.32780692	-0.04759934	0	0	0.39	2.8007568e-18
2.7700394684352307e-09	0.40518007	-0.12765135	-0.03211729	0	0	0.39	2.7279598e-18
2.780036855759125e-09	0.40286505	0.11331307	-0.013588402	0	0	0.39	2.725881e-18
2.7900284294664267e-09	0.21961322	0.33795395	0.0014683014	0	0	0.39	2.333782e-18
2.8000281536539836e-09	-0.07280561	0.36139134	0.0033499808	0	0	0.39	2.7243096e-18
2.8100006988465573e-09	-0.3001487	0.21843956	0.007229509	0	0	0.39	2.0549383e-18
2.820036889712505e-09	-0.39039925	-0.0009413165	0.013830702	0	0	0.39	2.5055801e-18
2.830008830871706e-09	-0.3290048	-0.2500748	0.031242521	0	0	0.39	2.4409984e-18
2.8400305573018925e-09	-0.08606209	-0.4109716	0.03775887	0	0	0.39	2.3333977e-18
2.85002315979369e-09	0.18629226	-0.36568365	0.042533744	0	0	0.39	1.5846463e-18
2.8600056286133824e-09	0.38202745	-0.16675156	0.047848236	0	0	0.39	2.7690074e-18
2.870020911444047e-09	0.37091625	0.14533535	0.058741905	0	0	0.39	1.3615857e-18
2.880012052434951e-09	0.15733203	0.33499327	0.07973157	0	0	0.39	1.7149987e-18
2.890059360157679e-09	-0.07299471	0.3660788	0.092153125	0	0	0.39	3.0919265e-18
2.9000506579755153e-09	-0.28981972	0.29131547	0.09754786	0	0	0.39	1.7241538e-18
2.91000638347538e-09	-0.3989316	0.00980215	0.121037416	0	0	0.39	2.2605136e-18
2.92003201641161e-09	-0.27594075	-0.2712421	0.14593968	0	0	0.39	2.4908263e-18
2.9300107614678688e-09	-0.02230724	-0.40469494	0.1632229	0	0	0.39	1.080891e-18
2.940034681371559e-09	0.2225099	-0.35911086	0.1661918	0	0	0.39	2.0027314e-18
2.950062211182545e-09	0.3671286	-0.14753714	0.17799012	0	0	0.39	2.835866e-18
2.960043731755497e-09	0.35648867	0.11928793	0.19141138	0	0	0.39	1.6952667e-18
2.9700571601872912e-09	0.1812041	0.33776024	0.20883976	0	0	0.39	2.7442929e-18
2.9800311580055276e-09	-0.1122607	0.38902274	0.224596	0	0	0.39	2.4442374e-18
2.990048363306161e-09	-0.3253503	0.22067738	0.23412803	0	0	0.39	1.0755536e-18
3.000037668087317e-09	-0.39641806	-0.027625136	0.24633326	0	0	0.39	1.1554488e-18
3.010022121458351e-09	-0.29514864	-0.28823468	0.26589534	0	0	0.39	2.1458784e-18
3.0200108189281982e-09	-0.022541037	-0.37645558	0.27909747	0	0	0.39	2.615528e-18
3.0300361183841466e-09	0.23447974	-0.2498179	0.27721474	0	0	0.39	2.4004337e-18
3.04002630567314e-09	0.35056376	-0.026103383	0.28143185	0	0	0.39	1.5073843e-18
3.0500531024426805e-09	0.29611814	0.2426441	0.29855523	0	0	0.39	1.0658823e-18
3.0600495666627274e-09	0.101583056	0.39098454	0.31155056	0	0	0.39	1.821817e-18
3.0700284763005313e-09	-0.16992962	0.34846866	0.30463567	0	0	0.39	1.5257352e-18
3.0800274155611394e-09	-0.3410286	0.09672706	0.3220228	0	0	0.39	1.917585e-18
3.0900198461032853e-09	-0.28905833	-0.2099526	0.33444378	0	0	0.39	2.2239038e-18
3.1000130384361636e-09	-0.092291266	-0.36998603	0.3493149	0	0	0.39	2.074548e-18
3.1100611755721624e-09	0.13997613	-0.3717243	0.3500042	0	0	0.39	1.7231745e-18
3.1200535616634635e-09	0.3396196	-0.19988316	0.3524081	0	0	0.39	1.0525793e-18
3.130051226187628e-09	0.3604202	0.12462299	0.35854262	0	0	0.39	1.254264e-18
3.1400486204634083e-09	0.15121208	0.33540103	0.37585104	0	0	0.39	6.306345e-19
3.150035357510796e-09	-0.10376251	0.33925933	0.3796508	0	0	0.39	1.124415e-18
3.1600526115902033e-09	-0.31439018	0.21239366	0.3820488	0	0	0.39	1.7703342e-18
3.1700391609641914e-09	-0.3568875	-0.059051447	0.39831632	0	0	0.39	1.5908673e-18
3.1800123406558013e-09	-0.204532	-0.26934776	0.41526997	0	0	0.39	1.8944452e-18
3.190028331969996e-09	0.04693972	-0.32723606	0.43305787	0	0	0.39	8.6192944e-19
3.20005503899228e-09	0.24184752	-0.22264454	0.43565756	0	0	0.39	1.4107647e-18
3.2100382069998034e-09	0.35509336	-0.017597286	0.45717883	0	0	0.39	2.0243186e-18
3.2200434505517607e-09	0.2670031	0.26404655	0.47798592	0	0	0.39	1.4242949e-18
3.230027331795473e-09	-0.039090917	0.3782611	0.49538323	0	0	0.39	1.018836e-18
3.2400462525032593e-09	-0.29006943	0.2055918	0.5011282	0	0	0.39	8.413594e-19
3.2500248043300024e-09	-0.30893645	-0.03156462	0.5060721	0	0	0.39	1.1357155e-18
3.2600411254197617e-09	-0.21036428	-0.24259838	0.5221038	0	0	0.39	7.194028e-19
3.270028485645654e-09	0.031683654	-0.35640112	0.5363837	0	0	0.39	3.7863805e-19
3.280008759785603e-09	0.30547518	-0.21815547	0.53860164	0	0	0.39	1.4187573e-18
3.2900422862597623e-09	0.3174514	0.09020294	0.5490792	0	0	0.39	-2.7206353e-19
3.3000589152652203e-09	0.12106239	0.24806422	0.5714319	0	0	0.39	7.6956283e-19
3.310008078331156e-09	-0.06733804	0.26296434	0.5831233	0	0	0.39	1.0806581e-18
3.3200088796453512e-09	-0.22690374	0.17584078	0.57862973	0	0	0.39	1.2900198e-18
3.3300190915153675e-09	-0.29811183	-0.010554565	0.5874768	0	0	0.39	6.5151345e-19
3.340060861067303e-09	-0.2108745	-0.23572713	0.5957285	0	0	0.39	1.3581116e-18
3.3500637900439663e-09	0.04696269	-0.33045524	0.6066209	0	0	0.39	1.08136216e-19
3.360003091573554e-09	0.28041214	-0.17051187	0.6139629	0	0	0.39	5.176685e-19
3.3700272833906345e-09	0.30750263	0.11522528	0.62802315	0	0	0.39	4.1986114e-19
3.3800106250327315e-09	0.11041441	0.30642805	0.63870794	0	0	0.39	5.3873384e-19
3.390031094650265e-09	-0.136806	0.28206912	0.6557384	0	0	0.39	4.090754e-19
3.4000269483675274e-09	-0.25981766	0.09303964	0.6644705	0	0	0.39	-1.9180236e-19
3.4100103976955323e-09	-0.20605417	-0.09312969	0.67372715	0	0	0.39	7.1697544e-19
3.42004920297068e-09	-0.09568646	-0.20191827	0.6879394	0	0	0.39	1.8417642e-19
3.430056515148755e-09	0.062271025	-0.22702481	0.69836134	0	0	0.39	1.0317504e-18
3.4400551615529594e-09	0.24385059	-0.12934974	0.70229125	0	0	0.39	2.6075318e-19
3.4500467209448706e-09	0.27350554	0.13650505	0.7118389	0	0	0.39	4.7158694e-19
3.4600276582818396e-09	0.04385081	0.30970752	0.7252211	0	0	0.39	7.3425416e-19
3.4700055140382537e-09	-0.2391472	0.21846151	0.7380854	0	0	0.39	2.974974e-19
3.480061709359148e-09	-0.29416737	-0.072325595	0.75018597	0	0	0.39	-5.080136e-19
3.4900422440504075e-09	-0.109577976	-0.2457104	0.7548191	0	0	0.39	6.421466e-19
3.5000470021440575e-09	0.1257682	-0.22575876	0.76785797	0	0	0.39	-6.024369e-19
3.510000089611019e-09	0.23385131	-0.033387486	0.7736945	0	0	0.39	1.0066053e-18
3.5200305314463786e-09	0.16078627	0.16016343	0.7771424	0	0	0.39	-3.2582781e-19
3.5300407240981847e-09	0.006461909	0.22242206	0.78524375	0	0	0.39	-1.0040614e-18
3.540055658880296e-09	-0.17647855	0.15779664	0.79175353	0	0	0.39	-2.4734371e-20
3.5500161238090656e-09	-0.24305195	-0.06884679	0.7987844	0	0	0.39	1.9010888e-19
3.5600450454597558e-09	-0.069102235	-0.2841458	0.8065985	0	0	0.39	1.6812129e-19
3.570057555250398e-09	0.20510903	-0.20146035	0.8107836	0	0	0.39	1.06225016e-19
3.580008142107762e-09	0.25630063	0.060769312	0.81695336	0	0	0.39	-1.3556802e-18
3.5900210617644074e-09	0.07890957	0.2522083	0.8256268	0	0	0.39	-7.346242e-19
3.6000482678480625e-09	-0.17676477	0.17181946	0.83006316	0	0	0.39	-1.0188171e-18
3.610019584164782e-09	-0.24200082	-0.06682208	0.82892275	0	0	0.39	9.760324e-20
3.620058705597863e-09	-0.056311756	-0.23527269	0.83757484	0	0	0.39	-4.9976996e-19
3.6300313511486103e-09	0.1611622	-0.16327895	0.84991604	0	0	0.39	-1.7465995e-18
3.640062637858847e-09	0.21407536	0.07356374	0.84914875	0	0	0.39	-1.021729e-18
3.6500295594501257e-09	0.0287916	0.22615066	0.85584337	0	0	0.39	5.5632316e-19
3.660021686902916e-09	-0.1751497	0.1297455	0.86191607	0	0	0.39	2.2761606e-19
3.670020162956897e-09	-0.18712564	-0.09422818	0.87037176	0	0	0.39	-8.87795e-19
3.680023012020772e-09	0.0025669895	-0.22356941	0.8848057	0	0	0.39	-1.4590259e-18
3.690013263662098e-09	0.19894807	-0.07687105	0.886636	0	0	0.39	-3.5073557e-19
3.70001523445983e-09	0.13395809	0.14786784	0.8974512	0	0	0.39	-1.6597873e-19
3.710014594852034e-09	-0.115850404	0.18267412	0.90379477	0	0	0.39	-2.7925868e-19
3.7200549964544993e-09	-0.18626362	-0.08223421	0.91314787	0	0	0.39	1.06030434e-19
3.730018476205244e-09	0.04391375	-0.19453885	0.9143764	0	0	0.39	-1.0470182e-18
3.740044961046263e-09	0.19650494	0.018279795	0.91849583	0	0	0.39	-8.633084e-19
3.750054590830452e-09	0.004957467	0.19118254	0.92263365	0	0	0.39	-1.1047298e-18
3.7600488377161786e-09	-0.15606548	0.03146627	0.93009794	0	0	0.39	-1.50172e-20
3.770035962554947e-09	-0.061652385	-0.13589047	0.93319154	0	0	0.39	-1.0019449e-18
3.780032580542031e-09	0.12346217	-0.096103646	0.9381691	0	0	0.39	-7.942066e-19
3.790028014529042e-09	0.11143889	0.092924304	0.93995696	0	0	0.39	-8.988399e-19
3.800058260283273e-09	-0.077650964	0.115260296	0.94201976	0	0	0.39	-1.0079113e-18
3.810063562758976e-09	-0.12876192	-0.06881228	0.9421673	0	0	0.39	-8.1042307e-19
3.820035605318383e-09	0.042416703	-0.13139772	0.9457224	0	0	0.39	-1.5086825e-18
3.830001642813912e-09	0.12995672	0.020950804	0.94644946	0	0	0.39	-3.3340197e-19
3.840055697759284e-09	0.005406841	0.11851342	0.95331764	0	0	0.39	-1.2940362e-18
3.850045092941684e-09	-0.11323165	0.019151472	0.9564132	0	0	0.39	-6.7075564e-19
3.8600197106444786e-09	-0.031633317	-0.08239687	0.96074855	0	0	0.39	-1.7129544e-18
3.870048334345703e-09	0.07979169	-0.03717979	0.95994186	0	0	0.39	-1.1823078e-18
3.880058259662327e-09	0.048253443	0.064077966	0.9584387	0	0	0.39	-9.210634e-19
3.890018902760809e-09	-0.057901505	0.04823629	0.9609331	0	0	0.39	-2.7621804e-18
3.9000286252960055e-09	-0.03339322	-0.040563893	0.9640878	0	0	0.39	-1.2875953e-18
3.910014711146137e-09	0.030751523	-0.026724238	0.96215653	0	0	0.39	-1.2346095e-18
3.9200307041782195e-09	0.03032149	0.02622402	0.9617582	0	0	0.39	-6.299402e-19
3.930016237694023e-09	-0.026764018	0.037563432	0.960904	0	0	0.39	-1.638643e-18
3.9400360737709175e-09	-0.05938221	-0.015842106	0.9595156	0	0	0.39	-6.655961e-19
3.950027017339362e-09	0.010497524	-0.06514585	0.9558708	0	0	0.39	-1.23259e-18
3.960020006053282e-09	0.054786395	0.03207672	0.9590823	0	0	0.39	-9.103516e-19
3.970055143576179e-09	-0.012944824	0.04799471	0.96033645	0	0	0.39	-2.3210665e-18
3.980056156465755e-09	-0.03853359	-0.017806752	0.9615038	0	0	0.39	-1.5131678e-18
3.990055390996971e-09	0.0037355493	-0.029988078	0.9605773	0	0	0.39	-4.66547e-19
4.0000415177728476e-09	0.020707471	0.004254086	0.9591579	0	0	0.39	-1.3921985e-18
4.010009396521524e-09	0.010655314	0.009139923	0.9600634	0	0	0.39	-1.1985363e-18
4.020004282436471e-09	-0.007369384	0.022180492	0.9614031	0	0	0.39	-1.6890603e-18
4.030030537599093e-09	-0.0129482895	-0.0069771037	0.9629865	0	0	0.39	-1.9079868e-18
4.040000609505772e-09	0.017658181	-0.0111067705	0.963085	0	0	0.39	-5.3735426e-19
4.050055803704136e-09	0.011581183	0.019919109	0.9646019	0	0	0.39	-1.1291892e-18
4.060031519737027e-09	-0.012052513	0.0077446527	0.9661859	0	0	0.39	-1.1958304e-18
4.070026204993678e-09	-0.008277129	-0.0017417017	0.9670848	0	0	0.39	-6.5519994e-19
4.080006835320832e-09	-0.001179622	0.0058958717	0.965302	0	0	0.39	-1.4783343e-18
4.090015358570795e-09	-0.0020283842	-0.023967281	0.96237105	0	0	0.39	-1.7419024e-18
4.100032520128353e-09	0.019236011	-0.005955589	0.96323776	0	0	0.39	-1.2596051e-18
4.110021286659343e-09	0.0075905677	0.021080086	0.96395594	0	0	0.39	-1.2856105e-18
4.120044252685121e-09	-0.024081884	-0.0018063344	0.96338254	0	0	0.39	-5.7901604e-19
4.130030811807737e-09	-0.004909851	-0.027716637	0.9640589	0	0	0.39	-1.8632684e-18
4.140020169096589e-09	0.019764816	-0.00562093	0.96312124	0	0	0.39	-7.429436e-19
4.150010605928322e-09	-0.00016476134	0.03523321	0.96464473	0	0	0.39	-1.700124e-18
4.160047036109151e-09	-0.023991946	0.0047238735	0.967624	0	0	0.39	-1.4499524e-18
4.1700112576678896e-09	-0.020003311	-0.03684852	0.966768	0	0	0.39	-1.390828e-18
4.180064010391809e-09	0.033095054	-0.0022859033	0.9649782	0	0	0.39	-7.9846716e-19
4.1900467471640566e-09	0.01853257	0.025439829	0.9614462	0	0	0.39	-5.9764213e-19
4.2000159995673354e-09	-0.04362184	0.039098486	0.9625707	0	0	0.39	-8.884062e-19
4.21003690086682e-09	-0.03451645	-0.034151886	0.965344	0	0	0.39	-1.908938e-18
4.220004140896562e-09	0.026384298	-0.048575297	0.96283287	0	0	0.39	-1.0521402e-18
4.230049996754925e-09	0.04976776	0.0318699	0.9625347	0	0	0.39	-9.575811e-19
4.24003499018447e-09	-0.026081545	0.046051618	0.96312636	0	0	0.39	-1.4219555e-18
4.250049097180094e-09	-0.040803004	-0.01734164	0.96204287	0	0	0.39	-1.9359939e-18
4.2600207399429724e-09	0.0058517302	-0.020221794	0.9659317	0	0	0.39	-1.5803223e-18
4.270028237524561e-09	-0.00070012046	0.0021271973	0.9666016	0	0	0.39	-1.4643522e-18
4.2800231012529495e-09	-0.005550845	0.00076800294	0.9654935	0	0	0.39	-1.589814e-18
4.290048340455279e-09	-0.00045356757	0.007635334	0.9665341	0	0	0.39	-8.5707973e-19
4.30002258852886e-09	-0.00031896823	-0.006226269	0.965435	0	0	0.39	-1.2117564e-18
4.3100340484001826e-09	0.0075662583	-0.007971724	0.9697141	0	0	0.39	-1.9275265e-18
4.320044541111746e-09	-0.0013517569	0.022350175	0.97020674	0	0	0.39	-1.5348329e-18
4.330047020602706e-09	-0.03916902	-0.020079322	0.96804225	0	0	0.39	-1.7061624e-18
4.340037430832599e-09	0.021765674	-0.03335124	0.96515757	0	0	0.39	-1.1531025e-18
4.3500361078825755e-09	0.03486254	0.03309816	0.96288264	0	0	0.39	-9.34782e-19
4.3600562279788205e-09	-0.025729947	0.03977587	0.9640479	0	0	0.39	-5.6435245e-19
4.370035375492626e-09	-0.050724726	0.00053064927	0.9633415	0	0	0.39	-6.1237044e-19
4.380029153620907e-09	-0.03268529	-0.042963132	0.9644295	0	0	0.39	-1.2198474e-18
4.390032822726826e-09	0.03306733	-0.028453855	0.966477	0	0	0.39	-9.764701e-19
4.4000217920994375e-09	0.03809311	0.028115503	0.96715844	0	0	0.39	-2.0080824e-19
4.410033580843626e-09	-0.018491872	0.045173805	0.9671193	0	0	0.39	-4.7449515e-19
4.420004562112214e-09	-0.047183003	-0.00070730573	0.9611897	0	0	0.39	-4.930615e-19
4.430043000647313e-09	-0.0043424717	-0.045765523	0.9646411	0	0	0.39	-1.3105957e-18
4.440044316799824e-09	0.036001883	-0.00079595105	0.9663938	0	0	0.39	-1.6700068e-18
4.450001525836202e-09	0.0051273466	0.011025394	0.9672524	0	0	0.39	-1.9222786e-18
4.460002581272448e-09	-0.005410298	-0.0019318388	0.9685657	0	0	0.39	-1.4699626e-18
4.4700082304798914e-09	-0.013313045	-0.005107387	0.9688136	0	0	0.39	-1.3094669e-18
4.480046635406638e-09	0.013897547	-0.011483106	0.9674801	0	0	0.39	-1.063431e-18
4.490024100877011e-09	0.0040073935	0.0076985653	0.96696615	0	0	0.39	-1.5864577e-18
4.500013032650122e-09	-0.014215704	0.010663919	0.96841574	0	0	0.39	-1.8602593e-18
4.510043376446673e-09	-0.008969479	-0.014959008	0.9694916	0	0	0.39	-1.0932795e-18
4.520053502224492e-09	0.004322194	0.003919451	0.96660227	0	0	0.39	-1.2310057e-18
4.530024958872947e-09	-0.01167147	-0.0015858309	0.9679589	0	0	0.39	5.4208202e-20
4.540057462417374e-09	0.011646442	-0.008487639	0.9659249	0	0	0.39	-8.406181e-19
4.550008814643084e-09	0.0013449204	0.021680562	0.9665956	0	0	0.39	-1.3207376e-18
4.560043047814482e-09	0.006627151	-0.00084236456	0.9664753	0	0	0.39	-1.7189105e-18
4.57005266359682e-09	0.010783547	-0.00081891613	0.96825373	0	0	0.39	-1.7512632e-18
4.580052321991848e-09	-0.005526289	0.01669739	0.9667857	0	0	0.39	-1.729847e-18
4.590031766707512e-09	-0.022589307	-0.022583665	0.96430296	0	0	0.39	-9.818799e-19
4.60003283794414e-09	0.021130309	-0.010073649	0.963984	0	0	0.39	-1.8096418e-18
4.610020026912878e-09	0.01375122	0.0077109947	0.9673728	0	0	0.39	-1.6100359e-18
4.620035719774752e-09	-0.0016214977	-0.0068234336	0.96533865	0	0	0.39	-1.8421172e-18
4.630043557263478e-09	0.009219844	0.005535398	0.96695936	0	0	0.39	-6.1540056e-19
4.640013724603155e-09	-0.01276804	0.012580256	0.96681184	0	0	0.39	-2.1144112e-18
4.650008373369891e-09	-0.010642691	-0.030717615	0.96589977	0	0	0.39	-8.570377e-19
4.660052153141758e-09	0.049154546	0.0033233634	0.9642543	0	0	0.39	1.9564981e-19
4.670036333003421e-09	-0.0061451374	0.044822797	0.9650234	0	0	0.39	-1.7188508e-18
4.680010471400764e-09	-0.031154279	-0.0057927077	0.96218765	0	0	0.39	-2.3284408e-18
4.690034246151489e-09	-0.0055800998	-0.006322572	0.9645578	0	0	0.39	-1.3640043e-18
4.700035429623756e-09	0.0044804793	-0.0016648324	0.9654326	0	0	0.39	-1.0119641e-18
4.7100111225792554e-09	0.020882517	0.0027906671	0.9663824	0	0	0.39	-1.354978e-18
4.720001252737624e-09	0.009887858	0.02100437	0.96460986	0	0	0.39	-3.0449064e-19
4.7300630311627725e-09	-0.02465902	0.017779352	0.96547127	0	0	0.39	-3.8903754e-19
4.740056777885332e-09	-0.016142035	-0.0290937	0.9655296	0	0	0.39	-1.1772104e-18
4.750049848797818e-09	0.03974414	0.006716781	0.96468335	0	0	0.39	-8.887774e-19
4.760054513532388e-09	-8.68933e-05	0.019282728	0.9611414	0	0	0.39	-1.112246e-18
4.7700249775879255e-09	-0.010809767	-0.0036976463	0.964017	0	0	0.39	-1.0014222e-18
4.780029511379111e-09	0.0053012925	0.0042808196	0.96587145	0	0	0.39	-1.7775605e-18
4.790054418889087e-09	-0.016374318	0.008650659	0.9630819	0	0	0.39	-1.5228947e-18
4.800027510716418e-09	-0.006738691	-0.027834238	0.9645658	0	0	0.39	-2.0470543e-18
4.810052976142356e-09	0.0065578944	-0.020896787	0.96625626	0	0	0.39	-6.572267e-19
4.820057703958072e-09	0.014773323	-0.002557025	0.968193	0	0	0.39	-2.1535848e-18
4.830056906079775e-09	0.0026108243	0.010009752	0.9683519	0	0	0.39	-1.209075e-18
4.840032908106521e-09	-0.010645284	0.0004512782	0.96720487	0	0	0.39	-1.2395703e-18
4.850053626707289e-09	0.002278079	-0.017570963	0.9656383	0	0	0.39	-1.0518949e-18
4.860021568231653e-09	0.018434975	0.023654401	0.9622847	0	0	0.39	-9.609872e-19
4.870056607681279e-09	-0.04449684	0.016177872	0.9627466	0	0	0.39	-1.9927848e-18
4.8800389331137295e-09	-0.020732537	-0.042343557	0.96472305	0	0	0.39	-2.0315543e-18
4.8900132220529465e-09	0.031193988	-0.015247859	0.96426946	0	0	0.39	-1.0819402e-18
4.900017757623182e-09	-0.0032560732	0.02379763	0.9658462	0	0	0.39	-1.991465e-18
4.910052549426458e-09	-0.020449808	-0.009617437	0.9666655	0	0	0.39	-1.3103759e-18
4.9200465428221695e-09	-0.0010283568	0.004517177	0.9661169	0	0	0.39	-1.1042717e-18
4.930036865563768e-09	-0.00018155809	0.0022868179	0.9628093	0	0	0.39	-1.4376628e-18
4.940055614288337e-09	0.017460583	0.009359838	0.9650375	0	0	0.39	-1.9581696e-18
4.9500115239064304e-09	-0.02685049	0.030300366	0.96841747	0	0	0.39	-1.541604e-18
4.960024202993786e-09	-0.014229441	-0.015921578	0.9633722	0	0	0.39	-1.997869e-18
4.970040678977976e-09	0.026126279	-0.014638353	0.9647184	0	0	0.39	-1.9884907e-18
4.980035059236287e-09	0.012590013	0.021235175	0.964774	0	0	0.39	-8.976318e-19
4.9900400276381e-09	-0.012271363	0.013092422	0.96466607	0	0	0.39	-1.135478e-18
5.000006961587692e-09	-0.02966303	-0.019221315	0.9627193	0	0	0.39	-1.2133022e-18
5.010052282686477e-09	0.0035106202	-0.02844876	0.96296376	0	0	0.39	-9.046928e-19
5.0200398111374814e-09	0.026711402	0.005032621	0.961371	0	0	0.39	-1.824492e-18
5.030056043476358e-09	-0.00020020701	0.015699357	0.9647267	0	0	0.39	-1.7535098e-18
5.0400368808783505e-09	-0.017746428	-0.011031781	0.9657549	0	0	0.39	-9.216025e-19
5.050023875689794e-09	0.018843712	-0.02453644	0.9662869	0	0	0.39	-1.8377025e-18
5.060057228944579e-09	0.018134445	0.015701035	0.9658391	0	0	0.39	-4.0907206e-19
5.070006529824072e-09	-0.002194576	0.004136365	0.9670306	0	0	0.39	-1.413045e-18
5.080005321049318e-09	0.0003752462	0.0059061544	0.9672892	0	0	0.39	-1.3194751e-18
5.090020343322706e-09	-0.010043567	-0.005739637	0.9673987	0	0	0.39	-2.1620504e-18
5.100007880047023e-09	0.006520107	0.012830175	0.9654208	0	0	0.39	-1.879232e-18
5.110011203485105e-09	-0.0065279007	0.009536558	0.9634829	0	0	0.39	-1.7146879e-19
5.120055415045666e-09	-0.0025458124	0.0077000447	0.9645368	0	0	0.39	-2.0836571e-19
5.1300444267452965e-09	-0.005391161	0.00061675924	0.9639135	0	0	0.39	-1.9223957e-18
5.140023402586378e-09	-0.0089018755	-0.021546684	0.9662384	0	0	0.39	-1.0372583e-18
5.150053399159887e-09	0.009158784	-0.0025731202	0.9675526	0	0	0.39	-2.0659773e-18
5.160031644337389e-09	0.01041404	0.003932401	0.9692368	0	0	0.39	-1.5767994e-18
5.170005011078246e-09	-0.006548738	0.008489315	0.96738654	0	0	0.39	-1.44457e-18
5.180011091034675e-09	-0.016432721	-0.013239086	0.9666765	0	0	0.39	-7.0174793e-19
5.1900484428609485e-09	0.0015076721	-0.021120245	0.96761256	0	0	0.39	-1.4031932e-18
5.200058247757674e-09	0.021741636	-0.01010625	0.9659729	0	0	0.39	-1.0125408e-18
5.210028849561493e-09	0.010430656	0.01991477	0.96688324	0	0	0.39	-1.6368314e-18
5.220049416408778e-09	-0.013002675	0.0060492526	0.9660901	0	0	0.39	-5.8489176e-19
5.230007529564652e-09	-0.01222509	-0.009995743	0.9659865	0	0	0.39	-1.7740654e-18
5.2400023141141365e-09	0.02396507	-0.026992965	0.96522385	0	0	0.39	-2.3679919e-18
5.250052107288413e-09	0.03366593	0.029030288	0.9662514	0	0	0.39	-1.3275635e-18
5.260050127982756e-09	-0.008754136	0.019724857	0.9651567	0	0	0.39	-1.4793092e-18
5.270042927523629e-09	-0.012844354	-0.0041727163	0.96351296	0	0	0.39	-8.1042007e-19
5.2800377698568805e-09	0.013021879	-0.018405916	0.96423984	0	0	0.39	-1.727288e-18
5.290047948389665e-09	0.0039684684	0.00617319	0.9666886	0	0	0.39	-1.0832105e-18
5.300022849624591e-09	-0.0019336134	0.007569138	0.9636746	0	0	0.39	-1.6614069e-18
5.310040241500127e-09	-0.009765661	0.0052251136	0.9619627	0	0	0.39	-1.2441151e-18
5.320020948722074e-09	-0.0040884553	-0.017615164	0.95941305	0	0	0.39	-9.153882e-19
5.330061399864142e-09	0.0150575	0.0003580868	0.96110284	0	0	0.39	-8.105351e-19
5.3400532273164186e-09	-0.008329217	0.010058718	0.96478814	0	0	0.39	-1.7585287e-18
5.350027206859574e-09	-0.0072152438	-0.0123478165	0.9649045	0	0	0.39	-1.4062754e-18
5.360031212902474e-09	0.012884078	-0.016550584	0.9623368	0	0	0.39	-9.466321e-19
5.370010878527381e-09	0.028317329	0.015587515	0.96320605	0	0	0.39	-1.1017236e-18
5.380003823805909e-09	-0.024440153	0.014926813	0.96443635	0	0	0.39	-1.0666458e-18
5.390050606034816e-09	-0.020062052	-0.008626199	0.9654308	0	0	0.39	-2.6269106e-18
5.400058562697018e-09	0.010464242	-0.019182818	0.9649452	0	0	0.39	-6.0997637e-19
5.410046857188499e-09	0.0016949752	0.0047702873	0.9628731	0	0	0.39	-1.156458e-18
5.420024044740249e-09	-0.0014789845	0.0006711389	0.96375036	0	0	0.39	-1.6421345e-18
5.430047110334752e-09	-0.010263158	0.008420422	0.960178	0	0	0.39	-1.2212508e-18
5.4400539524276966e-09	-0.010244215	-0.018552661	0.9585705	0	0	0.39	-9.530063e-19
5.450059581041117e-09	0.028203344	-0.021284163	0.9594289	0	0	0.39	-1.845384e-18
5.4600092468600855e-09	0.0228587	0.043118455	0.96163386	0	0	0.39	-1.449527e-18
5.470016958766947e-09	-0.037268534	0.007651415	0.96220106	0	0	0.39	-5.073929e-19
5.480051302513858e-09	-0.00901763	-0.01803254	0.9618648	0	0	0.39	-9.938861e-19
5.490057755450286e-09	-0.0036927222	-0.00810819	0.9672737	0	0	0.39	-7.3826945e-19
5.500026257025482e-09	0.01408281	-0.025005916	0.9669815	0	0	0.39	-1.999999e-18
5.510045596152524e-09	0.022530584	0.023023041	0.9659242	0	0	0.39	-7.968062e-19
5.5200448238649376e-09	-0.040985227	0.027241528	0.9663782	0	0	0.39	-4.9802115e-19
5.5300187942139294e-09	-0.051784657	-0.019342959	0.9623339	0	0	0.39	-8.6502247e-19
5.5400576664472545e-09	0.028311513	-0.06347346	0.9615611	0	0	0.39	-1.928094e-18
5.550052401901191e-09	0.056396846	0.032021925	0.96245784	0	0	0.39	-2.0202385e-18
5.56001739240167e-09	-0.032123968	0.049977243	0.9634028	0	0	0.39	-1.1565916e-18
5.570059721151619e-09	-0.036995444	-0.02153948	0.9647373	0	0	0.39	-2.1740941e-18
5.580060998023936e-09	0.021483362	-0.034518506	0.96311384	0	0	0.39	-1.5377769e-18
5.590047313579472e-09	0.020782372	-0.0021263526	0.96538734	0	0	0.39	-1.8900767e-18
5.600014350440835e-09	0.010808148	0.026505882	0.9683994	0	0	0.39	-2.5765648e-18
5.6100405688238605e-09	-0.025605282	0.010776746	0.9662145	0	0	0.39	-1.0540711e-18
5.620005111966623e-09	-0.014189251	-0.019662004	0.96830714	0	0	0.39	-1.0555724e-18
5.630008581061023e-09	0.0134707205	-0.014350674	0.9701224	0	0	0.39	-1.2489171e-18
5.640000721765668e-09	0.014528467	0.01509482	0.9696941	0	0	0.39	-1.1176759e-18
5.65003436634918e-09	-0.029498875	0.019897657	0.96877015	0	0	0.39	-1.2830615e-18
5.660008162678913e-09	-0.032769468	-0.03194259	0.9673356	0	0	0.39	-2.9272288e-19
5.6700440986917804e-09	0.01194182	-0.032762315	0.9671947	0	0	0.39	-7.2839333e-19
5.68000103176221e-09	0.03306148	0.02626996	0.96682227	0	0	0.39	-9.342544e-19
5.6900075752049575e-09	-0.022337588	0.029572934	0.96879977	0	0	0.39	-2.9478434e-18
5.700020916744708e-09	-0.032756455	-0.010616617	0.96589506	0	0	0.39	-2.7587998e-18
5.7100211030797874e-09	-0.0032489416	-0.018563418	0.9645942	0	0	0.39	-1.4399539e-18
5.7200172947173564e-09	0.013833107	-0.0045150355	0.9643027	0	0	0.39	-9.074368e-19
5.73006394063585e-09	0.016333941	0.021890841	0.96445197	0	0	0.39	-1.0288268e-18
5.740045180628207e-09	-0.017060021	0.011541066	0.9649323	0	0	0.39	-9.367909e-19
5.750038446585168e-09	-0.013460821	-0.027389057	0.96689475	0	0	0.39	-1.2953069e-18
5.760045694677056e-09	0.0125784725	-0.01413424	0.9676516	0	0	0.39	-1.4746036e-18
5.7700459146312595e-09	-0.00022903275	-0.0024310392	0.96681136	0	0	0.39	-1.6529577e-18
5.780008141129697e-09	0.012667865	0.00080630404	0.96873426	0	0	0.39	-1.2184479e-18
5.790059205764139e-09	-0.0012301848	0.016942529	0.96367455	0	0	0.39	-2.715775e-19
5.80003574385478e-09	-0.013469544	-0.017027045	0.9656917	0	0	0.39	-8.363055e-19
5.8100129826110245e-09	0.01600213	-0.013896204	0.96584874	0	0	0.39	-8.0528525e-19
5.8200115642059086e-09	0.006198445	0.017210333	0.9660147	0	0	0.39	-1.0023662e-18
5.830015822381368e-09	-0.009025542	-0.006036271	0.9659383	0	0	0.39	-1.0708335e-18
5.840038085428625e-09	-0.010125314	-0.026019199	0.9608428	0	0	0.39	-8.970057e-19
5.85002344247183e-09	0.006528064	0.0010995712	0.963634	0	0	0.39	-1.713399e-18
5.860066178042329e-09	-0.0038584694	0.0041424427	0.96202457	0	0	0.39	-9.785459e-19
5.870009600559986e-09	-0.0077273035	-0.004724883	0.9608336	0	0	0.39	-7.0282704e-19
5.880005012177903e-09	-0.00266543	0.0016067671	0.96307886	0	0	0.39	-1.6119792e-18
5.890017075643927e-09	0.018064056	-0.0016677345	0.9636922	0	0	0.39	-9.16083e-19
5.900062452258243e-09	0.00648773	0.043435805	0.9648953	0	0	0.39	-7.4668896e-19
5.910002294289329e-09	-0.040956244	0.023854677	0.9625584	0	0	0.39	-7.905468e-19
5.920007006181252e-09	-0.015195109	-0.059104037	0.95856166	0	0	0.39	-6.030361e-19
5.93003210584087e-09	0.061760657	-0.014934606	0.9615071	0	0	0.39	-1.5695574e-18
5.940047803499343e-09	0.008654549	0.061177254	0.96160495	0	0	0.39	-1.0810925e-18
5.950030613613377e-09	-0.04674076	0.008160759	0.96211827	0	0	0.39	-1.0233083e-18
5.960060219644048e-09	-0.027885502	-0.020944005	0.966711	0	0	0.39	-8.0116966e-19
5.97005916279512e-09	0.032655966	-0.030161012	0.9666489	0	0	0.39	-1.0479925e-18
5.980052585728787e-09	0.03679902	0.016716514	0.96221745	0	0	0.39	-1.7815802e-18
5.990059645740104e-09	-0.0113130035	0.018385543	0.9638933	0	0	0.39	-9.344099e-19
6.000021718867355e-09	-0.0068169944	-0.008419218	0.96536475	0	0	0.39	-1.4374993e-18
6.010038745871662e-09	0.0044933525	-0.0031554366	0.9654321	0	0	0.39	-1.3031112e-18
6.020038695211543e-09	-0.006702281	0.0004234868	0.9668999	0	0	0.39	-1.9818757e-18
6.030056507789777e-09	-0.0026924985	0.0025886544	0.9665144	0	0	0.39	-1.0419129e-18
6.040005962650814e-09	0.000756131	-0.0014248558	0.9638917	0	0	0.39	-1.8056323e-18
6.050061900016834e-09	-0.0018806446	0.008015834	0.9644908	0	0	0.39	-1.3779836e-18
6.060054736275516e-09	-0.005162064	-0.0076550758	0.96566254	0	0	0.39	-9.413044e-19
6.070030093913583e-09	0.004013174	-0.00057357637	0.9607903	0	0	0.39	-1.7476101e-18
6.080042726724491e-09	0.005240888	-0.0005714952	0.96747124	0	0	0.39	-2.15634e-18
6.090006611015286e-09	-0.0134922275	0.01441708	0.9636345	0	0	0.39	-1.5823337e-18
6.100029196315163e-09	-0.015794972	0.0070785875	0.96595657	0	0	0.39	-1.4532891e-18
6.110063467764862e-09	-0.0005895962	-0.016125817	0.96895653	0	0	0.39	-1.862721e-18
6.120054758389338e-09	0.028816994	0.026162576	0.965603	0	0	0.39	-1.6732691e-18
6.13001828286891e-09	-0.018906308	0.020729808	0.96756554	0	0	0.39	-1.2299653e-18
6.14004810300545e-09	-0.01965467	-0.019162914	0.9630046	0	0	0.39	-1.771799e-18
6.150028765194031e-09	0.01019699	-0.022785177	0.96257764	0	0	0.39	-1.0251362e-18
6.160036892017323e-09	0.024161652	0.0067918045	0.9611534	0	0	0.39	-1.4132355e-18
6.170059269051232e-09	-0.015559809	0.010745004	0.96134114	0	0	0.39	-1.1459732e-18
6.180003881123601e-09	-0.008592416	-0.017696353	0.96177816	0	0	0.39	-2.597575e-18
6.19004995356775e-09	0.013366611	-0.005200694	0.96324456	0	0	0.39	-9.436629e-19
6.20005754215309e-09	0.00071378297	0.01846852	0.96398526	0	0	0.39	-3.785765e-20
6.210056657129848e-09	-0.007827582	0.0046408633	0.9659869	0	0	0.39	2.6498157e-19
6.22002933888172e-09	-0.0046332013	-0.009781223	0.9693445	0	0	0.39	-8.292593e-19
6.230019013166566e-09	0.018373495	0.0064033903	0.96638227	0	0	0.39	-1.0708759e-18
6.2400131781050834e-09	0.026720127	0.015757186	0.96738183	0	0	0.39	-1.2593648e-18
6.250036933082813e-09	-0.018367117	0.053817626	0.9652407	0	0	0.39	-1.308531e-18
6.260044416337768e-09	-0.041701414	-0.012434591	0.9675677	0	0	0.39	-1.8295552e-18
6.270047280213274e-09	-0.004351778	-0.038212232	0.9668323	0	0	0.39	-1.3467644e-18
6.2800194175432685e-09	0.042275526	-0.0038994192	0.96337545	0	0	0.39	-1.1696666e-18
6.290043110514666e-09	0.0002688011	0.054576214	0.96288955	0	0	0.39	-1.8833093e-18
6.300006092044484e-09	-0.048282314	0.004491498	0.96437323	0	0	0.39	-2.1002806e-18
6.3100432089473336e-09	-0.0068814084	-0.039805345	0.96670276	0	0	0.39	-7.881659e-19
6.320056905505739e-09	0.036239557	-0.017833462	0.96699804	0	0	0.39	-6.777696e-19
6.330030463723047e-09	0.012472719	0.021123566	0.96531904	0	0	0.39	-1.3706542e-18
6.340035852025881e-09	-0.023399236	0.010561267	0.9675263	0	0	0.39	-2.2195216e-18
6.3500093208106585e-09	-0.010265783	-0.035355862	0.96600175	0	0	0.39	-1.4354338e-18
6.360029115872622e-09	0.04474581	-0.0076202396	0.96694976	0	0	0.39	-1.1431822e-18
6.3700434034162476e-09	0.0074323737	0.06510277	0.9662746	0	0	0.39	-1.0422067e-18
6.380028928009055e-09	-0.059010867	0.02069529	0.9663088	0	0	0.39	-7.57379e-19
6.390009006862307e-09	-0.023590125	-0.063627474	0.9620771	0	0	0.39	-5.6106405e-19
6.400058049850355e-09	0.045480516	-0.023068974	0.9642303	0	0	0.39	-1.768733e-18
6.4100494651421475e-09	0.034945104	0.037476346	0.9646954	0	0	0.39	-4.699204e-19
6.420040405677303e-09	-0.028191341	0.045736566	0.96589816	0	0	0.39	-1.950468e-18
6.430006768603089e-09	-0.0466489	-0.0013311951	0.9664215	0	0	0.39	-1.9249998e-18
6.440000099860744e-09	-0.011759692	-0.046415675	0.96879524	0	0	0.39	-1.2468491e-18
6.45002530489495e-09	0.032724574	-0.015604155	0.9672656	0	0	0.39	-1.3954053e-18
6.4600405806538925e-09	0.019912785	0.04287015	0.9689286	0	0	0.39	-2.2136375e-18
6.470040925242571e-09	-0.026063165	0.025082499	0.9660532	0	0	0.39	-4.478021e-19
6.480011034888097e-09	-0.020009868	-0.030009756	0.9652862	0	0	0.39	-8.904213e-19
6.4900261979714535e-09	0.035151232	-0.018172966	0.96719587	0	0	0.39	-9.885763e-19
6.500013107833143e-09	0.030682247	0.03277072	0.9660469	0	0	0.39	-1.7726942e-18
6.5100406423716235e-09	-0.026042912	0.011484327	0.96599907	0	0	0.39	-2.2227549e-18
6.520047288372795e-09	-0.005154281	-0.006761063	0.966241	0	0	0.39	-1.1268163e-18
6.53006031134839e-09	0.0071290783	-0.0053597623	0.96682936	0	0	0.39	-7.142414e-19
6.540043742504325e-09	0.006016339	0.010923315	0.9663656	0	0	0.39	-1.2957891e-18
6.550005549081519e-09	-0.013067263	0.014608346	0.9654938	0	0	0.39	-1.9867859e-18
6.5600513622839865e-09	-0.023492634	-0.0017576981	0.9649691	0	0	0.39	-9.65079e-19
6.5700585460121746e-09	-0.014040888	-0.027601115	0.96406096	0	0	0.39	-1.4063234e-18
6.580039136796426e-09	0.022721149	-0.021262959	0.96335894	0	0	0.39	-8.808685e-19
6.590017024570898e-09	0.02148093	0.0078864	0.9664474	0	0	0.39	-1.3966135e-18
6.600015837242548e-09	0.0103272805	0.014330044	0.9672393	0	0	0.39	-1.0104845e-18
6.610030769745148e-09	-0.02370035	0.022997674	0.96559346	0	0	0.39	-1.4289954e-18
6.620054037636696e-09	-0.027623584	-0.022977062	0.9649854	0	0	0.39	-1.3649839e-18
6.630005464056154e-09	0.025008488	-0.026783083	0.9665001	0	0	0.39	-1.4590145e-18
6.640024347120934e-09	0.024856413	0.021585034	0.9646411	0	0	0.39	-1.8377062e-18
6.650041654172916e-09	-0.00430371	0.023108222	0.96348417	0	0	0.39	-1.560482e-18
6.660048113703651e-09	-0.008626687	0.0022217745	0.96455824	0	0	0.39	-5.0070483e-19
6.6700304913049604e-09	-0.0021695949	-0.00766778	0.96554947	0	0	0.39	-8.1079473e-19
6.680005253970607e-09	0.014209089	-0.004966616	0.9666324	0	0	0.39	-1.851098e-18
6.6900145364130716e-09	-0.003818439	0.019015735	0.96738875	0	0	0.39	-1.7301883e-18
6.700050507527037e-09	-0.025986431	3.7735906e-06	0.96871036	0	0	0.39	-1.7745727e-18
6.7100591645034375e-09	-0.008469248	-0.030888384	0.96461296	0	0	0.39	-1.5034625e-18
6.720026629218749e-09	0.030811587	0.0006623321	0.9643043	0	0	0.39	-8.1606196e-19
6.730019696229131e-09	-0.0043471316	0.026120355	0.9660282	0	0	0.39	-1.0516909e-18
6.7400081301985985e-09	-0.017235393	0.0062987604	0.9638565	0	0	0.39	-1.4083252e-18
6.750037747686576e-09	-0.0031447234	-0.005452426	0.965822	0	0	0.39	-1.6375045e-18
6.760031500205123e-09	0.0061083566	-0.002708008	0.9644114	0	0	0.39	-5.1327343e-19
6.77005377599994e-09	0.0074221864	0.00637772	0.9689713	0	0	0.39	-1.6361824e-18
6.7800251482741264e-09	0.0022942154	0.00052903674	0.9672269	0	0	0.39	-1.0257724e-18
6.790051972053148e-09	0.003180784	0.020220825	0.9643437	0	0	0.39	-1.2615427e-18
6.800024395194325e-09	-0.025143148	0.015917754	0.9652368	0	0	0.39	7.312554e-20
6.810047574216389e-09	0.007891459	-0.024900934	0.96587366	0	0	0.39	-1.4034281e-18
6.820014554725624e-09	0.017804725	0.0137439845	0.96662533	0	0	0.39	-1.2665603e-18
6.8300046610238745e-09	-0.002638964	0.016991345	0.96954614	0	0	0.39	-1.2721643e-18
6.840054656275866e-09	-0.023666816	-0.000102425445	0.9672474	0	0	0.39	-1.7151535e-18
6.850016985124066e-09	-0.0050988127	-0.012828	0.9662462	0	0	0.39	-1.0871761e-18
6.8600405471731165e-09	0.0014420924	-0.0009127829	0.968636	0	0	0.39	-1.3225667e-18
6.870006929688077e-09	0.0010804133	-0.010274735	0.9659702	0	0	0.39	-1.3565477e-18
6.880002094325604e-09	0.003306652	0.0038021826	0.9640095	0	0	0.39	-1.3222831e-18
6.890046228126754e-09	0.0033636813	0.0023651025	0.9633878	0	0	0.39	-2.0144623e-18
6.900031192403229e-09	-0.0061317016	0.007512159	0.96360666	0	0	0.39	-1.8886053e-18
6.910061607978182e-09	-0.008313441	-0.0011651763	0.96416813	0	0	0.39	-1.0931155e-18
6.920018209989506e-09	-0.016924888	-0.012776976	0.96390146	0	0	0.39	-1.9076218e-18
6.930009272723419e-09	0.027431795	-0.026841171	0.96161926	0	0	0.39	-8.3650335e-19
6.940019593387777e-09	0.033278074	0.019929258	0.96159446	0	0	0.39	-1.1831637e-18
6.950040383179371e-09	-0.029568654	0.052421127	0.9598783	0	0	0.39	-2.1031646e-18
6.960022752259192e-09	-0.040680375	-0.020151429	0.95663136	0	0	0.39	-1.0703796e-18
6.970002484035481e-09	0.01904203	-0.022125738	0.95881015	0	0	0.39	-1.395027e-18
6.9800009097478295e-09	0.0100169815	-0.0042471415	0.96051234	0	0	0.39	-1.4575456e-18
6.990064166036643e-09	0.01132777	0.0036559128	0.9571122	0	0	0.39	-7.7316e-19
7.000017834535447e-09	-0.0019833224	0.0034086022	0.95613116	0	0	0.39	-5.1522035e-19
7.0100478158520544e-09	-0.0033482371	-0.011471703	0.9603741	0	0	0.39	-1.9379913e-18
7.020025553060317e-09	0.014420329	-0.004914459	0.960564	0	0	0.39	-1.6915438e-18
7.030007530394699e-09	0.012740287	0.01733979	0.95997965	0	0	0.39	-8.718013e-19
7.04000656030534e-09	-0.026054211	0.017709859	0.9563621	0	0	0.39	-1.2035e-18
7.050023021317569e-09	-0.011469858	-0.036805723	0.9589251	0	0	0.39	-1.7439254e-18
7.060028167078697e-09	0.021774583	0.006827508	0.96073025	0	0	0.39	-1.7363642e-18
7.070020859315626e-09	6.547361e-05	0.005658955	0.96294063	0	0	0.39	-1.8540674e-18
7.08004283938784e-09	-0.0017592378	0.005095634	0.96303564	0	0	0.39	-4.590402e-19
7.0900337098451005e-09	-0.0043275943	-1.3125941e-05	0.964717	0	0	0.39	-5.4967997e-19
7.1000274314272065e-09	-0.0070601385	-0.012989965	0.96441114	0	0	0.39	-7.860201e-19
7.110042753884042e-09	0.017060172	0.0029304614	0.9624858	0	0	0.39	-1.4687634e-18
7.120062247517309e-09	-0.0062993607	0.019195043	0.96290445	0	0	0.39	-5.1542317e-19
7.130057529643347e-09	-0.022685098	-0.009525003	0.96313137	0	0	0.39	-1.6774162e-18
7.1400491648861074e-09	0.012123928	-0.04087565	0.96275645	0	0	0.39	-9.712614e-19
7.150010355329524e-09	0.023647811	-0.0029479172	0.96521854	0	0	0.39	3.2846797e-19
7.1600295876567534e-09	-0.0029268805	0.02211615	0.96457285	0	0	0.39	-1.6180826e-19
7.1700196130062235e-09	-0.007755007	-0.0029497559	0.9645886	0	0	0.39	-4.6367516e-19
7.1800115451459495e-09	-0.00458628	0.016439378	0.9658513	0	0	0.39	-2.031421e-18
7.190044720555286e-09	-0.007141368	-0.03046598	0.96471506	0	0	0.39	-5.517981e-19
7.200032636562154e-09	0.046128273	-0.004573259	0.9659284	0	0	0.39	-7.0432625e-19
7.21001547577344e-09	0.00414001	0.025227373	0.9679303	0	0	0.39	-1.0421048e-18
7.2200051374394405e-09	-0.0314661	-0.0074698287	0.9662885	0	0	0.39	-1.0037359e-18
7.230042758902438e-09	0.01660233	-0.041172333	0.96677214	0	0	0.39	-1.8917873e-18
7.240046769883261e-09	0.014653509	0.015496806	0.9663008	0	0	0.39	-1.8355266e-18
7.2500542813301054e-09	-0.012877304	0.016348625	0.9666359	0	0	0.39	-4.05561e-19
7.260056342073956e-09	-0.019368604	-0.014966082	0.96688986	0	0	0.39	-1.1800173e-18
7.270036807336126e-09	0.01123875	-0.029086635	0.96818143	0	0	0.39	-1.3968277e-18
7.280005135971166e-09	0.038453925	0.0026909471	0.96839404	0	0	0.39	-6.1837903e-19
7.290009986064554e-09	-0.009556372	0.027886562	0.9684564	0	0	0.39	-6.2489944e-19
7.300044732093397e-09	-0.02264246	0.018568965	0.9681126	0	0	0.39	-1.085389e-18
7.310003390950769e-09	-0.012592824	-0.02403359	0.9693972	0	0	0.39	-9.188228e-19
7.320037431800726e-09	0.026430793	-0.014662298	0.96632236	0	0	0.39	-4.6993516e-19
7.33000038651579e-09	0.011064191	0.014020501	0.9681686	0	0	0.39	-1.888749e-18
7.340032888101164e-09	-0.024968464	0.028899252	0.964547	0	0	0.39	-1.5787695e-18
7.350034417436416e-09	-0.014683364	-0.027347896	0.96416277	0	0	0.39	-1.4193914e-18
7.360012913705153e-09	0.021903263	-0.028079903	0.963338	0	0	0.39	-1.3819304e-18
7.3700150769443255e-09	0.031488355	0.0133039225	0.96105283	0	0	0.39	-8.947582e-19
7.380033869808151e-09	-0.007865597	0.016783835	0.9615562	0	0	0.39	-2.520305e-18
7.390010380703641e-09	-0.013108227	0.006483588	0.9598055	0	0	0.39	-1.6512678e-18
7.400027026330797e-09	-0.004527045	-0.020962464	0.9640649	0	0	0.39	-1.2208032e-18
7.410031073236767e-09	0.0137429405	-0.025940595	0.963355	0	0	0.39	-4.4360393e-19
7.420055888805378e-09	0.01912946	0.014463016	0.96399873	0	0	0.39	-9.037073e-19
7.430061518497786e-09	-0.0025728098	-0.009455857	0.96659553	0	0	0.39	-2.4559812e-19
7.440048500053698e-09	-0.0008777201	-0.016714685	0.96808803	0	0	0.39	-1.0925708e-18
7.450002499922677e-09	0.030120594	0.01346812	0.96581924	0	0	0.39	-2.1148175e-18
7.460017338359463e-09	-0.013145005	0.018462611	0.96694195	0	0	0.39	-1.0791129e-18
7.470058125770066e-09	-0.018985335	-0.0030146185	0.96747094	0	0	0.39	-1.3282078e-18
7.480041742465727e-09	0.0011634527	-0.022104137	0.96522033	0	0	0.39	-8.1041e-19
7.49002655242078e-09	0.028114649	-0.01620006	0.9646908	0	0	0.39	-9.5292e-19
7.500018059185757e-09	0.03856262	0.022508757	0.9655897	0	0	0.39	-7.4199626e-19
7.510055384093304e-09	-0.023398446	0.046150997	0.965654	0	0	0.39	-8.179597e-19
7.520058782176522e-09	-0.044942178	-0.0031248615	0.9679588	0	0	0.39	-1.5532351e-18
7.530008362042587e-09	-0.0061371736	-0.030527247	0.9668997	0	0	0.39	-1.3951853e-18
7.54004145456358e-09	0.015813375	-0.0053023086	0.96795446	0	0	0.39	-1.2623302e-18
7.550024858245203e-09	0.00029429368	0.014607119	0.96543247	0	0	0.39	-1.4690058e-18
7.560019860444386e-09	-0.022267465	-0.0151529005	0.9625277	0	0	0.39	-6.3884374e-19
7.570032935292073e-09	0.01034319	-0.011151598	0.96372783	0	0	0.39	-1.0107343e-18
7.580016916130918e-09	0.010132037	0.02003937	0.962346	0	0	0.39	-6.5405554e-19
7.590029953001781e-09	-0.0324765	0.0058005187	0.96361697	0	0	0.39	-6.848519e-19
7.600022559611442e-09	-0.008367731	-0.02730645	0.9635244	0	0	0.39	-6.8232386e-19
7.610051373918221e-09	0.021263327	-0.012787305	0.9647917	0	0	0.39	-8.768576e-19
7.620023433942957e-09	0.0066606575	0.018199833	0.96260935	0	0	0.39	-1.3860984e-18
7.630047638146418e-09	-0.008912869	-0.0036947033	0.96425074	0	0	0.39	-1.6678545e-18
7.640010934940519e-09	-0.0031133853	0.011457516	0.96448445	0	0	0.39	-7.5883264e-19
7.650028299869955e-09	-0.020663919	-0.0008809226	0.9627325	0	0	0.39	-1.5721887e-18
7.660012675116413e-09	-0.0083704535	-0.021920778	0.9616455	0	0	0.39	-5.9245276e-19
7.670008011455256e-09	0.014308878	-0.014138433	0.96325535	0	0	0.39	-9.998985e-19
7.680058840268724e-09	0.01940446	0.014880339	0.9632866	0	0	0.39	-1.3649091e-18
7.690005662243012e-09	-0.030805834	0.036751468	0.9607458	0	0	0.39	-1.632765e-18
7.700065606439984e-09	-0.030689944	-0.017754693	0.96230495	0	0	0.39	-8.1591576e-19
7.710032750326346e-09	0.0011823706	-0.0558231	0.9610595	0	0	0.39	-2.5697017e-19
7.720061571248389e-09	0.07152042	0.013080844	0.9625892	0	0	0.39	-1.4094717e-18
7.730057571238352e-09	-0.008978632	0.071124226	0.9612485	0	0	0.39	-1.0354354e-18
7.740051499876798e-09	-0.06759984	-0.014734844	0.96463597	0	0	0.39	-1.8642068e-18
7.750007944047406e-09	0.010533075	-0.054521874	0.9643215	0	0	0.39	-1.6390884e-18
7.76003695742312e-09	0.05661495	0.017693238	0.96295345	0	0	0.39	-1.0076037e-18
7.77002154590757e-09	-0.0069742654	0.064991586	0.963589	0	0	0.39	-1.1478012e-18
7.780029469922183e-09	-0.058657505	0.013270498	0.9611091	0	0	0.39	-5.7749227e-19
7.790010931841402e-09	-0.018723646	-0.058614783	0.9591507	0	0	0.39	-8.400924e-19
7.80003172168865e-09	0.039652556	-0.020783162	0.95850825	0	0	0.39	-6.699058e-19
7.810046673936118e-09	0.039497714	0.034327645	0.961518	0	0	0.39	-1.7357591e-18
7.82002688036278e-09	-0.04373403	0.051814612	0.9629822	0	0	0.39	-9.894105e-19
7.830061249096807e-09	-0.043253902	-0.0493748	0.9629171	0	0	0.39	-9.423841e-19
7.840050549487178e-09	0.04918208	-0.03383132	0.9602192	0	0	0.39	-8.788186e-19
7.850051452546513e-09	0.05017209	0.057532743	0.96203977	0	0	0.39	-1.067517e-18
7.860005985926188e-09	-0.05756918	0.053768992	0.96049476	0	0	0.39	-5.1064056e-19
7.870000238029763e-09	-0.045837723	-0.049683154	0.9606225	0	0	0.39	-8.630574e-19
7.880042483960224e-09	0.039351936	-0.03930345	0.9640137	0	0	0.39	-1.4728867e-18
7.890060219226563e-09	0.032041736	0.03272622	0.96191114	0	0	0.39	-1.4010701e-18
7.900063903495376e-09	-0.03159363	0.04568535	0.9668779	0	0	0.39	-1.3371589e-18
7.910027216813754e-09	-0.04292958	-0.026933853	0.968264	0	0	0.39	-5.366853e-19
7.920015660895603e-09	0.007559925	-0.030806521	0.9659413	0	0	0.39	-6.860744e-19
7.930035623582607e-09	0.029367132	0.023729898	0.9651066	0	0	0.39	-2.1611744e-18
7.94002046447414e-09	-0.021904727	0.040283386	0.96755326	0	0	0.39	-1.793506e-18
7.950023279016958e-09	-0.02934976	-0.0061410167	0.9655213	0	0	0.39	-6.791126e-21
7.96000669118154e-09	0.0029930216	-0.018728243	0.96532935	0	0	0.39	-1.5344064e-18
7.970016074908128e-09	0.014813751	-0.0059056296	0.96400416	0	0	0.39	-1.5455377e-18
7.980040138876076e-09	0.009279772	0.033968754	0.9625611	0	0	0.39	-1.5524998e-18
7.990027739726229e-09	-0.029551262	0.012505597	0.96268415	0	0	0.39	-8.3807536e-19
8.000060185197887e-09	-0.025360178	-0.03549535	0.9657248	0	0	0.39	-1.6250032e-18
8.010054469577762e-09	0.02642346	-0.018286565	0.96643144	0	0	0.39	-2.6440212e-18
8.020016036884756e-09	0.015531904	0.015229779	0.9681625	0	0	0.39	-1.3547357e-18
8.030047064487126e-09	-0.019475076	0.009974069	0.9638834	0	0	0.39	-1.3188483e-18
8.040010463120258e-09	-0.014310545	-0.03774534	0.96134776	0	0	0.39	-1.1895846e-18
8.050043819162411e-09	-0.0009792168	-0.0060310224	0.968411	0	0	0.39	-2.0500559e-18
8.06003218749724e-09	0.02679081	-0.006594807	0.96973366	0	0	0.39	-1.7178682e-18
8.070059547339142e-09	0.013931728	0.016107745	0.96813226	0	0	0.39	-2.3697746e-18
8.080061588499122e-09	-0.018617516	0.017001357	0.9682629	0	0	0.39	-1.986971e-18
8.09000734644856e-09	-0.02437099	-0.017090058	0.96904045	0	0	0.39	-2.7528929e-18
8.100052013813378e-09	0.019487306	-0.017804168	0.9684108	0	0	0.39	-1.3425719e-18
8.110001553276208e-09	0.01464864	0.007548579	0.966682	0	0	0.39	-1.3416705e-18
8.120007742277094e-09	-0.0027608878	0.020414013	0.9688163	0	0	0.39	-1.32669e-18
8.13005508848787e-09	-0.010232144	-0.0037133852	0.9676452	0	0	0.39	-8.418509e-19
8.140036818842078e-09	0.020436259	-0.008838226	0.96661633	0	0	0.39	-1.0904092e-18
8.150014771606658e-09	0.010764861	0.016466172	0.96607	0	0	0.39	-9.389e-19
8.160002688901685e-09	-0.012289528	0.020090317	0.9659712	0	0	0.39	-5.225556e-20
8.170060283114614e-09	-0.034380056	0.002301522	0.9660202	0	0	0.39	-6.707191e-19
8.18000193506076e-09	-0.034681026	-0.04701449	0.9649093	0	0	0.39	-2.6048046e-18
8.190009006810312e-09	0.035869136	-0.041594446	0.9640892	0	0	0.39	-1.6710824e-18
8.200015685177118e-09	0.059091978	0.048085358	0.9626142	0	0	0.39	-1.9370357e-18
8.210040263505815e-09	-0.041734394	0.053006858	0.9625658	0	0	0.39	-1.1885176e-18
8.22001397640181e-09	-0.05334233	-0.032085884	0.9631615	0	0	0.39	-7.713104e-19
8.230035822159047e-09	0.019832574	-0.061807886	0.96419233	0	0	0.39	-3.7429522e-19
8.240055844353267e-09	0.06898206	0.01778602	0.9645978	0	0	0.39	-1.1993245e-18
8.250005945123329e-09	0.02572322	0.0635352	0.9645188	0	0	0.39	-1.0749205e-18
8.260016957301113e-09	-0.0693178	0.03999924	0.9649924	0	0	0.39	-1.5116677e-18
8.270021197823773e-09	-0.052773703	-0.06515857	0.96431893	0	0	0.39	-1.3698983e-18
8.280013766467598e-09	0.064705014	-0.06245039	0.9617693	0	0	0.39	-1.112801e-18
8.290026473280839e-09	0.06564993	0.052413616	0.9610701	0	0	0.39	-1.7586275e-18
8.300045087934485e-09	-0.03294209	0.05293292	0.96480566	0	0	0.39	-1.952901e-18
8.310003328907439e-09	-0.06842258	-0.01740688	0.96617335	0	0	0.39	-1.3827641e-18
8.320031604054796e-09	0.017252281	-0.065831214	0.9669831	0	0	0.39	-1.7384493e-18
8.33002793123367e-09	0.055184867	0.0019742046	0.9628517	0	0	0.39	-1.3277654e-18
8.34001895913361e-09	0.030626345	0.049306992	0.9643956	0	0	0.39	-1.4118045e-18
8.350001121515501e-09	-0.041508332	0.028839018	0.96412295	0	0	0.39	-1.285718e-18
8.36005299004668e-09	-0.03535596	-0.04022965	0.9621184	0	0	0.39	-1.3162517e-18
8.370002364083426e-09	0.045730826	-0.047151804	0.96351767	0	0	0.39	-6.6024135e-19
8.38002383266092e-09	0.052830428	0.031016726	0.9660294	0	0	0.39	-1.6977051e-18
8.390024590223742e-09	-0.030898925	0.035370752	0.966782	0	0	0.39	-1.3878052e-18
8.400003205836535e-09	-0.03347088	-0.028196145	0.96459526	0	0	0.39	-1.210378e-18
8.410009985659154e-09	0.030167114	-0.015423458	0.9663507	0	0	0.39	-5.2701264e-19
8.420038633035156e-09	0.007141845	0.03132069	0.96701574	0	0	0.39	-1.278549e-18
8.430045402718466e-09	-0.03577969	0.015506464	0.96681565	0	0	0.39	-1.9166025e-18
8.440013636346894e-09	-0.011282917	-0.045097582	0.96461266	0	0	0.39	-1.8192808e-18
8.450054703487816e-09	0.050713774	0.002203576	0.96497613	0	0	0.39	-1.2306221e-18
8.460054937272257e-09	0.017054942	0.038451273	0.9641592	0	0	0.39	-1.4478076e-18
8.470008774659349e-09	-0.04173115	-0.0012194217	0.965926	0	0	0.39	-1.0490352e-18
8.480059622827741e-09	-0.013434247	-0.027882984	0.9677698	0	0	0.39	-1.7067051e-18
8.490033250670829e-09	0.02700965	-0.057207484	0.96629643	0	0	0.39	-8.690962e-19
8.500011506551784e-09	0.053957686	0.010444086	0.9651435	0	0	0.39	-1.1693921e-18
8.510000990347229e-09	0.0023817923	0.033957344	0.96808445	0	0	0.39	-1.0222578e-18
8.52000708518625e-09	-0.04096919	0.012801032	0.96764857	0	0	0.39	-1.5009569e-18
8.530031389703427e-09	-0.036307797	-0.04195966	0.9629987	0	0	0.39	-1.4362041e-18
8.540037504525084e-09	0.052662313	-0.03568398	0.96309644	0	0	0.39	-1.7435059e-18
8.55002321814968e-09	0.044257525	0.04385112	0.9599572	0	0	0.39	-1.1267807e-18
8.560058393210896e-09	-0.045093622	0.05365617	0.96255845	0	0	0.39	-2.3898373e-18
8.570043748383401e-09	-0.06704424	-0.03655589	0.9602131	0	0	0.39	-1.9447467e-18
8.58003067295201e-09	0.030097673	-0.066002384	0.9641295	0	0	0.39	-8.864722e-19
8.590033577055094e-09	0.0636297	0.0149377305	0.96159655	0	0	0.39	-4.536668e-19
8.600046525573805e-09	0.0059563527	0.05884611	0.96432227	0	0	0.39	-8.38189e-19
8.610037843174885e-09	-0.041505616	0.008306131	0.9655995	0	0	0.39	-1.1598384e-18
8.620030129634811e-09	-0.024570448	-0.034792617	0.96819484	0	0	0.39	-1.5162752e-18
8.630030090815896e-09	0.028774286	-0.019710468	0.96758866	0	0	0.39	-1.7160487e-18
8.64005228557647e-09	0.025124442	0.007078648	0.9683893	0	0	0.39	-1.9052687e-18
8.650018587963009e-09	0.003913286	0.038496263	0.96655047	0	0	0.39	-1.932885e-18
8.660011132601307e-09	-0.019065263	0.0048957253	0.9658708	0	0	0.39	-1.1661836e-18
8.670023912598514e-09	-0.017296923	-0.009425768	0.9676556	0	0	0.39	-1.7310569e-18
8.68006138454032e-09	0.006056369	-0.030921405	0.9670016	0	0	0.39	-1.3972641e-18
8.690051154346723e-09	0.031598754	0.005412662	0.96726096	0	0	0.39	-1.9364366e-18
8.70001423230615e-09	-0.0067031407	0.016897613	0.96590143	0	0	0.39	-1.6418607e-18
8.710046223309329e-09	-0.026118727	-0.0012212663	0.964969	0	0	0.39	-1.9048253e-18
8.720011896266334e-09	-0.022334212	-0.020315425	0.9650858	0	0	0.39	-1.9610482e-18
8.730021570824087e-09	0.020837083	-0.026791807	0.9650968	0	0	0.39	-8.2418374e-19
8.740061690744652e-09	0.014329038	0.0060719876	0.963271	0	0	0.39	-1.4406174e-18
8.750003714097806e-09	-0.0036690054	0.014045457	0.9619814	0	0	0.39	-1.4658443e-18
8.760037355424897e-09	-0.018094325	0.0072326004	0.964648	0	0	0.39	-1.6387068e-18
8.77005715666888e-09	-0.0326848	-0.023194104	0.96320134	0	0	0.39	-1.882114e-18
8.780011039935421e-09	0.02507133	-0.04023014	0.964576	0	0	0.39	-5.713993e-19
8.79000022002561e-09	0.023849763	0.024077464	0.9649499	0	0	0.39	-1.3746233e-18
8.800054920691889e-09	-0.037548292	0.037470974	0.9651428	0	0	0.39	-1.8105195e-18
8.810036772106878e-09	-0.038314823	-0.0252205	0.96398294	0	0	0.39	-1.4378345e-18
8.820040930665778e-09	0.008035138	-0.04451484	0.96359223	0	0	0.39	-2.5825859e-18
8.830030226053077e-09	0.045827348	-0.005027333	0.9626674	0	0	0.39	-1.0718251e-18
8.840027707030121e-09	0.014743833	0.034783706	0.9665542	0	0	0.39	-2.5329902e-18
8.850044333948917e-09	-0.023143798	0.022099452	0.9654696	0	0	0.39	-1.0467914e-18
8.860046342075852e-09	-0.03596363	-0.029384227	0.96618855	0	0	0.39	-1.923779e-18
8.870056075408925e-09	0.027295318	-0.02781199	0.9638651	0	0	0.39	-9.665684e-19
8.880051615924587e-09	0.013356291	0.01639495	0.9660497	0	0	0.39	-1.8166512e-18
8.890014511803158e-09	-0.0046043987	0.02106413	0.9681932	0	0	0.39	-9.344987e-19
8.900003808105493e-09	-0.035475258	0.0006463272	0.9655757	0	0	0.39	-2.742539e-18
8.910000266604621e-09	-0.005998958	-0.028866742	0.965199	0	0	0.39	-1.9712512e-18
8.920008195010416e-09	0.02027526	-0.0035890753	0.9653593	0	0	0.39	-1.6831876e-19
8.930017080768454e-09	0.0054916744	0.014393623	0.9640119	0	0	0.39	-6.664222e-19
8.940055474952796e-09	-0.013793455	0.007619262	0.9668746	0	0	0.39	-1.245152e-18
8.950042658441895e-09	-0.017370382	-0.017118406	0.96780044	0	0	0.39	-1.5439697e-18
8.960036232483325e-09	0.015612884	-0.020671666	0.966701	0	0	0.39	-7.2191e-19
8.970044599005235e-09	0.018680844	-0.00372024	0.96772164	0	0	0.39	-1.9502084e-18
8.980046362482017e-09	-0.008997408	0.03652496	0.9662326	0	0	0.39	-2.9175169e-18
8.990064579622886e-09	-0.04036519	-0.0021694887	0.9635303	0	0	0.39	-1.4129632e-18
9.000015773256513e-09	0.008279855	-0.03560383	0.96339005	0	0	0.39	-1.8498461e-18
9.010023176295024e-09	0.03538104	-0.008259162	0.9608527	0	0	0.39	-6.5048346e-19
9.020012886351318e-09	0.01552567	0.04929884	0.9604179	0	0	0.39	-1.4729726e-18
9.030061077918438e-09	-0.052586306	0.019380067	0.9584089	0	0	0.39	-4.611005e-19
9.040014682520989e-09	-0.034121573	-0.039627854	0.96077937	0	0	0.39	-6.0795795e-19
9.050055801611955e-09	0.016221855	-0.023636015	0.9625559	0	0	0.39	-1.1232488e-18
9.060050102830322e-09	0.014578973	0.019227592	0.96112645	0	0	0.39	-1.3790986e-18
9.070035776774743e-09	0.0022728946	0.0056498568	0.9593473	0	0	0.39	-1.6897741e-18
9.080051628856524e-09	-0.011580329	0.014342281	0.9597297	0	0	0.39	-1.1557316e-18
9.090036600785736e-09	-0.014204908	-0.0077576498	0.9636518	0	0	0.39	9.109007e-20
9.100024056055105e-09	0.014183563	-0.017306872	0.96437943	0	0	0.39	-5.9639805e-19
9.110033828482422e-09	0.030405039	-0.010056317	0.9645625	0	0	0.39	-1.002005e-18
9.120029103216107e-09	0.017351422	0.029536929	0.96607107	0	0	0.39	-1.0516816e-18
9.130050188706898e-09	-0.036729407	0.010012654	0.9650921	0	0	0.39	-1.5674688e-18
9.140018700634281e-09	-0.013872436	-0.033742957	0.96403915	0	0	0.39	-2.1683727e-18
9.15004139613187e-09	0.04478518	-0.019592341	0.96503663	0	0	0.39	-1.706438e-18
9.160005316046156e-09	0.013488378	0.043702833	0.9656583	0	0	0.39	-1.3457438e-18
9.17004658142907e-09	-0.035903893	-0.002596228	0.9660775	0	0	0.39	-1.1415866e-18
9.180051210132587e-09	0.0062622223	-0.017899798	0.967508	0	0	0.39	-6.3482974e-19
9.190043180819762e-09	0.020239478	0.008724932	0.9675096	0	0	0.39	-1.1542483e-18
9.200036405982355e-09	-0.010795725	0.0070432043	0.965121	0	0	0.39	-1.022024e-18
9.210008173735034e-09	0.0018140284	-0.012050102	0.96784836	0	0	0.39	-1.583556e-18
9.220036354325953e-09	0.024444034	-0.009234133	0.96675396	0	0	0.39	-1.5101676e-18
9.23006161010994e-09	0.021751883	0.006603126	0.96728224	0	0	0.39	-2.1507428e-18
9.240004895155026e-09	-0.018269805	0.038951915	0.96679205	0	0	0.39	-1.5778185e-18
9.250006976480377e-09	-0.034176458	1.7587774e-05	0.9677318	0	0	0.39	-1.6774814e-18
9.260048818513886e-09	-0.003082662	-0.040292896	0.9657102	0	0	0.39	-1.9362894e-18
9.27002624696109e-09	0.03415443	-0.00061433774	0.96744287	0	0	0.39	-8.1858605e-19
9.280015579132572e-09	0.025430847	0.017014561	0.9665577	0	0	0.39	-1.3624002e-18
9.290026707176613e-09	-0.012808353	0.034459148	0.9651139	0	0	0.39	-2.1744186e-18
9.300046593323027e-09	-0.043801665	-0.005502325	0.9592807	0	0	0.39	-1.2762518e-18
9.310014567368137e-09	0.0149697345	-0.04334191	0.9599042	0	0	0.39	-1.4791768e-18
9.320003140712577e-09	0.03964462	0.011664221	0.9602927	0	0	0.39	-1.3454027e-19
9.330020032358304e-09	-0.005464181	0.050924007	0.95865047	0	0	0.39	-9.230224e-19
9.340046171634127e-09	-0.05291732	-0.012182204	0.9623215	0	0	0.39	-1.5071059e-18
9.350029519521276e-09	0.00082751724	-0.058890328	0.963754	0	0	0.39	-7.731959e-19
9.360033149643244e-09	0.07035543	-0.004911475	0.9646689	0	0	0.39	-1.1592392e-18
9.370006700713661e-09	0.00733619	0.0654553	0.96260476	0	0	0.39	-1.3500469e-18
9.380022772657559e-09	-0.03409964	0.020362897	0.96741664	0	0	0.39	-1.7895773e-18
9.39004690365611e-09	-0.007141879	-0.023621246	0.9660771	0	0	0.39	-7.7141385e-19
9.400056048591418e-09	0.026921127	-0.01444175	0.966002	0	0	0.39	-1.0598886e-18
9.410054375644834e-09	0.028212486	0.020316517	0.9642254	0	0	0.39	-1.2576716e-18
9.420055298181713e-09	-0.021969842	0.017097013	0.96425325	0	0	0.39	-1.2375832e-18
9.43001344689963e-09	0.0018497218	-0.01646303	0.9665567	0	0	0.39	-1.4718217e-18
9.440011369080458e-09	0.019609122	0.015056114	0.9686374	0	0	0.39	-1.4415564e-18
9.450011402087699e-09	-0.0124880085	0.021401852	0.9659476	0	0	0.39	-1.3200468e-18
9.460033299969648e-09	-0.024969637	-0.019946784	0.9649298	0	0	0.39	-1.0235818e-18
9.470051854105908e-09	0.006765122	-0.023994692	0.9641411	0	0	0.39	-1.9502795e-18
9.480034004154239e-09	0.028465947	0.0089724595	0.9649463	0	0	0.39	-1.6132814e-18
9.490015408158942e-09	-0.02454582	0.02006541	0.96482277	0	0	0.39	-1.4569515e-18
9.500026160045961e-09	-0.012127264	-0.017165424	0.9659827	0	0	0.39	-1.9609222e-18
9.510035209065403e-09	0.0072179423	-0.008622507	0.96519476	0	0	0.39	-4.910353e-19
9.520024055169456e-09	0.015862796	0.0013087727	0.96665674	0	0	0.39	-1.0693496e-18
9.530007226974637e-09	0.0017729263	0.012128532	0.96390027	0	0	0.39	-1.3741833e-18
9.540032071958081e-09	-0.015344444	0.010016291	0.96235275	0	0	0.39	-2.344721e-18
9.550039623919605e-09	-0.011765647	-0.013279699	0.9622317	0	0	0.39	-9.346949e-19
9.560057211526928e-09	0.012501212	0.011132394	0.9606851	0	0	0.39	-2.0011935e-18
9.570042171287859e-09	-0.012623801	-0.0063150516	0.96576667	0	0	0.39	-1.4528751e-18
9.580011737866662e-09	-0.0069911885	-0.03450494	0.9646089	0	0	0.39	-1.938866e-18
9.590031023537838e-09	0.029643696	-0.0050594336	0.96351355	0	0	0.39	-9.615513e-19
9.600048890064011e-09	0.017811207	0.012776802	0.9632219	0	0	0.39	-7.1110453e-19
9.610027179755168e-09	-0.019684399	0.014696731	0.96519643	0	0	0.39	-1.4145267e-18
9.620031236692056e-09	-0.013199853	-0.017837217	0.96316767	0	0	0.39	-1.5177667e-18
9.630010294503554e-09	0.010838577	-0.020514173	0.96372706	0	0	0.39	-1.4929368e-18
9.6400229566134e-09	0.010831686	-0.0091015855	0.9640191	0	0	0.39	-3.5442003e-19
9.650021614145345e-09	0.00079243875	0.015481568	0.9622903	0	0	0.39	-1.3535574e-18
9.660014078402364e-09	0.0024462482	0.005952144	0.96384794	0	0	0.39	-8.803414e-19
9.670033245025984e-09	-0.009149562	0.0075728036	0.96390235	0	0	0.39	-1.4026734e-18
9.680051116613955e-09	-0.008720021	-0.0064345207	0.9639956	0	0	0.39	-2.2611476e-18
9.690002600517339e-09	-0.008663258	-0.005632338	0.96540046	0	0	0.39	-1.5053311e-18
9.700022093771131e-09	0.0050748135	0.0016352778	0.9646778	0	0	0.39	-1.2241306e-18
9.710003279847174e-09	0.018086018	-0.007838104	0.96506065	0	0	0.39	-9.409482e-19
9.720051745522059e-09	0.008133935	0.0012435372	0.9649958	0	0	0.39	-7.596513e-19
9.730056561450561e-09	0.008087338	-0.0038603174	0.9647709	0	0	0.39	-2.1274963e-18
9.740049546387823e-09	0.011880813	0.012092402	0.96438015	0	0	0.39	-1.2884952e-18
9.750012374110657e-09	-0.0026807084	0.028729377	0.9652302	0	0	0.39	-1.8293155e-18
9.760044887896474e-09	-0.028812552	0.003088271	0.9659487	0	0	0.39	-1.468563e-18
9.7700440598616e-09	-0.015946649	-0.031125132	0.96508205	0	0	0.39	-1.0679362e-18
9.780048753588247e-09	0.018526485	-0.02097041	0.9643899	0	0	0.39	-8.249534e-19
9.79005260563412e-09	0.012618269	0.01851075	0.9631429	0	0	0.39	-5.611047e-19
9.800013488543108e-09	-0.009020671	0.0029754827	0.96183336	0	0	0.39	-2.3736746e-18
9.810005070700925e-09	-0.015608463	-0.022813302	0.9631059	0	0	0.39	-2.0989119e-18
9.820012192350414e-09	0.03721329	-0.025121978	0.9627505	0	0	0.39	-1.0546402e-18
9.830039648902318e-09	0.013618778	0.040510967	0.96496207	0	0	0.39	-1.5333994e-18
9.84002404694356e-09	-0.029374098	0.0066615525	0.9639457	0	0	0.39	-1.5567893e-18
9.850008603618445e-09	-0.017612306	-0.017704008	0.9664044	0	0	0.39	-1.2076962e-18
9.860027819511454e-09	0.022467485	-0.025465023	0.96539885	0	0	0.39	-7.9651713e-19
9.870005068249605e-09	0.01616109	0.032608453	0.9634637	0	0	0.39	-2.0919123e-18
9.880020949437066e-09	-0.015331346	-0.00021983992	0.9604591	0	0	0.39	-9.787084e-19
9.89004931756821e-09	-0.026228942	-0.011828045	0.9619615	0	0	0.39	-9.760271e-19
9.900032363009783e-09	-0.008828889	-0.027934877	0.9600805	0	0	0.39	-4.1983374e-19
9.910032365997637e-09	0.022609735	-0.014739142	0.9615294	0	0	0.39	-1.3527577e-18
9.920021647327633e-09	0.024448218	0.030438691	0.9629926	0	0	0.39	-1.6139007e-18
9.930007486593893e-09	-0.056789808	0.019806035	0.964583	0	0	0.39	-1.2129999e-18
9.94000109798998e-09	-0.037575886	-0.041869193	0.966067	0	0	0.39	-1.1941355e-18
9.950024347540074e-09	0.028940327	-0.029212058	0.966334	0	0	0.39	-2.1305455e-18
9.960025845355873e-09	0.04103636	0.028868234	0.96457404	0	0	0.39	-1.1914424e-18
9.970004784632204e-09	-0.022136938	0.061132103	0.9645609	0	0	0.39	-1.9449688e-18
9.980011248799655e-09	-0.06785725	-0.0175176	0.96402144	0	0	0.39	-1.1704888e-18
9.990048483530342e-09	0.014803019	-0.06727256	0.96211106	0	0	0.39	-1.7382146e-18
1e-08	0.06457264	-0.0023500533	0.95993656	0	0	0.39	-1.0371528e-18
