# t (s)	mx ()	my ()	mz ()	B_extx (T)	B_exty (T)	B_extz (T)	E_total (J)
0	0	0	-1	0	0	0.38	1.0996098e-18
1.000865119519141e-11	-0.0034384828	-0.006051657	-0.9761791	0	0	0.38	4.0448474e-18
2.002592285602819e-11	-0.011619226	-0.0029872744	-0.96767694	0	0	0.38	4.0340515e-18
3.005924738924392e-11	-0.0016446689	0.0037561883	-0.96676296	0	0	0.38	4.892139e-18
4.000916504160183e-11	-0.01023224	-0.0019147068	-0.96396804	0	0	0.38	5.096507e-18
5.0060158714002194e-11	-0.016098106	0.0027842873	-0.9632939	0	0	0.38	4.878145e-18
6.003750407908802e-11	-0.015127132	-0.015973043	-0.96110064	0	0	0.38	4.0881706e-18
7.00557441112395e-11	-0.00816837	-0.017871417	-0.95582813	0	0	0.38	5.10352e-18
8.003211864603906e-11	0.017056996	-0.021566704	-0.9576102	0	0	0.38	5.1093027e-18
9.001438671103509e-11	0.023716457	-0.026194287	-0.956335	0	0	0.38	3.8264056e-18
1.0001447988703848e-10	0.021803565	-0.009366114	-0.95724344	0	0	0.38	4.192481e-18
1.1005326210040537e-10	0.0089941425	-0.0063599893	-0.9573361	0	0	0.38	4.949623e-18
1.2001427870537427e-10	0.014754758	-0.019730804	-0.953949	0	0	0.38	3.4668453e-18
1.300402389469524e-10	0.017283967	-0.028978894	-0.95787066	0	0	0.38	4.8407528e-18
1.4004215200770647e-10	0.023697425	-0.036020137	-0.95640993	0	0	0.38	5.412911e-18
1.500279018751706e-10	0.017258832	-0.02968884	-0.95876336	0	0	0.38	4.658924e-18
1.6005168761102064e-10	0.012841147	-0.04709532	-0.9542662	0	0	0.38	4.6761397e-18
1.7002319731991482e-10	0.0118403975	-0.049586102	-0.9508016	0	0	0.38	4.009507e-18
1.8000135292475355e-10	0.010367672	-0.059558306	-0.95197046	0	0	0.38	4.3134284e-18
1.9002724691679774e-10	0.014011078	-0.06701779	-0.9489576	0	0	0.38	3.2705487e-18
2.0002995768434097e-10	0.01807553	-0.08041267	-0.9482975	0	0	0.38	4.427719e-18
2.1002563910481644e-10	0.005568752	-0.10002598	-0.9492139	0	0	0.38	4.717864e-18
2.2005064854514655e-10	-0.017883463	-0.09839647	-0.9489187	0	0	0.38	4.5767606e-18
2.3000958874887945e-10	-0.036428124	-0.09407714	-0.9499803	0	0	0.38	4.6546367e-18
2.4003876246936387e-10	-0.059690163	-0.058647495	-0.953534	0	0	0.38	5.3003227e-18
2.500047276774804e-10	-0.059932895	-0.032270543	-0.95054305	0	0	0.38	4.751755e-18
2.600462205486208e-10	-0.036368113	-0.033484057	-0.9485603	0	0	0.38	4.8863697e-18
2.7006047309680826e-10	-0.03928454	-0.038800567	-0.94848466	0	0	0.38	3.3290725e-18
2.800610090817101e-10	-0.029911114	-0.046975967	-0.9491811	0	0	0.38	3.9848227e-18
2.9005734428759457e-10	-0.01914431	-0.04331631	-0.94696367	0	0	0.38	3.8713376e-18
3.000418111909212e-10	-0.04784816	-0.050650705	-0.9477269	0	0	0.38	3.392334e-18
3.100443571712255e-10	-0.069068305	-0.044589687	-0.9534199	0	0	0.38	4.0010288e-18
3.2005219868757924e-10	-0.06373369	-0.024415419	-0.95233905	0	0	0.38	4.9342105e-18
3.3003009203327026e-10	-0.06889092	0.0012947832	-0.94607216	0	0	0.38	4.239177e-18
3.4002250416680524e-10	-0.06408302	0.013923226	-0.9441486	0	0	0.38	4.8267875e-18
3.50021893126243e-10	-0.07131264	0.018008087	-0.94511014	0	0	0.38	4.352304e-18
3.600509727712691e-10	-0.04484585	0.016446538	-0.9491568	0	0	0.38	5.0688474e-18
3.7002336567336046e-10	-0.035478823	0.015012871	-0.9489501	0	0	0.38	4.009715e-18
3.800007083209124e-10	-0.045465518	0.004297519	-0.9403054	0	0	0.38	5.1110928e-18
3.9004068559149755e-10	-0.05181401	0.0077678566	-0.9437758	0	0	0.38	5.0822382e-18
4.00021866522699e-10	-0.061147414	0.02342718	-0.94577205	0	0	0.38	4.314062e-18
4.1001057051868026e-10	-0.08044778	0.04856204	-0.94395244	0	0	0.38	4.9429302e-18
4.2002533905683855e-10	-0.07758381	0.07730688	-0.9374519	0	0	0.38	4.713239e-18
4.3006179634153227e-10	-0.06782319	0.10176975	-0.9363835	0	0	0.38	4.571187e-18
4.40012736323146e-10	-0.05524354	0.09290237	-0.9340362	0	0	0.38	4.9535082e-18
4.5005299915909764e-10	-0.052076094	0.082849905	-0.9379754	0	0	0.38	4.7476825e-18
4.600312237936788e-10	-0.045269653	0.06301364	-0.94148976	0	0	0.38	4.5332132e-18
4.700039503803712e-10	-0.04716145	0.045174785	-0.94330615	0	0	0.38	4.2316736e-18
4.800482397194356e-10	-0.049733035	0.04549111	-0.9422309	0	0	0.38	3.9667202e-18
4.900038226071304e-10	-0.052005026	0.028826648	-0.9392466	0	0	0.38	4.1388e-18
5.000380118381424e-10	-0.0513736	0.033559963	-0.9399439	0	0	0.38	4.0820234e-18
5.10036391058996e-10	-0.056081593	0.060254656	-0.9427443	0	0	0.38	5.5583113e-18
5.200129816001473e-10	-0.04718187	0.072565444	-0.9414315	0	0	0.38	4.941044e-18
5.3001873446518e-10	-0.012498078	0.10830439	-0.9356171	0	0	0.38	4.3351365e-18
5.400565051784512e-10	-0.0059704054	0.09605501	-0.93497217	0	0	0.38	4.0569015e-18
5.500643856497388e-10	0.0039029804	0.07712832	-0.9390734	0	0	0.38	4.9177244e-18
5.600164957798895e-10	0.010750839	0.06303252	-0.94200546	0	0	0.38	5.2222646e-18
5.700396029701006e-10	-0.008409539	0.053620804	-0.9432358	0	0	0.38	4.3239907e-18
5.800278767530873e-10	-0.04734449	0.05813908	-0.94544417	0	0	0.38	4.114144e-18
5.90056488374617e-10	-0.04212723	0.07104826	-0.941229	0	0	0.38	4.78066e-18
6.000366549929539e-10	-0.037297964	0.08804742	-0.9380597	0	0	0.38	4.6402843e-18
6.100146911691062e-10	-0.0013055919	0.10286134	-0.94131905	0	0	0.38	4.5607596e-18
6.20053999484846e-10	0.024340944	0.10987576	-0.9447641	0	0	0.38	4.478561e-18
6.300337140804917e-10	0.041134525	0.10210322	-0.943369	0	0	0.38	4.3575577e-18
6.400162545795623e-10	0.026580043	0.07520184	-0.9425935	0	0	0.38	4.905795e-18
6.500351477150058e-10	0.034112316	0.06565498	-0.94252527	0	0	0.38	5.4682846e-18
6.600434948344133e-10	0.025450516	0.06675843	-0.9463499	0	0	0.38	3.9293503e-18
6.700230472979347e-10	0.0054811467	0.06159523	-0.9478351	0	0	0.38	4.305581e-18
6.800375533439317e-10	0.0067726895	0.07447646	-0.94740087	0	0	0.38	4.507428e-18
6.900016721604825e-10	0.0070650075	0.08614515	-0.94856286	0	0	0.38	4.568019e-18
7.000133874238088e-10	0.019444212	0.08471769	-0.9465753	0	0	0.38	3.823261e-18
7.100645281757349e-10	0.04231615	0.10877666	-0.94313824	0	0	0.38	5.846085e-18
7.20010905688647e-10	0.07471886	0.091722384	-0.944126	0	0	0.38	4.3716144e-18
7.300498828943232e-10	0.09066028	0.07740858	-0.9432319	0	0	0.38	4.276483e-18
7.400128511399734e-10	0.085157685	0.060854156	-0.94158506	0	0	0.38	4.63384e-18
7.500410378836796e-10	0.09114424	0.044057574	-0.94025254	0	0	0.38	5.6059006e-18
7.600620907285519e-10	0.09058447	0.038858607	-0.93999696	0	0	0.38	3.7455966e-18
7.7005245601226e-10	0.086173125	0.042667083	-0.93696654	0	0	0.38	3.6248332e-18
7.800464906591999e-10	0.091166526	0.051965207	-0.9354795	0	0	0.38	5.72749e-18
7.900348609650491e-10	0.09212641	0.045993377	-0.93530107	0	0	0.38	5.604346e-18
8.000358229373975e-10	0.1124421	0.05622149	-0.9336619	0	0	0.38	4.258928e-18
8.100104813635702e-10	0.13670014	0.049036834	-0.934912	0	0	0.38	4.1606854e-18
8.200335834039221e-10	0.15078367	0.016006464	-0.9335042	0	0	0.38	4.7922485e-18
8.30019504267201e-10	0.12666517	-0.024780367	-0.93971753	0	0	0.38	4.7814323e-18
8.400544005012458e-10	0.116055004	-0.030105608	-0.9465068	0	0	0.38	4.52959e-18
8.500296446478139e-10	0.10927212	-0.019889262	-0.93916416	0	0	0.38	4.6728334e-18
8.600163300573463e-10	0.09856836	-0.0059274053	-0.93479943	0	0	0.38	4.379476e-18
8.700474221614121e-10	0.09691999	0.011722628	-0.9339798	0	0	0.38	4.5449406e-18
8.800524112280081e-10	0.09506318	0.03248019	-0.9305966	0	0	0.38	5.1925572e-18
8.900369619702657e-10	0.1134275	0.043908373	-0.9264457	0	0	0.38	3.7443013e-18
9.000649478670331e-10	0.12826866	0.04029506	-0.92756844	0	0	0.38	5.6264887e-18
9.100091675153612e-10	0.13314281	0.010316704	-0.9262554	0	0	0.38	5.4925425e-18
9.200393257574742e-10	0.119835176	-0.022279505	-0.9323947	0	0	0.38	4.9549666e-18
9.300117817356449e-10	0.10884166	-0.025770834	-0.9306375	0	0	0.38	4.1447345e-18
9.400061994056035e-10	0.098900646	-0.045352276	-0.93209416	0	0	0.38	4.551693e-18
9.50056002221145e-10	0.07891629	-0.04102182	-0.9339227	0	0	0.38	5.216727e-18
9.600440901156907e-10	0.07510545	-0.028406177	-0.93614745	0	0	0.38	4.6158093e-18
9.700128945131744e-10	0.06775124	-0.030088589	-0.93966556	0	0	0.38	4.6649157e-18
9.800563659366148e-10	0.08168724	-0.018245753	-0.9378876	0	0	0.38	3.647361e-18
9.900385742303562e-10	0.09409776	-0.025256822	-0.93991727	0	0	0.38	5.09597e-18
1.0000388711926901e-09	0.100180544	-0.05273738	-0.9409282	0	0	0.38	4.721023e-18
1.010026956971096e-09	0.08681341	-0.061661016	-0.935447	0	0	0.38	4.3333457e-18
1.0200642321560609e-09	0.08621626	-0.078512095	-0.9356335	0	0	0.38	4.1858457e-18
1.0300226079751605e-09	0.063947074	-0.093816444	-0.9343434	0	0	0.38	5.1908235e-18
1.040066046805356e-09	0.048549604	-0.08070785	-0.93795985	0	0	0.38	5.6716904e-18
1.0500586636208148e-09	0.054893117	-0.053975053	-0.94153273	0	0	0.38	4.2542726e-18
1.0600277035592047e-09	0.05174826	-0.025243832	-0.9394574	0	0	0.38	4.793423e-18
1.0700138992382621e-09	0.05679407	-0.019587496	-0.9442237	0	0	0.38	5.2004423e-18
1.0800433126816285e-09	0.06755362	-0.021713536	-0.9477882	0	0	0.38	5.500799e-18
1.0900251932153247e-09	0.08034352	-0.04800458	-0.94802135	0	0	0.38	4.1949857e-18
1.100011890271651e-09	0.07280377	-0.068242006	-0.9479552	0	0	0.38	4.949728e-18
1.110012769865146e-09	0.06317703	-0.078892	-0.94770443	0	0	0.38	3.9893622e-18
1.1200334750962462e-09	0.03981384	-0.098446436	-0.9486962	0	0	0.38	5.1122053e-18
1.130046075773234e-09	0.036498696	-0.099721394	-0.9503873	0	0	0.38	4.8222975e-18
1.1400493009532167e-09	0.030838974	-0.09264316	-0.9514838	0	0	0.38	5.041418e-18
1.1500123202325532e-09	0.023496658	-0.10058565	-0.9498509	0	0	0.38	4.3514585e-18
1.1600428886169514e-09	0.022622129	-0.09063602	-0.95034134	0	0	0.38	3.5716947e-18
1.1700477800427925e-09	0.027217874	-0.08780252	-0.9527752	0	0	0.38	4.741992e-18
1.1800004616018913e-09	0.0278046	-0.070495024	-0.95513827	0	0	0.38	3.9897874e-18
1.1900276804769406e-09	0.048776153	-0.077324286	-0.95200646	0	0	0.38	4.1024614e-18
1.2000341397138092e-09	0.043583468	-0.091316245	-0.9516319	0	0	0.38	4.7110347e-18
1.2100345407159697e-09	0.04161084	-0.119126044	-0.946405	0	0	0.38	4.4953147e-18
1.2200135258854618e-09	0.025793144	-0.12515143	-0.9463006	0	0	0.38	4.1704494e-18
1.230034312347379e-09	0.008866305	-0.12165645	-0.94424516	0	0	0.38	4.409487e-18
1.2400285334173848e-09	-0.0012772917	-0.12626657	-0.93878025	0	0	0.38	5.306306e-18
1.2500256238761688e-09	-0.019140061	-0.11477594	-0.9394592	0	0	0.38	3.747086e-18
1.2600198139034777e-09	-0.0014321652	-0.10875964	-0.9410315	0	0	0.38	4.6748774e-18
1.2700409888330659e-09	0.0043741516	-0.118949756	-0.9409879	0	0	0.38	3.9620607e-18
1.280053256330982e-09	0.015632948	-0.13135746	-0.9387583	0	0	0.38	4.2805612e-18
1.2900493868497805e-09	0.004654318	-0.1297649	-0.9399155	0	0	0.38	4.496897e-18
1.3000190273910544e-09	0.00015102114	-0.12029954	-0.94742453	0	0	0.38	5.265791e-18
1.3100218307611615e-09	-0.011312738	-0.113269776	-0.9503655	0	0	0.38	4.4171097e-18
1.3200282366597674e-09	-0.020937111	-0.10224268	-0.9468477	0	0	0.38	4.4363723e-18
1.3300498577420225e-09	-0.03315199	-0.10417536	-0.9461023	0	0	0.38	4.9295705e-18
1.340016924645512e-09	-0.023071928	-0.091944724	-0.94437855	0	0	0.38	4.2709697e-18
1.350022022620329e-09	-0.012281509	-0.09034434	-0.9471566	0	0	0.38	4.273208e-18
1.360011511504553e-09	-0.024318075	-0.0966838	-0.9386171	0	0	0.38	4.492204e-18
1.3700345454364082e-09	-0.03112571	-0.083357506	-0.9365758	0	0	0.38	4.8866493e-18
1.3800488461498308e-09	-0.03600381	-0.08757854	-0.9343006	0	0	0.38	4.0255965e-18
1.3900469334506269e-09	-0.058465205	-0.079567134	-0.9347862	0	0	0.38	4.7798214e-18
1.4000118114466593e-09	-0.07921718	-0.06671552	-0.93756795	0	0	0.38	4.9217813e-18
1.4100635179228297e-09	-0.09185838	-0.062193435	-0.9375127	0	0	0.38	3.8473916e-18
1.420048894542378e-09	-0.096275754	-0.05460647	-0.9390237	0	0	0.38	4.742726e-18
1.4300491767403365e-09	-0.09628487	-0.036858786	-0.9369101	0	0	0.38	4.1268554e-18
1.440019180337954e-09	-0.08410437	-0.021573475	-0.9417531	0	0	0.38	4.6583445e-18
1.4500506704865152e-09	-0.073902965	-0.028092403	-0.9472276	0	0	0.38	4.862699e-18
1.4600583455496175e-09	-0.082511134	-0.022117041	-0.9495181	0	0	0.38	4.7694548e-18
1.4700306708498745e-09	-0.07408229	-0.015944803	-0.95084447	0	0	0.38	3.9097697e-18
1.4800019258052147e-09	-0.086056195	0.008871464	-0.9447208	0	0	0.38	5.33835e-18
1.4900309012654703e-09	-0.08138829	0.01520924	-0.94535416	0	0	0.38	5.2481984e-18
1.5000498745970884e-09	-0.078809716	0.02221037	-0.93774265	0	0	0.38	4.5881595e-18
1.5100308774362275e-09	-0.0798237	0.02594898	-0.9328018	0	0	0.38	4.8542933e-18
1.5200411147679394e-09	-0.07965627	0.029292243	-0.9292819	0	0	0.38	5.3271705e-18
1.530063004421779e-09	-0.06885569	0.03800066	-0.92299443	0	0	0.38	4.5817824e-18
1.5400302639618163e-09	-0.07208553	0.0517701	-0.9206382	0	0	0.38	4.4679797e-18
1.5500510629075971e-09	-0.07179779	0.06730046	-0.9222073	0	0	0.38	4.679594e-18
1.5600197696243551e-09	-0.07436578	0.058989502	-0.9280155	0	0	0.38	5.0622883e-18
1.5700262472085765e-09	-0.0880461	0.053799305	-0.93391293	0	0	0.38	4.1894345e-18
1.5800492453514051e-09	-0.09081201	0.051002968	-0.93136114	0	0	0.38	4.735936e-18
1.5900501975556062e-09	-0.10445408	0.05403655	-0.9355126	0	0	0.38	4.619865e-18
1.600024134031724e-09	-0.10781645	0.05130052	-0.9356633	0	0	0.38	4.7089428e-18
1.610057080095521e-09	-0.09055728	0.065496266	-0.9350392	0	0	0.38	4.220283e-18
1.6200345933671878e-09	-0.07329641	0.07082507	-0.93395704	0	0	0.38	5.086434e-18
1.6300341839560107e-09	-0.07468284	0.078341365	-0.9294016	0	0	0.38	4.528657e-18
1.6400085288769173e-09	-0.07028965	0.08003029	-0.92891496	0	0	0.38	3.9160174e-18
1.6500517508821892e-09	-0.058867168	0.06104549	-0.923872	0	0	0.38	4.295464e-18
1.6600105758742527e-09	-0.06679076	0.06840205	-0.9198697	0	0	0.38	5.0442954e-18
1.6700370253294202e-09	-0.064304054	0.046664387	-0.92756116	0	0	0.38	3.5697773e-18
1.6800449502281129e-09	-0.055766683	0.05819803	-0.93114245	0	0	0.38	4.1898208e-18
1.6900061184400016e-09	-0.061563708	0.06508152	-0.93300563	0	0	0.38	4.351118e-18
1.7000245235356309e-09	-0.06998543	0.0787352	-0.9326236	0	0	0.38	4.569543e-18
1.7100574046226672e-09	-0.06391138	0.08349797	-0.938297	0	0	0.38	4.251706e-18
1.7200401058434495e-09	-0.036990095	0.098971665	-0.9374243	0	0	0.38	4.4020013e-18
1.7300422098333315e-09	-0.04841981	0.09288651	-0.9378647	0	0	0.38	4.112875e-18
1.7400577313817278e-09	-0.048957333	0.06575508	-0.9412351	0	0	0.38	4.551953e-18
1.7500160224124441e-09	-0.051789705	0.04469784	-0.9409442	0	0	0.38	4.718367e-18
1.7600317492097736e-09	-0.05293058	0.043212585	-0.94015265	0	0	0.38	4.9210228e-18
1.7700525653452071e-09	-0.07297966	0.064780615	-0.9399987	0	0	0.38	4.645438e-18
1.7800028710757033e-09	-0.08264563	0.06244828	-0.93726563	0	0	0.38	4.8447145e-18
1.7900154155693769e-09	-0.09262489	0.081266165	-0.9375786	0	0	0.38	3.9946905e-18
1.8000165154673145e-09	-0.08713528	0.09005501	-0.93857336	0	0	0.38	5.042814e-18
1.8100284104782932e-09	-0.06642161	0.11120271	-0.9395102	0	0	0.38	3.8288644e-18
1.8200349012627467e-09	-0.059346385	0.109247446	-0.9446222	0	0	0.38	4.9515743e-18
1.8300613558802566e-09	-0.057095956	0.09907949	-0.9470015	0	0	0.38	4.3243112e-18
1.8400596990040916e-09	-0.07696416	0.0647374	-0.94467473	0	0	0.38	3.604771e-18
1.8500566185407469e-09	-0.07385499	0.06857506	-0.9465836	0	0	0.38	4.3733523e-18
1.8600239555883422e-09	-0.0763661	0.054325376	-0.94854903	0	0	0.38	4.226922e-18
1.8700631715140093e-09	-0.08041581	0.054057933	-0.9518972	0	0	0.38	4.5657363e-18
1.8800400303087278e-09	-0.06121785	0.06305497	-0.9516913	0	0	0.38	4.260144e-18
1.8900022728380106e-09	-0.055197477	0.057363655	-0.9494002	0	0	0.38	3.628381e-18
1.9000493062037918e-09	-0.04987334	0.063991666	-0.94960433	0	0	0.38	4.246851e-18
1.9100282383574417e-09	-0.0492097	0.06036901	-0.9481121	0	0	0.38	4.146523e-18
1.9200142505847943e-09	-0.029079156	0.050213475	-0.9529715	0	0	0.38	4.855343e-18
1.930020559751194e-09	-0.021234978	0.06933355	-0.9492188	0	0	0.38	3.999478e-18
1.9400408426754965e-09	-0.045669794	0.07539349	-0.9498625	0	0	0.38	5.211941e-18
1.950015583249902e-09	-0.048179284	0.090493485	-0.94755733	0	0	0.38	4.6022373e-18
1.9600053479555726e-09	-0.049925834	0.11480641	-0.9442577	0	0	0.38	4.2477693e-18
1.970001464392869e-09	-0.03754012	0.12959093	-0.9461052	0	0	0.38	4.135306e-18
1.9800046893260126e-09	-0.029528467	0.13603544	-0.9460843	0	0	0.38	5.2448276e-18
1.9900104896119296e-09	-0.010843406	0.1345502	-0.9480388	0	0	0.38	4.6288303e-18
2.0000073807500554e-09	-0.025955796	0.13836692	-0.9466138	0	0	0.38	5.9700756e-18
2.010031149555263e-09	-0.02705987	0.12869535	-0.94181633	0	0	0.38	4.149406e-18
2.020033596827421e-09	-0.03617529	0.11180848	-0.9451798	0	0	0.38	4.704097e-18
2.0300667011679976e-09	-0.032684587	0.12848417	-0.9448461	0	0	0.38	3.86666e-18
2.040040811611211e-09	-0.008161706	0.12337122	-0.94816023	0	0	0.38	4.2895804e-18
2.05003481643696e-09	-0.021889681	0.13023448	-0.9473136	0	0	0.38	3.7315027e-18
2.0600172238985325e-09	-0.02588721	0.14068198	-0.9456273	0	0	0.38	4.1480283e-18
2.0700588040208412e-09	-0.013423248	0.1423633	-0.9472735	0	0	0.38	4.459219e-18
2.0800452080409824e-09	-0.012918691	0.12697393	-0.94916916	0	0	0.38	4.782899e-18
2.090000990573656e-09	-0.012417201	0.1302571	-0.94600767	0	0	0.38	3.914915e-18
2.100037972693631e-09	-0.014257337	0.12868585	-0.9487658	0	0	0.38	3.4502258e-18
2.110052348896701e-09	-0.013884159	0.12825328	-0.9468663	0	0	0.38	5.059172e-18
2.1200553232425505e-09	-0.027140146	0.13307814	-0.94119245	0	0	0.38	5.180679e-18
2.130033449745204e-09	0.00530681	0.16168372	-0.9390434	0	0	0.38	4.64368e-18
2.1400490364221826e-09	0.024758494	0.15328442	-0.9403906	0	0	0.38	4.017362e-18
2.150022068060964e-09	0.033232387	0.15777081	-0.94065183	0	0	0.38	4.2994578e-18
2.1600122862202374e-09	0.05496516	0.15214062	-0.94022804	0	0	0.38	4.216284e-18
2.1700158114511664e-09	0.06949449	0.12987228	-0.94139427	0	0	0.38	4.57265e-18
2.180059092466898e-09	0.058678266	0.122543685	-0.9451369	0	0	0.38	4.4080935e-18
2.1900447752590757e-09	0.050420903	0.10502509	-0.94772923	0	0	0.38	5.0109783e-18
2.200034437514233e-09	0.056887228	0.08458783	-0.9488551	0	0	0.38	5.425702e-18
2.210007363442246e-09	0.050759226	0.087227635	-0.94775736	0	0	0.38	3.839171e-18
2.2200007772607467e-09	0.064528376	0.091376506	-0.94570285	0	0	0.38	4.3477142e-18
2.2300214536441104e-09	0.080582455	0.09645789	-0.94539905	0	0	0.38	4.846201e-18
2.240038399523073e-09	0.09224773	0.106224574	-0.9427034	0	0	0.38	3.860475e-18
2.2500528286538302e-09	0.10349892	0.09543992	-0.9459061	0	0	0.38	4.752637e-18
2.2600332974734102e-09	0.11438312	0.08201872	-0.9458085	0	0	0.38	5.1484193e-18
2.2700592842792522e-09	0.10187318	0.07601801	-0.94644165	0	0	0.38	5.0862443e-18
2.2800366201089022e-09	0.10768595	0.06878756	-0.9444503	0	0	0.38	4.908989e-18
2.290059375036654e-09	0.1016933	0.063388705	-0.94609904	0	0	0.38	5.071789e-18
2.3000542187857033e-09	0.10892998	0.07625997	-0.94415	0	0	0.38	4.0241977e-18
2.3100641718285096e-09	0.10143376	0.06681046	-0.9437465	0	0	0.38	5.1508946e-18
2.3200075987953146e-09	0.12620352	0.07344253	-0.9408932	0	0	0.38	5.4620626e-18
2.3300089043976556e-09	0.1286305	0.07608728	-0.9414363	0	0	0.38	4.1255265e-18
2.3400155227442997e-09	0.13630244	0.04836121	-0.94476515	0	0	0.38	4.0524947e-18
2.3500445782675873e-09	0.13733779	0.04261077	-0.9432036	0	0	0.38	3.9697547e-18
2.360042062615186e-09	0.15454715	0.016911864	-0.94072056	0	0	0.38	5.449235e-18
2.3700251094743944e-09	0.14652164	0.026396869	-0.94384056	0	0	0.38	5.3554704e-18
2.380002619860669e-09	0.1289924	0.03146402	-0.94908524	0	0	0.38	5.015361e-18
2.390040611878704e-09	0.11074513	0.02470548	-0.9531274	0	0	0.38	3.9038413e-18
2.400003787784242e-09	0.1019926	0.015619459	-0.94998497	0	0	0.38	4.8194016e-18
2.4100562083740513e-09	0.11406449	0.005328165	-0.95301706	0	0	0.38	3.7550708e-18
2.4200129744868737e-09	0.12054705	-0.016144691	-0.95254844	0	0	0.38	4.196155e-18
2.4300556394386452e-09	0.14244094	-0.02214599	-0.9501452	0	0	0.38	4.1204654e-18
2.4400498599383273e-09	0.15181428	-0.03268343	-0.9469271	0	0	0.38	3.8317293e-18
2.450045866015932e-09	0.1424415	-0.03665921	-0.9465884	0	0	0.38	3.4818964e-18
2.4600019909844853e-09	0.15249728	-0.037354376	-0.9454201	0	0	0.38	4.031887e-18
2.470047720977395e-09	0.12936251	-0.057366297	-0.9505644	0	0	0.38	4.7946395e-18
2.4800241349947588e-09	0.11872003	-0.068257116	-0.94846636	0	0	0.38	4.144489e-18
2.4900078264496765e-09	0.12129778	-0.069934815	-0.9465936	0	0	0.38	3.842748e-18
2.5000641758577075e-09	0.11129413	-0.074754655	-0.949733	0	0	0.38	3.2746143e-18
2.510053086079351e-09	0.10256975	-0.06999838	-0.95027757	0	0	0.38	3.4276075e-18
2.5200225541882737e-09	0.08870793	-0.06647871	-0.9487825	0	0	0.38	4.165046e-18
2.530037679589674e-09	0.064610556	-0.086298145	-0.95099056	0	0	0.38	3.9197877e-18
2.5400587732407813e-09	0.046405382	-0.10268156	-0.9526059	0	0	0.38	4.787733e-18
2.550049088790658e-09	0.042933997	-0.09765471	-0.9505596	0	0	0.38	4.5351116e-18
2.560055459982857e-09	0.04143911	-0.09052222	-0.94875515	0	0	0.38	4.763418e-18
2.5700257433458237e-09	0.025997763	-0.09027376	-0.95226455	0	0	0.38	5.5620435e-18
2.5800482932163095e-09	0.013132163	-0.086114734	-0.9485388	0	0	0.38	4.5188426e-18
2.5900188904298977e-09	0.011996894	-0.10719177	-0.9477503	0	0	0.38	4.6876185e-18
2.6000087592647202e-09	0.010158813	-0.13036881	-0.9446019	0	0	0.38	4.167237e-18
2.610023853590512e-09	-0.010792563	-0.13744946	-0.9427966	0	0	0.38	3.928403e-18
2.6200161473550166e-09	-0.028806103	-0.102883816	-0.9424465	0	0	0.38	4.259951e-18
2.6300220934080242e-09	-0.028512217	-0.10314703	-0.9449281	0	0	0.38	4.513832e-18
2.6400294259108576e-09	-0.045328356	-0.10852545	-0.94464093	0	0	0.38	4.70488e-18
2.6500541225105446e-09	-0.05174676	-0.107452966	-0.9437817	0	0	0.38	4.7398094e-18
2.660047184109738e-09	-0.081023045	-0.111729704	-0.94443446	0	0	0.38	3.58755e-18
2.6700317495655737e-09	-0.091417864	-0.090948	-0.946311	0	0	0.38	4.4291067e-18
2.68005506340343e-09	-0.079326086	-0.085665375	-0.9480067	0	0	0.38	4.013454e-18
2.6900130995782418e-09	-0.08684022	-0.06895174	-0.95016056	0	0	0.38	4.9241065e-18
2.7000279163820345e-09	-0.09699199	-0.06039935	-0.9465989	0	0	0.38	4.704458e-18
2.710039453574858e-09	-0.08471662	-0.048847094	-0.9492297	0	0	0.38	3.8534614e-18
2.720031032550972e-09	-0.084360816	-0.04182191	-0.94961184	0	0	0.38	4.5878208e-18
2.730023958337081e-09	-0.07424425	-0.041753646	-0.9460855	0	0	0.38	4.939478e-18
2.74004929700918e-09	-0.09256665	-0.04456612	-0.94931144	0	0	0.38	4.3405893e-18
2.750003139754295e-09	-0.07809659	-0.046220742	-0.9493416	0	0	0.38	5.1452826e-18
2.7600033436208445e-09	-0.07315292	-0.035157196	-0.95109177	0	0	0.38	4.368314e-18
2.7700402070387236e-09	-0.078330845	-0.026503734	-0.94609684	0	0	0.38	4.2814794e-18
2.7800449590877236e-09	-0.08146971	-0.039279085	-0.9466811	0	0	0.38	5.907821e-18
2.790004223469757e-09	-0.10036649	-0.022672761	-0.9474288	0	0	0.38	3.8189953e-18
2.8000510004329835e-09	-0.10767449	-0.009208281	-0.94763124	0	0	0.38	3.361438e-18
2.8100465994235184e-09	-0.09360904	-0.008158273	-0.94840103	0	0	0.38	4.733415e-18
2.820045616942836e-09	-0.1131613	0.006024416	-0.94592196	0	0	0.38	4.42274e-18
2.8300254782078554e-09	-0.091146275	0.027090758	-0.94903076	0	0	0.38	4.9631465e-18
2.840046556520174e-09	-0.083299674	0.019470718	-0.94487536	0	0	0.38	4.0866494e-18
2.850046370785032e-09	-0.07925942	0.009095112	-0.9496232	0	0	0.38	4.6303643e-18
2.860020644550565e-09	-0.0810505	0.005344948	-0.9457017	0	0	0.38	4.7111166e-18
2.8700077235421068e-09	-0.08015977	-0.001833783	-0.9397738	0	0	0.38	4.7012942e-18
2.880006722048289e-09	-0.08118914	-0.004694606	-0.9413932	0	0	0.38	4.3100647e-18
2.8900404627322897e-09	-0.08603111	0.00959759	-0.94464624	0	0	0.38	3.9404026e-18
2.900044202291193e-09	-0.09082773	0.0029635606	-0.94574577	0	0	0.38	4.9420576e-18
2.91006143659624e-09	-0.086130574	-0.0034212691	-0.94560075	0	0	0.38	4.5864977e-18
2.9200308320412924e-09	-0.07335795	-0.002641544	-0.94473416	0	0	0.38	4.5961993e-18
2.9300554309856877e-09	-0.0822797	0.011162549	-0.9470711	0	0	0.38	4.6384968e-18
2.94003459084155e-09	-0.06475237	0.025508143	-0.9478259	0	0	0.38	4.9316736e-18
2.9500616362356416e-09	-0.077696614	0.023948425	-0.9453908	0	0	0.38	4.799755e-18
2.960056894798877e-09	-0.07428812	0.026309716	-0.9449802	0	0	0.38	4.8296177e-18
2.970012307440333e-09	-0.07664514	0.0348096	-0.9465134	0	0	0.38	3.951612e-18
2.9800035299303e-09	-0.06554301	0.055059206	-0.9474173	0	0	0.38	4.0537897e-18
2.990006362073157e-09	-0.06549525	0.0640889	-0.9487888	0	0	0.38	3.9814023e-18
3.0000629133556947e-09	-0.04434023	0.08168128	-0.94711286	0	0	0.38	4.9461807e-18
3.0100303905267235e-09	-0.036662314	0.07610696	-0.94649786	0	0	0.38	4.638156e-18
3.020046244682742e-09	-0.026303137	0.088902704	-0.9470932	0	0	0.38	4.506728e-18
3.0300261596422303e-09	-0.03490241	0.08594122	-0.94891554	0	0	0.38	5.06649e-18
3.0400251906303507e-09	-0.03481413	0.09310293	-0.9481533	0	0	0.38	4.5276413e-18
3.0500508584080185e-09	-0.03368668	0.069753915	-0.94701314	0	0	0.38	4.623937e-18
3.060014865535494e-09	-0.035211865	0.081633195	-0.94581884	0	0	0.38	4.46261e-18
3.070042395786791e-09	-0.020672329	0.08085311	-0.94344395	0	0	0.38	4.106778e-18
3.080062320179099e-09	-0.033382457	0.09436981	-0.9446946	0	0	0.38	5.2690553e-18
3.090002872836149e-09	-0.046461076	0.091720864	-0.9478906	0	0	0.38	4.277965e-18
3.1000613554171816e-09	-0.024808422	0.098386616	-0.94740343	0	0	0.38	4.6557675e-18
3.110036903777426e-09	-0.04130014	0.1059534	-0.94457644	0	0	0.38	3.3562913e-18
3.120065235735977e-09	-0.037074488	0.124275446	-0.94541323	0	0	0.38	4.9762818e-18
3.1300233781413922e-09	-0.020348486	0.12230827	-0.94355947	0	0	0.38	3.4479938e-18
3.140046969885986e-09	-0.016204799	0.123107195	-0.9438854	0	0	0.38	3.9939787e-18
3.1500187702155764e-09	-0.008108853	0.12963118	-0.9437973	0	0	0.38	4.51871e-18
3.16003780485672e-09	-0.0032056482	0.12616464	-0.94781953	0	0	0.38	2.6866967e-18
3.1700458576010997e-09	-0.01422141	0.11853244	-0.9444132	0	0	0.38	5.513965e-18
3.180014684252182e-09	-0.014785361	0.15548578	-0.93814325	0	0	0.38	4.5812468e-18
3.1900509436539477e-09	0.0072349575	0.17900671	-0.9349333	0	0	0.38	4.6913313e-18
3.200023799850548e-09	0.023367416	0.18448713	-0.9363115	0	0	0.38	3.3361522e-18
3.21004520113529e-09	0.039006915	0.16700232	-0.93292755	0	0	0.38	4.226544e-18
3.2200197136102934e-09	0.04543126	0.15122822	-0.9339007	0	0	0.38	4.163987e-18
3.230050520985178e-09	0.053746644	0.14367357	-0.9302634	0	0	0.38	3.8414578e-18
3.240044309877053e-09	0.042372324	0.12648909	-0.9313646	0	0	0.38	3.9633127e-18
3.25001690316734e-09	0.01686203	0.12280618	-0.9334673	0	0	0.38	4.2705987e-18
3.260023876080966e-09	0.018890567	0.13045922	-0.92963356	0	0	0.38	3.8698495e-18
3.2700008161889266e-09	0.032359287	0.15043333	-0.92856073	0	0	0.38	4.792339e-18
3.2800224022791832e-09	0.052845452	0.14891137	-0.93445766	0	0	0.38	4.677519e-18
3.2900379612313662e-09	0.07546861	0.14888781	-0.9300053	0	0	0.38	4.0745643e-18
3.3000305093815545e-09	0.09597391	0.14259718	-0.930051	0	0	0.38	4.2500424e-18
3.3100620744797066e-09	0.10760559	0.12951659	-0.9259612	0	0	0.38	4.975843e-18
3.320025057482783e-09	0.11757623	0.11851578	-0.92301303	0	0	0.38	5.073471e-18
3.330044711829504e-09	0.08193383	0.11121516	-0.9298078	0	0	0.38	4.238127e-18
3.3400219976117116e-09	0.08370704	0.11612084	-0.92204404	0	0	0.38	3.6740997e-18
3.35001026362388e-09	0.0749312	0.118093066	-0.92450505	0	0	0.38	5.1084466e-18
3.3600201533222214e-09	0.07650676	0.12606137	-0.92374057	0	0	0.38	4.8024204e-18
3.370030812609075e-09	0.07960486	0.13792953	-0.919344	0	0	0.38	4.950972e-18
3.380042297104309e-09	0.11245651	0.12700795	-0.9250097	0	0	0.38	5.087013e-18
3.390021538763119e-09	0.116549075	0.10037847	-0.9297914	0	0	0.38	3.7540554e-18
3.400037545790106e-09	0.11919132	0.086518206	-0.9317578	0	0	0.38	5.639442e-18
3.4100019279308264e-09	0.10830897	0.079411194	-0.92966104	0	0	0.38	4.5869597e-18
3.420018499460018e-09	0.10739912	0.058284618	-0.93078786	0	0	0.38	5.111971e-18
3.4300481588067355e-09	0.1154816	0.06149155	-0.9217791	0	0	0.38	4.510092e-18
3.4400113186538555e-09	0.13083586	0.053815465	-0.9179387	0	0	0.38	3.757372e-18
3.4500082299208354e-09	0.13160977	0.063171476	-0.9107039	0	0	0.38	4.555662e-18
3.460002828778843e-09	0.12656625	0.051743366	-0.90063727	0	0	0.38	5.4001506e-18
3.4700624337334985e-09	0.13121235	0.054508332	-0.890518	0	0	0.38	5.162295e-18
3.4800550920901964e-09	0.11036164	0.032412272	-0.8751246	0	0	0.38	4.835639e-18
3.490051900207065e-09	0.084709704	0.05518566	-0.86541694	0	0	0.38	4.071041e-18
3.5000039587091567e-09	0.06742462	0.061726518	-0.8607013	0	0	0.38	4.083168e-18
3.5100546718945735e-09	0.05479232	0.07975365	-0.8503445	0	0	0.38	4.724947e-18
3.520011482893883e-09	0.032310016	0.098693855	-0.8479784	0	0	0.38	4.3033546e-18
3.5300264704314556e-09	-0.009673367	0.13072105	-0.83745444	0	0	0.38	3.5677685e-18
3.540039934941648e-09	-0.04733451	0.12415637	-0.8243422	0	0	0.38	5.3044537e-18
3.550031549586916e-09	-0.11726727	0.13325027	-0.81005454	0	0	0.38	4.9124284e-18
3.5600206329110136e-09	-0.20565298	0.1355518	-0.7865686	0	0	0.38	4.8059024e-18
3.5700537629668515e-09	-0.29172498	0.10709101	-0.7715383	0	0	0.38	4.442376e-18
3.5800639519848014e-09	-0.3539411	0.0545981	-0.7528555	0	0	0.38	5.4201787e-18
3.590013674901309e-09	-0.37647012	-0.024202779	-0.73279905	0	0	0.38	4.1689555e-18
3.600016553022651e-09	-0.3888219	-0.13299526	-0.7196105	0	0	0.38	4.7284047e-18
3.610052748914579e-09	-0.33226132	-0.24103239	-0.71404654	0	0	0.38	4.039327e-18
3.6200123368569634e-09	-0.26024142	-0.3174377	-0.7031939	0	0	0.38	5.3740977e-18
3.6300211159272855e-09	-0.15712222	-0.3362343	-0.6950405	0	0	0.38	5.0227958e-18
3.6400138519343136e-09	-0.03513892	-0.32557258	-0.6806911	0	0	0.38	4.1979002e-18
3.6500621837780923e-09	0.06929899	-0.23112993	-0.65603787	0	0	0.38	4.481825e-18
3.6600182280665176e-09	0.08565089	-0.07151377	-0.6368474	0	0	0.38	4.4257976e-18
3.670005316002716e-09	0.06678976	0.051715992	-0.6296734	0	0	0.38	4.280586e-18
3.6800536278291114e-09	-0.03993024	0.19311732	-0.6199194	0	0	0.38	4.691628e-18
3.6900257112537556e-09	-0.1711112	0.23869483	-0.61199397	0	0	0.38	4.8622326e-18
3.700039244213885e-09	-0.27073467	0.19617186	-0.60165805	0	0	0.38	3.903875e-18
3.710063461929956e-09	-0.33303347	0.08479698	-0.60143083	0	0	0.38	4.0095177e-18
3.72006341998799e-09	-0.3851259	-0.084235035	-0.593128	0	0	0.38	4.520765e-18
3.730034344982735e-09	-0.3619893	-0.26492342	-0.58644456	0	0	0.38	4.528096e-18
3.740056413329397e-09	-0.26046163	-0.39791024	-0.58840126	0	0	0.38	4.1792767e-18
3.750055599562284e-09	-0.1343331	-0.4608399	-0.58721906	0	0	0.38	6.051144e-18
3.7600111830229655e-09	0.026551543	-0.42915118	-0.5895748	0	0	0.38	4.7676825e-18
3.77005881250735e-09	0.16567898	-0.30276802	-0.5655265	0	0	0.38	3.0735269e-18
3.780007544616377e-09	0.16664223	-0.09627277	-0.552863	0	0	0.38	3.9237403e-18
3.7900007129228506e-09	0.07832322	0.040984064	-0.5451373	0	0	0.38	4.5682476e-18
3.800007079853514e-09	0.0040417775	0.14304069	-0.5367114	0	0	0.38	3.8994018e-18
3.810061612623871e-09	-0.097203664	0.25711665	-0.5324664	0	0	0.38	3.553319e-18
3.820016584575811e-09	-0.2556901	0.3186753	-0.52522177	0	0	0.38	3.539712e-18
3.830054200352057e-09	-0.38180342	0.17187804	-0.500539	0	0	0.38	3.5351896e-18
3.840041640563017e-09	-0.38710916	-0.045885786	-0.48361146	0	0	0.38	4.2835606e-18
3.850062365936757e-09	-0.25983107	-0.26216	-0.48681602	0	0	0.38	3.4741445e-18
3.8600235495355525e-09	0.021199936	-0.34677824	-0.48175773	0	0	0.38	5.000767e-18
3.870038744145658e-09	0.26184866	-0.23635349	-0.4782254	0	0	0.38	3.8094624e-18
3.88000502879297e-09	0.3111716	-0.029029146	-0.4701532	0	0	0.38	3.491862e-18
3.890035702876923e-09	0.26641852	0.098352335	-0.45976675	0	0	0.38	4.5170112e-18
3.900048216862421e-09	0.17046544	0.21765321	-0.45520005	0	0	0.38	3.584253e-18
3.910017607632116e-09	0.016006129	0.27450854	-0.44969064	0	0	0.38	4.115159e-18
3.920041597984052e-09	-0.15170941	0.24690464	-0.434844	0	0	0.38	3.4598955e-18
3.93002611123921e-09	-0.29203713	0.13092631	-0.40687665	0	0	0.38	3.829738e-18
3.940036313459891e-09	-0.35879314	-0.08796408	-0.38007027	0	0	0.38	3.3785113e-18
3.950051697287393e-09	-0.2652807	-0.35269707	-0.36376473	0	0	0.38	3.6769316e-18
3.960026907903939e-09	-0.04489866	-0.49728265	-0.34725502	0	0	0.38	3.9295045e-18
3.970036710478173e-09	0.17669308	-0.48637903	-0.3367791	0	0	0.38	4.1952764e-18
3.980013237513761e-09	0.32153478	-0.3751884	-0.32812223	0	0	0.38	3.8459043e-18
3.990013145682675e-09	0.38429236	-0.15902878	-0.33043453	0	0	0.38	3.8639827e-18
4.000055590132075e-09	0.26955485	0.07134655	-0.33202103	0	0	0.38	3.79814e-18
4.010048570632541e-09	0.073465824	0.19719817	-0.32416174	0	0	0.38	3.0668807e-18
4.020012624672159e-09	-0.08440219	0.20934564	-0.3186244	0	0	0.38	3.683235e-18
4.030057568974449e-09	-0.20978151	0.1531171	-0.3191798	0	0	0.38	4.861354e-18
4.04002322231296e-09	-0.28943262	-0.0034010704	-0.3087445	0	0	0.38	3.498272e-18
4.050022879900676e-09	-0.26763284	-0.15949167	-0.28307575	0	0	0.38	3.3572523e-18
4.0600001734643765e-09	-0.12702352	-0.31177443	-0.27664706	0	0	0.38	3.3724296e-18
4.0700045273550175e-09	0.13163702	-0.40666837	-0.2703904	0	0	0.38	3.68318e-18
4.0800401377516426e-09	0.37808296	-0.26491734	-0.2660857	0	0	0.38	4.549808e-18
4.090038195073774e-09	0.43332487	0.025640741	-0.2460793	0	0	0.38	3.3440685e-18
4.100013913722266e-09	0.27018812	0.27902192	-0.23232232	0	0	0.38	2.2551872e-18
4.110005677304222e-09	0.023128463	0.3690018	-0.22271614	0	0	0.38	2.9522355e-18
4.1200315405570955e-09	-0.17347947	0.30800417	-0.21334827	0	0	0.38	2.6800751e-18
4.130032931661606e-09	-0.2914582	0.16917464	-0.20677766	0	0	0.38	3.651939e-18
4.140052715945614e-09	-0.29306942	-0.007279321	-0.20025201	0	0	0.38	3.347133e-18
4.150003078449736e-09	-0.19624136	-0.18846613	-0.18675491	0	0	0.38	3.3320026e-18
4.160028248911908e-09	0.020315135	-0.33952212	-0.16307306	0	0	0.38	4.2153385e-18
4.170031951980677e-09	0.27375534	-0.3278968	-0.15525657	0	0	0.38	2.831498e-18
4.180013999425315e-09	0.45021313	-0.15512049	-0.137887	0	0	0.38	3.4576514e-18
4.190060131188464e-09	0.46558544	0.10139552	-0.11624196	0	0	0.38	2.9566967e-18
4.20000342550265e-09	0.31397027	0.2997102	-0.10585043	0	0	0.38	3.159473e-18
4.210056097217502e-09	0.06135374	0.39821377	-0.106274836	0	0	0.38	3.542065e-18
4.220042015801697e-09	-0.19377415	0.3120207	-0.1007295	0	0	0.38	3.125221e-18
4.230041890051706e-09	-0.30795214	0.100501955	-0.0915875	0	0	0.38	3.56054e-18
4.240064458092951e-09	-0.26646194	-0.07309773	-0.08094767	0	0	0.38	2.5069673e-18
4.25003905397399e-09	-0.184857	-0.21546319	-0.06294978	0	0	0.38	2.083996e-18
4.26002513527591e-09	-0.022463357	-0.3047447	-0.045276944	0	0	0.38	2.1546157e-18
4.270056048731896e-09	0.1609879	-0.27020147	-0.03724665	0	0	0.38	2.6262695e-18
4.280001996931908e-09	0.29634368	-0.12010898	-0.019976724	0	0	0.38	1.7586031e-18
4.2900481070125365e-09	0.30940676	0.15378562	0.006824174	0	0	0.38	3.4069652e-18
4.30000628167657e-09	0.08150144	0.36812386	0.039316263	0	0	0.38	1.692001e-18
4.310034770511817e-09	-0.19859952	0.34336016	0.042569146	0	0	0.38	3.113487e-18
4.32006210753867e-09	-0.37242427	0.1833203	0.04847858	0	0	0.38	2.3727182e-18
4.330021056596975e-09	-0.39183885	-0.06273737	0.06669823	0	0	0.38	1.7753068e-18
4.3400450758630325e-09	-0.20601575	-0.31519467	0.09049621	0	0	0.38	1.1358354e-18
4.350018684459727e-09	0.08571199	-0.34491545	0.09438519	0	0	0.38	2.0357672e-18
4.360059052190828e-09	0.2810177	-0.20457113	0.091524094	0	0	0.38	2.437485e-18
4.370030558538542e-09	0.322852	-0.022451174	0.112897485	0	0	0.38	1.4227014e-18
4.380043491954577e-09	0.27200997	0.17198269	0.13447879	0	0	0.38	1.9653789e-18
4.3900179679376075e-09	0.08749221	0.3210903	0.14766784	0	0	0.38	2.1415251e-18
4.400042102415564e-09	-0.15043771	0.31469464	0.160414	0	0	0.38	2.0020259e-18
4.4100041792302335e-09	-0.30778664	0.19261485	0.16434452	0	0	0.38	3.54793e-18
4.4200479318949905e-09	-0.38402683	0.0067729126	0.18714236	0	0	0.38	1.8802248e-18
4.430039072255831e-09	-0.27636376	-0.23414181	0.20694983	0	0	0.38	1.8957594e-18
4.440020439999861e-09	-0.021135954	-0.367461	0.22035389	0	0	0.38	1.908144e-18
4.450009232012073e-09	0.22167747	-0.30723357	0.22574571	0	0	0.38	2.0803669e-18
4.460058029321264e-09	0.31894755	-0.13326043	0.235515	0	0	0.38	1.770533e-18
4.470020787264162e-09	0.31276646	0.06585834	0.25104225	0	0	0.38	1.4999212e-18
4.4800172499463945e-09	0.16682743	0.25770733	0.26805633	0	0	0.38	2.1826986e-18
4.490048361645241e-09	-0.09712857	0.3424812	0.2802157	0	0	0.38	1.3148688e-18
4.50003375918892e-09	-0.32542148	0.20661415	0.28618622	0	0	0.38	7.424501e-19
4.510011930533128e-09	-0.39917466	-0.019907612	0.28262925	0	0	0.38	1.3113112e-18
4.5200324758397985e-09	-0.27044767	-0.27194417	0.29818296	0	0	0.38	1.7914097e-18
4.530052304813423e-09	0.02214855	-0.38721913	0.31574	0	0	0.38	2.0522002e-18
4.540029916814221e-09	0.2711458	-0.2530397	0.32141197	0	0	0.38	1.6376985e-18
4.550063142132248e-09	0.37111962	0.0026357633	0.33011827	0	0	0.38	2.1240404e-18
4.560015600333947e-09	0.26617688	0.26438022	0.34763578	0	0	0.38	5.8504127e-19
4.5700177257642595e-09	-0.008566452	0.3804668	0.36238405	0	0	0.38	1.4264689e-18
4.580018157437518e-09	-0.2439084	0.2817435	0.36556622	0	0	0.38	1.37915e-18
4.590030474994596e-09	-0.29434156	0.083565906	0.36766028	0	0	0.38	1.8307e-18
4.6000509905412744e-09	-0.24426262	-0.13615431	0.38347262	0	0	0.38	2.0065497e-18
4.610042736069584e-09	-0.1290653	-0.29376173	0.39871225	0	0	0.38	2.0002716e-18
4.620063469745734e-09	0.08906921	-0.38563576	0.39386058	0	0	0.38	1.0691722e-18
4.6300157110615215e-09	0.31520677	-0.25321314	0.40314946	0	0	0.38	4.0228619e-19
4.640060579051159e-09	0.37448922	0.028786253	0.41502222	0	0	0.38	1.5349117e-18
4.650035342307467e-09	0.20859323	0.28408065	0.4256551	0	0	0.38	6.345924e-19
4.660023105725532e-09	-0.06274477	0.2862082	0.45218828	0	0	0.38	1.2744973e-18
4.670063151783808e-09	-0.2125622	0.17111717	0.46030295	0	0	0.38	2.5171336e-19
4.680043828992108e-09	-0.2838622	0.013115837	0.46765962	0	0	0.38	1.3705212e-18
4.6900363881481365e-09	-0.28100383	-0.18004945	0.4785627	0	0	0.38	8.487336e-19
4.700030270627921e-09	-0.07593855	-0.37012368	0.499367	0	0	0.38	9.876577e-19
4.710011073066797e-09	0.26717073	-0.3090704	0.5081562	0	0	0.38	5.682458e-19
4.720060737387001e-09	0.41097322	0.008603469	0.5124236	0	0	0.38	8.3483886e-19
4.730059942212265e-09	0.2609277	0.26703563	0.5191008	0	0	0.38	6.623519e-19
4.740043521458225e-09	-0.05184386	0.3266917	0.53810096	0	0	0.38	6.2604787e-19
4.750003093966853e-09	-0.22333495	0.19976845	0.5457191	0	0	0.38	1.3984313e-18
4.7600521859175605e-09	-0.25839442	0.039433558	0.5499613	0	0	0.38	1.0660936e-18
4.77002297496093e-09	-0.21252526	-0.113416456	0.559914	0	0	0.38	8.4543933e-19
4.780020255443022e-09	-0.109771326	-0.29474118	0.56943804	0	0	0.38	1.3021971e-18
4.790008999167653e-09	0.20096408	-0.31945214	0.5844426	0	0	0.38	1.3626407e-18
4.800037345545936e-09	0.39243963	-0.04055162	0.59075314	0	0	0.38	3.2978238e-19
4.8100414487129935e-09	0.26842225	0.26142558	0.60656	0	0	0.38	7.5049265e-19
4.820053254373592e-09	-0.018505745	0.35197416	0.62401074	0	0	0.38	1.1955038e-18
4.830005683592219e-09	-0.22377063	0.18762861	0.6371921	0	0	0.38	-5.279195e-19
4.8400561764816665e-09	-0.25487718	-0.037232712	0.64003146	0	0	0.38	5.5112666e-19
4.850057951959653e-09	-0.17282009	-0.1986181	0.64573246	0	0	0.38	7.3538125e-19
4.860016807758228e-09	0.013996328	-0.29748622	0.6618496	0	0	0.38	2.1333783e-19
4.870028709100785e-09	0.25449252	-0.19813877	0.66615546	0	0	0.38	-3.1001504e-19
4.8800301842293155e-09	0.32745114	0.057867296	0.67356867	0	0	0.38	5.2637225e-19
4.8900179734472585e-09	0.15135439	0.27196229	0.69116634	0	0	0.38	3.4844748e-19
4.900036662293743e-09	-0.1047594	0.28728658	0.7028607	0	0	0.38	3.2055756e-19
4.9100605537205485e-09	-0.25257832	0.078034736	0.7080571	0	0	0.38	5.1140534e-19
4.920049845605642e-09	-0.2169152	-0.13444448	0.71615744	0	0	0.38	4.7208707e-19
4.930056424228603e-09	-0.052779254	-0.25124925	0.7264425	0	0	0.38	1.2400294e-18
4.940053999142511e-09	0.1605531	-0.22538902	0.7372539	0	0	0.38	6.796035e-19
4.95003151012026e-09	0.29442352	-0.026496248	0.73330307	0	0	0.38	-6.128293e-20
4.960057704954868e-09	0.17378744	0.21678415	0.74797374	0	0	0.38	-8.642701e-20
4.9700185235443024e-09	-0.051129557	0.2550039	0.7645536	0	0	0.38	4.2973548e-20
4.9800599097688e-09	-0.21823262	0.13913296	0.7646812	0	0	0.38	-1.7272786e-18
4.990041740594984e-09	-0.23892607	-0.101149105	0.7742077	0	0	0.38	1.9816436e-19
5.000025495918864e-09	-0.08468504	-0.260157	0.78129834	0	0	0.38	1.8902633e-19
5.010034478798539e-09	0.16168104	-0.23899359	0.7884249	0	0	0.38	-7.283945e-19
5.020003364530489e-09	0.26969352	0.00396636	0.79804295	0	0	0.38	-5.57948e-19
5.030004101200294e-09	0.12933342	0.25342408	0.8078173	0	0	0.38	-1.8733855e-19
5.040052279964828e-09	-0.15694436	0.22549987	0.8193759	0	0	0.38	-5.274522e-19
5.050045526681316e-09	-0.24722017	-0.013965625	0.8198573	0	0	0.38	1.655306e-19
5.060041464407907e-09	-0.110035196	-0.20710517	0.81996155	0	0	0.38	-1.1493417e-19
5.070038472243804e-09	0.107022025	-0.22409952	0.834324	0	0	0.38	-2.3893487e-19
5.080020018927432e-09	0.23951031	-0.016817793	0.83848304	0	0	0.38	-9.662254e-20
5.0900577688976754e-09	0.1323653	0.19506295	0.85097426	0	0	0.38	-3.5248304e-19
5.100047789952201e-09	-0.12654752	0.2032842	0.8657523	0	0	0.38	-5.408632e-19
5.110018127245592e-09	-0.23074983	-0.040113732	0.8766292	0	0	0.38	-4.1461257e-19
5.120028106653117e-09	-0.031300094	-0.24720272	0.8837415	0	0	0.38	-6.188139e-19
5.130044180310555e-09	0.22837497	-0.08746003	0.8909218	0	0	0.38	-7.1992786e-19
5.140060507868204e-09	0.13376391	0.1934219	0.8988639	0	0	0.38	-5.91343e-19
5.150016533760712e-09	-0.15291773	0.15221658	0.90631676	0	0	0.38	-6.348894e-19
5.160001176801348e-09	-0.18144959	-0.105383955	0.91879857	0	0	0.38	-6.893441e-19
5.17001510510355e-09	0.05692594	-0.17616972	0.92936987	0	0	0.38	-4.931503e-19
5.180002843004673e-09	0.16723232	0.016797544	0.9340353	0	0	0.38	-1.3034178e-18
5.190011002351768e-09	0.0033212858	0.16122863	0.935276	0	0	0.38	-1.7381703e-18
5.2000418605317326e-09	-0.15397422	0.038353235	0.94473207	0	0	0.38	-7.2977916e-19
5.210014966396648e-09	-0.076424964	-0.13799176	0.94275326	0	0	0.38	-1.2712252e-18
5.220000214902565e-09	0.12452695	-0.08028994	0.9478754	0	0	0.38	-8.679015e-19
5.230033577066464e-09	0.08775071	0.094202615	0.9489838	0	0	0.38	-1.4501343e-18
5.240034832278307e-09	-0.057394475	0.07448358	0.95259565	0	0	0.38	-6.58464e-19
5.250009324839596e-09	-0.07020613	-0.03678503	0.954427	0	0	0.38	-1.0704141e-18
5.26006281493342e-09	0.030465929	-0.06899291	0.9568364	0	0	0.38	-5.6321244e-19
5.270045176520442e-09	0.064994685	0.023555666	0.95837086	0	0	0.38	-1.6352864e-18
5.280014893647016e-09	-0.00024236129	0.07341026	0.9616233	0	0	0.38	-1.3889669e-18
5.290008155004203e-09	-0.07749062	0.014638922	0.9590319	0	0	0.38	-1.0315791e-18
5.300050866987018e-09	-0.01382365	-0.069320634	0.9615751	0	0	0.38	-9.4941e-19
5.310058912836403e-09	0.057613663	-0.037742924	0.95921516	0	0	0.38	-8.0920644e-19
5.320020450156722e-09	0.04369427	0.049936827	0.96537745	0	0	0.38	-2.4508845e-18
5.330051862095315e-09	-0.025366144	0.04804581	0.9649383	0	0	0.38	-8.053414e-19
5.3400624573669965e-09	-0.05279559	-0.022723611	0.96587276	0	0	0.38	-1.3593669e-18
5.350060556296227e-09	0.010761634	-0.05030148	0.9654624	0	0	0.38	-1.1266419e-18
5.360036592483343e-09	0.039368138	0.005550004	0.9688861	0	0	0.38	-2.1948998e-18
5.370059590920957e-09	0.0006938591	0.022198496	0.9685051	0	0	0.38	-1.7589632e-18
5.380035868868727e-09	-0.02576678	0.026673738	0.96626365	0	0	0.38	-1.6926566e-18
5.39002680929953e-09	-0.021646852	-0.015843317	0.96434146	0	0	0.38	-1.4188139e-18
5.400056952012024e-09	0.024875017	-0.0052804793	0.9686122	0	0	0.38	-2.321887e-18
5.410011366561771e-09	0.006546691	0.02253537	0.96756923	0	0	0.38	-8.685097e-19
5.420005733397451e-09	-0.03806982	0.0043013683	0.9671716	0	0	0.38	-1.2936471e-18
5.430033178361671e-09	-0.009432711	-0.045795966	0.96634424	0	0	0.38	-1.1298078e-18
5.440006297994837e-09	0.034662712	-0.019775284	0.96641433	0	0	0.38	-1.278767e-18
5.450060744845697e-09	0.010310784	0.013968397	0.9665044	0	0	0.38	-1.798463e-18
5.460011659130429e-09	-0.0059727817	0.005745703	0.96791404	0	0	0.38	-9.673226e-19
5.4700550860529024e-09	0.0005713045	-0.00032799115	0.965746	0	0	0.38	-1.1544278e-18
5.480028232630491e-09	-0.004839042	0.005200429	0.9648513	0	0	0.38	-8.5441543e-19
5.49004952438756e-09	-0.0038880496	-0.009525253	0.9633295	0	0	0.38	-1.2562056e-18
5.5000280586986035e-09	0.00202318	0.0054939934	0.9627888	0	0	0.38	-1.1312083e-18
5.510004516973749e-09	-0.0033335919	0.012555962	0.96203893	0	0	0.38	-9.433811e-19
5.52002166292177e-09	-0.008030553	0.0073916665	0.9641268	0	0	0.38	-1.0486941e-18
5.5300187572086755e-09	0.014027874	-0.02644106	0.9620943	0	0	0.38	3.4763564e-20
5.540057817787345e-09	0.021187082	0.014023022	0.96476763	0	0	0.38	-7.760697e-19
5.5500350704624065e-09	-0.0009558659	0.020204678	0.9637249	0	0	0.38	-1.1877013e-18
5.5600598262741264e-09	-0.028181173	-0.0016199368	0.96164334	0	0	0.38	-1.4607568e-18
5.570050450588835e-09	0.014446763	-0.031053312	0.96149975	0	0	0.38	-2.0250035e-18
5.5800335407693155e-09	0.028388456	0.020029128	0.960912	0	0	0.38	-1.2352065e-18
5.59002770519964e-09	-0.027727818	0.05098057	0.959884	0	0	0.38	-1.6798686e-18
5.600050240132683e-09	-0.044724226	-0.015197726	0.9646617	0	0	0.38	-1.2204072e-18
5.61006026348085e-09	0.007041947	-0.03567067	0.96213204	0	0	0.38	-5.6868605e-19
5.6200187981713e-09	0.034713164	0.011401196	0.9634379	0	0	0.38	-3.8737108e-19
5.6300231669548175e-09	-0.0060913158	0.02852347	0.96199703	0	0	0.38	-1.6674715e-18
5.640061091844765e-09	-0.016901935	0.002067197	0.9656695	0	0	0.38	-1.763507e-18
5.650049756535616e-09	-0.0039014337	-0.0023832985	0.96134275	0	0	0.38	-7.894433e-19
5.6600154321610716e-09	0.00634791	-0.0013495975	0.96308464	0	0	0.38	-2.198869e-18
5.670040554221496e-09	-0.0031052774	0.016724134	0.96600187	0	0	0.38	-9.523877e-19
5.680012451640207e-09	-0.011823816	0.012430469	0.9626293	0	0	0.38	-1.3516968e-18
5.690005817111199e-09	-0.019562904	-0.010694575	0.9612013	0	0	0.38	-1.753914e-18
5.700014738705513e-09	-0.0014373774	-0.028825488	0.9620243	0	0	0.38	-1.4130743e-19
5.710054941281876e-09	0.022535281	0.003921793	0.9616537	0	0	0.38	-1.1470805e-18
5.720047367208072e-09	0.007364999	0.009915794	0.96343493	0	0	0.38	-1.3035587e-18
5.730017229962207e-09	-0.018476281	0.007114111	0.96500343	0	0	0.38	-1.2582048e-18
5.740001464064409e-09	-0.016381737	-0.019221792	0.96603066	0	0	0.38	-1.3379054e-18
5.750049405572708e-09	0.014770293	-0.027658805	0.9648771	0	0	0.38	-1.97533e-18
5.760054309402924e-09	0.029648447	0.002744694	0.9641788	0	0	0.38	-1.0431315e-18
5.7700348341134554e-09	0.015101052	0.03679127	0.96385515	0	0	0.38	-1.9413437e-18
5.780056871534603e-09	-0.018181685	0.022993624	0.96312267	0	0	0.38	-4.62873e-19
5.790001876087114e-09	-0.0308358	-0.026388468	0.9637429	0	0	0.38	-1.2440014e-18
5.800031900161859e-09	0.012375585	-0.031606715	0.9636107	0	0	0.38	-1.3848784e-19
5.81002294712479e-09	0.03062178	0.018411756	0.96541774	0	0	0.38	-8.263712e-19
5.820010122312124e-09	-0.01734047	0.017791742	0.9680694	0	0	0.38	-1.0430933e-18
5.830055577162152e-09	-0.024567066	0.002507793	0.9692145	0	0	0.38	-1.1334882e-18
5.840058232204162e-09	-0.011207279	-0.009805428	0.9677554	0	0	0.38	-1.6056792e-18
5.850040766731605e-09	0.023681037	-0.01075732	0.9682559	0	0	0.38	-9.371956e-19
5.860027280018777e-09	0.014452273	0.016013507	0.96610266	0	0	0.38	-3.768115e-19
5.870041670817191e-09	-0.0020938693	0.02276779	0.96280205	0	0	0.38	-1.156085e-18
5.880045591917583e-09	-0.041762795	-0.0139847	0.9638107	0	0	0.38	-8.69706e-19
5.890062226928678e-09	0.015443138	-0.024532033	0.9668483	0	0	0.38	-1.1535928e-18
5.900041216158214e-09	0.02181752	0.016580466	0.96575093	0	0	0.38	-6.112177e-19
5.910053632993325e-09	-0.014946038	0.00703896	0.966644	0	0	0.38	-1.5552963e-18
5.92004307249377e-09	0.0052375747	-0.0016541099	0.96512425	0	0	0.38	-1.4955987e-18
5.9300014100847425e-09	0.0022090608	0.0144770555	0.96445537	0	0	0.38	-6.105482e-19
5.94005114390068e-09	-0.020596674	0.008431237	0.96616226	0	0	0.38	-6.6434944e-19
5.950020724023991e-09	-0.01626022	-0.0014993357	0.96246225	0	0	0.38	1.8199053e-19
5.960037801390998e-09	0.008877574	-0.018196328	0.96593	0	0	0.38	-1.7443864e-18
5.970038662601995e-09	0.020674996	0.0018285249	0.9639813	0	0	0.38	-1.974738e-18
5.980030291721487e-09	0.020956444	0.022765305	0.9657204	0	0	0.38	-1.1742697e-18
5.990018987222677e-09	-0.02702101	0.015993306	0.96565044	0	0	0.38	-1.1477808e-18
6.000041736322944e-09	-0.0142728435	-0.009517302	0.9661336	0	0	0.38	-2.3839155e-18
6.010006510416722e-09	0.003856855	-0.016717818	0.96619016	0	0	0.38	-2.710747e-18
6.020035360496345e-09	0.001096965	0.021600533	0.9650369	0	0	0.38	-9.314861e-19
6.030051880705295e-09	-0.00822893	0.013116014	0.96392995	0	0	0.38	-7.647505e-19
6.040004568166026e-09	-0.02446595	-0.01325196	0.9636334	0	0	0.38	-9.65319e-19
6.05003554730032e-09	-0.0079163555	-0.02085232	0.96552145	0	0	0.38	-9.108638e-19
6.060053485288227e-09	0.01228582	0.0009598294	0.97084165	0	0	0.38	-1.8839547e-18
6.070052138526397e-09	0.0048703267	0.019051356	0.9676154	0	0	0.38	-1.3668049e-18
6.080015329315977e-09	-0.0103990575	0.009454669	0.96741986	0	0	0.38	-2.396896e-19
6.090065297660191e-09	0.005132805	-0.01377393	0.96653235	0	0	0.38	-1.9945384e-18
6.10001852366299e-09	0.0176791	-0.0060032546	0.9661889	0	0	0.38	-9.820242e-19
6.110017361613242e-09	0.014222421	0.018184498	0.9695715	0	0	0.38	-2.2541054e-18
6.120004317931436e-09	-0.011325459	0.01935781	0.9670137	0	0	0.38	-1.6987724e-18
6.130035000519736e-09	-0.016091226	0.0058985297	0.9664006	0	0	0.38	-1.1273289e-18
6.140042242980188e-09	-0.014156246	-0.020434648	0.9646676	0	0	0.38	-8.2649333e-19
6.1500413421799946e-09	0.030185873	-0.0031627868	0.9660789	0	0	0.38	-1.6999582e-18
6.160028819893533e-09	0.0041320417	0.02552635	0.9661158	0	0	0.38	-2.2766105e-18
6.170046560388438e-09	-0.017700916	0.006566502	0.969157	0	0	0.38	-1.9833878e-18
6.180060770458934e-09	-0.017297598	-0.0115132425	0.96814275	0	0	0.38	-1.0923534e-18
6.190004072118034e-09	0.020165067	-0.022128481	0.96735173	0	0	0.38	-6.821636e-19
6.200010191704867e-09	0.021175517	0.024539668	0.965659	0	0	0.38	-1.1833485e-18
6.210061236706555e-09	-0.031561654	0.03380461	0.9657689	0	0	0.38	-1.1857507e-18
6.220028247341136e-09	-0.02709774	-0.024222119	0.9671393	0	0	0.38	-1.1683221e-18
6.230055303732845e-09	0.03234342	-0.020836696	0.96691877	0	0	0.38	-1.3388134e-18
6.2400016980838275e-09	0.0067939055	0.021273648	0.9660575	0	0	0.38	-2.2780906e-19
6.250034524507038e-09	-0.0153121585	-0.00033461401	0.9648912	0	0	0.38	-1.8053992e-19
6.26004062764469e-09	0.018524963	0.0048701447	0.96425676	0	0	0.38	-1.0395783e-18
6.270032340085732e-09	-0.005795298	-0.005818663	0.96821856	0	0	0.38	-2.055806e-18
6.28005029861435e-09	0.0036712696	-0.0034781466	0.96645504	0	0	0.38	-1.0162815e-18
6.290044473456769e-09	0.012950745	0.014077113	0.96607107	0	0	0.38	-1.6221558e-18
6.30000450809651e-09	-0.01983232	0.01813791	0.96486616	0	0	0.38	-1.243891e-18
6.310003561548292e-09	-0.023351967	-0.014693037	0.966771	0	0	0.38	-3.9787873e-19
6.320028430958346e-09	-0.004698934	-0.022580793	0.9689881	0	0	0.38	-1.0414679e-18
6.330033499984579e-09	-0.0022457715	-0.013413525	0.9679441	0	0	0.38	-1.0185073e-18
6.340010490537739e-09	0.017432097	-0.017646078	0.9628717	0	0	0.38	-8.709772e-19
6.350000302711967e-09	0.0014568926	0.026493253	0.96518344	0	0	0.38	-2.001618e-18
6.360003197289358e-09	-0.032609925	0.0010615055	0.96486276	0	0	0.38	-1.2880968e-18
6.370046320292176e-09	-0.012967664	-0.040322036	0.9626175	0	0	0.38	-1.2532567e-18
6.380034104221454e-09	0.03787154	-0.020381588	0.95998716	0	0	0.38	-2.2702615e-18
6.390022584786937e-09	0.027013259	0.03174955	0.9633945	0	0	0.38	-1.3713911e-18
6.400008325753403e-09	-0.016506413	0.041405354	0.9613978	0	0	0.38	-4.9293616e-19
6.4100558999221305e-09	-0.024084326	-0.014519548	0.9633694	0	0	0.38	-1.1739814e-18
6.42003407705313e-09	0.014224596	-0.014408414	0.9627332	0	0	0.38	-1.7210312e-18
6.430060956711929e-09	0.038818862	-0.0052323346	0.96152335	0	0	0.38	-2.2163879e-18
6.4400017864029935e-09	0.005986554	0.025468305	0.963719	0	0	0.38	-3.7927265e-19
6.450053151225885e-09	-0.026602874	-0.0020351515	0.96756375	0	0	0.38	-8.131337e-19
6.460009054988401e-09	-0.017455392	-0.035824507	0.96371925	0	0	0.38	-1.583704e-18
6.470042092695672e-09	0.036222804	-0.01970553	0.96334857	0	0	0.38	-1.6271198e-18
6.48004820638087e-09	0.0075284373	0.019213658	0.9657994	0	0	0.38	-1.1029043e-18
6.490052158477026e-09	-0.018398484	0.0020390498	0.9632723	0	0	0.38	-1.2934765e-18
6.500009497956214e-09	0.0042819683	-0.012283802	0.96017915	0	0	0.38	-4.2617663e-19
6.510049576662956e-09	0.010628719	0.016951242	0.9612153	0	0	0.38	-2.2700023e-19
6.52002833241268e-09	-0.00063353777	0.020691251	0.9633699	0	0	0.38	-8.372798e-19
6.530055063481176e-09	-0.015911888	0.015318218	0.9640245	0	0	0.38	-1.5830589e-18
6.5400459368696955e-09	-0.0042491322	-0.017976934	0.9649878	0	0	0.38	-1.6149247e-18
6.550026366617703e-09	0.021657854	-0.011089671	0.96234477	0	0	0.38	-1.4238292e-18
6.560026293818414e-09	-0.0009519287	0.010576895	0.96059155	0	0	0.38	-1.5045764e-18
6.570022111457472e-09	-0.00826263	0.0011563195	0.9628311	0	0	0.38	-1.9290474e-18
6.580035215723492e-09	0.017993256	-0.008389847	0.96409196	0	0	0.38	-3.0078171e-19
6.59002913232827e-09	0.020059485	0.02347283	0.9652858	0	0	0.38	-2.4901207e-18
6.600000321630654e-09	-0.025725093	0.022604136	0.96676785	0	0	0.38	-1.60495e-18
6.610063216670752e-09	-0.017084463	-0.010580467	0.9650731	0	0	0.38	-1.3132773e-18
6.620010558840164e-09	0.013739013	-0.0067718704	0.96580553	0	0	0.38	-1.9199815e-18
6.630046756565277e-09	0.0045179683	0.018298201	0.96682274	0	0	0.38	-1.4521727e-18
6.6400496088197425e-09	-0.013688084	0.015265376	0.96599287	0	0	0.38	-1.2887641e-18
6.6500304535604465e-09	-0.022929965	0.0068321265	0.96426255	0	0	0.38	-1.0660988e-18
6.6600589313152766e-09	-0.014933587	-0.019123888	0.9685671	0	0	0.38	-2.2086593e-18
6.6700192798783906e-09	0.0049441317	-0.019382028	0.9663492	0	0	0.38	-7.7415834e-19
6.6800232134282954e-09	0.0042447867	0.013316036	0.9689112	0	0	0.38	-1.3290604e-18
6.690053711388014e-09	-0.013929829	0.0052366196	0.9692716	0	0	0.38	-2.0486435e-18
6.70005075172853e-09	-0.0045146495	-0.013494753	0.96955675	0	0	0.38	-1.660249e-18
6.710055275271182e-09	0.018121997	-0.016919011	0.9652595	0	0	0.38	-2.631089e-18
6.7200171949468434e-09	0.033061832	0.015849961	0.96540916	0	0	0.38	-1.3633696e-18
6.730021221436821e-09	-0.023870343	0.028125439	0.96360713	0	0	0.38	-4.869148e-19
6.7400097243166335e-09	-0.032624785	-0.007855124	0.96449226	0	0	0.38	-8.325343e-19
6.750025132628223e-09	0.0006751157	-0.031070663	0.96462345	0	0	0.38	-9.093088e-19
6.760016672926127e-09	0.029811092	-0.0025925043	0.9632383	0	0	0.38	-8.503487e-19
6.77004916787228e-09	-0.0025760727	0.022589564	0.9634859	0	0	0.38	-1.2310633e-18
6.780029618600586e-09	-0.012541964	-0.020311184	0.96435356	0	0	0.38	-1.8511787e-18
6.790048205659148e-09	0.01694303	0.011117458	0.9622825	0	0	0.38	-4.5838994e-19
6.800014819139352e-09	-0.012280292	0.009553716	0.9617176	0	0	0.38	-1.8150433e-18
6.81002972350605e-09	-0.019642225	-0.02139591	0.9628857	0	0	0.38	-1.0845541e-18
6.820051205703673e-09	0.02573051	-0.013986973	0.96378	0	0	0.38	-1.4478183e-18
6.830012299221456e-09	0.020761807	0.006890411	0.9652796	0	0	0.38	4.2909232e-20
6.840006262626711e-09	-0.0042171394	0.020218905	0.96531475	0	0	0.38	-1.4406201e-18
6.850042848547767e-09	-0.014545451	-0.002847389	0.96618414	0	0	0.38	-1.3433093e-18
6.86000139539651e-09	-0.008286994	-0.025039643	0.9626608	0	0	0.38	-1.7673653e-19
6.870001938015489e-09	0.016071083	-0.029971674	0.9665125	0	0	0.38	-1.1922034e-18
6.8800527796612886e-09	0.015576296	0.009767815	0.9671896	0	0	0.38	-2.6224763e-18
6.890010550233708e-09	-0.010500394	0.0012068088	0.9662623	0	0	0.38	-1.457422e-18
6.900000784220878e-09	-0.015277731	-0.008459574	0.9661511	0	0	0.38	-1.1667601e-18
6.910057050007014e-09	0.018578561	-0.02764951	0.9685692	0	0	0.38	-1.4676611e-18
6.920053559094559e-09	0.013004323	0.0034811455	0.96495396	0	0	0.38	-1.6017947e-18
6.9300174893777995e-09	0.0008249227	0.0123085985	0.9656134	0	0	0.38	-1.0519087e-18
6.94002922492715e-09	-0.008551045	0.010873614	0.96386784	0	0	0.38	-1.4682861e-18
6.950003227160157e-09	-0.01292339	-0.02209362	0.9646266	0	0	0.38	-1.5968417e-18
6.960030921875834e-09	0.037901945	-0.013045374	0.96429276	0	0	0.38	-9.754143e-19
6.9700020589988635e-09	0.011621072	0.020858154	0.9605564	0	0	0.38	-1.7503464e-18
6.9800178192445325e-09	-0.00462549	0.0137811825	0.9643365	0	0	0.38	-1.6960126e-18
6.990038850857699e-09	-0.00018457996	0.0021358405	0.9641351	0	0	0.38	-1.0050121e-18
7.0000489614014586e-09	0.0009302435	-0.0012574656	0.96383923	0	0	0.38	-1.3151513e-18
7.010002568825988e-09	-0.0063801035	-0.005655651	0.964845	0	0	0.38	-6.6710555e-19
7.020031233893856e-09	0.008823197	-0.014990671	0.96394205	0	0	0.38	-1.8093385e-18
7.030043915995756e-09	0.019658322	-0.0044770953	0.9645076	0	0	0.38	-4.451234e-19
7.040007020956984e-09	0.0013083535	0.02997264	0.96436733	0	0	0.38	3.1128115e-20
7.050032094510492e-09	-0.027723657	-0.003164719	0.9633821	0	0	0.38	-7.5592795e-19
7.060052250562006e-09	-0.01235665	-0.017295888	0.9615104	0	0	0.38	-3.1619928e-19
7.070011285276176e-09	-0.0019111821	-0.0133807445	0.9651521	0	0	0.38	-1.4467549e-18
7.080013269749679e-09	0.038692407	-0.015631722	0.964361	0	0	0.38	-1.7677735e-18
7.090023106393167e-09	0.009019957	0.023442855	0.9644652	0	0	0.38	4.9130777e-20
7.100051947640437e-09	0.0017088387	0.021860465	0.9667894	0	0	0.38	-8.994691e-19
7.110007988144503e-09	-0.014480237	0.011412921	0.96823794	0	0	0.38	-9.331132e-19
7.120005831759537e-09	-0.0092988545	-0.018238746	0.9667232	0	0	0.38	-1.6978246e-18
7.130020718269446e-09	0.018255146	-0.016084418	0.9677572	0	0	0.38	-2.0453215e-18
7.140060981019343e-09	0.015292086	-0.0020479264	0.96859	0	0	0.38	-9.175801e-19
7.150004920511758e-09	0.0048826435	0.028551215	0.96782553	0	0	0.38	-1.3851285e-18
7.160046574329375e-09	-0.01805931	-0.0004357916	0.9646496	0	0	0.38	-6.6139785e-19
7.170049514471968e-09	0.00214755	-0.019995805	0.96440643	0	0	0.38	-1.14432e-18
7.1800580636129005e-09	0.006713845	-0.007025129	0.9623199	0	0	0.38	-8.268217e-19
7.190008589681266e-09	0.021036375	-0.010401776	0.964893	0	0	0.38	-1.2932195e-18
7.200014634369186e-09	0.013999876	0.018129017	0.9673229	0	0	0.38	-9.505029e-19
7.210042978265519e-09	-0.018587021	0.022943594	0.9653328	0	0	0.38	-8.771778e-19
7.220041156560554e-09	-0.018681336	-0.029333608	0.96751875	0	0	0.38	-7.35579e-19
7.2300072379525634e-09	0.022187933	-0.024754444	0.96526724	0	0	0.38	-8.249839e-19
7.2400329164185065e-09	0.016678236	0.005471515	0.9662145	0	0	0.38	-1.312314e-18
7.2500464299185374e-09	-0.012162314	0.021346148	0.96487725	0	0	0.38	-1.6607942e-18
7.2600576259893e-09	-0.020731438	-0.002998783	0.9633314	0	0	0.38	-2.3550407e-18
7.270031509288861e-09	-0.005286434	-0.016494498	0.9633714	0	0	0.38	-1.136158e-18
7.28000945780766e-09	0.024474442	-0.009655434	0.96371484	0	0	0.38	-2.2997765e-18
7.290023508215874e-09	0.034155462	0.025928779	0.96279186	0	0	0.38	-1.0816865e-18
7.30003203293825e-09	-0.009242673	0.02509281	0.9608813	0	0	0.38	-1.9481222e-18
7.31005919468569e-09	-0.008142873	-0.009307078	0.9636311	0	0	0.38	-4.5422075e-19
7.32003127705483e-09	0.010102514	-0.008331362	0.9636213	0	0	0.38	-1.225074e-18
7.3300106813257916e-09	0.018740702	0.005816651	0.96416277	0	0	0.38	-1.1412025e-18
7.340015339142135e-09	-0.004424343	0.0036696377	0.9640535	0	0	0.38	-1.2719971e-18
7.350058154626044e-09	0.00810136	0.011462122	0.96236426	0	0	0.38	-1.6741827e-18
7.360040548381424e-09	-0.012309025	0.011737828	0.9654992	0	0	0.38	-6.5991477e-19
7.370054842743713e-09	-0.020316996	-0.011115854	0.9650116	0	0	0.38	-7.000906e-19
7.380004668158985e-09	-0.007997424	-0.03206494	0.9666377	0	0	0.38	-1.5490637e-18
7.390056826889275e-09	0.015086511	-0.016044026	0.96545535	0	0	0.38	-1.0884332e-18
7.40000481658372e-09	0.008949888	0.00023988169	0.963734	0	0	0.38	-8.264503e-19
7.410040599553485e-09	-0.006520152	-0.006236186	0.96411115	0	0	0.38	-1.759577e-18
7.4200090602784164e-09	0.022204168	0.0065980027	0.9643446	0	0	0.38	-1.4363806e-18
7.430023930850117e-09	-0.0028190895	0.023072306	0.9627257	0	0	0.38	-2.0963166e-18
7.440049636743044e-09	-0.027367683	0.016957551	0.9606744	0	0	0.38	-1.2529097e-18
7.450046029844729e-09	-0.016769102	-0.026343621	0.963182	0	0	0.38	-1.865321e-18
7.460002784941416e-09	0.030246701	-0.02113657	0.9639827	0	0	0.38	-1.4054471e-18
7.470014002951317e-09	0.043671746	0.028083421	0.96332496	0	0	0.38	-1.2395376e-18
7.480034316594731e-09	-0.026241422	0.031013636	0.965542	0	0	0.38	-1.1309995e-18
7.490061913155169e-09	-0.020859271	-0.03376262	0.9652301	0	0	0.38	-3.8765215e-19
7.500013659668967e-09	0.03588831	-0.020020293	0.96677274	0	0	0.38	-7.9109724e-19
7.51004828364618e-09	0.040673718	0.035195902	0.9641318	0	0	0.38	-1.0016716e-18
7.520019089458063e-09	-0.031000499	0.046000153	0.9690355	0	0	0.38	-8.967065e-19
7.530025773759004e-09	-0.04536586	-0.011983049	0.96863824	0	0	0.38	-9.058362e-19
7.540061389086189e-09	0.005080526	-0.047530666	0.96839267	0	0	0.38	-2.1706747e-18
7.550014517609492e-09	0.054324042	-0.008607379	0.96794885	0	0	0.38	-2.0796332e-18
7.56000781663402e-09	0.020399397	0.053119875	0.9686247	0	0	0.38	-1.8862748e-18
7.570004183656407e-09	-0.05049446	0.013932728	0.96489435	0	0	0.38	-1.1679794e-18
7.580029423863744e-09	-0.020940166	-0.047457546	0.9664192	0	0	0.38	-1.7061114e-18
7.590061350542966e-09	0.042166222	-0.031551447	0.9677336	0	0	0.38	-5.902519e-19
7.600054672675762e-09	0.031417537	0.035170052	0.96368015	0	0	0.38	-1.4060447e-19
7.610061188939543e-09	-0.028919796	0.028137324	0.9673107	0	0	0.38	-1.6373043e-18
7.620005560449575e-09	-0.0360161	-0.013424537	0.9653481	0	0	0.38	-1.6573817e-18
7.630010814930254e-09	-0.0020567595	-0.045826107	0.9642955	0	0	0.38	-1.3649604e-18
7.640057640680914e-09	0.0478739	-0.009408065	0.9613631	0	0	0.38	-1.0357892e-18
7.650025023654036e-09	0.008377561	0.04400149	0.96194726	0	0	0.38	-1.894895e-18
7.660056641644857e-09	-0.028752318	-0.0023343058	0.9644694	0	0	0.38	-1.1768944e-18
7.670018165232898e-09	-0.0034323912	-0.018258722	0.96353245	0	0	0.38	-9.272299e-19
7.680063418580257e-09	0.023459248	0.013812242	0.9660923	0	0	0.38	-1.6269993e-18
7.690011950842764e-09	-0.0071152314	0.005835864	0.9646085	0	0	0.38	-1.3656091e-18
7.700062970088518e-09	-0.0130213145	0.0056105014	0.9652172	0	0	0.38	-7.8588305e-19
7.710026688314682e-09	0.0028420687	-0.021832846	0.9679283	0	0	0.38	-1.976923e-18
7.720017242578933e-09	0.018499399	0.015008476	0.9662833	0	0	0.38	-1.0238367e-18
7.730065009942012e-09	-0.030142128	0.034033105	0.9632388	0	0	0.38	-9.858365e-19
7.740028290558128e-09	-0.023752151	-0.020741172	0.9616376	0	0	0.38	-1.3024174e-18
7.750006346925038e-09	0.008064345	-0.01300943	0.9615851	0	0	0.38	-8.972446e-19
7.76006375671341e-09	-0.0019248566	0.008496205	0.962406	0	0	0.38	-8.3951057e-19
7.77001132721708e-09	8.17441e-05	-0.00724798	0.9649908	0	0	0.38	-1.5607748e-18
7.780021534727614e-09	-0.012826853	0.00038226132	0.9620369	0	0	0.38	-1.556166e-18
7.790011581905728e-09	-0.01092732	-0.009655985	0.96153915	0	0	0.38	-1.1070384e-18
7.800019930426014e-09	0.015733195	-0.007129096	0.96297103	0	0	0.38	-1.1722132e-18
7.810027603909779e-09	0.010551838	0.0172552	0.9621376	0	0	0.38	-1.0008524e-18
7.820019377289579e-09	-0.008300997	0.024043666	0.96094894	0	0	0.38	-5.953304e-19
7.830009891307673e-09	-0.01849734	-0.011833938	0.9611158	0	0	0.38	-5.3195417e-19
7.840027986908092e-09	0.0015016682	-0.039214816	0.96096754	0	0	0.38	-1.7262326e-18
7.85005055768242e-09	0.03306199	-0.008581534	0.96387774	0	0	0.38	-7.207654e-19
7.8600214855865e-09	0.022648418	0.029708162	0.9644577	0	0	0.38	-1.8375098e-18
7.870021121093702e-09	-0.014130318	0.030227104	0.9635453	0	0	0.38	-1.6640818e-18
7.880018129104086e-09	-0.029782979	0.0083026225	0.9637581	0	0	0.38	-1.1315075e-18
7.890001518286757e-09	-0.009455968	-0.017826995	0.9652952	0	0	0.38	-1.0802e-18
7.900063242403849e-09	0.014903252	-0.012955612	0.9648947	0	0	0.38	-5.7754717e-19
7.910022724113799e-09	0.005852488	0.030151546	0.96369153	0	0	0.38	-1.5996316e-19
7.920009460350759e-09	-0.034573313	0.009037671	0.96483386	0	0	0.38	-1.4009737e-18
7.930016560736272e-09	-0.0062030195	-0.03591259	0.96583337	0	0	0.38	-2.0984218e-18
7.940020404143078e-09	0.026650561	-0.0052899304	0.9643018	0	0	0.38	-1.9043586e-18
7.9500635510178e-09	0.004897087	0.022265581	0.96471447	0	0	0.38	-1.4349425e-18
7.960034274107949e-09	-0.018810388	0.0016648569	0.9658214	0	0	0.38	-2.133342e-18
7.970034233942442e-09	0.0038257255	-0.021445688	0.9638454	0	0	0.38	-2.3337557e-18
7.980029012701579e-09	0.0039825425	-0.0061871326	0.96243584	0	0	0.38	-9.731272e-19
7.990026615573658e-09	0.010009488	0.013406295	0.9665442	0	0	0.38	-1.8890007e-18
8.000058356384518e-09	5.574297e-05	0.029551838	0.96636003	0	0	0.38	-1.3960836e-18
8.010030174335056e-09	-0.03367453	0.0048811673	0.96332073	0	0	0.38	-6.514083e-19
8.02005537386426e-09	-0.008822352	-0.032346494	0.9663668	0	0	0.38	-1.7401384e-18
8.030061457534201e-09	0.044223968	-0.026745744	0.96042013	0	0	0.38	-6.944879e-19
8.040019853785227e-09	0.029000819	0.030718869	0.961938	0	0	0.38	-7.340459e-19
8.050040140160575e-09	-0.028690714	0.03400357	0.9624824	0	0	0.38	-4.2554827e-20
8.060034129263407e-09	-0.026344227	-0.0154668875	0.965368	0	0	0.38	-1.6830319e-18
8.070062022552898e-09	0.024221284	-0.036155224	0.96721894	0	0	0.38	-1.5309461e-18
8.080053009937715e-09	0.049781535	0.018952321	0.964114	0	0	0.38	-4.2956606e-19
8.09005740567842e-09	-0.0070106313	0.05776697	0.9649974	0	0	0.38	-9.347247e-19
8.100018056031076e-09	-0.045876864	-0.0054812403	0.96288466	0	0	0.38	-1.1349996e-18
8.110009622345721e-09	0.0010586483	-0.057064377	0.9667775	0	0	0.38	-1.4638099e-18
8.120046219641198e-09	0.060107704	-0.0019529817	0.96257913	0	0	0.38	-4.2067336e-20
8.130020428934295e-09	0.006191494	0.050235603	0.9625927	0	0	0.38	-1.0935953e-18
8.140044769729807e-09	-0.040738128	0.018086167	0.96152484	0	0	0.38	-1.363957e-18
8.150018829219514e-09	0.0006987175	-0.03082951	0.9607575	0	0	0.38	-6.374477e-19
8.1600139456233e-09	0.021772314	0.005144548	0.9631794	0	0	0.38	-1.925448e-18
8.170008061364848e-09	0.0022283976	0.023660537	0.9597505	0	0	0.38	-1.437555e-18
8.180023850552811e-09	-0.040243436	0.017452283	0.9605549	0	0	0.38	-1.6090983e-18
8.190020871659724e-09	-0.021180147	-0.034027368	0.96399933	0	0	0.38	-1.5694977e-19
8.200011650482036e-09	0.047475144	-0.021983018	0.9639616	0	0	0.38	-9.515002e-19
8.210028263135827e-09	0.018494276	0.04730086	0.96346307	0	0	0.38	-1.3452052e-18
8.220039461009404e-09	-0.04347682	0.009710108	0.96238357	0	0	0.38	-8.0698303e-19
8.230048254268438e-09	-0.016947057	-0.039855827	0.96334976	0	0	0.38	-3.3781053e-19
8.240020057669698e-09	0.026559433	-0.025857374	0.9612622	0	0	0.38	-1.7303319e-18
8.250059601653873e-09	0.03770815	0.020553896	0.9579237	0	0	0.38	-9.383377e-19
8.26000399776733e-09	-0.008674784	0.03854064	0.9583358	0	0	0.38	-8.846131e-19
8.270047511111783e-09	-0.05269056	0.0005221132	0.96008503	0	0	0.38	-6.119258e-19
8.280045841631147e-09	0.0010776435	-0.04857349	0.9622068	0	0	0.38	-1.767428e-18
8.290014856739627e-09	0.03726601	-0.014094221	0.96174073	0	0	0.38	-1.2054528e-18
8.300045594087372e-09	0.019865215	0.030918041	0.9619894	0	0	0.38	-1.5839075e-18
8.310018871796616e-09	-0.014395178	0.012020674	0.96328753	0	0	0.38	-1.8478867e-18
8.320049527345197e-09	-0.006969935	-0.0038834	0.9649325	0	0	0.38	-4.795546e-19
8.330020315060688e-09	-0.010841536	-0.0020238354	0.9667602	0	0	0.38	-1.6267135e-18
8.34001750285098e-09	0.013814219	-0.010865894	0.9673371	0	0	0.38	-5.345615e-19
8.350016457366467e-09	0.008560725	0.009159946	0.96598184	0	0	0.38	-5.676782e-19
8.360056005527029e-09	-0.0131131625	-0.003238227	0.96347815	0	0	0.38	-1.5237499e-18
8.37002487668953e-09	0.008204981	-0.018812327	0.9645472	0	0	0.38	-1.0563662e-19
8.380001302261388e-09	0.020508632	0.016642006	0.96610206	0	0	0.38	-6.390256e-19
8.390048539475426e-09	-0.031069515	0.024049276	0.9663624	0	0	0.38	-1.3867792e-18
8.400044707678944e-09	-0.031661782	-0.027002428	0.9658773	0	0	0.38	-1.2049939e-18
8.410019801184291e-09	0.016086357	-0.030338865	0.965778	0	0	0.38	-1.3213089e-18
8.420025715491399e-09	0.03263566	0.014364946	0.9665665	0	0	0.38	-1.660207e-18
8.430017679413436e-09	-0.008017714	0.038565878	0.96716225	0	0	0.38	-2.2205637e-18
8.440010536375242e-09	-0.059542343	0.0014287328	0.9652355	0	0	0.38	-1.6905521e-18
8.450007521799235e-09	0.005114367	-0.05556436	0.9657179	0	0	0.38	-1.6242346e-18
8.460012153447843e-09	0.04205495	-0.009159903	0.9675314	0	0	0.38	-1.930473e-18
8.470005325040057e-09	0.006707504	0.03878289	0.9688782	0	0	0.38	-5.367304e-19
8.48005888224223e-09	-0.03492643	0.00931043	0.96740013	0	0	0.38	-8.2180187e-19
8.490036455624624e-09	0.00014163004	-0.023018543	0.9689968	0	0	0.38	-2.509812e-18
8.500012476522224e-09	0.018267937	0.012221111	0.96754515	0	0	0.38	-1.167909e-18
8.510033244485822e-09	0.0010743135	0.01419469	0.96583897	0	0	0.38	-1.455552e-18
8.520053023182627e-09	-0.014180098	0.0050689974	0.9662081	0	0	0.38	-1.3491997e-18
8.530015720655945e-09	-0.01708778	-0.026440743	0.9662927	0	0	0.38	-5.3132163e-19
8.540011200406595e-09	0.014359047	-0.001550572	0.9670467	0	0	0.38	-1.7881906e-18
8.55000551268101e-09	0.012291803	0.008866241	0.9687889	0	0	0.38	-1.5497721e-18
8.560002367685987e-09	-0.022521233	-0.0020986402	0.96678287	0	0	0.38	-1.583504e-18
8.570007844215741e-09	0.0014218995	-0.016027363	0.9643481	0	0	0.38	-9.778347e-19
8.580031192445164e-09	0.038259	0.013002998	0.9637887	0	0	0.38	-1.8253982e-18
8.5900561387654e-09	0.0026753407	0.04938565	0.96327835	0	0	0.38	-4.560738e-19
8.600016945315771e-09	-0.06162502	-0.0011265565	0.9629571	0	0	0.38	-1.9392935e-18
8.610033463184432e-09	-0.016121719	-0.031953573	0.96675134	0	0	0.38	-6.0325507e-19
8.620062051237116e-09	0.02752796	-0.042245913	0.96703666	0	0	0.38	-5.8129254e-19
8.630039811852719e-09	0.023314826	0.023885673	0.96849954	0	0	0.38	-1.8083794e-18
8.640018630816727e-09	-0.015913298	0.03171772	0.96888155	0	0	0.38	-6.9171236e-19
8.650023955939787e-09	-0.026902106	-0.024255933	0.9691238	0	0	0.38	-1.9582963e-18
8.660028729697991e-09	0.016437398	-0.0342071	0.96726966	0	0	0.38	-6.9452783e-19
8.670049588486443e-09	0.019961448	0.00489932	0.96836257	0	0	0.38	-1.4783692e-18
8.680016521125001e-09	-0.029192787	0.016319718	0.9650484	0	0	0.38	-9.801716e-19
8.690023047735903e-09	-0.0051387385	-0.017254323	0.96357	0	0	0.38	-1.0745777e-18
8.700012615221037e-09	0.0044620344	0.0054929466	0.96723056	0	0	0.38	-7.94711e-19
8.710034827444707e-09	0.003909746	-0.016568672	0.9661555	0	0	0.38	-1.2733699e-18
8.720027113093035e-09	0.00588471	0.02327856	0.9629168	0	0	0.38	-8.5292263e-19
8.730000981812932e-09	-0.01606505	0.012604807	0.96262884	0	0	0.38	-8.832847e-19
8.740038844401176e-09	-0.025280382	-0.0144229205	0.96156836	0	0	0.38	-1.2938178e-18
8.750058457773906e-09	0.019674018	-0.018206794	0.961576	0	0	0.38	-1.1632684e-18
8.76001015567873e-09	0.012922639	0.008841025	0.9616586	0	0	0.38	-1.7600253e-18
8.770031973879703e-09	-0.0120786615	0.009136793	0.963068	0	0	0.38	-7.349063e-19
8.780009563734403e-09	-0.0077388324	-0.0030264517	0.9631884	0	0	0.38	-1.8477757e-18
8.790046049705504e-09	-0.00941896	-0.00023827926	0.9634144	0	0	0.38	-9.850887e-19
8.80001952700341e-09	0.006120428	-0.0122346785	0.96218014	0	0	0.38	-1.5565964e-18
8.810048733981974e-09	0.015404075	-0.0042903367	0.9625671	0	0	0.38	-1.7164565e-18
8.820005524070473e-09	-0.001359688	0.020335969	0.9609136	0	0	0.38	-8.047395e-19
8.830003962373984e-09	-0.015633669	-0.0060278843	0.96095884	0	0	0.38	-1.8182859e-18
8.840023838186958e-09	-0.0004558622	-0.0012957309	0.9591786	0	0	0.38	-1.5128533e-18
8.850031318836223e-09	-0.0074775554	-0.0057842704	0.96350676	0	0	0.38	-1.0131972e-18
8.860043524713088e-09	0.031428877	-0.013196498	0.9667391	0	0	0.38	-1.3237207e-18
8.870061172697854e-09	0.0128051285	0.026136724	0.9678433	0	0	0.38	-9.308316e-19
8.880045219563857e-09	-0.014960573	0.011368684	0.96720076	0	0	0.38	-1.3912534e-18
8.890035353429806e-09	-0.018025165	-0.021633182	0.96245795	0	0	0.38	-1.4688529e-18
8.900052568741666e-09	0.0037469524	-0.015978059	0.9642771	0	0	0.38	-2.4267626e-18
8.910011291487796e-09	0.023236051	-0.0031698912	0.966148	0	0	0.38	-9.195019e-20
8.92004663247174e-09	0.000507809	0.016135748	0.96297103	0	0	0.38	-9.153472e-19
8.930011508071053e-09	-0.024083616	0.006504948	0.9627464	0	0	0.38	-1.5635576e-18
8.940020640755047e-09	-0.012641543	-0.028766857	0.9642708	0	0	0.38	-1.3926026e-18
8.950024612951232e-09	0.039455254	-0.014636481	0.9654642	0	0	0.38	-1.7770373e-18
8.9600292595113e-09	0.02389105	0.018328836	0.9661339	0	0	0.38	-9.600526e-19
8.970042528093026e-09	0.0002218761	0.022987429	0.9643443	0	0	0.38	-3.459459e-19
8.980010816247114e-09	-0.025591217	0.0014886081	0.9644816	0	0	0.38	-2.2603196e-18
8.990002547248703e-09	-0.001849603	-0.010428908	0.96305656	0	0	0.38	-9.171768e-19
9.000039595371918e-09	0.019707419	0.0018741118	0.96302444	0	0	0.38	-1.5089031e-18
9.01004837581486e-09	-0.004985452	0.036181446	0.96153295	0	0	0.38	-7.0892956e-19
9.020020047516792e-09	-0.040635474	-0.005288257	0.9679313	0	0	0.38	-1.56366e-18
9.03003813741305e-09	-0.00321154	-0.027215429	0.96908075	0	0	0.38	-1.4581039e-18
9.040055490757113e-09	0.039259724	-0.0034266922	0.96558917	0	0	0.38	-1.9739875e-18
9.050058703765308e-09	0.034422483	0.034206927	0.9672809	0	0	0.38	-9.590116e-19
9.06001263467452e-09	-0.035675604	0.02209291	0.96734667	0	0	0.38	-2.138104e-18
9.07001771070885e-09	-0.017728211	-0.059465837	0.96593654	0	0	0.38	-1.0676303e-18
9.080010522699842e-09	0.05144184	-0.010353412	0.964713	0	0	0.38	-6.2152516e-19
9.09003857042792e-09	0.036220323	0.037892338	0.9675301	0	0	0.38	-1.4117424e-18
9.100005115405065e-09	-0.05498955	0.036639843	0.96596736	0	0	0.38	-1.4500323e-18
9.110011604380663e-09	-0.046577524	-0.028837994	0.9647685	0	0	0.38	-8.404778e-19
9.120064388210685e-09	0.023626849	-0.05304783	0.9658994	0	0	0.38	1.1967537e-19
9.130052740811546e-09	0.044437133	-0.009666053	0.9659275	0	0	0.38	-2.0034908e-18
9.140024213436358e-09	0.007139033	0.032768756	0.96545845	0	0	0.38	-2.2914843e-18
9.150007513801429e-09	-0.03856428	0.016830066	0.96337664	0	0	0.38	-6.1034126e-19
9.160010349884342e-09	-0.011480045	-0.03408396	0.9639667	0	0	0.38	-1.0647823e-18
9.170062882891257e-09	0.037363864	-0.027809829	0.9668999	0	0	0.38	-2.30686e-18
9.180020851666543e-09	0.043891624	0.030631352	0.96450835	0	0	0.38	-1.4681421e-18
9.190023337159978e-09	-0.020810315	0.03138351	0.96707517	0	0	0.38	-1.3688797e-18
9.200002304160405e-09	-0.029752307	0.0003856262	0.9680462	0	0	0.38	-2.775532e-19
9.210051363468013e-09	0.0005638341	-0.021759082	0.9670744	0	0	0.38	-4.8299396e-19
9.220047488348975e-09	0.013583432	-0.006061091	0.9677821	0	0	0.38	-1.640473e-18
9.230061287014757e-09	0.005772456	-0.0018725783	0.9668337	0	0	0.38	-1.3315404e-18
9.240053479108838e-09	-0.007764368	0.0023078467	0.966088	0	0	0.38	-1.6203749e-18
9.250057964498226e-09	-0.008442399	-0.0036508015	0.9654648	0	0	0.38	-1.8405583e-18
9.260048391684198e-09	0.0046588117	0.0013565301	0.9604521	0	0	0.38	-6.098561e-19
9.270056106247302e-09	-0.010581821	0.003360255	0.96106964	0	0	0.38	-1.4054911e-18
9.280035237205021e-09	-0.017842842	0.009450178	0.96233374	0	0	0.38	-5.659843e-19
9.290014521393057e-09	0.0002758362	-0.034386568	0.96137434	0	0	0.38	-3.113498e-19
9.300045425423575e-09	0.04874833	-0.019340247	0.9622613	0	0	0.38	-1.3058683e-18
9.310038244304731e-09	0.012338257	0.05355283	0.9639005	0	0	0.38	-8.0857923e-19
9.320052726893995e-09	-0.04089784	0.0020014422	0.9637196	0	0	0.38	-1.7186488e-18
9.330025948443718e-09	-0.009748984	-0.033997387	0.9632113	0	0	0.38	-1.7055262e-18
9.340011193666382e-09	0.030137105	-0.00884443	0.96604604	0	0	0.38	-1.5488545e-18
9.350040956681632e-09	0.013445314	0.016829323	0.9650994	0	0	0.38	-1.8420282e-18
9.360041766008509e-09	-0.004201599	0.023615133	0.96607935	0	0	0.38	-1.5705798e-18
9.370056204049025e-09	-0.023351824	-0.008671159	0.9683996	0	0	0.38	-1.4127989e-18
9.38003907031743e-09	0.0033787624	-0.030657124	0.96524835	0	0	0.38	-2.3309128e-19
9.390021956880336e-09	0.02041938	0.018156573	0.968063	0	0	0.38	-2.1102844e-18
9.400016509554565e-09	-0.0329	0.03231506	0.9673366	0	0	0.38	-1.4272327e-18
9.410000100692616e-09	-0.031720676	-0.049135923	0.9686637	0	0	0.38	-1.9411778e-18
9.420053868855795e-09	0.045024067	-0.009980916	0.9692117	0	0	0.38	-2.0740476e-18
9.430018020111222e-09	0.023913726	0.035846263	0.96948737	0	0	0.38	-1.0071199e-18
9.440062224849593e-09	-0.032960672	0.027922925	0.9667254	0	0	0.38	-1.2576252e-18
9.45004733422935e-09	-0.03247498	-0.047257625	0.9685603	0	0	0.38	-1.2335755e-18
9.46002920279927e-09	0.03656808	-0.027448894	0.96653146	0	0	0.38	-4.742266e-19
9.470019889605396e-09	0.025376115	0.019816991	0.96620816	0	0	0.38	-1.0319495e-18
9.480058597583944e-09	-0.008294372	0.020014688	0.9664829	0	0	0.38	-1.4557044e-18
9.490059728598704e-09	-0.025103278	-0.0018936319	0.9654293	0	0	0.38	-1.2967764e-18
9.500033068717331e-09	0.009410395	-0.037096392	0.9662217	0	0	0.38	-2.1930585e-18
9.51003153048103e-09	0.044829063	-0.0008311718	0.96452236	0	0	0.38	-1.6331053e-18
9.52001781095605e-09	0.010126676	0.05487703	0.9627076	0	0	0.38	-9.35204e-19
9.530004298738412e-09	-0.055696942	0.023215905	0.9639159	0	0	0.38	-8.567966e-19
9.540027574737974e-09	-0.009588508	-0.04717145	0.9661566	0	0	0.38	-1.2562126e-18
9.550057434930022e-09	0.039479062	-0.013666622	0.9673412	0	0	0.38	-1.4778334e-18
9.560030777606642e-09	0.012298635	0.028574873	0.96780044	0	0	0.38	-1.1554177e-18
9.57001024312171e-09	-0.025069803	0.034615055	0.9673528	0	0	0.38	-9.844556e-19
9.580023228772202e-09	-0.03193937	-0.03195804	0.9651731	0	0	0.38	-1.2621033e-18
9.59005072730664e-09	0.004413321	-0.037795223	0.966805	0	0	0.38	-1.3079971e-18
9.600012806356363e-09	0.03930893	-0.0072970074	0.9651046	0	0	0.38	-1.3406333e-18
9.610013617273211e-09	0.015109916	0.032137144	0.9620189	0	0	0.38	-2.0512091e-19
9.620049386363365e-09	-0.01648136	-0.0018652313	0.96218556	0	0	0.38	-7.8256807e-19
9.630007555525327e-09	-0.010068529	-0.00043089697	0.9635327	0	0	0.38	-1.0549248e-18
9.640035746344503e-09	0.003815802	-0.015060345	0.9657045	0	0	0.38	-1.1440926e-18
9.650036754101982e-09	0.012530506	0.008338396	0.96249133	0	0	0.38	-6.7881714e-19
9.66003386716775e-09	-0.017437357	0.007949989	0.9661589	0	0	0.38	-4.549823e-19
9.670040948234792e-09	-0.016136177	-0.023449799	0.96739197	0	0	0.38	-1.5840627e-18
9.68000382712706e-09	0.006880832	-0.026864508	0.96410584	0	0	0.38	-1.3245001e-18
9.690029107667353e-09	0.020671314	0.00622333	0.96734047	0	0	0.38	-1.8866288e-18
9.700002314797096e-09	-0.0070136855	0.026039742	0.9656946	0	0	0.38	-1.4961812e-18
9.710028852202253e-09	-0.023204653	0.010887034	0.9625558	0	0	0.38	-5.770539e-19
9.720008119761108e-09	-0.019669896	-0.037597653	0.9620073	0	0	0.38	-1.3496825e-18
9.730003399679905e-09	0.047829688	-0.027396122	0.9629889	0	0	0.38	-1.0878348e-18
9.740044170216276e-09	0.04210553	0.05984704	0.9603528	0	0	0.38	-1.6406564e-18
9.750001048265049e-09	-0.026693571	0.056269884	0.96239936	0	0	0.38	-1.2626215e-18
9.76003204056426e-09	-0.06684044	-0.04120501	0.9630223	0	0	0.38	-8.0952036e-19
9.770002829550826e-09	0.03989741	-0.07829158	0.9593678	0	0	0.38	-1.0435604e-18
9.780056035134902e-09	0.07324031	0.040044796	0.96232116	0	0	0.38	-2.1608845e-19
9.790034270137e-09	-0.033631258	0.08295321	0.96109664	0	0	0.38	-6.753082e-19
9.800054549632236e-09	-0.07272799	-0.005422556	0.9611681	0	0	0.38	-2.3191545e-18
9.8100011788679e-09	-0.0062481663	-0.058483522	0.9643649	0	0	0.38	-1.6412663e-18
9.820016512333769e-09	0.066586934	-0.014030953	0.9656072	0	0	0.38	-6.4766557e-19
9.83003509794537e-09	0.022919	0.06152885	0.9663799	0	0	0.38	-1.8170792e-18
9.840041583855027e-09	-0.059747763	0.020241585	0.96654177	0	0	0.38	-7.2002567e-19
9.850033357517788e-09	-0.034045402	-0.034012187	0.96449745	0	0	0.38	-1.1015631e-18
9.860029022434913e-09	0.03153941	-0.021562055	0.9643399	0	0	0.38	-1.028116e-18
9.870059658224673e-09	0.021321846	0.017045058	0.96492314	0	0	0.38	-9.236629e-19
9.880051753593887e-09	-0.005571489	0.017701404	0.96307784	0	0	0.38	-1.0698005e-18
9.890023281822682e-09	-0.018024059	-0.0057300134	0.9637465	0	0	0.38	-2.7466132e-19
9.900061171664398e-09	-0.007224877	-0.022587769	0.96572995	0	0	0.38	-1.3075808e-18
9.91000643880145e-09	0.037487376	-0.025552949	0.96113795	0	0	0.38	-1.4969329e-18
9.920033381693915e-09	0.029431056	0.035356827	0.9640715	0	0	0.38	-1.2525184e-18
9.930055841927002e-09	-0.028087366	0.01622163	0.96402025	0	0	0.38	-6.5152783e-19
9.940049426144167e-09	-0.01863516	-0.025807606	0.9634071	0	0	0.38	-1.1970425e-18
9.950027118916415e-09	0.033965394	-0.029887533	0.964409	0	0	0.38	-1.2951984e-18
9.960027725598016e-09	0.016071275	0.012647309	0.96462005	0	0	0.38	-5.7480926e-19
9.970028654124123e-09	0.0033851727	0.013397122	0.9619608	0	0	0.38	-1.3179659e-18
9.980016662888052e-09	3.4280598e-05	0.017254325	0.963411	0	0	0.38	-1.8954676e-18
9.990044749769409e-09	-0.012055405	0.00520872	0.9643552	0	0	0.38	-9.817317e-19
1e-08	-0.000890612	-0.013977495	0.96397394	0	0	0.38	-9.968406e-19
