# t (s)	mx ()	my ()	mz ()	B_extx (T)	B_exty (T)	B_extz (T)	E_total (J)
0	0	0	-1	0	0	0.41	1.3250005e-18
1.003836875174761e-11	0.004047133	0.00762109	-0.9764267	0	0	0.41	3.746351e-18
2.0048086160212488e-11	0.015671747	0.018807722	-0.96989614	0	0	0.41	4.5423684e-18
3.000977560123406e-11	0.033052005	0.014000335	-0.9664466	0	0	0.41	4.154225e-18
4.005902171467946e-11	0.015049922	0.02460756	-0.9644338	0	0	0.41	4.7154175e-18
5.004128408027447e-11	0.011622984	0.041966677	-0.96278644	0	0	0.41	5.9571943e-18
6.000149994131278e-11	0.013799493	0.048001528	-0.9600156	0	0	0.41	4.777106e-18
7.002521992360289e-11	0.037671067	0.03236886	-0.95829725	0	0	0.41	5.203548e-18
8.005149970934368e-11	0.046449013	0.02173594	-0.96085405	0	0	0.41	4.5405995e-18
9.004122722510469e-11	0.048906572	0.0133209	-0.96206033	0	0	0.41	4.3728684e-18
1.0005280827193764e-10	0.05039623	0.0014477035	-0.9624739	0	0	0.41	4.6851597e-18
1.1001947483522613e-10	0.040239047	0.0020579046	-0.9611391	0	0	0.41	4.1120554e-18
1.2001152763270406e-10	0.052421033	0.002947947	-0.9593307	0	0	0.41	4.8579283e-18
1.3001332689691625e-10	0.053373713	-0.012584602	-0.9596043	0	0	0.41	4.9432764e-18
1.4002179599419942e-10	0.05008858	-0.031282883	-0.9555836	0	0	0.41	4.7513895e-18
1.500437971210278e-10	0.046415865	-0.02478329	-0.95476	0	0	0.41	4.3693756e-18
1.6001909438820192e-10	0.043912366	-0.022023562	-0.95290685	0	0	0.41	4.056972e-18
1.7005127129872887e-10	0.05121139	-0.004829632	-0.9540742	0	0	0.41	4.306846e-18
1.8003495709225546e-10	0.03740192	0.002338769	-0.95536166	0	0	0.41	4.95856e-18
1.9003637053357095e-10	0.060291734	-0.002168949	-0.95558494	0	0	0.41	4.522394e-18
2.0003536415520054e-10	0.06617136	0.0039937063	-0.9518648	0	0	0.41	3.2988796e-18
2.1005871979953718e-10	0.050241143	-0.015062851	-0.95233756	0	0	0.41	4.4346745e-18
2.2005162680619744e-10	0.06705553	-0.015776668	-0.9535459	0	0	0.41	4.429095e-18
2.3001633354193306e-10	0.06554114	-0.035170507	-0.9537785	0	0	0.41	5.41966e-18
2.4005046114045267e-10	0.06283513	-0.057801127	-0.9528369	0	0	0.41	5.0201587e-18
2.5000524227463154e-10	0.048870794	-0.056195464	-0.9501794	0	0	0.41	4.319254e-18
2.600579859553411e-10	0.03861615	-0.069585465	-0.94896966	0	0	0.41	4.7196213e-18
2.700069650900482e-10	0.033158343	-0.08760204	-0.9498899	0	0	0.41	4.3674363e-18
2.8003035888383465e-10	0.033199653	-0.08796165	-0.94875616	0	0	0.41	4.1781885e-18
2.900273163367923e-10	0.023995522	-0.07383553	-0.9485353	0	0	0.41	4.6885623e-18
3.0000036119157135e-10	0.011918157	-0.06670017	-0.9467082	0	0	0.41	4.930247e-18
3.1005661673278004e-10	0.02238827	-0.049960196	-0.9460926	0	0	0.41	5.140254e-18
3.200614635468845e-10	0.01691239	-0.054731604	-0.95178086	0	0	0.41	5.245993e-18
3.3003415821370297e-10	0.035201564	-0.058535755	-0.95267385	0	0	0.41	4.522979e-18
3.4001069969578666e-10	0.04389977	-0.06388645	-0.95217717	0	0	0.41	4.4355525e-18
3.500213231030177e-10	0.04119413	-0.074779175	-0.95400393	0	0	0.41	4.452815e-18
3.60038110597164e-10	0.04018285	-0.084605046	-0.9526441	0	0	0.41	4.4836725e-18
3.700267620905036e-10	0.028077759	-0.06462983	-0.95147884	0	0	0.41	5.1035617e-18
3.800581317867737e-10	0.012837267	-0.056614693	-0.9511717	0	0	0.41	4.7291194e-18
3.900000276777461e-10	0.015646605	-0.02858644	-0.94942164	0	0	0.41	4.140768e-18
4.000130685765997e-10	0.049462445	-0.025041705	-0.94823015	0	0	0.41	5.095362e-18
4.100432480384569e-10	0.065658756	-0.018232694	-0.95173454	0	0	0.41	4.4854977e-18
4.200188731736371e-10	0.06018363	-0.03853928	-0.95187396	0	0	0.41	4.557926e-18
4.3003851747257897e-10	0.050065488	-0.056537822	-0.95109767	0	0	0.41	3.872208e-18
4.4005804684569534e-10	0.039709523	-0.059465386	-0.95072025	0	0	0.41	4.7266494e-18
4.5004315475055637e-10	0.007249346	-0.053726085	-0.9502068	0	0	0.41	4.451633e-18
4.6006408745452546e-10	-0.006904579	-0.050427653	-0.94847673	0	0	0.41	5.221901e-18
4.700531309531256e-10	-0.02210381	-0.04443508	-0.945559	0	0	0.41	4.0076814e-18
4.800255671843327e-10	-0.005123437	-0.035345826	-0.94591534	0	0	0.41	5.1389286e-18
4.900412947952656e-10	0.014491143	-0.029623188	-0.94662017	0	0	0.41	4.244268e-18
5.000349290147778e-10	0.050842468	-0.0185311	-0.94525164	0	0	0.41	4.336866e-18
5.10036091461376e-10	0.058953807	-0.032316867	-0.94421184	0	0	0.41	5.9149245e-18
5.200501347087074e-10	0.055740934	-0.06310299	-0.94434947	0	0	0.41	4.660107e-18
5.300032841017869e-10	0.032678753	-0.06779305	-0.94200486	0	0	0.41	5.075559e-18
5.400420502762652e-10	0.017079845	-0.072181895	-0.94102156	0	0	0.41	4.5781163e-18
5.500259329567274e-10	0.0044395346	-0.07625076	-0.9332495	0	0	0.41	4.8164113e-18
5.600150521734915e-10	-0.018142339	-0.059884742	-0.9337421	0	0	0.41	6.350543e-18
5.700436889418056e-10	0.0010707272	-0.046305858	-0.94023687	0	0	0.41	5.9097174e-18
5.800318798629279e-10	0.018883731	-0.03958232	-0.94223386	0	0	0.41	4.9309903e-18
5.900481575211236e-10	0.01809252	-0.031034147	-0.9421966	0	0	0.41	3.9306705e-18
6.000249983235256e-10	0.021978458	-0.037400115	-0.9393709	0	0	0.41	5.8135027e-18
6.100450744779435e-10	0.02376178	-0.034890044	-0.93963796	0	0	0.41	4.687022e-18
6.200407560077675e-10	0.0331638	-0.029204547	-0.93392044	0	0	0.41	3.5486396e-18
6.300155202609393e-10	0.008233497	-0.032893002	-0.9364319	0	0	0.41	4.1853577e-18
6.400492562754307e-10	0.0063438723	-0.049073026	-0.93424046	0	0	0.41	4.059471e-18
6.500283100868137e-10	0.0070678215	-0.051754553	-0.9372736	0	0	0.41	4.238177e-18
6.600588983790654e-10	0.017338222	-0.039239828	-0.934374	0	0	0.41	4.0988863e-18
6.700199639206013e-10	0.02611377	-0.045221783	-0.934594	0	0	0.41	4.6670457e-18
6.800592664189433e-10	0.02787492	-0.050068185	-0.9387596	0	0	0.41	4.154121e-18
6.900465933173515e-10	0.053559035	-0.06456886	-0.93157077	0	0	0.41	4.775608e-18
7.00051654551989e-10	0.053497005	-0.07241099	-0.9282088	0	0	0.41	5.084568e-18
7.100533503951975e-10	0.052939504	-0.09174988	-0.92372876	0	0	0.41	4.762524e-18
7.200305614685951e-10	0.054200247	-0.085397296	-0.9324899	0	0	0.41	5.1085773e-18
7.300497116874799e-10	0.050605703	-0.07850846	-0.9352275	0	0	0.41	4.838618e-18
7.400447897174972e-10	0.040364303	-0.083168745	-0.9356428	0	0	0.41	4.5420884e-18
7.500171153599458e-10	0.04472477	-0.08362841	-0.9332645	0	0	0.41	4.209944e-18
7.600594809685712e-10	0.03187844	-0.073034815	-0.9355917	0	0	0.41	4.661759e-18
7.700456563619628e-10	0.029636778	-0.0739287	-0.931839	0	0	0.41	4.515139e-18
7.800295672266714e-10	0.02997339	-0.07322088	-0.9335351	0	0	0.41	5.200944e-18
7.900070134841756e-10	0.038367566	-0.062317252	-0.9373799	0	0	0.41	4.4916887e-18
8.000553787392865e-10	0.036007285	-0.07688968	-0.937436	0	0	0.41	5.2037345e-18
8.100147635403284e-10	0.036126364	-0.0955917	-0.93575937	0	0	0.41	4.2818723e-18
8.200277711948365e-10	0.01825902	-0.094180405	-0.93109167	0	0	0.41	3.85614e-18
8.300572116373122e-10	0.0032269896	-0.10880003	-0.92631906	0	0	0.41	4.131176e-18
8.400534987488567e-10	0.016364593	-0.118210815	-0.92389876	0	0	0.41	4.6108962e-18
8.500414308157038e-10	0.018755851	-0.10772442	-0.92281777	0	0	0.41	4.5580216e-18
8.600049652798502e-10	0.0024247686	-0.11159529	-0.9227894	0	0	0.41	4.374739e-18
8.700485306085763e-10	-0.0011888102	-0.09944962	-0.92306954	0	0	0.41	5.6291183e-18
8.800509854408459e-10	-0.017334659	-0.095298596	-0.9211588	0	0	0.41	5.5620464e-18
8.900432731522108e-10	-0.0070133866	-0.09395791	-0.9246901	0	0	0.41	4.399716e-18
9.000200934529969e-10	-0.013267418	-0.07642428	-0.9301125	0	0	0.41	5.3190034e-18
9.100227429396075e-10	-0.007234216	-0.092943884	-0.9304159	0	0	0.41	4.213307e-18
9.200187004339164e-10	-0.009651391	-0.09095918	-0.9324007	0	0	0.41	5.2917544e-18
9.300485846974228e-10	-0.0021185759	-0.08593051	-0.93148834	0	0	0.41	5.5987314e-18
9.400575370578999e-10	-0.012921221	-0.07396551	-0.93699247	0	0	0.41	5.0384117e-18
9.5002291066437e-10	-0.008148304	-0.0874658	-0.93977827	0	0	0.41	4.6388967e-18
9.60057322099437e-10	-0.003694755	-0.08630082	-0.93670744	0	0	0.41	4.8536688e-18
9.700020470410587e-10	-0.008510533	-0.08542179	-0.9382897	0	0	0.41	4.7105822e-18
9.80048100053767e-10	0.0015659191	-0.09342941	-0.93678784	0	0	0.41	5.425901e-18
9.900141488699487e-10	-0.0049290727	-0.10354558	-0.93417966	0	0	0.41	4.1902228e-18
1.0000092116580405e-09	0.019144842	-0.09133127	-0.93660945	0	0	0.41	4.5473423e-18
1.0100218044187187e-09	0.010016559	-0.0926744	-0.93254113	0	0	0.41	4.7167654e-18
1.020059084771265e-09	0.010126194	-0.09372048	-0.9327896	0	0	0.41	4.218787e-18
1.0300513947795234e-09	0.01544731	-0.09067166	-0.9233865	0	0	0.41	4.8345042e-18
1.040032943541489e-09	0.024263335	-0.07944301	-0.9221372	0	0	0.41	4.830681e-18
1.0500391837891594e-09	0.044112023	-0.08037143	-0.9220888	0	0	0.41	4.8974304e-18
1.0600199969342584e-09	0.054121338	-0.07867758	-0.92194116	0	0	0.41	4.422467e-18
1.070036840446148e-09	0.04186634	-0.08177716	-0.9216651	0	0	0.41	3.637356e-18
1.0800428479867905e-09	0.03964797	-0.08389406	-0.9239535	0	0	0.41	4.723967e-18
1.0900440937371459e-09	0.031185836	-0.107183784	-0.92655134	0	0	0.41	4.5847606e-18
1.1000475117213035e-09	0.030899663	-0.09767589	-0.9256322	0	0	0.41	4.7677727e-18
1.1100163348902031e-09	0.040164564	-0.09881265	-0.92415637	0	0	0.41	5.361963e-18
1.1200628715109897e-09	0.039219696	-0.08915445	-0.9234979	0	0	0.41	4.921981e-18
1.130058327331333e-09	0.02556037	-0.10988848	-0.9261871	0	0	0.41	4.8951324e-18
1.1400311489337931e-09	0.022409167	-0.12084829	-0.92620695	0	0	0.41	5.3709305e-18
1.1500564951505639e-09	0.0498841	-0.11463684	-0.93014634	0	0	0.41	5.4585326e-18
1.160011231205538e-09	0.05394713	-0.114511736	-0.9339896	0	0	0.41	5.0532646e-18
1.1700167083067895e-09	0.054058872	-0.11436702	-0.9375913	0	0	0.41	4.670514e-18
1.1800038428123667e-09	0.06315804	-0.10999324	-0.9324982	0	0	0.41	5.2314595e-18
1.1900127225580887e-09	0.05076775	-0.09840007	-0.93725437	0	0	0.41	5.229349e-18
1.2000234163344836e-09	0.04527093	-0.10706181	-0.9365831	0	0	0.41	4.7867155e-18
1.2100101608019658e-09	0.057466812	-0.09493544	-0.9377261	0	0	0.41	4.3650317e-18
1.2200482041170599e-09	0.06598482	-0.088461965	-0.9409847	0	0	0.41	5.074056e-18
1.2300296738336768e-09	0.07085845	-0.07272122	-0.9405161	0	0	0.41	4.778798e-18
1.2400232100990045e-09	0.0699912	-0.08459616	-0.9355633	0	0	0.41	5.3210147e-18
1.2500424882294436e-09	0.0554156	-0.09074826	-0.9341413	0	0	0.41	4.0833382e-18
1.2600456919023273e-09	0.063728675	-0.119313866	-0.93167	0	0	0.41	5.2874903e-18
1.270042918674287e-09	0.07424617	-0.10769661	-0.9281968	0	0	0.41	5.4111087e-18
1.2800551981234131e-09	0.08757346	-0.096298985	-0.92985845	0	0	0.41	4.2005265e-18
1.2900212097260474e-09	0.10174028	-0.0784374	-0.93370575	0	0	0.41	4.833235e-18
1.3000452290228484e-09	0.11284142	-0.08725729	-0.9315186	0	0	0.41	5.5717654e-18
1.310058362595276e-09	0.12519747	-0.093914255	-0.93188727	0	0	0.41	4.69477e-18
1.320014905047437e-09	0.14425316	-0.07930164	-0.9314299	0	0	0.41	4.748289e-18
1.3300393833865465e-09	0.14497547	-0.083406836	-0.93701154	0	0	0.41	4.6479535e-18
1.3400335406202523e-09	0.15708713	-0.08746352	-0.93505245	0	0	0.41	4.656179e-18
1.3500432222721982e-09	0.15806052	-0.09958944	-0.93805873	0	0	0.41	5.230633e-18
1.3600070933477972e-09	0.15787403	-0.11003426	-0.9413012	0	0	0.41	4.201143e-18
1.3700606184390686e-09	0.14738785	-0.109246805	-0.9378066	0	0	0.41	5.0355426e-18
1.3800274561368954e-09	0.13753466	-0.118391804	-0.93775886	0	0	0.41	4.0980256e-18
1.3900654455691952e-09	0.13152076	-0.10004245	-0.9373894	0	0	0.41	4.1113164e-18
1.4000238708002608e-09	0.13661197	-0.08517367	-0.93223274	0	0	0.41	3.604915e-18
1.4100547309580905e-09	0.14727834	-0.068228625	-0.93884563	0	0	0.41	4.6578697e-18
1.420001657040619e-09	0.12302071	-0.0628727	-0.942845	0	0	0.41	4.293627e-18
1.4300258529849608e-09	0.13653837	-0.05880079	-0.94000953	0	0	0.41	4.4185296e-18
1.440030046622865e-09	0.15338193	-0.07292949	-0.934754	0	0	0.41	4.1037477e-18
1.450057652210866e-09	0.1397477	-0.074492976	-0.93730474	0	0	0.41	4.7556516e-18
1.4600191002213095e-09	0.13773754	-0.0606199	-0.9421847	0	0	0.41	4.4982127e-18
1.470026729115531e-09	0.1281501	-0.066486634	-0.9421746	0	0	0.41	4.913095e-18
1.4800505977065585e-09	0.120560184	-0.05898778	-0.9460057	0	0	0.41	4.8506136e-18
1.4900153305648945e-09	0.106980585	-0.048901517	-0.9461607	0	0	0.41	4.9860474e-18
1.5000256449476541e-09	0.11357708	-0.065078154	-0.9410585	0	0	0.41	4.8077197e-18
1.5100446116202396e-09	0.10227753	-0.058782395	-0.94070107	0	0	0.41	5.635623e-18
1.520064534001497e-09	0.1111982	-0.06582092	-0.9433579	0	0	0.41	4.4030613e-18
1.530065428392965e-09	0.111736394	-0.05798395	-0.94368273	0	0	0.41	4.6702857e-18
1.5400497390252224e-09	0.10597682	-0.0712071	-0.94438815	0	0	0.41	5.002872e-18
1.5500405582698775e-09	0.10115257	-0.088625304	-0.94117475	0	0	0.41	3.9802202e-18
1.5600092079960196e-09	0.095601246	-0.09417912	-0.9396455	0	0	0.41	4.8139012e-18
1.5700133886434607e-09	0.10367213	-0.098686375	-0.94289875	0	0	0.41	4.910759e-18
1.5800276048670782e-09	0.10160446	-0.0914015	-0.94299585	0	0	0.41	3.817179e-18
1.5900125384513046e-09	0.11495657	-0.08518025	-0.94135755	0	0	0.41	3.8122786e-18
1.6000654742386944e-09	0.119918175	-0.08034131	-0.93798363	0	0	0.41	4.242865e-18
1.6100460333997875e-09	0.12885778	-0.07768621	-0.934397	0	0	0.41	5.6280025e-18
1.6200315151444159e-09	0.11949892	-0.07059568	-0.93494046	0	0	0.41	4.9082565e-18
1.6300227093791705e-09	0.11848047	-0.06576988	-0.93079245	0	0	0.41	5.26588e-18
1.6400367008547526e-09	0.11626775	-0.07340067	-0.9353958	0	0	0.41	5.5982273e-18
1.6500566875852436e-09	0.102652505	-0.08310803	-0.93728083	0	0	0.41	3.9620115e-18
1.6600510377290029e-09	0.10747337	-0.0704199	-0.93731004	0	0	0.41	4.8639874e-18
1.670056078805294e-09	0.09922052	-0.08867092	-0.93626666	0	0	0.41	5.1612484e-18
1.6800027080002378e-09	0.095972426	-0.085786715	-0.9373439	0	0	0.41	4.6680792e-18
1.6900062810708999e-09	0.09494394	-0.08793637	-0.93679374	0	0	0.41	5.12674e-18
1.700019202819938e-09	0.09405524	-0.10665228	-0.9389694	0	0	0.41	4.615961e-18
1.7100368765803741e-09	0.09446025	-0.11503851	-0.92942834	0	0	0.41	4.730372e-18
1.7200270791067844e-09	0.0936626	-0.11163582	-0.9282354	0	0	0.41	4.888087e-18
1.7300038124463445e-09	0.09091773	-0.13862698	-0.9256752	0	0	0.41	4.7534753e-18
1.7400370743101649e-09	0.107195005	-0.13443495	-0.91690904	0	0	0.41	4.2907037e-18
1.7500050478174491e-09	0.0997614	-0.1474823	-0.91608304	0	0	0.41	3.820109e-18
1.7600335459983873e-09	0.105012	-0.15031905	-0.9128559	0	0	0.41	4.250121e-18
1.7700477398469087e-09	0.12579277	-0.15708047	-0.9036733	0	0	0.41	5.253001e-18
1.780018478705806e-09	0.14092404	-0.14307036	-0.89894027	0	0	0.41	5.1469308e-18
1.7900466347486914e-09	0.15249044	-0.13014647	-0.89814675	0	0	0.41	3.7568442e-18
1.8000111162044424e-09	0.1631179	-0.120928265	-0.8997117	0	0	0.41	4.5138133e-18
1.8100610540208869e-09	0.17361839	-0.112653725	-0.8968491	0	0	0.41	5.1376308e-18
1.8200003786544302e-09	0.17884131	-0.10850899	-0.8969059	0	0	0.41	5.6116805e-18
1.830000248451194e-09	0.17884253	-0.11589911	-0.897908	0	0	0.41	5.0069123e-18
1.8400272296660167e-09	0.1854314	-0.10006664	-0.897651	0	0	0.41	5.5559993e-18
1.8500417334258428e-09	0.18699004	-0.09778077	-0.8963402	0	0	0.41	5.0276617e-18
1.8600351858086324e-09	0.20626773	-0.07521384	-0.8934762	0	0	0.41	4.4474954e-18
1.8700579204345704e-09	0.19677167	-0.04720125	-0.8992287	0	0	0.41	4.815111e-18
1.8800613625139786e-09	0.2144586	0.0025977618	-0.8995435	0	0	0.41	4.5697684e-18
1.8900188082089314e-09	0.23150289	0.00074400223	-0.9016842	0	0	0.41	5.949382e-18
1.900029243848931e-09	0.24404009	0.012627179	-0.9036005	0	0	0.41	4.4319394e-18
1.9100402008388073e-09	0.25388473	0.02714544	-0.9005501	0	0	0.41	4.798768e-18
1.920044139283868e-09	0.25766692	0.04177942	-0.9020252	0	0	0.41	5.1504004e-18
1.9300127234791963e-09	0.24380875	0.049650684	-0.91081804	0	0	0.41	5.1993476e-18
1.9400482752123075e-09	0.23378453	0.03561068	-0.9097717	0	0	0.41	4.9872014e-18
1.9500211070518258e-09	0.22776659	0.05094341	-0.91174626	0	0	0.41	5.8491806e-18
1.96004102012838e-09	0.19807583	0.05692971	-0.91905123	0	0	0.41	5.3842125e-18
1.9700605013728533e-09	0.1864731	0.06589256	-0.91571426	0	0	0.41	4.8799313e-18
1.9800335173947684e-09	0.17964947	0.08019443	-0.9135022	0	0	0.41	4.09076e-18
1.99000296475866e-09	0.15018491	0.110128105	-0.91465	0	0	0.41	4.8484075e-18
2.0000210698005046e-09	0.1416043	0.14695328	-0.90921694	0	0	0.41	4.895534e-18
2.010019196469137e-09	0.13898373	0.15890963	-0.91836554	0	0	0.41	5.6844526e-18
2.020049532568114e-09	0.1314211	0.15493754	-0.9171618	0	0	0.41	4.5309306e-18
2.0300138394457355e-09	0.12112769	0.14788072	-0.9157772	0	0	0.41	3.646302e-18
2.040034838959431e-09	0.12833303	0.13719028	-0.91518426	0	0	0.41	5.251635e-18
2.0500357486082632e-09	0.1289428	0.14349435	-0.906885	0	0	0.41	3.7399747e-18
2.0600166360914446e-09	0.11053648	0.14203605	-0.90385264	0	0	0.41	4.206046e-18
2.070057531818787e-09	0.07504784	0.14503407	-0.89867127	0	0	0.41	3.795368e-18
2.0800517731008155e-09	0.04450239	0.15246142	-0.902105	0	0	0.41	5.3953923e-18
2.09001655051707e-09	0.02463664	0.15284969	-0.9036609	0	0	0.41	4.4903297e-18
2.1000250079335198e-09	0.033077855	0.18303834	-0.90093726	0	0	0.41	4.1780918e-18
2.1100498302229186e-09	0.028013337	0.18661852	-0.9038176	0	0	0.41	5.096586e-18
2.1200228833295772e-09	0.035551623	0.17589009	-0.90828335	0	0	0.41	4.838696e-18
2.1300375515447534e-09	0.03430229	0.19118306	-0.9150604	0	0	0.41	5.06359e-18
2.140051723168003e-09	0.030468885	0.17691925	-0.9210925	0	0	0.41	5.2970525e-18
2.1500346226576715e-09	0.028192276	0.17550005	-0.91884935	0	0	0.41	4.5031832e-18
2.160054255506375e-09	0.021110497	0.17502481	-0.9178784	0	0	0.41	3.7449932e-18
2.1700432274926425e-09	0.0026109712	0.17123608	-0.9216845	0	0	0.41	4.2430345e-18
2.180048208832946e-09	0.0038057782	0.19772463	-0.9217719	0	0	0.41	5.1045874e-18
2.1900266865849212e-09	0.009289296	0.2011405	-0.9216269	0	0	0.41	4.4566585e-18
2.2000203672783667e-09	-0.0042802794	0.20673731	-0.9189146	0	0	0.41	4.7565057e-18
2.2100577877882204e-09	-0.006399505	0.20645364	-0.9134021	0	0	0.41	4.4396678e-18
2.220022521874701e-09	0.002718242	0.20862153	-0.9137997	0	0	0.41	4.4766775e-18
2.2300634444417987e-09	-0.0029492003	0.20398167	-0.91219056	0	0	0.41	5.5335525e-18
2.2400620971364207e-09	-0.019245015	0.2020026	-0.9141501	0	0	0.41	4.728582e-18
2.2500636609000963e-09	-0.027619053	0.2043694	-0.9078061	0	0	0.41	5.6981792e-18
2.2600386215351013e-09	-0.043724705	0.18666384	-0.91021967	0	0	0.41	4.3661955e-18
2.2700652568211376e-09	-0.062735066	0.19550173	-0.905466	0	0	0.41	4.2783092e-18
2.2800422423314863e-09	-0.07438361	0.2000087	-0.90198267	0	0	0.41	4.385314e-18
2.29001746400774e-09	-0.085169695	0.21371163	-0.90013754	0	0	0.41	4.596458e-18
2.3000461759081444e-09	-0.096988656	0.20580803	-0.8912883	0	0	0.41	4.347283e-18
2.310002750751516e-09	-0.12906232	0.19453438	-0.887611	0	0	0.41	5.0483925e-18
2.3200036206605395e-09	-0.14056066	0.19608805	-0.8866299	0	0	0.41	4.828309e-18
2.3300124908787913e-09	-0.13826501	0.17986734	-0.8789909	0	0	0.41	5.670032e-18
2.34001729567582e-09	-0.16439788	0.15627176	-0.8767616	0	0	0.41	4.536226e-18
2.350038338871578e-09	-0.17871977	0.15183893	-0.87410086	0	0	0.41	5.0079607e-18
2.360020574138173e-09	-0.20247257	0.1533316	-0.87382305	0	0	0.41	5.0381085e-18
2.370031884165889e-09	-0.21400495	0.11771737	-0.8758429	0	0	0.41	5.183818e-18
2.3800281330143403e-09	-0.20846535	0.086961135	-0.8747928	0	0	0.41	4.5714203e-18
2.3900291317762292e-09	-0.21683241	0.06033358	-0.8666364	0	0	0.41	4.600269e-18
2.400014464195137e-09	-0.2279462	0.030299852	-0.86611915	0	0	0.41	4.1636856e-18
2.410008277075944e-09	-0.23612925	-0.0071363826	-0.858513	0	0	0.41	4.2147367e-18
2.4200321564552106e-09	-0.23454486	-0.06867531	-0.8437404	0	0	0.41	4.254232e-18
2.4300304090582273e-09	-0.19294201	-0.12303481	-0.8227089	0	0	0.41	4.1820535e-18
2.440064048299595e-09	-0.10620949	-0.19172813	-0.7927407	0	0	0.41	4.347445e-18
2.4500252230550637e-09	0.0005051996	-0.19873142	-0.78040856	0	0	0.41	5.4255744e-18
2.460022145535562e-09	0.1011498	-0.17834559	-0.7783465	0	0	0.41	4.568862e-18
2.4700417750322733e-09	0.2059873	-0.12106094	-0.7709572	0	0	0.41	4.4329556e-18
2.4800377694479387e-09	0.2831813	-0.03783509	-0.762275	0	0	0.41	4.4312996e-18
2.490064229727534e-09	0.28920597	0.09017901	-0.74377245	0	0	0.41	4.728266e-18
2.5000276456283556e-09	0.22205526	0.24167185	-0.72637886	0	0	0.41	5.0663137e-18
2.51006047996585e-09	0.096425	0.32872215	-0.6989141	0	0	0.41	5.469766e-18
2.520042015038041e-09	-0.06858193	0.3118227	-0.68317676	0	0	0.41	4.421857e-18
2.5300463231268545e-09	-0.17988163	0.20464642	-0.674332	0	0	0.41	4.7629188e-18
2.540010355047789e-09	-0.22716798	0.07376399	-0.6764017	0	0	0.41	4.959784e-18
2.5500388656214e-09	-0.19773565	-0.07029153	-0.67223895	0	0	0.41	5.209975e-18
2.560037972275966e-09	-0.14124271	-0.16731435	-0.6699933	0	0	0.41	4.6398715e-18
2.5700434830426215e-09	-0.007608794	-0.2578727	-0.6590704	0	0	0.41	4.747505e-18
2.5800235412622483e-09	0.16812956	-0.26010573	-0.65043145	0	0	0.41	4.6728913e-18
2.5900484743721837e-09	0.31013542	-0.17475057	-0.65259904	0	0	0.41	3.871632e-18
2.6000324462137877e-09	0.3749911	-0.030665137	-0.6559872	0	0	0.41	5.177868e-18
2.610010000336765e-09	0.35435763	0.11882731	-0.6502365	0	0	0.41	4.7922845e-18
2.6200256025264263e-09	0.2526131	0.21822308	-0.6437527	0	0	0.41	4.7654115e-18
2.6300295516024347e-09	0.06429315	0.24993551	-0.62685394	0	0	0.41	5.1404283e-18
2.640035079272541e-09	-0.09507028	0.20291837	-0.61928725	0	0	0.41	4.2856414e-18
2.650058670478483e-09	-0.20098518	0.08288313	-0.6145665	0	0	0.41	4.5878208e-18
2.660033174090286e-09	-0.2594993	-0.059348136	-0.61211526	0	0	0.41	3.794122e-18
2.670009985517942e-09	-0.24756321	-0.24255931	-0.6063334	0	0	0.41	4.1734124e-18
2.6800556195900177e-09	-0.1100416	-0.3916632	-0.5840475	0	0	0.41	5.2114397e-18
2.6900463063259463e-09	0.10728479	-0.40115342	-0.5605819	0	0	0.41	4.9305635e-18
2.700009246036652e-09	0.2762794	-0.27199262	-0.55639654	0	0	0.41	4.5010723e-18
2.710017950536788e-09	0.33689934	-0.08222588	-0.55377203	0	0	0.41	4.921365e-18
2.720061748619198e-09	0.30256268	0.077628575	-0.5477465	0	0	0.41	4.987208e-18
2.7300194959568486e-09	0.1557012	0.21480812	-0.53625286	0	0	0.41	3.9169107e-18
2.740033331271002e-09	-0.05055465	0.24566793	-0.52636844	0	0	0.41	4.5521267e-18
2.750063930802173e-09	-0.22072797	0.18555774	-0.5220533	0	0	0.41	3.566485e-18
2.7600080248742165e-09	-0.37415045	0.056276627	-0.5115972	0	0	0.41	3.663231e-18
2.7700407774674387e-09	-0.40715432	-0.19108318	-0.5078162	0	0	0.41	3.8397794e-18
2.7800583732012113e-09	-0.279328	-0.3452616	-0.5043845	0	0	0.41	4.650976e-18
2.7900256829213007e-09	-0.090187445	-0.36816877	-0.49933276	0	0	0.41	4.4210905e-18
2.800016768796245e-09	0.11473591	-0.30220008	-0.49601948	0	0	0.41	4.69087e-18
2.8100113652013114e-09	0.28414792	-0.12616381	-0.48810828	0	0	0.41	4.792658e-18
2.820056493033171e-09	0.3026298	0.09464279	-0.4881189	0	0	0.41	3.892235e-18
2.8300557842395387e-09	0.19940291	0.26862282	-0.47905165	0	0	0.41	4.351371e-18
2.8400232963803504e-09	-0.012244962	0.34057325	-0.44824833	0	0	0.41	4.0559275e-18
2.8500044354831e-09	-0.22990578	0.2602005	-0.4314679	0	0	0.41	4.570694e-18
2.860047581502016e-09	-0.39012814	0.0963157	-0.4161943	0	0	0.41	3.9236618e-18
2.870043022265819e-09	-0.41628283	-0.12685663	-0.4082567	0	0	0.41	3.6228828e-18
2.8800134659151028e-09	-0.26850453	-0.29958642	-0.39581615	0	0	0.41	2.716985e-18
2.890006437076111e-09	-0.018220732	-0.34538624	-0.37307054	0	0	0.41	4.0697733e-18
2.9000469313248963e-09	0.24395809	-0.21654007	-0.3549311	0	0	0.41	3.8639046e-18
2.9100165278546954e-09	0.37213662	-0.0056872135	-0.3406929	0	0	0.41	4.8043725e-18
2.9200266816471697e-09	0.35488877	0.2043739	-0.3219588	0	0	0.41	3.7529887e-18
2.930022906124765e-09	0.21035989	0.36214232	-0.31673533	0	0	0.41	3.7610463e-18
2.940020505313462e-09	-0.03650021	0.4233293	-0.30805224	0	0	0.41	3.0092446e-18
2.950048311273781e-09	-0.29260972	0.2929671	-0.30094323	0	0	0.41	3.5084667e-18
2.96004809279448e-09	-0.39842406	0.0597441	-0.30307028	0	0	0.41	2.9644524e-18
2.9700046292744994e-09	-0.3553152	-0.16759188	-0.2928688	0	0	0.41	2.5071501e-18
2.9800035916930548e-09	-0.16648258	-0.28991035	-0.2780397	0	0	0.41	3.3750936e-18
2.990030091290351e-09	0.06501431	-0.27523577	-0.2687058	0	0	0.41	3.4325071e-18
3.0000542930399298e-09	0.25527412	-0.14990963	-0.27079645	0	0	0.41	4.4348577e-18
3.0100320362079495e-09	0.3881348	0.07778778	-0.26954156	0	0	0.41	2.7763108e-18
3.020035395222561e-09	0.3313884	0.33720875	-0.25864068	0	0	0.41	4.717544e-18
3.0300570742027498e-09	0.0302031	0.48465094	-0.23272121	0	0	0.41	3.3643872e-18
3.040062884093838e-09	-0.24971515	0.35171628	-0.20209153	0	0	0.41	2.5528988e-18
3.0500383354956814e-09	-0.34631005	0.1276124	-0.19809948	0	0	0.41	2.453366e-18
3.0600387890041584e-09	-0.30250636	-0.08045399	-0.20313385	0	0	0.41	3.0688252e-18
3.0700309863557144e-09	-0.13051517	-0.25779203	-0.18997636	0	0	0.41	3.9719435e-18
3.0800552784543864e-09	0.107842274	-0.32261574	-0.18372223	0	0	0.41	2.3194198e-18
3.090037154557462e-09	0.3736899	-0.21441804	-0.15913738	0	0	0.41	4.1132098e-18
3.1000402558640075e-09	0.51185244	0.045140684	-0.14836153	0	0	0.41	3.357168e-18
3.1100639160112627e-09	0.41932303	0.3310191	-0.12923871	0	0	0.41	3.948675e-18
3.1200601906993397e-09	0.15844339	0.46084565	-0.1053082	0	0	0.41	2.6859866e-18
3.1300609109966223e-09	-0.12936673	0.35673133	-0.09748408	0	0	0.41	3.3115853e-18
3.1400225359127176e-09	-0.27498454	0.12758762	-0.09509929	0	0	0.41	2.5988085e-18
3.150039792434722e-09	-0.30207175	-0.09145077	-0.0920665	0	0	0.41	3.2431537e-18
3.160020681326132e-09	-0.20272973	-0.2878494	-0.0933531	0	0	0.41	3.2882384e-18
3.1700486762509202e-09	0.019009225	-0.39563027	-0.074243665	0	0	0.41	2.7993674e-18
3.1800301045222157e-09	0.29995045	-0.3146022	-0.05382055	0	0	0.41	2.14638e-18
3.190024929126143e-09	0.4082413	-0.026743961	-0.044845168	0	0	0.41	4.131885e-18
3.2000610095434566e-09	0.29805025	0.20840691	-0.036343336	0	0	0.41	3.5088654e-18
3.21002787403589e-09	0.07746528	0.3231298	-0.028983694	0	0	0.41	2.0601415e-18
3.220009717934716e-09	-0.18499605	0.29782343	-0.007453768	0	0	0.41	1.4123068e-18
3.2300468519196027e-09	-0.40011084	0.0894295	0.0102125835	0	0	0.41	2.5339526e-18
3.2400647084166983e-09	-0.39947382	-0.20806724	0.01532736	0	0	0.41	2.1826432e-18
3.2500387702459206e-09	-0.19256744	-0.41019675	0.034956776	0	0	0.41	2.4014232e-18
3.2600291408131937e-09	0.11971319	-0.40917066	0.05625829	0	0	0.41	2.2532803e-18
3.2700253745550578e-09	0.3609287	-0.17361808	0.07228649	0	0	0.41	2.524268e-18
3.2800537105519816e-09	0.36801434	0.07683258	0.08592506	0	0	0.41	2.2235184e-18
3.290051995336863e-09	0.26321965	0.25045723	0.08988034	0	0	0.41	1.7960165e-18
3.300043780186995e-09	0.055395074	0.38534543	0.10538363	0	0	0.41	2.2143129e-18
3.3100578563028e-09	-0.2662228	0.3370659	0.122400604	0	0	0.41	2.220605e-18
3.3200318902013264e-09	-0.44671428	0.04330928	0.14198622	0	0	0.41	2.6226311e-18
3.33002694050753e-09	-0.37407598	-0.24694899	0.1527221	0	0	0.41	1.8278355e-18
3.3400256591772334e-09	-0.14984538	-0.37981072	0.16695692	0	0	0.41	2.6417154e-18
3.350015768667335e-09	0.110302575	-0.32641986	0.18221617	0	0	0.41	1.5642287e-18
3.360023495761735e-09	0.30831644	-0.11085112	0.19137788	0	0	0.41	2.1889068e-18
3.3700400040125647e-09	0.3449014	0.1619139	0.1944768	0	0	0.41	2.0721255e-18
3.380007357370636e-09	0.19092561	0.36808097	0.19192792	0	0	0.41	1.7208817e-18
3.3900188535732824e-09	-0.10872385	0.41913158	0.21123548	0	0	0.41	9.156482e-19
3.4000151545004764e-09	-0.3627927	0.182593	0.22023588	0	0	0.41	2.1032655e-18
3.410055147330558e-09	-0.37109935	-0.14612484	0.21224341	0	0	0.41	6.4442085e-19
3.4200172878440254e-09	-0.16998105	-0.32320026	0.21122633	0	0	0.41	1.681915e-18
3.43001485705798e-09	0.08558644	-0.3266537	0.2304899	0	0	0.41	2.1395202e-18
3.440047635740871e-09	0.32754216	-0.19197744	0.24729931	0	0	0.41	1.8490136e-18
3.4500646139424194e-09	0.40429443	0.0933898	0.2553969	0	0	0.41	1.6315658e-18
3.46002649523242e-09	0.20257132	0.35981846	0.26631767	0	0	0.41	1.312091e-18
3.470001118704819e-09	-0.12779984	0.38276213	0.27625373	0	0	0.41	1.5225257e-18
3.4800061924886288e-09	-0.3279317	0.19277962	0.29102182	0	0	0.41	1.2620073e-18
3.490044966180427e-09	-0.35097578	-0.061333686	0.2922983	0	0	0.41	8.2920167e-19
3.5000459789218425e-09	-0.21866615	-0.28120267	0.29842323	0	0	0.41	1.6172513e-18
3.510063849187257e-09	0.008777941	-0.36161858	0.30826142	0	0	0.41	1.9103604e-18
3.5200121909132775e-09	0.2712521	-0.25498074	0.32745212	0	0	0.41	1.6107382e-18
3.530047540229242e-09	0.37495953	-0.004162343	0.33432847	0	0	0.41	1.7742265e-18
3.5400079770796775e-09	0.27511904	0.24765019	0.34190443	0	0	0.41	1.307597e-18
3.5500355049089547e-09	0.052778628	0.3729937	0.35101905	0	0	0.41	1.916885e-18
3.5600276492740368e-09	-0.2305123	0.32697502	0.3590399	0	0	0.41	1.1987331e-18
3.5700216391022815e-09	-0.38660645	0.04195693	0.36756006	0	0	0.41	1.2519753e-18
3.5800582483071302e-09	-0.26710784	-0.24823956	0.37230507	0	0	0.41	9.795568e-19
3.5900230868531538e-09	-0.024764793	-0.36306196	0.38025305	0	0	0.41	2.2278424e-18
3.600006531757731e-09	0.20731023	-0.30124143	0.3983621	0	0	0.41	1.1435171e-18
3.610031388332184e-09	0.36267495	-0.0708113	0.42118576	0	0	0.41	1.3288702e-18
3.6200461350370986e-09	0.2764531	0.21841797	0.4253865	0	0	0.41	7.1908486e-19
3.6300404088277597e-09	0.015969932	0.34440386	0.43871984	0	0	0.41	1.5115629e-18
3.640056313995581e-09	-0.25974545	0.2969765	0.45120043	0	0	0.41	9.948765e-19
3.650042022963766e-09	-0.404723	0.025471563	0.46834973	0	0	0.41	6.638267e-19
3.6600155573009845e-09	-0.2630279	-0.2654371	0.46708432	0	0	0.41	1.4571462e-18
3.6700351081587334e-09	0.027408069	-0.31347668	0.47357154	0	0	0.41	1.1540519e-18
3.6800105921740444e-09	0.22114298	-0.20612283	0.4871741	0	0	0.41	7.745022e-19
3.6900025983642395e-09	0.3364958	0.0062198453	0.49138713	0	0	0.41	4.9132507e-19
3.700063450212989e-09	0.24177822	0.26415113	0.49820554	0	0	0.41	9.212476e-19
3.7100656895789645e-09	-0.014602188	0.3428778	0.50971985	0	0	0.41	2.1903642e-19
3.720037630122874e-09	-0.24372725	0.22521499	0.52052736	0	0	0.41	3.6663527e-20
3.73003935122598e-09	-0.346437	-0.03835106	0.5330244	0	0	0.41	-1.8043134e-18
3.740013917465225e-09	-0.20770982	-0.28174654	0.53955567	0	0	0.41	3.534776e-19
3.750027083500643e-09	0.090484336	-0.35111398	0.5522266	0	0	0.41	2.7592486e-19
3.760058756301947e-09	0.330099	-0.14972296	0.56895715	0	0	0.41	-3.795406e-19
3.770021929121681e-09	0.33364958	0.13415676	0.5768718	0	0	0.41	-3.5028075e-19
3.780008835317341e-09	0.12165376	0.30692595	0.5791557	0	0	0.41	1.4121688e-19
3.790025853891939e-09	-0.1266454	0.25831643	0.59044045	0	0	0.41	1.1203898e-18
3.800034052264087e-09	-0.27253854	0.08965841	0.5965021	0	0	0.41	6.4584944e-19
3.810017353118314e-09	-0.26075843	-0.14755395	0.6111711	0	0	0.41	7.6333035e-20
3.820040212254509e-09	-0.058371305	-0.2914949	0.6173151	0	0	0.41	2.1226538e-19
3.830027159018343e-09	0.20166716	-0.24951372	0.6269205	0	0	0.41	8.944701e-19
3.840034635825497e-09	0.34403387	-0.013467028	0.63278407	0	0	0.41	8.55829e-19
3.8500089788202134e-09	0.18819119	0.26317874	0.6337175	0	0	0.41	1.3007026e-18
3.860023096313741e-09	-0.07616517	0.3000823	0.64620507	0	0	0.41	6.166816e-19
3.870004406753132e-09	-0.25755513	0.14719506	0.65117294	0	0	0.41	5.6582933e-19
3.88003454447461e-09	-0.27946082	-0.10457021	0.6559976	0	0	0.41	-2.3180178e-19
3.8900406349600285e-09	-0.07382651	-0.29727086	0.66080767	0	0	0.41	5.782592e-20
3.900015726436845e-09	0.15799008	-0.25434756	0.6729049	0	0	0.41	-1.9233354e-19
3.910061065369236e-09	0.28378436	-0.04554167	0.682859	0	0	0.41	6.763487e-19
3.920055753318321e-09	0.20066278	0.2062984	0.68836635	0	0	0.41	-8.521354e-19
3.93006118268538e-09	-0.059358105	0.2844383	0.69381595	0	0	0.41	1.7881326e-19
3.940023605889963e-09	-0.26135027	0.115309	0.709048	0	0	0.41	6.8549905e-20
3.950036158543908e-09	-0.27273822	-0.11491219	0.7160576	0	0	0.41	1.8582718e-19
3.96003087419401e-09	-0.08302223	-0.29213315	0.72374815	0	0	0.41	3.5274476e-19
3.970021426315407e-09	0.1966151	-0.23610313	0.7276727	0	0	0.41	5.497309e-19
3.980025254763672e-09	0.30052492	0.03314816	0.73816377	0	0	0.41	5.898231e-19
3.990017313439674e-09	0.12624794	0.25123078	0.74007064	0	0	0.41	-3.5698163e-19
4.000038338661249e-09	-0.11240427	0.2291164	0.7487422	0	0	0.41	-3.6901083e-19
4.01003738535047e-09	-0.23933704	0.057336207	0.7583806	0	0	0.41	-3.7698656e-19
4.020033845362602e-09	-0.20240012	-0.17825411	0.76302004	0	0	0.41	3.8758408e-19
4.030035353341031e-09	0.047595948	-0.2665287	0.77299136	0	0	0.41	-6.117831e-19
4.040049006330218e-09	0.24894433	-0.0951396	0.784908	0	0	0.41	-4.5897383e-19
4.05003673327142e-09	0.21302183	0.15340897	0.7864539	0	0	0.41	1.1673982e-19
4.060000287681167e-09	-0.015524471	0.23491181	0.79123163	0	0	0.41	-8.434056e-19
4.070004860406882e-09	-0.19997974	0.12681696	0.80184454	0	0	0.41	-1.2447749e-19
4.080011750130936e-09	-0.20563406	-0.09666878	0.8157559	0	0	0.41	8.796153e-19
4.090045646149122e-09	-0.02113358	-0.22766602	0.8267463	0	0	0.41	4.9369463e-19
4.10005763945633e-09	0.20150982	-0.11713355	0.8418692	0	0	0.41	-8.3585805e-19
4.110001879784843e-09	0.19604123	0.12361634	0.8482863	0	0	0.41	-4.1884636e-20
4.120015020172507e-09	-0.021041226	0.22697106	0.85740685	0	0	0.41	-1.2826256e-18
4.130050128995212e-09	-0.21661428	0.05131498	0.8715411	0	0	0.41	-1.2309129e-19
4.140005486814144e-09	-0.12586552	-0.18417135	0.8758575	0	0	0.41	-1.6312603e-18
4.150029876864696e-09	0.14667416	-0.17289455	0.8891804	0	0	0.41	-1.6579625e-18
4.160010263173099e-09	0.2175019	0.09362276	0.8937703	0	0	0.41	-2.1101404e-18
4.1700477798667215e-09	-0.038319807	0.22045778	0.9082273	0	0	0.41	-1.3163115e-18
4.180022594171442e-09	-0.23538469	-0.007232093	0.90655375	0	0	0.41	-4.6895154e-19
4.190024961813048e-09	-0.02731748	-0.23949271	0.91228294	0	0	0.41	-2.4898471e-18
4.200043540495865e-09	0.22644265	-0.05900726	0.9160052	0	0	0.41	-1.0086139e-18
4.210035957149618e-09	0.07786441	0.19154452	0.9252332	0	0	0.41	-2.2078724e-18
4.2200248269401165e-09	-0.1711911	0.101918265	0.928429	0	0	0.41	-2.3765211e-18
4.230048284780201e-09	-0.11627884	-0.14776477	0.9328395	0	0	0.41	-1.4946719e-18
4.24000631668042e-09	0.12286441	-0.11895485	0.9359775	0	0	0.41	-1.9651981e-18
4.250050603783646e-09	0.10986216	0.085663036	0.94602627	0	0	0.41	-4.6866864e-19
4.260063217960954e-09	-0.055438623	0.12548508	0.95036143	0	0	0.41	-1.2932527e-18
4.270025514269747e-09	-0.12193402	-0.039072417	0.9518538	0	0	0.41	-1.7145586e-18
4.280023475663466e-09	0.019766115	-0.11512837	0.95112216	0	0	0.41	-1.842761e-18
4.290015229661358e-09	0.113753386	0.00062098674	0.95301884	0	0	0.41	-2.0442557e-19
4.300010810029008e-09	0.022940023	0.0848303	0.95412034	0	0	0.41	-1.4697068e-18
4.310049094004149e-09	-0.05519396	0.042484924	0.9572483	0	0	0.41	-1.4779426e-18
4.320063305074399e-09	-0.05511725	-0.044670712	0.9588018	0	0	0.41	-1.0969941e-18
4.330043241069685e-09	0.020332428	-0.0454984	0.9605472	0	0	0.41	-1.7830434e-18
4.3400024114909485e-09	0.060580466	-0.0034857614	0.95967543	0	0	0.41	-1.2978006e-18
4.35002318838397e-09	0.010843427	0.063222066	0.9623897	0	0	0.41	-1.3826624e-18
4.360029300770531e-09	-0.06397702	0.0086654145	0.96454555	0	0	0.41	-2.9257951e-18
4.370029171534831e-09	-0.0042803995	-0.066191986	0.9624867	0	0	0.41	-1.6705361e-18
4.38002590814763e-09	0.062350485	-0.008192396	0.9631564	0	0	0.41	-3.1169944e-19
4.390014328428602e-09	0.010780432	0.048545554	0.96540886	0	0	0.41	-1.6298984e-18
4.400054949962629e-09	-0.03304112	0.021921294	0.96121097	0	0	0.41	-6.694574e-19
4.410003510002647e-09	-0.030085672	-0.03647824	0.9621922	0	0	0.41	-9.656442e-19
4.420018015468972e-09	0.027015658	-0.031164061	0.9586583	0	0	0.41	-2.7552092e-18
4.430030420574079e-09	0.027023127	0.016970187	0.9609637	0	0	0.41	-2.2066356e-18
4.44005196893927e-09	-0.01646044	0.016450908	0.9661399	0	0	0.41	-1.8836178e-18
4.450026083840815e-09	-0.024129355	-0.01471861	0.9651414	0	0	0.41	-5.963314e-19
4.460056140005112e-09	0.005239077	-0.038784992	0.96505165	0	0	0.41	-9.389889e-19
4.470039308596789e-09	0.03972976	0.00667438	0.9622385	0	0	0.41	-8.80922e-19
4.480011470515436e-09	0.0077306954	0.03582345	0.9639884	0	0	0.41	-7.784661e-19
4.4900637087666715e-09	-0.0292272	0.004403368	0.96589524	0	0	0.41	-1.4156036e-18
4.500038092235532e-09	-0.014679445	-0.031556677	0.96608853	0	0	0.41	-2.8869776e-18
4.5100525386731046e-09	0.03509177	-0.009078955	0.96362066	0	0	0.41	-5.231515e-19
4.520034807443174e-09	0.010255274	0.032402895	0.9630862	0	0	0.41	-2.1383736e-18
4.53002107949962e-09	-0.016164085	0.013437013	0.9645945	0	0	0.41	-2.45905e-18
4.540044353608836e-09	-0.015106747	-0.025269253	0.96401066	0	0	0.41	-1.5434834e-18
4.550001556311507e-09	0.017411014	0.0031564834	0.9640321	0	0	0.41	-1.5790001e-18
4.560061328289782e-09	-0.011371133	0.013878279	0.9638101	0	0	0.41	-3.7135917e-19
4.570020754324588e-09	-0.014394171	-0.009297693	0.96237695	0	0	0.41	-1.1422783e-18
4.5800334470054484e-09	0.006339981	-0.02203867	0.95893884	0	0	0.41	-1.4779164e-18
4.5900059694853936e-09	0.01944825	-0.009911077	0.9615279	0	0	0.41	-1.877914e-18
4.60001100706274e-09	0.017775137	0.01414211	0.9650386	0	0	0.41	-1.7762144e-18
4.610057566592458e-09	-0.013927249	0.02949764	0.9637549	0	0	0.41	-2.3194227e-18
4.620056065706085e-09	-0.034913063	-0.0033742615	0.9642429	0	0	0.41	-1.1173002e-18
4.630006036156452e-09	0.00938442	-0.03658429	0.96281856	0	0	0.41	-6.689343e-19
4.640000778289334e-09	0.04134567	0.0037996555	0.96256137	0	0	0.41	-8.5278925e-19
4.650046659194934e-09	-0.023021122	0.047584623	0.96584654	0	0	0.41	-9.751523e-19
4.660020109954432e-09	-0.051233638	-0.0021194848	0.96465206	0	0	0.41	-1.6022856e-18
4.670010912618544e-09	0.002332268	-0.037822567	0.9659012	0	0	0.41	-1.0624623e-18
4.68002393979399e-09	0.028498683	0.00855172	0.9677035	0	0	0.41	-3.078228e-18
4.690007837992248e-09	-0.0074581467	0.01828966	0.9684089	0	0	0.41	-2.5414076e-18
4.700034079735491e-09	-0.02753281	-0.0028567126	0.9676092	0	0	0.41	-1.6217853e-18
4.7100636420938425e-09	0.0018482	-0.045760643	0.9655679	0	0	0.41	-2.6217006e-18
4.720028638913106e-09	0.05329237	-0.0046282895	0.96403104	0	0	0.41	-1.1922749e-18
4.73002269157701e-09	0.022493532	0.043553896	0.9648693	0	0	0.41	-1.4387445e-18
4.740009215514369e-09	-0.040416718	0.01973488	0.96477294	0	0	0.41	-1.1921349e-18
4.7500256778200074e-09	-0.035082325	-0.029005548	0.96524906	0	0	0.41	-1.642657e-18
4.760047840848358e-09	0.021930225	-0.0516039	0.9661854	0	0	0.41	-1.542042e-18
4.7700022957118045e-09	0.057138808	0.017049853	0.9630542	0	0	0.41	-8.1455344e-19
4.7800291503087086e-09	-0.029532038	0.058541115	0.96164614	0	0	0.41	-1.2868943e-18
4.790032459629718e-09	-0.05835062	-0.038918078	0.964547	0	0	0.41	-1.5156302e-18
4.800057268729454e-09	0.035910286	-0.05370628	0.96345264	0	0	0.41	-1.9625495e-19
4.810054079720583e-09	0.054724813	0.02111675	0.9620505	0	0	0.41	-1.1754454e-18
4.820022599298357e-09	-0.022440264	0.06382414	0.96026444	0	0	0.41	-2.9714083e-19
4.8300558335765114e-09	-0.054053444	-0.01697642	0.9641459	0	0	0.41	-8.989881e-19
4.840006151293448e-09	-0.0020689752	-0.04802054	0.9663107	0	0	0.41	-1.0829814e-18
4.85003734087085e-09	0.054361265	-0.02239675	0.9654991	0	0	0.41	-2.0921406e-18
4.860051565088544e-09	0.026002947	0.04765594	0.96576154	0	0	0.41	-1.5273724e-18
4.870050195995228e-09	-0.044517558	0.03804614	0.96494555	0	0	0.41	-1.1554014e-18
4.880029523068545e-09	-0.052845735	-0.037466515	0.9647472	0	0	0.41	-1.6405573e-18
4.8900499105745575e-09	0.035301644	-0.030954052	0.96598107	0	0	0.41	-2.2423923e-18
4.9000261301187166e-09	0.023173135	0.02768558	0.96455866	0	0	0.41	-1.3598452e-18
4.910003007112662e-09	-0.041862633	0.022244003	0.9631809	0	0	0.41	-1.2392357e-18
4.920017376032926e-09	-0.021236405	-0.030823393	0.96437067	0	0	0.41	-1.3120003e-18
4.93003494406489e-09	0.03439744	-0.019605726	0.96566474	0	0	0.41	-8.3221246e-19
4.940054673939398e-09	0.02296769	0.029846685	0.9645757	0	0	0.41	-1.744985e-18
4.950029523569787e-09	-0.020408776	0.029783648	0.96556324	0	0	0.41	-1.3857959e-18
4.960015552575516e-09	-0.030008486	-0.022566672	0.9667242	0	0	0.41	-1.0591773e-18
4.970026293216381e-09	0.017315133	-0.029940298	0.96682304	0	0	0.41	-1.779713e-18
4.980027231315566e-09	0.024533253	0.015884912	0.96437037	0	0	0.41	-1.1998404e-18
4.990006831655083e-09	-0.01659695	0.031721096	0.96483505	0	0	0.41	-1.4514818e-18
5.000010308375246e-09	-0.022054724	-0.014628789	0.9632438	0	0	0.41	-1.4675002e-18
5.0100120515022125e-09	0.0136857545	-0.026582217	0.96400744	0	0	0.41	-9.522145e-19
5.020007491781542e-09	0.03356048	0.0019286054	0.96433926	0	0	0.41	-3.053751e-19
5.030012137162673e-09	0.008611364	0.018035378	0.9646699	0	0	0.41	-1.2415231e-18
5.040012673908563e-09	-0.020013213	0.01084308	0.9670278	0	0	0.41	-1.6668551e-18
5.050001229935714e-09	-0.013003546	0.0006963351	0.96545017	0	0	0.41	-5.921639e-19
5.0600610977863356e-09	0.013975856	-0.014775091	0.9633929	0	0	0.41	-2.0691501e-18
5.070012173907758e-09	0.016948638	0.019746466	0.9631805	0	0	0.41	-1.1034533e-18
5.08004085716727e-09	-0.018617054	0.026892375	0.9641979	0	0	0.41	-1.27112e-18
5.090061053494576e-09	-0.025800582	-0.018937271	0.96579593	0	0	0.41	-1.7298351e-18
5.1000018515841095e-09	0.025392778	-0.021672953	0.9635811	0	0	0.41	-1.4472803e-18
5.1100110767223494e-09	0.024992144	0.008657065	0.9651129	0	0	0.41	-1.999686e-18
5.120061541711182e-09	-0.0026313718	0.01860214	0.9666227	0	0	0.41	-6.756137e-19
5.130058269103126e-09	-0.03518355	0.006493378	0.96705216	0	0	0.41	-1.9995222e-18
5.1400016527671604e-09	-0.0053106495	-0.031534538	0.96813214	0	0	0.41	-1.0346306e-18
5.150039215396436e-09	0.01883786	-0.003971458	0.96788687	0	0	0.41	-1.6597798e-18
5.160047236158084e-09	0.003598782	0.028562097	0.96450746	0	0	0.41	-1.3657332e-18
5.170014215641779e-09	-0.021620825	0.015970554	0.9653322	0	0	0.41	-1.0197214e-18
5.180064571660678e-09	-0.028027587	-0.018877119	0.9657964	0	0	0.41	-2.3773973e-18
5.1900251478430325e-09	0.019892486	-0.04189682	0.96142083	0	0	0.41	-1.354666e-18
5.2000359142451885e-09	0.052820403	0.008413888	0.9592423	0	0	0.41	-1.9685641e-18
5.210008133756667e-09	0.01867139	0.05710083	0.9623686	0	0	0.41	-2.0759983e-18
5.22006608313735e-09	-0.039785396	0.02891734	0.96359015	0	0	0.41	-2.1126466e-18
5.230050908930507e-09	-0.015751678	-0.024018584	0.96577835	0	0	0.41	-2.15413e-18
5.240016302457189e-09	0.03327811	-0.025983414	0.9638427	0	0	0.41	-1.0785131e-18
5.2500488340761716e-09	0.035723854	0.028731074	0.9584077	0	0	0.41	-1.1632313e-18
5.260046274671613e-09	-0.0124863135	0.044310987	0.95916927	0	0	0.41	-1.0026867e-18
5.2700296744757554e-09	-0.048573893	-0.0196479	0.9599252	0	0	0.41	-1.0302212e-18
5.280013033980644e-09	0.005923501	-0.033233084	0.9598755	0	0	0.41	-9.227896e-19
5.290056857017489e-09	0.041495696	-0.005047104	0.95978457	0	0	0.41	-1.4014478e-18
5.300019587981145e-09	0.003141698	0.03949353	0.9613392	0	0	0.41	-1.4487804e-18
5.310046385408975e-09	-0.021690486	-0.010900429	0.9656544	0	0	0.41	-1.1365755e-18
5.320018626640885e-09	0.012107625	-0.022286575	0.9670053	0	0	0.41	-8.696988e-19
5.330053163799354e-09	0.018941306	0.015003001	0.965905	0	0	0.41	-2.5263707e-18
5.3400571155420936e-09	-0.009033563	-0.00049383414	0.9659576	0	0	0.41	-2.1907852e-18
5.350030730999039e-09	0.0048113395	-0.012674515	0.96488434	0	0	0.41	-6.2760463e-19
5.3600341682819205e-09	-0.001408055	0.008626948	0.9656415	0	0	0.41	-1.2022568e-18
5.370020383086388e-09	-0.008340072	0.01168703	0.96559554	0	0	0.41	-1.7387535e-18
5.3800516935092345e-09	-0.015969796	0.0035169218	0.9663549	0	0	0.41	-1.9139158e-18
5.390046223659721e-09	-0.012888124	-0.013914868	0.9682785	0	0	0.41	-1.4312378e-18
5.400057258234258e-09	0.023803053	-0.018331502	0.9684848	0	0	0.41	-9.349406e-19
5.4100596612015865e-09	0.018531214	0.0019597518	0.96809185	0	0	0.41	-1.1818863e-18
5.420006640143448e-09	0.007602244	0.012896839	0.9668884	0	0	0.41	-1.6866081e-18
5.430054139167226e-09	-0.009571616	0.010420503	0.96427417	0	0	0.41	-1.1102129e-18
5.440018103423093e-09	-0.005282072	-0.013316639	0.96428484	0	0	0.41	-8.839182e-19
5.450005898764646e-09	0.0053759324	-0.027466673	0.9673917	0	0	0.41	-1.8807295e-18
5.460000051443157e-09	0.036209464	0.00429624	0.9649718	0	0	0.41	-1.3064628e-18
5.47004450200882e-09	-0.006304426	0.03893712	0.96452445	0	0	0.41	-2.6733915e-18
5.4800255488799875e-09	-0.026131632	-0.019047106	0.96584684	0	0	0.41	-2.0792483e-18
5.490045242196422e-09	0.018856337	-0.020769734	0.96351373	0	0	0.41	-9.942935e-19
5.500029063729951e-09	0.0085276915	0.0008383813	0.9644382	0	0	0.41	-3.553575e-19
5.510049206043995e-09	0.0042215222	0.011098902	0.96614134	0	0	0.41	-1.0305848e-18
5.5200340327059555e-09	0.0025189493	-8.2349834e-05	0.96308964	0	0	0.41	-1.0104505e-18
5.5300327004086556e-09	-0.0029009415	-0.0026066233	0.9664938	0	0	0.41	-1.9227553e-18
5.5400074734283186e-09	0.0147248795	0.0037815664	0.9651674	0	0	0.41	-1.5202476e-18
5.550017048538896e-09	-0.0011153485	0.01610416	0.9628705	0	0	0.41	-1.8045429e-18
5.560050872886138e-09	-0.010643977	-0.0020824466	0.9671374	0	0	0.41	-5.234783e-19
5.57002119146121e-09	0.003395508	-0.010918474	0.9637365	0	0	0.41	-2.0619326e-18
5.580027534258748e-09	0.0076404065	0.009302431	0.96587133	0	0	0.41	-1.8373435e-18
5.5900246607788685e-09	0.006118117	0.012316478	0.9651126	0	0	0.41	-1.4326253e-18
5.600008353066586e-09	-0.0019352994	0.009548113	0.9672874	0	0	0.41	-1.3774829e-18
5.610034386568538e-09	-0.0069906213	0.005055706	0.9681027	0	0	0.41	-2.1445472e-18
5.620061042417415e-09	-0.015065219	-0.0027405745	0.9701711	0	0	0.41	-1.3262015e-18
5.6300292954956815e-09	0.010208851	-0.020180156	0.9693624	0	0	0.41	-1.6808629e-18
5.640034942592886e-09	0.019904071	-0.0014232825	0.9705531	0	0	0.41	-1.0749822e-18
5.650049644197384e-09	-0.0052523576	0.005101784	0.97011983	0	0	0.41	-1.7866235e-18
5.660029129769113e-09	-0.0018502391	-0.008588966	0.97006464	0	0	0.41	-1.053693e-18
5.670022032073267e-09	0.018690156	0.0051364014	0.9686828	0	0	0.41	-1.855576e-18
5.6800394467412215e-09	0.0117777325	0.025133297	0.969994	0	0	0.41	-1.0042622e-18
5.690005180427043e-09	-0.026270378	0.020470401	0.9677118	0	0	0.41	-9.218111e-19
5.700020549677492e-09	-0.021061935	-0.028323049	0.9673611	0	0	0.41	-1.4680674e-18
5.7100522225976e-09	0.011223946	-0.026067331	0.96661955	0	0	0.41	-1.2487878e-18
5.7200244696431155e-09	0.0178969	0.0030436434	0.96840847	0	0	0.41	-1.3572335e-18
5.730016838337663e-09	-0.0019801327	0.032219164	0.9696293	0	0	0.41	-1.9972348e-18
5.740053938434203e-09	-0.011980519	-0.023324167	0.96721977	0	0	0.41	-1.5388652e-18
5.750038138955145e-09	0.0034051843	-0.01860329	0.9682384	0	0	0.41	-2.2290692e-18
5.760004084615402e-09	0.01811087	-0.0076217554	0.9665004	0	0	0.41	-8.662383e-19
5.770018072220394e-09	0.0028402584	0.023213407	0.9658396	0	0	0.41	-1.0578598e-18
5.780012985270027e-09	-0.027103007	0.017703487	0.9654124	0	0	0.41	-7.479444e-19
5.790040883752087e-09	-0.017965127	-0.02185333	0.96632016	0	0	0.41	-1.2414742e-18
5.80004225990448e-09	0.015263432	-0.019169444	0.9685724	0	0	0.41	-1.0094307e-18
5.810006587260834e-09	0.01823178	0.017879736	0.9640303	0	0	0.41	-1.606387e-18
5.820031620476273e-09	-0.020720338	0.021311624	0.9654308	0	0	0.41	-1.3846677e-18
5.830025244389226e-09	-0.028798869	-0.01706748	0.9654403	0	0	0.41	-1.2725818e-18
5.840043986454995e-09	0.016671803	-0.024912467	0.96310747	0	0	0.41	-1.1483962e-18
5.850053764579364e-09	0.022480903	0.021549303	0.9634828	0	0	0.41	-1.116573e-18
5.860009292333474e-09	-0.010462438	0.020373756	0.9637472	0	0	0.41	-1.1931569e-18
5.870008927929395e-09	-0.030334141	-0.0032038877	0.9656635	0	0	0.41	-2.2402055e-18
5.880044290892404e-09	0.013637746	-0.026258243	0.9659252	0	0	0.41	-1.3150067e-18
5.890018054845885e-09	0.015531364	-0.014125114	0.96640974	0	0	0.41	-2.3156818e-18
5.900042664983155e-09	-0.006029392	0.014892692	0.9661071	0	0	0.41	-2.5519984e-18
5.910008930667956e-09	-0.022420306	0.0018407747	0.96366966	0	0	0.41	-1.3403282e-18
5.920047292686017e-09	0.009698376	-0.022065045	0.9640094	0	0	0.41	-2.084377e-18
5.930045693312767e-09	0.016568216	0.0035212804	0.9633214	0	0	0.41	-1.4323517e-18
5.940008001444092e-09	0.0033225296	0.00895723	0.9643286	0	0	0.41	-1.3130828e-18
5.95002401524071e-09	-0.010373089	-0.005995417	0.96351707	0	0	0.41	-6.471026e-19
5.960022435829967e-09	0.009843417	0.0026644985	0.9674015	0	0	0.41	-1.6696214e-18
5.970042414517097e-09	-0.0020387354	0.009297762	0.96510595	0	0	0.41	-1.7835979e-18
5.980014520318574e-09	-0.0010064497	-0.004846183	0.96586096	0	0	0.41	-1.2290421e-18
5.9900536143204675e-09	-0.0034398832	0.012089546	0.964105	0	0	0.41	-1.5126473e-18
6.000030149792641e-09	0.00085292425	-0.016860357	0.96199733	0	0	0.41	-1.3523626e-18
6.010003989257051e-09	-0.0006029559	-0.010764537	0.96338844	0	0	0.41	-9.283358e-20
6.020062869086113e-09	0.01549041	0.0034083545	0.96432704	0	0	0.41	-2.488224e-18
6.03000932741338e-09	0.0033433838	0.021635883	0.9650611	0	0	0.41	-2.1116467e-18
6.040036859991211e-09	-0.019404784	-0.0033462625	0.9645617	0	0	0.41	-8.4461014e-19
6.050033296601944e-09	-0.004393271	-0.0079496	0.96523464	0	0	0.41	-1.1354305e-18
6.060007052746354e-09	0.015005593	0.0011363582	0.96545154	0	0	0.41	-6.3816705e-19
6.070034071825518e-09	0.00907046	0.019163318	0.96409	0	0	0.41	-1.6482044e-18
6.080002225276952e-09	-0.02617471	0.013966983	0.9664655	0	0	0.41	-1.0877207e-18
6.090060701881237e-09	-0.007789297	-0.019125048	0.9654392	0	0	0.41	-1.5490336e-18
6.100055325399413e-09	0.009345515	-0.0071251933	0.96596694	0	0	0.41	-1.189147e-18
6.1100066007817025e-09	-0.0048746746	-0.0016011111	0.96530676	0	0	0.41	-1.6072611e-18
6.120036943065254e-09	-0.009823897	-0.012557673	0.96621615	0	0	0.41	-1.5807449e-19
6.130047641801474e-09	0.009828184	-0.017084016	0.9635151	0	0	0.41	-2.0065983e-18
6.1400600062681075e-09	0.019438297	0.0068646553	0.96399933	0	0	0.41	-1.2492025e-18
6.150008431816102e-09	-0.0057877894	0.02902803	0.9648239	0	0	0.41	-8.3870365e-19
6.160010398031752e-09	-0.037192177	-0.005235103	0.96793747	0	0	0.41	-1.1157806e-18
6.170012439923666e-09	-0.0025281257	-0.020359024	0.9655581	0	0	0.41	-1.8531317e-18
6.180009415772093e-09	0.0046972935	-0.010947816	0.9665159	0	0	0.41	-2.257393e-18
6.190006926837715e-09	0.011833761	0.025126206	0.9637105	0	0	0.41	-2.8143416e-18
6.200014599728345e-09	-0.02436222	0.024171183	0.96371514	0	0	0.41	-6.666744e-19
6.210049668686503e-09	-0.032009635	-0.01235157	0.961636	0	0	0.41	-1.5959249e-18
6.220050571578638e-09	0.018673372	-0.032536913	0.96436155	0	0	0.41	-2.3088635e-18
6.230022118781683e-09	0.02862376	0.016050234	0.96571785	0	0	0.41	-1.8410462e-18
6.24006134141151e-09	-0.0010070272	0.017309833	0.96565884	0	0	0.41	-1.1167491e-18
6.250047239512719e-09	-0.02122125	0.017579757	0.96500003	0	0	0.41	-1.5339234e-18
6.2600543240358646e-09	-0.012751588	-0.007249339	0.9656361	0	0	0.41	-1.7802341e-18
6.270014931285492e-09	0.0008375172	-0.0071809306	0.9647582	0	0	0.41	-2.1982211e-18
6.280030585924707e-09	0.013950311	-0.012619312	0.96578425	0	0	0.41	-1.9500878e-18
6.290052630246335e-09	-0.009283686	0.019761002	0.965756	0	0	0.41	-1.5705389e-18
6.30003346998666e-09	-0.009670356	-0.011869827	0.9687285	0	0	0.41	-2.7777895e-18
6.310037818067347e-09	0.016653683	0.00010814631	0.9673355	0	0	0.41	-1.2461849e-18
6.320055431341031e-09	0.0038084278	0.021095233	0.9677864	0	0	0.41	-1.5014025e-18
6.330054198697486e-09	-0.015170646	0.0010902911	0.96941847	0	0	0.41	-2.3846205e-18
6.3400614772781375e-09	-0.00291472	-0.004829016	0.96540785	0	0	0.41	-8.1315365e-19
6.350059904286954e-09	0.008259284	-0.010575866	0.9645631	0	0	0.41	-1.6556487e-18
6.360012487327468e-09	0.012707371	-0.0011908006	0.9640033	0	0	0.41	-1.9119407e-18
6.370049793300552e-09	0.005554488	0.03289655	0.96424806	0	0	0.41	-1.332662e-18
6.380027192912757e-09	-0.027584821	0.015731117	0.9633752	0	0	0.41	-2.177608e-18
6.390007174248877e-09	-0.024596754	-0.028109683	0.96174043	0	0	0.41	-1.2609413e-18
6.400004110749954e-09	0.025500793	-0.020381138	0.96391606	0	0	0.41	-5.011606e-19
6.410014006737115e-09	0.025768045	0.015995726	0.96677506	0	0	0.41	-1.2574831e-18
6.420040908924186e-09	-0.015613575	0.024648642	0.9671112	0	0	0.41	-1.8419908e-18
6.430005391285001e-09	-0.02649533	-0.01774391	0.9661878	0	0	0.41	-2.0511139e-18
6.440060292863565e-09	0.027453655	-0.029720593	0.967079	0	0	0.41	-1.7206059e-18
6.450040979936859e-09	0.032168996	0.04539646	0.96387863	0	0	0.41	-2.3467439e-18
6.460061334182955e-09	-0.042981025	0.03452352	0.96324104	0	0	0.41	-1.1446152e-18
6.470002307586008e-09	-0.04287149	-0.04087635	0.96369225	0	0	0.41	-2.1450592e-18
6.480061514843455e-09	0.026207328	-0.051863395	0.9630125	0	0	0.41	-1.3806535e-18
6.4900472467719184e-09	0.05353814	0.01136932	0.96435887	0	0	0.41	-9.937343e-19
6.500027666905536e-09	0.0014814474	0.03537272	0.961761	0	0	0.41	-1.6747778e-18
6.510058666660595e-09	-0.032725953	0.0058897845	0.96489894	0	0	0.41	-1.252943e-18
6.520042343884942e-09	-0.0059041902	-0.025101021	0.9644061	0	0	0.41	-9.598236e-19
6.530002332327619e-09	0.026596157	-0.014148326	0.9669033	0	0	0.41	-1.5101842e-18
6.54001111939478e-09	0.020248836	0.023649493	0.96966434	0	0	0.41	-9.880999e-19
6.550054448323721e-09	-0.022936346	0.027569791	0.96627384	0	0	0.41	-2.1190345e-18
6.5600574111369635e-09	-0.013770613	-0.01448104	0.9673865	0	0	0.41	-2.2636214e-19
6.570057235156832e-09	0.0376757	-0.01456696	0.96851426	0	0	0.41	-1.9839489e-18
6.5800617675382794e-09	0.025994029	0.025469555	0.9675081	0	0	0.41	-1.4907831e-18
6.590062907378919e-09	-0.020882463	0.035369698	0.9665922	0	0	0.41	-1.9850664e-18
6.600026888870459e-09	-0.038838625	-0.013623615	0.9658873	0	0	0.41	-1.6307817e-18
6.610037173817266e-09	0.008859598	-0.034529854	0.9652095	0	0	0.41	-1.9536472e-18
6.6200230342418005e-09	0.04266838	-0.0020174887	0.96243525	0	0	0.41	-1.9461666e-18
6.6300160289181596e-09	0.003265975	0.03688924	0.9667974	0	0	0.41	-1.964053e-18
6.640026661177437e-09	-0.036843415	0.008970913	0.9661987	0	0	0.41	-1.843389e-18
6.650029770603087e-09	-0.010459759	-0.03247805	0.9670341	0	0	0.41	-1.1911865e-18
6.660026166906821e-09	0.033177014	-0.009203179	0.96677417	0	0	0.41	-8.120269e-19
6.6700638157273264e-09	0.010793123	0.031008352	0.9652759	0	0	0.41	-1.3681313e-18
6.680017792802713e-09	-0.029746883	0.022308005	0.9660948	0	0	0.41	-2.0494988e-18
6.690012776155856e-09	-0.0194656	-0.017984213	0.966583	0	0	0.41	-1.8467409e-18
6.7000087203182565e-09	0.019735768	-0.0130131375	0.96335363	0	0	0.41	-1.3001402e-18
6.7100366833376264e-09	0.0033553187	0.0049367985	0.96293485	0	0	0.41	-1.5842366e-18
6.720026044798734e-09	0.023757216	0.006812881	0.9608888	0	0	0.41	-1.0151016e-18
6.7300292709988425e-09	-0.0025718953	0.016536577	0.96304935	0	0	0.41	-1.439443e-18
6.7400456973298634e-09	-0.012316046	-0.016640855	0.9630423	0	0	0.41	-9.419786e-19
6.750062004807607e-09	0.03456007	-0.0063473275	0.9627893	0	0	0.41	-1.2916148e-18
6.76001746878877e-09	-0.0035487136	0.038068756	0.96216196	0	0	0.41	-6.2047485e-19
6.770006269769888e-09	-0.03720037	0.0031861644	0.9623816	0	0	0.41	-8.979089e-19
6.7800478500176625e-09	-0.01711141	-0.016056089	0.9629914	0	0	0.41	-2.2531231e-18
6.790016428553065e-09	0.019156007	0.0016151067	0.9638902	0	0	0.41	-1.4740402e-18
6.800036344227654e-09	-0.014123833	0.015799837	0.96461254	0	0	0.41	-1.8476932e-18
6.810064143397377e-09	0.01228937	-0.0030025344	0.9643846	0	0	0.41	-2.4513417e-18
6.820057792177211e-09	-0.021608695	0.022579424	0.96391374	0	0	0.41	-8.346637e-19
6.830063534645576e-09	-0.02590892	-0.014687259	0.96533155	0	0	0.41	-1.4636883e-18
6.840053357448231e-09	0.0032100219	-0.027453812	0.965162	0	0	0.41	-9.512871e-19
6.850043971313026e-09	0.0072853225	0.007936532	0.9624875	0	0	0.41	-1.1519226e-18
6.860049744293215e-09	0.0012777421	-0.001307	0.9628377	0	0	0.41	-7.022236e-19
6.8700041658389265e-09	0.0029418438	-0.0020150258	0.96434736	0	0	0.41	-2.5083758e-18
6.8800277902198e-09	0.006635391	-0.01427565	0.9663331	0	0	0.41	-1.9466755e-18
6.890028152420079e-09	0.012705716	-0.0073079616	0.9653721	0	0	0.41	-2.0202573e-18
6.90003021084567e-09	-0.011548167	0.01181175	0.9656456	0	0	0.41	-1.0678549e-18
6.910008524575603e-09	-0.003270532	-0.019785685	0.9641009	0	0	0.41	-1.182308e-18
6.920005654026277e-09	0.02880843	-0.006782467	0.9675543	0	0	0.41	-1.659455e-18
6.9300446393957605e-09	0.00088050915	0.01872833	0.9654401	0	0	0.41	-1.303748e-18
6.94006308347871e-09	-0.0030682068	7.509657e-05	0.9672097	0	0	0.41	-1.5601041e-18
6.950013112986917e-09	-0.0001108206	0.0049077794	0.9658287	0	0	0.41	-2.1657706e-18
6.960027956584501e-09	-0.00023342177	0.008176391	0.9673923	0	0	0.41	-1.5624453e-18
6.970011072210903e-09	-0.020359743	-0.0017857058	0.9676391	0	0	0.41	-1.7109712e-18
6.9800535932938135e-09	-0.0016709808	-0.015583694	0.96725345	0	0	0.41	-2.3204654e-18
6.99004527016455e-09	0.014400704	-0.0107423505	0.9645051	0	0	0.41	-2.0145303e-18
7.00004048552748e-09	0.02254991	0.0010938292	0.9657686	0	0	0.41	-1.3711381e-18
7.010061504151048e-09	-0.0031461304	0.015760029	0.9647821	0	0	0.41	-9.899704e-19
7.020030316632156e-09	-0.007339729	-0.0076631326	0.9658591	0	0	0.41	-8.696665e-19
7.0300314426216035e-09	0.01609607	-0.0030940096	0.9666535	0	0	0.41	-1.2875303e-18
7.0400230962206155e-09	-0.002877788	0.01462993	0.9670797	0	0	0.41	-1.4863997e-18
7.050050065319507e-09	-0.013634838	-0.0066943485	0.9683125	0	0	0.41	-1.3133238e-18
7.06001054056837e-09	0.0018902563	-0.0012602081	0.96945965	0	0	0.41	-1.7157365e-18
7.070038167431997e-09	-0.0027794556	-0.006460386	0.9686431	0	0	0.41	-2.2908937e-18
7.0800074053351506e-09	0.019916039	0.00519708	0.9665473	0	0	0.41	-1.6358482e-18
7.090061195095715e-09	0.0010465034	0.013270155	0.96733415	0	0	0.41	-1.1612203e-18
7.100019491335052e-09	-0.020857524	-0.009979113	0.96849436	0	0	0.41	-2.2813126e-18
7.110024772483954e-09	0.0011786909	-0.02683468	0.9680027	0	0	0.41	-1.6530957e-18
7.120058841684497e-09	0.020075373	0.024296122	0.9685424	0	0	0.41	-1.3880973e-18
7.130050484863694e-09	-0.020355294	0.013651127	0.9676329	0	0	0.41	-1.4475951e-18
7.140013788655491e-09	-0.0052731335	-0.005865313	0.9654961	0	0	0.41	-1.8232682e-18
7.150035715820884e-09	0.006815263	0.006819839	0.9654563	0	0	0.41	-2.0269122e-18
7.160059899756415e-09	-0.024847236	0.013381131	0.96313214	0	0	0.41	-1.435525e-18
7.1700197571918825e-09	-0.020487612	-0.02615854	0.96345484	0	0	0.41	-1.6420452e-18
7.180045702241887e-09	0.0034059251	-0.026527556	0.9635625	0	0	0.41	-1.5308732e-18
7.190001376513851e-09	0.026283208	0.007883802	0.9629719	0	0	0.41	-1.376846e-18
7.200015452669423e-09	0.00053022883	0.024672383	0.965222	0	0	0.41	-1.2886788e-18
7.210048789735527e-09	-0.039001826	0.018885477	0.96635896	0	0	0.41	-1.4080386e-18
7.2200129953812976e-09	-0.013935112	-0.04729563	0.9664243	0	0	0.41	-1.5534262e-18
7.230055606998513e-09	0.04451153	-0.012512697	0.9661697	0	0	0.41	-1.335669e-18
7.240037216985007e-09	0.017691774	0.046914153	0.9664204	0	0	0.41	-1.2429773e-18
7.250040480328709e-09	-0.038514316	0.021679526	0.96584016	0	0	0.41	-1.6841493e-18
7.260054837257991e-09	-0.020021446	-0.03176806	0.9652719	0	0	0.41	-2.4499136e-18
7.270001999097589e-09	0.036670204	-0.012578712	0.9666485	0	0	0.41	-1.859656e-18
7.280035442010422e-09	0.021640299	0.044357102	0.967419	0	0	0.41	-2.2898181e-18
7.2900240663116754e-09	-0.037535384	0.0061652656	0.96657974	0	0	0.41	-2.0694198e-18
7.3000434110680205e-09	0.00030036512	-0.04570974	0.96406317	0	0	0.41	-1.7695612e-18
7.310006755388936e-09	0.028784662	-0.0083387885	0.9645772	0	0	0.41	-1.7663805e-18
7.320055403555924e-09	0.010535666	0.030588858	0.9641208	0	0	0.41	-1.856921e-18
7.330037003861254e-09	-0.024659129	0.022968685	0.96682537	0	0	0.41	-1.2645183e-18
7.340036053734095e-09	-0.028536214	-0.013387474	0.96664447	0	0	0.41	-1.5192641e-18
7.3500191108101496e-09	0.017615685	-0.01731532	0.9640094	0	0	0.41	-1.6770307e-18
7.360007529422472e-09	0.006041097	0.017529473	0.9639372	0	0	0.41	-2.058551e-18
7.370061615139548e-09	-0.017844653	0.003416883	0.9653756	0	0	0.41	-7.9908087e-19
7.380032425121206e-09	0.007423112	-0.0039528725	0.96505594	0	0	0.41	-2.0203367e-18
7.390051628388453e-09	-0.0001957026	0.00081269967	0.9672861	0	0	0.41	-1.1577819e-18
7.400020161487361e-09	-0.0015080575	-0.001169496	0.9643572	0	0	0.41	-1.2762984e-18
7.4100487271533415e-09	0.012278047	0.016187012	0.9652793	0	0	0.41	-2.300786e-18
7.42002148084377e-09	-0.030564878	0.012155511	0.9656783	0	0	0.41	-1.1769299e-18
7.43003305897902e-09	-0.01698644	-0.019336302	0.96653855	0	0	0.41	-1.5457544e-18
7.4400588968227725e-09	0.025104927	-0.02611171	0.9647498	0	0	0.41	-1.8782403e-18
7.450047271202915e-09	0.033711568	0.030757476	0.9621349	0	0	0.41	-1.9382796e-18
7.460051852617174e-09	-0.015325674	0.0511702	0.96387845	0	0	0.41	-2.033273e-18
7.470002899374532e-09	-0.039890017	-0.004566631	0.9652044	0	0	0.41	-1.9139714e-18
7.480013346628268e-09	0.009893713	-0.030790858	0.96512073	0	0	0.41	-1.2981529e-18
7.490048049633265e-09	0.02429865	0.020923866	0.9641956	0	0	0.41	-2.8094377e-18
7.500025054350133e-09	-0.020808507	0.020185301	0.96505976	0	0	0.41	-1.3869614e-18
7.510025789084148e-09	-0.014450445	-0.0011584336	0.9644425	0	0	0.41	-3.7115827e-19
7.520050458151669e-09	-0.002525296	-0.011334053	0.9641659	0	0	0.41	-9.765561e-19
7.530006514176387e-09	0.017707841	0.00802836	0.96272975	0	0	0.41	-1.586826e-18
7.540010063575813e-09	0.0049643284	0.02300619	0.964409	0	0	0.41	-1.484707e-18
7.550037784968962e-09	-0.017792469	-0.0016870764	0.96578497	0	0	0.41	-1.4564369e-18
7.560051141067035e-09	0.009848753	0.0005323987	0.9651337	0	0	0.41	-1.3741295e-18
7.570043740641154e-09	0.0014678892	0.009782948	0.9642364	0	0	0.41	-2.351404e-18
7.58002332113828e-09	-0.014224795	-0.009097645	0.96386874	0	0	0.41	-1.2674297e-18
7.590060531048171e-09	0.0063663614	-0.019176314	0.9630339	0	0	0.41	-2.106346e-18
7.600055712761812e-09	0.021680214	0.0390247	0.96283084	0	0	0.41	-1.1001365e-18
7.610027762996723e-09	-0.033366073	0.014773471	0.96158564	0	0	0.41	-1.2386591e-18
7.620036282792732e-09	-0.019223867	-0.024008717	0.9626101	0	0	0.41	-2.38495e-18
7.630012696340652e-09	0.023716396	-0.008153906	0.96504205	0	0	0.41	-1.9251094e-18
7.64005587674065e-09	0.01052972	0.013410586	0.96321565	0	0	0.41	-1.1913693e-18
7.650054882346818e-09	-0.0021955676	0.018142877	0.96445215	0	0	0.41	-1.4762309e-18
7.660035939255613e-09	-0.021050064	0.010379098	0.9630157	0	0	0.41	-8.269072e-19
7.670025459999001e-09	-0.009160405	-0.004570266	0.9596537	0	0	0.41	-1.5965987e-18
7.680032365828412e-09	-0.009356113	-0.0140959015	0.9636048	0	0	0.41	-5.2460725e-19
7.690022677829621e-09	0.026262421	4.0520295e-05	0.96307844	0	0	0.41	-1.5893384e-18
7.700031685075152e-09	-0.016154408	0.021189615	0.96482015	0	0	0.41	-1.3035596e-18
7.710029292011702e-09	-0.014233625	-0.014011262	0.96749485	0	0	0.41	-1.99984e-18
7.72001437982694e-09	0.017969007	-0.018150935	0.96281916	0	0	0.41	-1.2355334e-18
7.730012458489964e-09	0.0045178686	-0.0054242904	0.9633738	0	0	0.41	-1.8344862e-18
7.74004414496417e-09	0.009459281	-0.018381808	0.9641264	0	0	0.41	-1.5924056e-18
7.750012316185268e-09	0.015375161	0.0017454538	0.9644321	0	0	0.41	-1.2095226e-18
7.760007431835881e-09	-0.0050378316	0.007339278	0.9654373	0	0	0.41	-2.1321647e-18
7.77001439634596e-09	-0.017999142	-0.014982287	0.96691585	0	0	0.41	-1.6827389e-18
7.78004903167626e-09	0.011105025	-0.010929082	0.96657693	0	0	0.41	-1.2079059e-18
7.790057017002453e-09	0.0039474205	0.016609268	0.966689	0	0	0.41	-1.24571e-18
7.800003506181304e-09	-0.031870842	0.016012618	0.96518004	0	0	0.41	-1.8414794e-18
7.810003802349034e-09	-0.009854071	-0.03891644	0.9653778	0	0	0.41	-2.0271831e-18
7.820054889189159e-09	0.021302225	-0.009905126	0.9652721	0	0	0.41	-1.7390569e-18
7.830001396335603e-09	0.0024322383	0.008708672	0.9677552	0	0	0.41	-1.2829004e-18
7.84000731966304e-09	-0.005461137	0.005090378	0.96766144	0	0	0.41	-1.5448333e-18
7.850008230268177e-09	0.000113353206	-0.0051881317	0.9686466	0	0	0.41	-1.6063679e-18
7.860003264924199e-09	0.021455064	-0.016846929	0.9681514	0	0	0.41	-1.632624e-18
7.870030991243392e-09	0.0119225215	0.045640208	0.96676874	0	0	0.41	-1.3362401e-18
7.880022102493209e-09	-0.047093026	0.016558018	0.96715707	0	0	0.41	-1.6920649e-18
7.890042025311083e-09	-0.016461384	-0.04020288	0.9682562	0	0	0.41	-1.3613211e-18
7.900057421341097e-09	0.025411023	-0.015375996	0.9676153	0	0	0.41	-1.4777723e-18
7.910006264155372e-09	0.0089062685	0.009916477	0.96985334	0	0	0.41	-1.082607e-18
7.920040049121504e-09	0.001908391	0.015565064	0.96787846	0	0	0.41	-1.6131893e-18
7.930032414308225e-09	-0.014349372	0.011545397	0.96516937	0	0	0.41	-1.023667e-18
7.940013034996612e-09	0.0008075684	-0.017270878	0.9655211	0	0	0.41	-2.4477515e-18
7.950045309257292e-09	0.024235789	-0.0114235375	0.9652785	0	0	0.41	-1.0869178e-18
7.960050184231108e-09	-0.01222039	0.028968675	0.9634532	0	0	0.41	-2.4872972e-18
7.970036401635903e-09	-0.018107371	-0.0021041895	0.96510947	0	0	0.41	-1.6049081e-18
7.980021558667012e-09	-0.016250653	-0.00573224	0.9628084	0	0	0.41	-1.1718998e-18
7.990018917890241e-09	0.007881546	-0.0128087215	0.9648307	0	0	0.41	-8.375984e-19
8.000045610571117e-09	0.009500086	0.006224302	0.969331	0	0	0.41	-6.760855e-19
8.010028654202586e-09	-0.01303988	-0.0067117955	0.9689636	0	0	0.41	-1.267571e-18
8.020038917796595e-09	0.005818313	-0.011590723	0.9677755	0	0	0.41	-1.7140319e-18
8.030057250606748e-09	0.020582946	-0.005861824	0.9672438	0	0	0.41	-9.197629e-19
8.040047004493023e-09	-0.0078313295	0.034927335	0.96753985	0	0	0.41	-9.246586e-19
8.050032437707506e-09	-0.03308022	-0.0031857053	0.9667724	0	0	0.41	-1.7036795e-18
8.060025008785783e-09	0.015988335	-0.04213358	0.96492577	0	0	0.41	-1.1381191e-18
8.070015924257148e-09	0.042764526	0.032669973	0.961912	0	0	0.41	-1.5537945e-18
8.080062711101803e-09	-0.017221157	0.05191563	0.9638703	0	0	0.41	-1.9157695e-18
8.09003557967246e-09	-0.062206678	-0.00039947327	0.962375	0	0	0.41	-2.707056e-18
8.100023720530736e-09	-0.010482097	-0.05522316	0.96246886	0	0	0.41	-1.5280815e-18
8.110026294083021e-09	0.044773467	-0.008225172	0.96342504	0	0	0.41	-9.55698e-19
8.120063158021111e-09	0.021405455	0.021228014	0.9631979	0	0	0.41	-7.699703e-19
8.130003256864533e-09	-0.011490023	0.04352976	0.96358764	0	0	0.41	-1.1454769e-18
8.140053064929424e-09	-0.04237616	0.002272758	0.9652376	0	0	0.41	-1.5434733e-18
8.150050737819305e-09	-0.0015900722	-0.031785846	0.96696347	0	0	0.41	-2.148074e-18
8.160023587052588e-09	0.017288174	0.0010364663	0.9682747	0	0	0.41	-1.6376341e-18
8.170031610203843e-09	-0.009178641	0.008805191	0.9666371	0	0	0.41	-5.596692e-19
8.18004517177338e-09	-0.0024797907	-0.0063802805	0.968029	0	0	0.41	-1.3785391e-18
8.190060353696092e-09	0.0017970268	-0.002419783	0.967168	0	0	0.41	-1.0425584e-18
8.200030391069108e-09	0.0052488944	-0.011840437	0.9651272	0	0	0.41	-2.5022764e-18
8.210005640162769e-09	0.020254372	0.0046062297	0.96386296	0	0	0.41	-2.8072124e-18
8.220007138310666e-09	0.0017625649	0.014413094	0.9651273	0	0	0.41	-1.9615366e-18
8.230058331740237e-09	-0.021529352	0.0070355413	0.9626991	0	0	0.41	-1.5175404e-18
8.240020197085814e-09	-0.011529366	-0.022202281	0.96379024	0	0	0.41	-2.0067023e-18
8.250006406257586e-09	0.020505099	-0.030309755	0.96255755	0	0	0.41	-1.4998292e-18
8.260044864378172e-09	0.03602371	0.011784472	0.96321714	0	0	0.41	-1.3916181e-18
8.270064202008566e-09	0.011500627	0.034660712	0.96665287	0	0	0.41	-2.454967e-18
8.28002488619399e-09	-0.024655499	-0.0004768254	0.9668775	0	0	0.41	-1.6044767e-18
8.290016341431603e-09	0.0093719615	-0.023827892	0.96635455	0	0	0.41	-1.9925668e-18
8.300058762074287e-09	0.022954617	0.010421685	0.96539515	0	0	0.41	-1.7710917e-18
8.310020612960474e-09	0.011046945	0.016267097	0.969301	0	0	0.41	-1.1660794e-18
8.320035959905461e-09	-0.019657966	0.017367298	0.96733433	0	0	0.41	-5.7919243e-19
8.330032656372656e-09	-0.008994345	-0.0125670135	0.96689504	0	0	0.41	-6.4995836e-19
8.340056390180829e-09	-0.0068205325	-0.014914898	0.96829337	0	0	0.41	-2.1797932e-18
8.350060280529037e-09	0.008900355	-0.0009152428	0.9681931	0	0	0.41	-1.0412466e-18
8.360019934214878e-09	-0.0024791458	-0.01744114	0.96822727	0	0	0.41	-1.2965472e-18
8.370030249260595e-09	0.037156075	0.0040573734	0.9648378	0	0	0.41	-1.7045618e-18
8.38000540529099e-09	-0.008716379	0.039447587	0.9651683	0	0	0.41	-2.2885513e-18
8.390031706583647e-09	-0.046889592	0.000850745	0.96718323	0	0	0.41	-1.8412962e-18
8.400060851069071e-09	-0.002148075	-0.060119834	0.96730787	0	0	0.41	-7.634391e-19
8.410024163421058e-09	0.037571527	0.0027331377	0.96640766	0	0	0.41	-1.3769909e-18
8.420050392825614e-09	0.011486185	0.025848836	0.9648529	0	0	0.41	-2.035133e-18
8.430014210714096e-09	-0.021816151	0.005296431	0.9649693	0	0	0.41	-1.2376459e-18
8.440021485887981e-09	-0.02011705	-0.014755124	0.96255904	0	0	0.41	-1.4121534e-18
8.45005706694627e-09	0.016127242	-0.027862018	0.96181387	0	0	0.41	-1.5477923e-18
8.460000134313481e-09	0.028695712	0.002710408	0.961361	0	0	0.41	-9.758166e-19
8.470063602979504e-09	0.013501022	0.04036994	0.96118575	0	0	0.41	-1.8365804e-18
8.480033553853172e-09	-0.031819776	0.013109265	0.9626753	0	0	0.41	-1.1963243e-18
8.490055089192681e-09	-0.015472994	-0.024988633	0.96438855	0	0	0.41	-2.0775137e-18
8.500045644854247e-09	0.022410125	-0.017488167	0.9657462	0	0	0.41	-1.951465e-18
8.510058487262987e-09	0.012519944	0.009862827	0.96446896	0	0	0.41	-1.280851e-18
8.520010281951079e-09	-0.012043731	0.0016337662	0.96397775	0	0	0.41	-4.952394e-19
8.530005064806636e-09	-0.02318321	-0.013603025	0.9667264	0	0	0.41	-1.7466074e-18
8.540008769802276e-09	0.0034487213	-0.026296785	0.96472436	0	0	0.41	-1.5690929e-18
8.550059267366101e-09	0.020262014	-0.00629727	0.9655449	0	0	0.41	-9.071263e-19
8.56000501476187e-09	0.006680959	0.014201807	0.9647053	0	0	0.41	-2.2436749e-18
8.57003738628384e-09	-0.014605417	0.0019309673	0.96496177	0	0	0.41	-2.513782e-18
8.580062660425342e-09	0.017539624	-0.008979833	0.96451753	0	0	0.41	-2.7545864e-19
8.590065890314985e-09	0.0025505377	0.013856936	0.9678141	0	0	0.41	-1.1987065e-18
8.600028259462452e-09	-0.0029417786	0.0029743079	0.9668305	0	0	0.41	-1.1570517e-18
8.610053873435559e-09	-0.0088554835	-0.011773679	0.963722	0	0	0.41	-1.5901942e-18
8.620039527278871e-09	-0.0001945519	-0.024518723	0.96392685	0	0	0.41	-2.1884823e-18
8.630025489244905e-09	0.014959131	-0.0071431417	0.9677784	0	0	0.41	-7.603236e-19
8.64001707654502e-09	0.009272745	0.027260166	0.965846	0	0	0.41	-1.7998354e-18
8.650036422983168e-09	-0.027461823	0.015778035	0.96959645	0	0	0.41	-1.3612575e-18
8.660045989325564e-09	-0.043431878	-0.011872731	0.9676894	0	0	0.41	-1.4847535e-18
8.670041222719013e-09	0.021791618	-0.049016375	0.9667083	0	0	0.41	-4.6950487e-19
8.680029191368427e-09	0.04545135	0.044846214	0.96704584	0	0	0.41	-2.0586234e-18
8.690005805901706e-09	-0.042662103	0.055294517	0.96331036	0	0	0.41	-2.9875582e-18
8.700054728786378e-09	-0.037207615	-0.03623283	0.959954	0	0	0.41	-1.2717683e-18
8.710045564067156e-09	0.015625292	-0.033110738	0.9624087	0	0	0.41	-2.0444373e-18
8.720037545688894e-09	0.03537487	-0.00041109705	0.96125007	0	0	0.41	-1.2445417e-18
8.730036563708023e-09	0.012472514	0.023698764	0.9595382	0	0	0.41	-9.790352e-19
8.740007156116523e-09	-0.036317408	0.011524358	0.96195287	0	0	0.41	-1.4081159e-18
8.750055316828338e-09	-0.013763828	-0.050306417	0.9620143	0	0	0.41	-1.4304139e-18
8.760005607703242e-09	0.0506367	-0.040487543	0.9594907	0	0	0.41	-1.451521e-18
8.770064412095788e-09	0.02869966	0.06524953	0.9578155	0	0	0.41	-1.0713123e-18
8.780024412143006e-09	-0.060535237	0.054532945	0.96006316	0	0	0.41	-1.1349448e-18
8.790044445532392e-09	-0.04790911	-0.061729215	0.9593086	0	0	0.41	-1.0017761e-18
8.800050289967024e-09	0.060793392	-0.034799147	0.9648143	0	0	0.41	-1.4216677e-18
8.81000289086599e-09	0.040368833	0.05942972	0.9624309	0	0	0.41	-1.3462862e-18
8.820002663364741e-09	-0.048114	0.037097458	0.9591013	0	0	0.41	-7.458058e-19
8.830010381909952e-09	-0.054569192	-0.025014877	0.96107745	0	0	0.41	-1.2359326e-18
8.840050203050875e-09	0.011417244	-0.05696527	0.9618897	0	0	0.41	-1.0105638e-18
8.850041915432737e-09	0.059597004	-0.0011717324	0.9600851	0	0	0.41	-1.004825e-18
8.860017842425522e-09	0.003033964	0.052144684	0.9630499	0	0	0.41	-1.3576531e-18
8.870016132854381e-09	-0.04024175	0.004264116	0.9642791	0	0	0.41	-1.0734797e-18
8.88002640303627e-09	-0.008780089	-0.03801295	0.96394384	0	0	0.41	-1.2828306e-18
8.890016619763925e-09	0.03805866	-0.017429026	0.9623789	0	0	0.41	-1.9855548e-18
8.900022841970467e-09	0.004673258	0.029997962	0.96400595	0	0	0.41	-1.134406e-18
8.910056473248775e-09	-0.019155791	0.018608704	0.9677908	0	0	0.41	-2.069888e-18
8.920011246595805e-09	-0.014415196	0.012575856	0.9691497	0	0	0.41	-1.8377232e-18
8.930032817816642e-09	-0.019739708	-0.0070318272	0.96714026	0	0	0.41	-2.0944844e-18
8.940055687546108e-09	-0.004215558	-0.020147484	0.96366274	0	0	0.41	-1.679894e-18
8.950021504883684e-09	0.027108103	-0.01242626	0.96610564	0	0	0.41	-1.3549836e-18
8.960032973263636e-09	0.010253528	0.011708675	0.9653024	0	0	0.41	-1.0183726e-18
8.970041184986387e-09	-0.0029827338	0.009580716	0.96609133	0	0	0.41	-1.6518167e-18
8.980063853416136e-09	-0.005425379	0.002393959	0.9658588	0	0	0.41	-4.1774562e-19
8.990043731154686e-09	-0.024439497	-0.0057692733	0.96636254	0	0	0.41	-9.565793e-19
9.000035103260138e-09	0.0030422658	-0.029157018	0.96437335	0	0	0.41	-2.3617454e-18
9.010023234731117e-09	0.027485812	-0.005205657	0.9653807	0	0	0.41	-1.7160207e-18
9.020030958666156e-09	-0.0034629183	0.029617963	0.96285003	0	0	0.41	-1.2136029e-18
9.03004164810993e-09	-0.02398456	-0.00032065186	0.96515113	0	0	0.41	-2.5226281e-18
9.040000934130055e-09	0.0008742674	-0.01765809	0.96632785	0	0	0.41	-2.0564153e-18
9.050022678510027e-09	0.0104799885	0.018140823	0.96782637	0	0	0.41	-1.3056415e-18
9.060025077043794e-09	-0.020350764	0.019444823	0.96391153	0	0	0.41	-1.4812268e-18
9.070009955867588e-09	-0.012246015	-0.00011435166	0.96648633	0	0	0.41	-9.979689e-19
9.080007558015613e-09	0.006583693	-0.024233498	0.96495247	0	0	0.41	-1.6485273e-18
9.0900169121388e-09	0.024545232	0.015717803	0.96316594	0	0	0.41	-3.849736e-19
9.100006757944177e-09	-0.018639063	0.014941854	0.9640983	0	0	0.41	-1.4079353e-18
9.110038899724358e-09	-0.008010971	0.0054155136	0.9640079	0	0	0.41	-2.0071713e-18
9.120010139063197e-09	-0.0085151	-0.014020694	0.9643388	0	0	0.41	-1.5033993e-18
9.130025004317166e-09	-0.0006680204	-0.0041841404	0.96324897	0	0	0.41	-8.3667127e-19
9.140017192467195e-09	0.013222589	-0.0050065177	0.9659281	0	0	0.41	-1.9825799e-18
9.150046957971495e-09	-0.0013800372	0.008971661	0.9633475	0	0	0.41	-1.5676879e-18
9.160003311955663e-09	-0.00057184976	-0.024020161	0.9609228	0	0	0.41	-1.0416797e-18
9.170056022310049e-09	0.01838489	-0.0050895396	0.95862067	0	0	0.41	-1.7960945e-18
9.18006366571867e-09	-0.0014023094	0.010426003	0.96349066	0	0	0.41	-1.552361e-18
9.190008671777062e-09	-0.0070934384	-0.0020071191	0.96320033	0	0	0.41	-1.1063817e-18
9.20001863013615e-09	-0.018247066	0.015030928	0.9623048	0	0	0.41	-1.9737718e-18
9.210024079453898e-09	-0.02040314	-0.02377799	0.9620669	0	0	0.41	-1.6312352e-18
9.220032068476318e-09	-0.0032745118	-0.027986934	0.96563154	0	0	0.41	-1.4173597e-18
9.230055384122202e-09	0.031575423	0.0024081673	0.9630564	0	0	0.41	-1.5433726e-18
9.240017034690884e-09	0.0050813057	0.00082401925	0.96146876	0	0	0.41	-1.0201317e-18
9.250049986290227e-09	0.005184129	-0.0041988767	0.9633233	0	0	0.41	-2.2719932e-18
9.26001646648398e-09	0.0020864867	-0.023414325	0.9636504	0	0	0.41	-7.6312597e-19
9.270029992450016e-09	0.031750303	-0.008019447	0.9625172	0	0	0.41	-7.469397e-20
9.280035230616834e-09	0.0021564045	0.016861945	0.9638905	0	0	0.41	-1.6056281e-18
9.290045855340994e-09	-0.021477995	0.030526636	0.96633935	0	0	0.41	-2.5261533e-18
9.300056662587286e-09	-0.03704356	-0.00956244	0.9667438	0	0	0.41	-2.065937e-18
9.310027466808704e-09	0.016419088	-0.021008004	0.9663008	0	0	0.41	-1.8484569e-18
9.32006221760077e-09	0.008491764	0.017243657	0.9650094	0	0	0.41	-1.82692e-19
9.330038003494534e-09	0.011399328	-0.0029658438	0.96550643	0	0	0.41	-1.410619e-18
9.340063832118517e-09	0.009061648	0.0042575747	0.9644901	0	0	0.41	-1.4689538e-18
9.35005708957137e-09	-0.012397428	0.025667373	0.96386826	0	0	0.41	-8.825404e-19
9.36000297482147e-09	-0.028352091	-0.0154476985	0.9653024	0	0	0.41	-2.7049768e-18
9.370011974575915e-09	0.0054308274	-0.053850595	0.96368957	0	0	0.41	-1.5191239e-18
9.380022191113654e-09	0.05773937	0.012203486	0.9648681	0	0	0.41	-1.1836687e-18
9.390047235308775e-09	-0.009167926	0.06326087	0.96699613	0	0	0.41	-5.2749783e-19
9.400010697328675e-09	-0.055817544	0.007837577	0.9663353	0	0	0.41	-1.2787578e-18
9.4100050167648e-09	-0.030673252	-0.058353517	0.96376705	0	0	0.41	-1.3359019e-18
9.42002246190743e-09	0.054330446	-0.023448043	0.96502775	0	0	0.41	-7.937063e-19
9.430024066641556e-09	0.029740484	0.053897772	0.96369135	0	0	0.41	-1.79701e-18
9.44000928799417e-09	-0.017311445	0.01861514	0.96615314	0	0	0.41	-2.2708329e-18
9.450007961045287e-09	-0.010612255	-0.020907072	0.9646056	0	0	0.41	-1.767178e-18
9.460019866356905e-09	0.022508182	-0.0062884437	0.96552575	0	0	0.41	-1.916737e-18
9.470058079380862e-09	0.013759173	0.026447587	0.9667082	0	0	0.41	-6.8726105e-19
9.480039827208618e-09	-0.018484164	0.027574835	0.9659819	0	0	0.41	-1.4138356e-18
9.490042857772092e-09	-0.03355793	-0.0041012545	0.965363	0	0	0.41	-1.4635428e-18
9.500041815015471e-09	0.009190536	-0.025162537	0.9683763	0	0	0.41	-8.064443e-19
9.510015413684979e-09	0.021335594	0.01760589	0.9672852	0	0	0.41	-4.6737437e-19
9.520004947165258e-09	-0.010147606	0.03770787	0.9649284	0	0	0.41	-1.6726626e-18
9.530048659788946e-09	-0.015374154	-0.027016802	0.9679415	0	0	0.41	-2.1823574e-18
9.540062472406523e-09	0.033604108	0.00025504327	0.96664566	0	0	0.41	-2.1720235e-18
9.550013828612787e-09	-0.019514253	0.025063077	0.9653357	0	0	0.41	-1.4516104e-18
9.560020605734895e-09	-0.019231487	-0.011641961	0.96435815	0	0	0.41	-1.0384091e-18
9.570034324669477e-09	0.002365272	-0.021800844	0.9652795	0	0	0.41	-9.877948e-19
9.58001462052508e-09	0.024098359	-0.007975808	0.9639547	0	0	0.41	-8.5521816e-19
9.590008161795376e-09	0.009880388	0.02854572	0.9669553	0	0	0.41	-2.1835436e-18
9.60004063029018e-09	-0.022177218	0.0049662096	0.96656346	0	0	0.41	-2.8240465e-18
9.610007551392006e-09	-0.01852879	-0.020348802	0.96679145	0	0	0.41	-1.4325503e-18
9.620017873724496e-09	0.019604733	-0.013431436	0.96284777	0	0	0.41	-1.8739725e-18
9.630034765955407e-09	0.00175376	0.021070516	0.963287	0	0	0.41	-1.229602e-18
9.640015999395883e-09	-0.034121502	0.002228083	0.9647864	0	0	0.41	-1.7294754e-18
9.650009916891566e-09	-0.019213013	-0.043845773	0.962855	0	0	0.41	-1.8839444e-18
9.660035514581748e-09	0.039058957	-0.018472018	0.9633364	0	0	0.41	-1.5106089e-18
9.67000253085636e-09	0.020722246	0.041954838	0.96275306	0	0	0.41	-1.6755883e-18
9.680016954741026e-09	-0.03553904	0.022022858	0.96422714	0	0	0.41	-1.583807e-18
9.69006241014011e-09	-0.016548444	-0.03634566	0.9670923	0	0	0.41	-1.9185784e-18
9.70002118404531e-09	0.033111125	-0.020034976	0.9658427	0	0	0.41	-1.7104532e-18
9.710058445669533e-09	0.030449383	0.018220084	0.9661028	0	0	0.41	-1.807827e-18
9.720055146532312e-09	-0.009723105	0.02338603	0.9659878	0	0	0.41	-1.3624262e-18
9.73001420816305e-09	-0.020415807	-0.008267755	0.96705437	0	0	0.41	-8.6025026e-19
9.740031349790267e-09	0.015505596	-0.016832298	0.96823734	0	0	0.41	-3.4443165e-19
9.750020017062269e-09	0.01261931	0.008133641	0.9667857	0	0	0.41	-1.6058008e-18
9.760029145480991e-09	0.020060461	0.00827627	0.96579003	0	0	0.41	-1.2805379e-18
9.770050568979905e-09	-0.016080434	0.023282027	0.96604663	0	0	0.41	-8.842951e-19
9.780058412088291e-09	-0.017987149	-0.033188123	0.9671795	0	0	0.41	-1.5705689e-18
9.790058392881417e-09	0.032035075	-0.0066883727	0.9693738	0	0	0.41	-2.4241992e-18
9.800060128904542e-09	-0.011823798	0.0319134	0.9668289	0	0	0.41	-1.9254066e-18
9.810020971612414e-09	-0.023801507	-0.011229605	0.96708566	0	0	0.41	-5.761355e-19
9.820003376425272e-09	-0.001363752	-0.03626117	0.96616703	0	0	0.41	-2.254266e-18
9.830010067574119e-09	0.037578344	0.012318887	0.96864974	0	0	0.41	-1.4362164e-18
9.840022477853183e-09	-0.0055924067	0.027093338	0.96781826	0	0	0.41	-1.9185544e-18
9.850031202768786e-09	-0.036794234	-0.007151821	0.96688837	0	0	0.41	-9.391615e-19
9.860009412907439e-09	0.0129434485	-0.028813908	0.9658274	0	0	0.41	-1.6480764e-18
9.870002471514764e-09	0.033150494	0.0024252613	0.96600497	0	0	0.41	-1.555243e-18
9.880027505476222e-09	0.011567144	0.040158484	0.96508837	0	0	0.41	-2.0778318e-18
9.890000839229406e-09	-0.062409904	0.028282873	0.9655247	0	0	0.41	-1.1668521e-18
9.900025107986198e-09	-0.023220079	-0.053684793	0.9646462	0	0	0.41	-8.5301414e-19
9.910021732419186e-09	0.052639093	-0.009505374	0.9649897	0	0	0.41	-1.2403643e-18
9.920039459328019e-09	0.008580317	0.03129083	0.967596	0	0	0.41	-1.6669161e-18
9.930022278128536e-09	-0.026371986	0.010544535	0.96860856	0	0	0.41	-1.6645031e-18
9.94002164045846e-09	-0.020084541	-0.019360494	0.9669773	0	0	0.41	-7.1129287e-19
9.950006345716471e-09	0.016189735	-0.0103489775	0.9668555	0	0	0.41	-5.2791654e-19
9.960004029943228e-09	0.01868203	0.012084057	0.96491075	0	0	0.41	-1.2005747e-18
9.970029012095675e-09	-0.027296005	0.013627231	0.9650013	0	0	0.41	-1.3399133e-18
9.980056319452865e-09	-6.0614693e-05	-0.03676479	0.9623416	0	0	0.41	-1.4563122e-18
9.990060222452367e-09	0.04240689	-0.01081007	0.96044683	0	0	0.41	-1.4230245e-18
1e-08	0.0018507765	0.040442444	0.96532434	0	0	0.41	-9.487198e-19
