# t (s)	mx ()	my ()	mz ()	B_extx (T)	B_exty (T)	B_extz (T)	E_total (J)
0	0	0	-1	0	0	0.38	1.0996098e-18
1.0014494087923233e-11	-0.0022672853	0.0065306015	-0.97288597	0	0	0.38	4.171237e-18
2.000512943556358e-11	0.019531967	-0.014455761	-0.9705465	0	0	0.38	4.0997185e-18
3.000594808007825e-11	0.011962309	-0.0021727257	-0.96908116	0	0	0.38	3.880903e-18
4.0031775950556217e-11	0.013995832	-0.00827435	-0.96325374	0	0	0.38	4.4373413e-18
5.0013238121254123e-11	-0.0056734798	0.0026573706	-0.96398616	0	0	0.38	4.6068455e-18
6.001000242654663e-11	0.00040926016	0.022948042	-0.9619907	0	0	0.38	4.438562e-18
7.004527881373236e-11	0.00997503	0.035150517	-0.95730644	0	0	0.38	4.2099457e-18
8.002099268774384e-11	0.033050776	0.037230827	-0.95866704	0	0	0.38	4.7238022e-18
9.003349931487193e-11	0.03747404	0.024382945	-0.95513207	0	0	0.38	5.28242e-18
1.000090394402458e-10	0.04437634	0.02512188	-0.9561661	0	0	0.38	4.214507e-18
1.1005427130397735e-10	0.04213184	0.019594157	-0.95670515	0	0	0.38	4.8702922e-18
1.2000815302911078e-10	0.043346893	0.0114573585	-0.9573089	0	0	0.38	3.591384e-18
1.3001109849932657e-10	0.03454719	-0.002369594	-0.9595051	0	0	0.38	4.3946716e-18
1.4000406974118345e-10	0.026478669	-0.013272187	-0.9564374	0	0	0.38	3.6349852e-18
1.500048250197758e-10	0.044408508	-0.011179907	-0.95522636	0	0	0.38	4.7806205e-18
1.600604545163484e-10	0.02466988	-0.003912381	-0.95178974	0	0	0.38	3.67967e-18
1.7000135922861315e-10	0.032615736	0.0072027054	-0.9532303	0	0	0.38	4.928528e-18
1.800030425323113e-10	0.033148456	0.0008973429	-0.9503619	0	0	0.38	4.716154e-18
1.9006099434151876e-10	0.046280723	-0.014524419	-0.9486044	0	0	0.38	4.574772e-18
2.0000659704152623e-10	0.055589695	-0.02878666	-0.9502698	0	0	0.38	3.707841e-18
2.1001795011944887e-10	0.05332013	-0.054854557	-0.9431607	0	0	0.38	3.85776e-18
2.200335479421079e-10	0.03065836	-0.053444725	-0.94508773	0	0	0.38	4.659066e-18
2.300445658426961e-10	0.010300096	-0.040721267	-0.9469427	0	0	0.38	3.675037e-18
2.4000257980625203e-10	0.009020046	-0.026948381	-0.9488543	0	0	0.38	3.781894e-18
2.500319535188536e-10	0.019147255	-0.026204893	-0.9446685	0	0	0.38	4.6705926e-18
2.600495420953724e-10	0.031047976	-0.014980446	-0.94658923	0	0	0.38	3.680255e-18
2.700268040548225e-10	0.045648992	-0.028282499	-0.9433663	0	0	0.38	3.771012e-18
2.8002898040876187e-10	0.058241747	-0.038417254	-0.9478464	0	0	0.38	4.445377e-18
2.9006136023272467e-10	0.03189524	-0.05083315	-0.9491513	0	0	0.38	4.491814e-18
3.0002958833329226e-10	0.024391912	-0.06645673	-0.94952875	0	0	0.38	4.5500927e-18
3.1001471452615074e-10	0.0022662121	-0.04748519	-0.95082295	0	0	0.38	6.1333064e-18
3.2004987499230154e-10	-0.016480988	-0.03285136	-0.9511004	0	0	0.38	3.967401e-18
3.3006102063689246e-10	-0.012406402	-0.020413024	-0.9527113	0	0	0.38	4.410577e-18
3.400388285856335e-10	-0.001960816	-0.017364547	-0.94900626	0	0	0.38	4.7236616e-18
3.500362101246148e-10	0.0005007612	-0.023691418	-0.9459583	0	0	0.38	5.0516884e-18
3.600423873921757e-10	0.013834099	-0.02556665	-0.9499261	0	0	0.38	4.6510885e-18
3.7001288688168724e-10	0.0120727485	-0.026020575	-0.949994	0	0	0.38	4.8172124e-18
3.800376909330821e-10	-0.003331485	-0.04070104	-0.9511537	0	0	0.38	4.7475816e-18
3.900315516917205e-10	-0.033997085	-0.04590553	-0.950853	0	0	0.38	3.4379386e-18
4.0002194262219314e-10	-0.0466301	-0.03924641	-0.949673	0	0	0.38	4.120869e-18
4.100184848027211e-10	-0.075607605	-0.009761639	-0.9466377	0	0	0.38	4.66406e-18
4.2006129235953865e-10	-0.091267414	0.0018688234	-0.9508877	0	0	0.38	4.2668975e-18
4.300042134026305e-10	-0.07414501	0.0020544915	-0.950218	0	0	0.38	5.1904496e-18
4.4005615521342233e-10	-0.06294746	0.0059045865	-0.9506517	0	0	0.38	4.6375836e-18
4.500583057731868e-10	-0.063580856	0.007495318	-0.9470845	0	0	0.38	4.7259235e-18
4.600411800000158e-10	-0.06899589	0.020261789	-0.94896376	0	0	0.38	5.1261954e-18
4.700327331675024e-10	-0.064647004	0.01074335	-0.947601	0	0	0.38	4.6077244e-18
4.800556727577708e-10	-0.087189116	0.013354166	-0.95165503	0	0	0.38	4.6581336e-18
4.900401503938633e-10	-0.102354296	0.023865052	-0.9477031	0	0	0.38	4.8322642e-18
5.000330672309178e-10	-0.108957425	0.03331103	-0.94508165	0	0	0.38	4.4572933e-18
5.100108720728007e-10	-0.10900295	0.034897726	-0.94301426	0	0	0.38	5.1025178e-18
5.200131200569113e-10	-0.09411469	0.03979094	-0.94525194	0	0	0.38	5.459232e-18
5.300080426705658e-10	-0.07613789	0.045593094	-0.94318825	0	0	0.38	4.6488316e-18
5.400583579713241e-10	-0.060363792	0.060590822	-0.94268966	0	0	0.38	4.8772955e-18
5.500044078949429e-10	-0.034195986	0.054240473	-0.94594306	0	0	0.38	4.4773827e-18
5.600305365472552e-10	-0.040968	0.03995469	-0.94284725	0	0	0.38	4.781622e-18
5.70064528424952e-10	-0.051457528	0.0310865	-0.9430493	0	0	0.38	3.9867947e-18
5.800133510577124e-10	-0.066730425	0.06776112	-0.9406755	0	0	0.38	4.398038e-18
5.900008459998225e-10	-0.069138125	0.060422324	-0.94091505	0	0	0.38	4.8234593e-18
6.000015478628179e-10	-0.08390775	0.07517469	-0.9385782	0	0	0.38	5.1628573e-18
6.100385892189881e-10	-0.07435759	0.08431201	-0.94268817	0	0	0.38	4.822081e-18
6.200403710691561e-10	-0.051131334	0.076119035	-0.9460873	0	0	0.38	3.2736409e-18
6.300232045067463e-10	-0.06288383	0.063185535	-0.9468239	0	0	0.38	5.403961e-18
6.400454809236123e-10	-0.03838977	0.059045643	-0.9477402	0	0	0.38	4.7229196e-18
6.500555932714467e-10	-0.03536396	0.055355538	-0.94887966	0	0	0.38	4.474441e-18
6.600339579380426e-10	-0.016648537	0.055986356	-0.95000243	0	0	0.38	5.1119088e-18
6.700233564195508e-10	-0.015009551	0.048440956	-0.9481431	0	0	0.38	3.991727e-18
6.800316134379652e-10	-0.016536536	0.05348009	-0.94899654	0	0	0.38	4.8023435e-18
6.900582415404227e-10	-0.036218386	0.06774774	-0.9475487	0	0	0.38	4.4741376e-18
7.000521032403262e-10	-0.035522226	0.07598644	-0.9483974	0	0	0.38	4.315421e-18
7.100360573883242e-10	-0.026648851	0.083333544	-0.9469969	0	0	0.38	4.217767e-18
7.200389029227877e-10	-0.019143036	0.09628403	-0.9455028	0	0	0.38	5.1175224e-18
7.300405994655238e-10	-0.011355503	0.10309763	-0.94520664	0	0	0.38	5.3427736e-18
7.40013543493973e-10	0.0032849582	0.07926612	-0.94485754	0	0	0.38	4.502486e-18
7.500237012650045e-10	0.0069247726	0.088071905	-0.9489265	0	0	0.38	3.724125e-18
7.60019839101445e-10	0.0038929493	0.07248154	-0.9469213	0	0	0.38	4.6849417e-18
7.70046920641488e-10	-0.004526031	0.07572106	-0.95096105	0	0	0.38	5.6565754e-18
7.800200825286629e-10	0.0024925664	0.08934478	-0.9526776	0	0	0.38	5.047814e-18
7.9005368849737e-10	0.012055958	0.100283355	-0.95205015	0	0	0.38	4.5613047e-18
8.000299994702417e-10	0.023532262	0.1244312	-0.95234126	0	0	0.38	4.4400417e-18
8.10007971428591e-10	0.026358327	0.13859077	-0.9468251	0	0	0.38	5.5083223e-18
8.200115794726147e-10	0.036638603	0.13177253	-0.94780725	0	0	0.38	4.7257267e-18
8.300143213046458e-10	0.050449032	0.116268136	-0.9502681	0	0	0.38	5.271098e-18
8.400455251814622e-10	0.049174055	0.09098193	-0.9497506	0	0	0.38	4.6867723e-18
8.500273523625103e-10	0.07132879	0.070142254	-0.94342536	0	0	0.38	4.749334e-18
8.600166871672106e-10	0.070253305	0.056837317	-0.9431726	0	0	0.38	3.4394379e-18
8.700565941972287e-10	0.056503344	0.04649646	-0.941266	0	0	0.38	4.62829e-18
8.80017677670198e-10	0.06229316	0.05114171	-0.9415876	0	0	0.38	4.7359047e-18
8.900191536397994e-10	0.06129824	0.048541103	-0.9460791	0	0	0.38	5.1006877e-18
9.000346411237672e-10	0.05970973	0.05007979	-0.94407374	0	0	0.38	5.086274e-18
9.100264187670696e-10	0.073221676	0.047084898	-0.9422694	0	0	0.38	4.1683517e-18
9.200515777854268e-10	0.070392944	0.04318639	-0.94451815	0	0	0.38	3.7159116e-18
9.300556041902034e-10	0.080404244	0.012597575	-0.94645077	0	0	0.38	3.3915021e-18
9.400563680727396e-10	0.07785353	0.006275226	-0.9467561	0	0	0.38	5.0151547e-18
9.500002886163447e-10	0.054007582	-0.0024208494	-0.94983745	0	0	0.38	4.3228178e-18
9.60019503499638e-10	0.043899197	-0.013510218	-0.94888544	0	0	0.38	4.5882935e-18
9.700316319353038e-10	0.024348231	-0.008713872	-0.95289296	0	0	0.38	4.4050254e-18
9.800229733947632e-10	0.031971134	-0.009470964	-0.9533672	0	0	0.38	4.3251074e-18
9.900488900894616e-10	0.026868962	0.0021093795	-0.9516708	0	0	0.38	5.821723e-18
1.0000370996095196e-09	0.030089637	0.02003266	-0.94906294	0	0	0.38	4.483415e-18
1.010020705122765e-09	0.03233653	0.029706268	-0.9471909	0	0	0.38	3.8754413e-18
1.0200070652746373e-09	0.051552955	0.023539163	-0.9463997	0	0	0.38	4.0471305e-18
1.0300011963267251e-09	0.06233929	0.031389214	-0.94810885	0	0	0.38	4.0428084e-18
1.04003324306011e-09	0.057782914	0.016086377	-0.94635826	0	0	0.38	4.664752e-18
1.0500023734830732e-09	0.044492938	0.017412158	-0.9454676	0	0	0.38	3.7368273e-18
1.0600267748748634e-09	0.028966973	0.01662855	-0.9475155	0	0	0.38	4.9265897e-18
1.070031810511521e-09	0.048015848	0.010654309	-0.9502984	0	0	0.38	4.2213678e-18
1.0800647728870734e-09	0.04561599	0.0011831293	-0.9534338	0	0	0.38	4.799979e-18
1.0900155980202912e-09	0.057946943	-0.006809716	-0.9540608	0	0	0.38	3.972803e-18
1.1000131317006137e-09	0.047974203	-0.013165531	-0.95130354	0	0	0.38	4.526583e-18
1.1100311327985292e-09	0.037676483	-0.019409178	-0.9493769	0	0	0.38	5.3986662e-18
1.1200173133598813e-09	0.018828383	-0.0049081044	-0.9472074	0	0	0.38	4.204653e-18
1.1300287996587211e-09	0.010015558	0.007905422	-0.94655484	0	0	0.38	3.916819e-18
1.1400241420062726e-09	0.02669973	0.0056894156	-0.94596714	0	0	0.38	4.570914e-18
1.1500536640952665e-09	0.03255772	0.0034066655	-0.9490155	0	0	0.38	4.446977e-18
1.1600274900099377e-09	0.02540867	-0.005129328	-0.94785964	0	0	0.38	4.8226962e-18
1.1700577484928832e-09	0.044151176	-0.009991876	-0.94927305	0	0	0.38	4.4921896e-18
1.180012612270083e-09	0.04399506	-0.01093147	-0.95003325	0	0	0.38	4.203248e-18
1.190013496009174e-09	0.037867036	-0.01501942	-0.95428866	0	0	0.38	4.0329584e-18
1.2000583539100056e-09	0.023221249	-0.023447562	-0.953492	0	0	0.38	4.289743e-18
1.2100507749907546e-09	0.021512618	-0.016694702	-0.95566034	0	0	0.38	4.706429e-18
1.220039397114125e-09	0.03319045	-0.011853138	-0.9532016	0	0	0.38	4.343103e-18
1.2300160914276606e-09	0.035082433	-0.026650138	-0.95533186	0	0	0.38	4.2563228e-18
1.2400616904198128e-09	0.038289357	-0.026019977	-0.9512249	0	0	0.38	4.222568e-18
1.2500528137706244e-09	0.045594323	-0.028688187	-0.9543549	0	0	0.38	5.0446267e-18
1.2600549519618064e-09	0.06535569	-0.039261688	-0.95251346	0	0	0.38	3.3834959e-18
1.2700327024337408e-09	0.06279016	-0.05321668	-0.95167625	0	0	0.38	5.07952e-18
1.2800403674709975e-09	0.06153785	-0.05749634	-0.9452934	0	0	0.38	4.461786e-18
1.2900328995501168e-09	0.04686309	-0.047220055	-0.9464475	0	0	0.38	4.080269e-18
1.300000445539027e-09	0.044329986	-0.056618594	-0.94296974	0	0	0.38	4.346482e-18
1.3100408206958784e-09	0.03501	-0.053616196	-0.9458331	0	0	0.38	3.797353e-18
1.320061363999536e-09	0.02811961	-0.052146517	-0.9410224	0	0	0.38	4.2028836e-18
1.330035277188479e-09	0.045991283	-0.04200729	-0.93990505	0	0	0.38	4.302615e-18
1.3400165885017625e-09	0.049227748	-0.03709855	-0.94459456	0	0	0.38	5.3676197e-18
1.3500288526627086e-09	0.04439336	-0.045759268	-0.9466449	0	0	0.38	4.3357404e-18
1.360049531367131e-09	0.036627144	-0.06103174	-0.94940454	0	0	0.38	3.4060775e-18
1.3700306484109537e-09	0.030749086	-0.0580088	-0.9474898	0	0	0.38	5.567302e-18
1.3800527049331836e-09	0.0017168886	-0.04650262	-0.9519284	0	0	0.38	4.126182e-18
1.390029751836212e-09	-0.0031447883	-0.04734632	-0.95458204	0	0	0.38	4.0557344e-18
1.400043467652829e-09	-0.010744256	-0.049122445	-0.95273685	0	0	0.38	4.1716244e-18
1.410047807174548e-09	-0.00060980365	-0.04957157	-0.95459586	0	0	0.38	4.2975697e-18
1.420006187121698e-09	0.0025937965	-0.06860009	-0.95246595	0	0	0.38	4.927978e-18
1.4300224283088363e-09	-0.0015039291	-0.068943165	-0.9542196	0	0	0.38	3.459532e-18
1.4400039684584328e-09	-0.0095546665	-0.06700341	-0.95699835	0	0	0.38	5.2771116e-18
1.450038766155441e-09	-0.019751234	-0.053773984	-0.9574813	0	0	0.38	4.049766e-18
1.4600355623129452e-09	-0.02708839	-0.052035533	-0.9582425	0	0	0.38	4.457815e-18
1.470015805124689e-09	-0.022925608	-0.0521265	-0.957027	0	0	0.38	4.692467e-18
1.4800168899659415e-09	-0.017082231	-0.057813242	-0.9565638	0	0	0.38	5.5901466e-18
1.490037739503114e-09	-0.005952107	-0.074772306	-0.9517022	0	0	0.38	5.888354e-18
1.5000001122877471e-09	-0.00208113	-0.084988445	-0.94897145	0	0	0.38	5.0790044e-18
1.510049666075308e-09	-0.021716997	-0.08541148	-0.9495017	0	0	0.38	3.6549224e-18
1.5200064189189841e-09	-0.031651516	-0.080990955	-0.947992	0	0	0.38	4.6799377e-18
1.5300191206187998e-09	-0.045867685	-0.073995836	-0.9507174	0	0	0.38	3.847408e-18
1.5400322045760762e-09	-0.057253014	-0.0719709	-0.9496817	0	0	0.38	4.0433304e-18
1.5500140469231366e-09	-0.053122647	-0.07014119	-0.94830215	0	0	0.38	4.345481e-18
1.560054770821075e-09	-0.051084608	-0.06350223	-0.9471015	0	0	0.38	4.9797886e-18
1.5700610430887465e-09	-0.029963491	-0.08819354	-0.9499271	0	0	0.38	5.0736843e-18
1.5800452849480122e-09	-0.038633835	-0.10126689	-0.9469489	0	0	0.38	4.729315e-18
1.5900447139730427e-09	-0.050789595	-0.087093994	-0.9493193	0	0	0.38	5.0529994e-18
1.60001902872728e-09	-0.046858966	-0.07395009	-0.94829047	0	0	0.38	3.475731e-18
1.610051498902452e-09	-0.04743219	-0.063273184	-0.9473085	0	0	0.38	5.0705952e-18
1.6200280080677792e-09	-0.0449205	-0.07094343	-0.94360065	0	0	0.38	4.5036332e-18
1.6300516909649641e-09	-0.046763018	-0.059477884	-0.9455045	0	0	0.38	4.5679804e-18
1.640049919357884e-09	-0.056020986	-0.05087847	-0.9488549	0	0	0.38	5.390025e-18
1.6500018882177674e-09	-0.060529504	-0.044604514	-0.9467646	0	0	0.38	4.7065766e-18
1.6600463779468148e-09	-0.054569546	-0.035568368	-0.9462107	0	0	0.38	4.3545455e-18
1.6700372990857606e-09	-0.06515876	-0.031694777	-0.9464627	0	0	0.38	4.173753e-18
1.6800409400895917e-09	-0.057607904	-0.018009374	-0.947155	0	0	0.38	4.5802215e-18
1.6900521699364702e-09	-0.051882256	-0.049971074	-0.94721663	0	0	0.38	4.6155743e-18
1.7000436262466009e-09	-0.06241122	-0.039868407	-0.94696414	0	0	0.38	4.405053e-18
1.7100095867562044e-09	-0.062385447	-0.018448729	-0.9463425	0	0	0.38	3.5819443e-18
1.7200007467000615e-09	-0.056691978	-0.009812346	-0.9494719	0	0	0.38	4.4230216e-18
1.730006698813147e-09	-0.07370385	-0.0005593323	-0.94827354	0	0	0.38	4.1794814e-18
1.740037012277239e-09	-0.06452827	0.012880549	-0.9474429	0	0	0.38	4.509551e-18
1.7500508297197623e-09	-0.057920203	0.022035073	-0.9440004	0	0	0.38	4.6567626e-18
1.7600513670136216e-09	-0.05285996	0.020821309	-0.94425786	0	0	0.38	4.30258e-18
1.7700392035808508e-09	-0.057461143	0.036679417	-0.9460965	0	0	0.38	3.905225e-18
1.7800112943219204e-09	-0.040981106	0.034561105	-0.9459173	0	0	0.38	3.9929497e-18
1.7900217072609996e-09	-0.045972027	0.028390639	-0.94829106	0	0	0.38	3.9082998e-18
1.8000187800158243e-09	-0.031479456	0.03527856	-0.9467325	0	0	0.38	4.863874e-18
1.810022155876069e-09	-0.022730159	0.049686562	-0.950372	0	0	0.38	3.928e-18
1.820061762372613e-09	-0.004745618	0.04871626	-0.9502932	0	0	0.38	3.882117e-18
1.8300018896618858e-09	0.00395917	0.03912272	-0.9533229	0	0	0.38	4.924638e-18
1.8400160903664455e-09	0.008091166	0.05980824	-0.95032626	0	0	0.38	4.602506e-18
1.8500056562958629e-09	0.0069997064	0.07524	-0.94674546	0	0	0.38	5.1687e-18
1.8600629344980069e-09	0.020882294	0.08032691	-0.9456582	0	0	0.38	5.2299342e-18
1.8700509214121062e-09	0.02769084	0.055614393	-0.951	0	0	0.38	5.0113534e-18
1.8800133594781744e-09	0.0317858	0.038491458	-0.95429295	0	0	0.38	4.1468723e-18
1.8900028648222775e-09	0.036442447	0.051830303	-0.953433	0	0	0.38	5.865089e-18
1.9000423776864158e-09	0.036998365	0.06554102	-0.9527818	0	0	0.38	4.1993722e-18
1.9100452825793767e-09	0.055553596	0.066921346	-0.954707	0	0	0.38	4.663981e-18
1.9200375573218533e-09	0.062386807	0.04761815	-0.95603305	0	0	0.38	4.971703e-18
1.930063250244627e-09	0.07627193	0.049222123	-0.95126	0	0	0.38	5.033415e-18
1.940021815171772e-09	0.08395235	0.046395447	-0.95085204	0	0	0.38	4.6715546e-18
1.9500055598425776e-09	0.08317471	0.0494742	-0.9526304	0	0	0.38	4.230615e-18
1.960016024332368e-09	0.08020019	0.043375354	-0.95285034	0	0	0.38	5.5894343e-18
1.9700184018578217e-09	0.07335208	0.0440156	-0.95533895	0	0	0.38	6.132635e-18
1.98002049625388e-09	0.05754552	0.03554178	-0.9536536	0	0	0.38	4.8064607e-18
1.9900077536377467e-09	0.06340245	0.037099384	-0.957688	0	0	0.38	5.40049e-18
2.0000163044526776e-09	0.064037345	0.043934897	-0.95390123	0	0	0.38	5.013774e-18
2.0100428653401843e-09	0.07500645	0.05871946	-0.9526132	0	0	0.38	3.9669717e-18
2.0200633382961475e-09	0.08637245	0.057608537	-0.9543296	0	0	0.38	4.3312132e-18
2.030049553958936e-09	0.08928353	0.04198092	-0.95010483	0	0	0.38	3.9113583e-18
2.040049664365358e-09	0.09151594	0.038019698	-0.95121545	0	0	0.38	3.9069936e-18
2.0500114569656107e-09	0.09855843	0.040523563	-0.9476086	0	0	0.38	5.1398447e-18
2.0600290509437002e-09	0.08743178	0.02619164	-0.9461272	0	0	0.38	4.117187e-18
2.0700013552699996e-09	0.08891456	0.019567069	-0.94646764	0	0	0.38	4.737094e-18
2.0800316457824604e-09	0.10073971	0.016974919	-0.94828963	0	0	0.38	4.7478687e-18
2.0900230715997024e-09	0.099618524	-0.021704173	-0.94779944	0	0	0.38	4.946878e-18
2.1000225498730744e-09	0.08667871	-0.013506967	-0.9516512	0	0	0.38	4.371144e-18
2.1100165340442913e-09	0.09372491	-0.0043591014	-0.95358646	0	0	0.38	4.5802562e-18
2.1200522649370714e-09	0.087278776	-0.012736919	-0.9556609	0	0	0.38	5.080413e-18
2.1300563088158855e-09	0.08142744	-0.021312667	-0.95564014	0	0	0.38	4.2358095e-18
2.140027786913236e-09	0.0638177	-0.022887481	-0.9590654	0	0	0.38	3.8296274e-18
2.150017406658042e-09	0.05785132	-0.026851887	-0.95371747	0	0	0.38	4.767063e-18
2.1600372175032744e-09	0.06962891	-0.011965468	-0.95277035	0	0	0.38	4.091515e-18
2.1700451175316386e-09	0.066614285	-0.020512952	-0.953774	0	0	0.38	4.2578047e-18
2.1800083266082448e-09	0.036604676	-0.034057267	-0.9587609	0	0	0.38	5.702085e-18
2.190061245147323e-09	0.040533517	-0.03699469	-0.95887494	0	0	0.38	4.879679e-18
2.200054363516125e-09	0.039392397	-0.052630376	-0.9567699	0	0	0.38	4.6341e-18
2.2100085004745012e-09	0.02346538	-0.07464679	-0.9529102	0	0	0.38	4.962924e-18
2.220041245092624e-09	0.007935295	-0.082897805	-0.9524442	0	0	0.38	3.9467264e-18
2.2300014747280516e-09	0.0012751366	-0.0716897	-0.95177466	0	0	0.38	4.3033757e-18
2.2400260099794797e-09	-0.0065530194	-0.067469135	-0.9552082	0	0	0.38	4.5043616e-18
2.250002699690751e-09	-0.00095634745	-0.064935446	-0.9524204	0	0	0.38	4.646509e-18
2.2600383377632706e-09	0.006432814	-0.07377595	-0.9515737	0	0	0.38	5.2484825e-18
2.2700098733569526e-09	0.009242062	-0.0810848	-0.9439882	0	0	0.38	4.6884663e-18
2.2800547784810313e-09	0.02006611	-0.079410166	-0.9457646	0	0	0.38	4.1915955e-18
2.290057052257519e-09	0.012321851	-0.09625154	-0.94514763	0	0	0.38	4.3131406e-18
2.3000521767034114e-09	0.029553397	-0.09293999	-0.94260305	0	0	0.38	2.9782942e-18
2.3100072582944733e-09	0.03241644	-0.0883377	-0.9425737	0	0	0.38	5.2262905e-18
2.3200017024157884e-09	0.021738365	-0.09052028	-0.94305766	0	0	0.38	4.4795383e-18
2.3300139490041965e-09	0.0010465073	-0.08340328	-0.9403816	0	0	0.38	4.496801e-18
2.340003307621863e-09	-0.0010231234	-0.07322816	-0.94111484	0	0	0.38	5.229686e-18
2.3500059312593532e-09	-0.004908683	-0.09300157	-0.9379683	0	0	0.38	4.2010047e-18
2.3600389643213553e-09	-0.024890425	-0.09472198	-0.939769	0	0	0.38	4.6582006e-18
2.370035937198403e-09	-0.026467144	-0.10568874	-0.93894696	0	0	0.38	4.6344105e-18
2.3800397772448874e-09	-0.022781959	-0.108123705	-0.9424444	0	0	0.38	4.431511e-18
2.3900486924406355e-09	-0.03758783	-0.115847394	-0.94029486	0	0	0.38	4.757919e-18
2.400057646949615e-09	-0.043176614	-0.11271142	-0.9403977	0	0	0.38	4.2598714e-18
2.4100342965282894e-09	-0.056854587	-0.12423277	-0.93583906	0	0	0.38	4.9286986e-18
2.4200525704954624e-09	-0.05630858	-0.1236206	-0.94154894	0	0	0.38	3.844083e-18
2.4300408726664626e-09	-0.0739071	-0.10697441	-0.9446551	0	0	0.38	3.7928564e-18
2.4400608950803005e-09	-0.08378332	-0.103386395	-0.9412175	0	0	0.38	5.3749216e-18
2.4500630483170173e-09	-0.083833255	-0.11008314	-0.93604493	0	0	0.38	4.1754952e-18
2.4600130534169663e-09	-0.07579486	-0.10460876	-0.9385633	0	0	0.38	4.005381e-18
2.4700393807577686e-09	-0.07606258	-0.093754776	-0.9395543	0	0	0.38	3.2474302e-18
2.480046581371391e-09	-0.078429036	-0.11140475	-0.9337542	0	0	0.38	4.7123197e-18
2.4900634846953578e-09	-0.09523767	-0.12819709	-0.9349904	0	0	0.38	4.369151e-18
2.5000572847009605e-09	-0.10749532	-0.1236881	-0.93374515	0	0	0.38	4.576507e-18
2.510021586199663e-09	-0.12011672	-0.10845908	-0.929855	0	0	0.38	4.3692755e-18
2.5200324363173044e-09	-0.15893294	-0.10601026	-0.9213654	0	0	0.38	3.485536e-18
2.5300145513418725e-09	-0.14833333	-0.08493131	-0.9257361	0	0	0.38	4.9302024e-18
2.5400426431405658e-09	-0.1663232	-0.08294235	-0.9160205	0	0	0.38	5.0538854e-18
2.5500268524944437e-09	-0.15326236	-0.06456217	-0.9154122	0	0	0.38	3.702471e-18
2.5600512951375375e-09	-0.14327188	-0.077556774	-0.9215896	0	0	0.38	3.730595e-18
2.570051792184356e-09	-0.16950148	-0.061674446	-0.923168	0	0	0.38	4.168928e-18
2.580002986574539e-09	-0.16238298	-0.050179657	-0.9255772	0	0	0.38	5.419643e-18
2.590058145598221e-09	-0.16876689	-0.044864632	-0.9274155	0	0	0.38	3.858694e-18
2.600028035956917e-09	-0.18175727	-0.033779122	-0.93078804	0	0	0.38	4.4034228e-18
2.6100225026737782e-09	-0.17220496	-0.021569757	-0.93584377	0	0	0.38	3.5151235e-18
2.620043997156591e-09	-0.18166602	0.002071429	-0.9337192	0	0	0.38	4.9839497e-18
2.6300071038104555e-09	-0.18395092	0.0064152237	-0.9310751	0	0	0.38	4.9390355e-18
2.6400635666979377e-09	-0.17235388	0.014681056	-0.9313852	0	0	0.38	4.4881877e-18
2.65003764352711e-09	-0.17712252	0.016431328	-0.9303982	0	0	0.38	5.09849e-18
2.660026501562778e-09	-0.18914816	0.03623164	-0.9243879	0	0	0.38	3.954128e-18
2.670062294080009e-09	-0.18589896	0.044671457	-0.9250948	0	0	0.38	4.9262795e-18
2.6800487613390573e-09	-0.1687579	0.022733295	-0.9320721	0	0	0.38	4.4439278e-18
2.6900081997243658e-09	-0.19020434	0.022631912	-0.93058604	0	0	0.38	4.1160234e-18
2.7000114837856757e-09	-0.169181	0.034139566	-0.9300797	0	0	0.38	5.560763e-18
2.7100471533913554e-09	-0.17381354	0.04567467	-0.92565244	0	0	0.38	5.856138e-18
2.7200482161816915e-09	-0.18263613	0.038022883	-0.9253922	0	0	0.38	6.1700754e-18
2.7300601428636283e-09	-0.18697831	0.03922925	-0.9228878	0	0	0.38	5.6855192e-18
2.740017041363632e-09	-0.18080354	0.035351627	-0.9258481	0	0	0.38	3.9885115e-18
2.7500059430164793e-09	-0.17799625	0.026781142	-0.92452884	0	0	0.38	4.2102947e-18
2.7600273343748457e-09	-0.17018053	0.022788184	-0.9310232	0	0	0.38	4.0182954e-18
2.7700459542234543e-09	-0.15593353	0.023307854	-0.9308999	0	0	0.38	5.3975086e-18
2.7800340840342284e-09	-0.148397	0.030921048	-0.93357736	0	0	0.38	3.1389612e-18
2.7900085195615703e-09	-0.15185358	0.032889564	-0.9382094	0	0	0.38	3.3709541e-18
2.8000182262485086e-09	-0.15066136	0.037498802	-0.9392205	0	0	0.38	3.952053e-18
2.8100607064314876e-09	-0.1597157	0.061322458	-0.93458885	0	0	0.38	5.731202e-18
2.8200386914488654e-09	-0.15414667	0.07463978	-0.93317145	0	0	0.38	3.640796e-18
2.830061416820393e-09	-0.14782645	0.08878234	-0.9282839	0	0	0.38	4.6890127e-18
2.840012621201835e-09	-0.13653964	0.10957655	-0.92566985	0	0	0.38	4.5955917e-18
2.8500056905256003e-09	-0.12038965	0.119874015	-0.9206774	0	0	0.38	5.1813332e-18
2.8600272515930564e-09	-0.1018647	0.10959276	-0.9231146	0	0	0.38	4.5654497e-18
2.8700166694457987e-09	-0.12298116	0.116127335	-0.9208036	0	0	0.38	4.3426887e-18
2.880051156220327e-09	-0.121192075	0.11720077	-0.9215171	0	0	0.38	5.6552548e-18
2.8900480896212856e-09	-0.10813917	0.12152197	-0.9288917	0	0	0.38	4.4206563e-18
2.900036477727906e-09	-0.09506527	0.13060914	-0.93391484	0	0	0.38	3.3767047e-18
2.9100304000384815e-09	-0.090956405	0.14763524	-0.93051445	0	0	0.38	4.9297533e-18
2.9200567300996505e-09	-0.084527716	0.14921415	-0.9334938	0	0	0.38	4.915083e-18
2.9300170867575718e-09	-0.076316625	0.14760222	-0.9373877	0	0	0.38	4.447295e-18
2.9400213462316095e-09	-0.06615983	0.15301718	-0.9358676	0	0	0.38	4.23197e-18
2.950007823820155e-09	-0.057547968	0.15316147	-0.9374654	0	0	0.38	4.322788e-18
2.9600037776657976e-09	-0.06677624	0.15865678	-0.93373704	0	0	0.38	4.2986293e-18
2.9700331480745135e-09	-0.05662513	0.1652789	-0.9341244	0	0	0.38	3.9193335e-18
2.9800349231811283e-09	-0.048208434	0.1867059	-0.9330691	0	0	0.38	4.1503113e-18
2.9900116019835007e-09	-0.046040684	0.19556125	-0.92536587	0	0	0.38	4.1353377e-18
3.0000017522705274e-09	-0.03962571	0.18330951	-0.9296827	0	0	0.38	4.2818723e-18
3.010028711233431e-09	-0.032409836	0.18632556	-0.93146384	0	0	0.38	4.319687e-18
3.0200220710514967e-09	-0.014957005	0.19888689	-0.93242633	0	0	0.38	3.6709796e-18
3.0300182867882135e-09	-0.010010219	0.18564965	-0.932088	0	0	0.38	5.1127335e-18
3.0400401052468317e-09	-0.020073755	0.19377951	-0.9251622	0	0	0.38	4.514039e-18
3.0500352007515565e-09	-0.02033654	0.1996398	-0.92685574	0	0	0.38	3.7294116e-18
3.0600342523826912e-09	-0.018362183	0.20687011	-0.9243732	0	0	0.38	5.3485804e-18
3.070026703070309e-09	-0.013334475	0.20486316	-0.92435837	0	0	0.38	4.6107353e-18
3.0800497617142393e-09	-0.02725162	0.20818566	-0.9248379	0	0	0.38	3.8718517e-18
3.090042244074738e-09	-0.01722047	0.23236796	-0.9214727	0	0	0.38	4.549016e-18
3.10006051615392e-09	-0.009188619	0.22853349	-0.9228073	0	0	0.38	4.4464933e-18
3.11006561257401e-09	0.004916529	0.24321431	-0.91806704	0	0	0.38	4.5790076e-18
3.1200115919720004e-09	0.021846818	0.24320436	-0.9170558	0	0	0.38	4.1513205e-18
3.1300378467323403e-09	0.036331765	0.21446013	-0.9232283	0	0	0.38	4.312124e-18
3.140029187049255e-09	0.046695694	0.19752292	-0.9253318	0	0	0.38	3.7732625e-18
3.1500236756809762e-09	0.05192361	0.18754931	-0.92357934	0	0	0.38	4.891928e-18
3.160061494252819e-09	0.0634226	0.16429108	-0.92318964	0	0	0.38	4.636702e-18
3.1700568601060154e-09	0.054063197	0.15239106	-0.92341924	0	0	0.38	4.1363907e-18
3.1800641104792715e-09	0.036723338	0.14823085	-0.9246512	0	0	0.38	4.1269943e-18
3.1900334489431865e-09	0.041871697	0.16243637	-0.9230557	0	0	0.38	5.1184303e-18
3.2000544356875764e-09	0.057488248	0.15731877	-0.92156744	0	0	0.38	4.3729048e-18
3.2100529636445694e-09	0.06527043	0.14885789	-0.922485	0	0	0.38	4.2750088e-18
3.220037446586397e-09	0.08642599	0.13121624	-0.9226995	0	0	0.38	5.052557e-18
3.230054441165065e-09	0.0806089	0.13517348	-0.9300713	0	0	0.38	4.3794792e-18
3.240043174141438e-09	0.08406224	0.12047344	-0.9344367	0	0	0.38	3.7986073e-18
3.2500027991619265e-09	0.08027521	0.094787024	-0.9359024	0	0	0.38	4.141015e-18
3.2600487296047773e-09	0.06709446	0.10714233	-0.92965066	0	0	0.38	4.5606405e-18
3.2700215518882808e-09	0.077906474	0.12383545	-0.9354128	0	0	0.38	4.634985e-18
3.280049675798741e-09	0.07641257	0.13038084	-0.9302729	0	0	0.38	5.770737e-18
3.290000029722336e-09	0.10909407	0.13339615	-0.92499876	0	0	0.38	4.1821913e-18
3.3000312936560634e-09	0.13387099	0.13103957	-0.91942304	0	0	0.38	4.839589e-18
3.3100248589658586e-09	0.14908037	0.12080015	-0.9146513	0	0	0.38	4.614108e-18
3.3200405705043133e-09	0.14898564	0.11227496	-0.9125917	0	0	0.38	4.4786363e-18
3.3300197756492338e-09	0.15541255	0.097277656	-0.91603404	0	0	0.38	4.4108376e-18
3.3400480507257518e-09	0.15432338	0.10526379	-0.91228956	0	0	0.38	4.8510743e-18
3.3500421559882194e-09	0.14825156	0.097952895	-0.9165516	0	0	0.38	4.691718e-18
3.360025723966251e-09	0.14386423	0.12190647	-0.91492313	0	0	0.38	4.408102e-18
3.3700007688729628e-09	0.16405803	0.12511732	-0.9194396	0	0	0.38	4.3651206e-18
3.3800339389919313e-09	0.1774446	0.12467539	-0.91945606	0	0	0.38	4.6822013e-18
3.390047138502194e-09	0.1733109	0.1026978	-0.92340696	0	0	0.38	5.1329266e-18
3.4000436834185282e-09	0.15723872	0.10289436	-0.9273212	0	0	0.38	4.832769e-18
3.410006459494467e-09	0.15913716	0.09716182	-0.928785	0	0	0.38	4.7090185e-18
3.4200345437791365e-09	0.17110755	0.09329106	-0.9262942	0	0	0.38	4.914822e-18
3.430024536791225e-09	0.17394823	0.08665665	-0.92643714	0	0	0.38	4.0774474e-18
3.44002577675343e-09	0.179123	0.08201305	-0.92664844	0	0	0.38	4.1905102e-18
3.4500497272359912e-09	0.19105256	0.064609796	-0.9203947	0	0	0.38	5.1035125e-18
3.4600095735617407e-09	0.17842004	0.053432595	-0.9197817	0	0	0.38	3.7066224e-18
3.4700068370509155e-09	0.18852809	0.06521136	-0.91709745	0	0	0.38	5.3591448e-18
3.4800162608358383e-09	0.19558555	0.06694474	-0.9118705	0	0	0.38	4.332025e-18
3.4900219599053655e-09	0.21270409	0.079483904	-0.9090836	0	0	0.38	4.8467734e-18
3.5000609901060674e-09	0.21397473	0.06263062	-0.9080387	0	0	0.38	3.906557e-18
3.510065166008528e-09	0.2210764	0.066155694	-0.90696967	0	0	0.38	4.967858e-18
3.520045516904141e-09	0.22712655	0.057197675	-0.90681225	0	0	0.38	4.18306e-18
3.5300388245550095e-09	0.2095585	0.044879988	-0.90982383	0	0	0.38	5.060107e-18
3.5400223377835493e-09	0.1986661	0.03874901	-0.9052	0	0	0.38	4.578289e-18
3.550038019672887e-09	0.1709994	0.048306536	-0.91061664	0	0	0.38	4.7615837e-18
3.560049071112884e-09	0.18506052	0.0471703	-0.9096895	0	0	0.38	4.60138e-18
3.570035449128122e-09	0.19556817	0.059539303	-0.91060334	0	0	0.38	4.765118e-18
3.580053119625739e-09	0.21477355	0.05841354	-0.912313	0	0	0.38	4.5503896e-18
3.590061443640802e-09	0.2463026	0.034578633	-0.9028685	0	0	0.38	4.0944485e-18
3.6000133962689838e-09	0.2748764	0.031099223	-0.89502496	0	0	0.38	3.949838e-18
3.610044760199048e-09	0.2708337	0.03391684	-0.88799417	0	0	0.38	4.4031436e-18
3.620051115480102e-09	0.24611877	0.018906832	-0.89314175	0	0	0.38	4.0913193e-18
3.630046909063154e-09	0.24082278	0.016743837	-0.8889234	0	0	0.38	3.6550526e-18
3.6400158150369916e-09	0.22817057	0.02213224	-0.89223975	0	0	0.38	5.1012687e-18
3.650047607576091e-09	0.2118996	0.045999225	-0.89994085	0	0	0.38	4.0477736e-18
3.660053854760699e-09	0.23089223	0.06956737	-0.8950633	0	0	0.38	4.1187023e-18
3.6700326352425226e-09	0.22945726	0.08490981	-0.894702	0	0	0.38	4.2830295e-18
3.6800117955811645e-09	0.22891845	0.09236081	-0.8975026	0	0	0.38	4.361233e-18
3.6900299724750803e-09	0.23068136	0.088948615	-0.902914	0	0	0.38	3.5582688e-18
3.700034838453595e-09	0.22891171	0.09869351	-0.904478	0	0	0.38	4.267524e-18
3.7100260794991737e-09	0.23245032	0.09725008	-0.9029328	0	0	0.38	3.6516686e-18
3.7200007227677268e-09	0.23123725	0.07602831	-0.8998583	0	0	0.38	4.976947e-18
3.730049094298818e-09	0.22048303	0.07141455	-0.9039839	0	0	0.38	4.156077e-18
3.740036466014682e-09	0.19931756	0.065451436	-0.90990293	0	0	0.38	4.590413e-18
3.750056656571554e-09	0.20916861	0.08130823	-0.9049325	0	0	0.38	4.4405462e-18
3.76002227644407e-09	0.20341684	0.09375309	-0.9010292	0	0	0.38	5.874266e-18
3.770043716399749e-09	0.19458124	0.09582538	-0.9089381	0	0	0.38	5.1874424e-18
3.780007868184373e-09	0.19392352	0.10596661	-0.9088682	0	0	0.38	4.3902545e-18
3.7900131706887446e-09	0.18643406	0.12005328	-0.91053474	0	0	0.38	4.590244e-18
3.80005332535435e-09	0.17134778	0.12057499	-0.9122	0	0	0.38	3.9561025e-18
3.810007765444448e-09	0.17475249	0.11481995	-0.9162096	0	0	0.38	4.703581e-18
3.820006277550469e-09	0.18036361	0.112005815	-0.91705745	0	0	0.38	4.8989925e-18
3.830056144794918e-09	0.17499262	0.09510844	-0.92169863	0	0	0.38	5.447369e-18
3.840056705404998e-09	0.16703989	0.085524835	-0.92219967	0	0	0.38	4.557262e-18
3.850057188874202e-09	0.16928221	0.07294903	-0.92206126	0	0	0.38	3.966214e-18
3.860051646228627e-09	0.16915296	0.06851203	-0.92686635	0	0	0.38	4.1019576e-18
3.870054495201062e-09	0.16530402	0.052632242	-0.9297771	0	0	0.38	4.1936262e-18
3.880050076692452e-09	0.15631944	0.05208185	-0.93363494	0	0	0.38	4.786075e-18
3.890015701356557e-09	0.16308405	0.06862976	-0.933823	0	0	0.38	5.0945558e-18
3.9000131019449235e-09	0.15309884	0.062069234	-0.9367266	0	0	0.38	4.793813e-18
3.910037075597782e-09	0.16751008	0.0465517	-0.9346434	0	0	0.38	4.602584e-18
3.920056273193988e-09	0.15974712	0.030919477	-0.9324445	0	0	0.38	4.030218e-18
3.930048468127349e-09	0.14178762	-8.189619e-05	-0.935091	0	0	0.38	3.622166e-18
3.940035326409626e-09	0.13444424	-0.008381061	-0.93681115	0	0	0.38	3.624449e-18
3.95001474789676e-09	0.11576415	-0.0020383168	-0.9366705	0	0	0.38	3.813413e-18
3.960036311796139e-09	0.114493005	-0.0019627605	-0.93407947	0	0	0.38	4.4587194e-18
3.970026229741264e-09	0.12825812	0.012538702	-0.9338064	0	0	0.38	4.2690105e-18
3.980039522515214e-09	0.1348122	-0.00026898313	-0.93615127	0	0	0.38	4.35038e-18
3.9900212975203465e-09	0.14224958	-0.025991557	-0.9350736	0	0	0.38	5.146791e-18
4.000055883258814e-09	0.13003302	-0.028837752	-0.93563646	0	0	0.38	3.71937e-18
4.01005301868273e-09	0.12439782	-0.053689055	-0.93560463	0	0	0.38	4.9649477e-18
4.020022628765363e-09	0.09938806	-0.05391897	-0.9433737	0	0	0.38	4.409214e-18
4.030024052906475e-09	0.06762736	-0.050218415	-0.9489772	0	0	0.38	3.6883495e-18
4.040020433487607e-09	0.06698602	-0.040926073	-0.94509214	0	0	0.38	5.22692e-18
4.05004508019363e-09	0.06550271	-0.037013914	-0.93954074	0	0	0.38	3.4041956e-18
4.060003431400516e-09	0.06696269	-0.01584738	-0.9383187	0	0	0.38	4.212261e-18
4.070029062933052e-09	0.079598516	-0.045373354	-0.93641984	0	0	0.38	4.430595e-18
4.0800383470838994e-09	0.08391578	-0.054324757	-0.9364952	0	0	0.38	4.7095714e-18
4.090064449195333e-09	0.09238933	-0.067003354	-0.93348885	0	0	0.38	5.5703827e-18
4.1000367328143356e-09	0.08783124	-0.08211168	-0.9312338	0	0	0.38	4.852288e-18
4.1100513065107145e-09	0.07155502	-0.07473822	-0.9370603	0	0	0.38	4.914013e-18
4.120049119395675e-09	0.080817334	-0.06527495	-0.93615454	0	0	0.38	5.832455e-18
4.130052655896979e-09	0.07511399	-0.074514784	-0.93954736	0	0	0.38	5.0656657e-18
4.140023930068974e-09	0.07183238	-0.08165523	-0.92969775	0	0	0.38	5.1130755e-18
4.150038219548966e-09	0.074998796	-0.074983	-0.9242256	0	0	0.38	4.113774e-18
4.160050983552235e-09	0.09010862	-0.07243831	-0.92952627	0	0	0.38	4.605708e-18
4.170049558839194e-09	0.10197679	-0.08026313	-0.9272021	0	0	0.38	4.558048e-18
4.1800124841980394e-09	0.10312699	-0.08427791	-0.9318349	0	0	0.38	4.3190313e-18
4.190034159207592e-09	0.097438306	-0.10749152	-0.9285981	0	0	0.38	4.2241347e-18
4.200009669491602e-09	0.098477915	-0.10399868	-0.9280739	0	0	0.38	4.5677877e-18
4.210052687313527e-09	0.079099715	-0.101815395	-0.92522734	0	0	0.38	4.266658e-18
4.220028218308745e-09	0.041705184	-0.06032951	-0.9341436	0	0	0.38	5.2463355e-18
4.2300145863891105e-09	0.038513526	-0.056226928	-0.9361808	0	0	0.38	4.9773645e-18
4.240017359307186e-09	0.0462055	-0.047736343	-0.9364886	0	0	0.38	4.127161e-18
4.250052456979919e-09	0.05770242	-0.043779917	-0.9327809	0	0	0.38	4.7630412e-18
4.260063414959157e-09	0.084549755	-0.06632001	-0.9376269	0	0	0.38	4.4472845e-18
4.270049378142308e-09	0.078265235	-0.08325303	-0.9400631	0	0	0.38	4.3999023e-18
4.280039384007108e-09	0.049824603	-0.103597075	-0.94492	0	0	0.38	5.0181483e-18
4.290018198450266e-09	0.03656293	-0.093629435	-0.94178057	0	0	0.38	4.3756477e-18
4.300020844741769e-09	0.024600968	-0.06614785	-0.9458463	0	0	0.38	5.2931176e-18
4.310058447252923e-09	0.011041002	-0.050872877	-0.9468256	0	0	0.38	4.3828343e-18
4.320023380207239e-09	0.0004850679	-0.039408818	-0.94709635	0	0	0.38	4.6408286e-18
4.33006085677662e-09	0.00792595	-0.031778954	-0.9449317	0	0	0.38	4.383298e-18
4.34000643303459e-09	0.015377566	-0.024022173	-0.93960434	0	0	0.38	4.265977e-18
4.350033825343587e-09	0.017543497	-0.026414856	-0.9460397	0	0	0.38	4.0290524e-18
4.360061447631165e-09	0.01788659	-0.039807055	-0.94745785	0	0	0.38	4.0962828e-18
4.370061476991801e-09	0.004878132	-0.02776927	-0.94634426	0	0	0.38	4.198048e-18
4.380055589521043e-09	-0.0068475674	-0.013348965	-0.9470093	0	0	0.38	5.0153416e-18
4.390027029441216e-09	-0.034063734	-0.041385572	-0.9429566	0	0	0.38	5.590836e-18
4.400021325875805e-09	-0.03596549	-0.038252383	-0.94528997	0	0	0.38	4.4877497e-18
4.410059514530325e-09	-0.029055893	-0.026560355	-0.94952184	0	0	0.38	5.116243e-18
4.42006048484916e-09	-0.02432536	-0.013645625	-0.951666	0	0	0.38	4.3254656e-18
4.43004608958332e-09	-0.0140414685	-0.008386248	-0.9523054	0	0	0.38	4.6275705e-18
4.44006693896923e-09	-0.008366131	0.010565288	-0.95153004	0	0	0.38	5.4569473e-18
4.450009318226942e-09	-0.016147587	-0.0042079957	-0.95039	0	0	0.38	4.3809334e-18
4.4600245461877465e-09	-0.028862221	-0.008752761	-0.9488007	0	0	0.38	4.6965094e-18
4.470018640020525e-09	-0.043450415	-0.004726275	-0.9504542	0	0	0.38	3.913247e-18
4.480031701394767e-09	-0.043029707	0.0016380695	-0.95222557	0	0	0.38	3.646468e-18
4.49002711043762e-09	-0.037019573	0.0060038664	-0.9507401	0	0	0.38	4.926529e-18
4.5000234946412045e-09	-0.033496853	0.012738535	-0.94830203	0	0	0.38	4.963448e-18
4.510001764642801e-09	-0.018514227	0.01851643	-0.9474903	0	0	0.38	4.9234803e-18
4.5200286790062364e-09	-0.010126708	-0.0009445366	-0.95202744	0	0	0.38	5.3226525e-18
4.5300353262926574e-09	-0.010251809	-0.009369203	-0.95076025	0	0	0.38	4.0540668e-18
4.540046101675328e-09	-0.009882053	-0.012663144	-0.9518419	0	0	0.38	4.372687e-18
4.550063846845502e-09	-0.022468178	-0.008938694	-0.9541053	0	0	0.38	3.7024877e-18
4.560020480323384e-09	-0.036353968	0.005675487	-0.9508887	0	0	0.38	4.282417e-18
4.570042755667996e-09	-0.04962619	0.023444762	-0.9497143	0	0	0.38	4.215387e-18
4.580013280976474e-09	-0.048342776	0.02432988	-0.94918424	0	0	0.38	5.0198266e-18
4.590005422105557e-09	-0.027906796	0.047121387	-0.94919366	0	0	0.38	4.796382e-18
4.600017609757776e-09	0.004730629	0.04593178	-0.94753355	0	0	0.38	4.9195975e-18
4.610042359510284e-09	0.0012289691	0.02443267	-0.94633573	0	0	0.38	4.263701e-18
4.620044822851299e-09	0.012087101	0.013816518	-0.9443084	0	0	0.38	4.9421953e-18
4.63000318823186e-09	0.005883865	0.019653637	-0.94273156	0	0	0.38	4.250666e-18
4.64003446763246e-09	-0.022789085	0.01745418	-0.9458534	0	0	0.38	4.293954e-18
4.650057052194949e-09	-0.024884736	0.03211612	-0.94805294	0	0	0.38	5.013623e-18
4.660039801245472e-09	-0.018979877	0.045634992	-0.94949913	0	0	0.38	4.006363e-18
4.6700382993026045e-09	-0.009799742	0.041949216	-0.95038307	0	0	0.38	5.570763e-18
4.680004122645155e-09	-0.006843749	0.05252489	-0.9522227	0	0	0.38	3.272937e-18
4.690034526789697e-09	-0.0055579636	0.04735023	-0.93959355	0	0	0.38	3.9089532e-18
4.700034721095626e-09	-0.008025207	0.034476995	-0.9419271	0	0	0.38	4.7108627e-18
4.710052354571175e-09	-0.026062371	0.040177986	-0.9483871	0	0	0.38	4.230606e-18
4.720026642110214e-09	-0.015127779	0.042526033	-0.94621974	0	0	0.38	4.554045e-18
4.7300518606433735e-09	-0.027197778	0.044302072	-0.9452919	0	0	0.38	4.175764e-18
4.740064061805382e-09	-0.022487162	0.055777997	-0.9407312	0	0	0.38	4.6631567e-18
4.750031678759898e-09	-0.021288905	0.053103197	-0.93604356	0	0	0.38	4.997591e-18
4.760010883507952e-09	-0.015776282	0.05752724	-0.94263583	0	0	0.38	4.513023e-18
4.770051113225423e-09	-0.0007454938	0.045293506	-0.9429119	0	0	0.38	4.5354933e-18
4.780049785550495e-09	0.012129438	0.044464774	-0.944109	0	0	0.38	5.107954e-18
4.790041723787812e-09	0.005852117	0.03623962	-0.9453203	0	0	0.38	4.9088624e-18
4.800003890477189e-09	0.012653656	0.05037887	-0.94832546	0	0	0.38	3.798754e-18
4.810051326359142e-09	0.0049604354	0.05797255	-0.95210963	0	0	0.38	5.1918016e-18
4.8200530030522905e-09	-0.0023774467	0.065564655	-0.9502667	0	0	0.38	3.8612985e-18
4.830021086871717e-09	0.0022344636	0.08804958	-0.946557	0	0	0.38	3.9436907e-18
4.840047615136288e-09	0.012640149	0.087701045	-0.9460759	0	0	0.38	3.8586586e-18
4.850010928758941e-09	0.016070087	0.0914378	-0.9462212	0	0	0.38	3.295242e-18
4.860064332330634e-09	0.0142953405	0.08561418	-0.9429038	0	0	0.38	4.8544116e-18
4.87006201868749e-09	-0.0004114811	0.094493136	-0.94076824	0	0	0.38	4.934747e-18
4.880010651872411e-09	0.011625574	0.100754686	-0.9375678	0	0	0.38	5.5441375e-18
4.890010295139666e-09	0.028123874	0.10880757	-0.93806624	0	0	0.38	4.572232e-18
4.900049463916045e-09	0.04225714	0.107580975	-0.9389507	0	0	0.38	4.135918e-18
4.910017409653948e-09	0.054419108	0.097830065	-0.9379361	0	0	0.38	4.4864076e-18
4.9200538750291984e-09	0.05816787	0.07742056	-0.94404036	0	0	0.38	4.259042e-18
4.930022309522414e-09	0.06377838	0.07302631	-0.94865423	0	0	0.38	3.196181e-18
4.940032023505718e-09	0.08504777	0.07610608	-0.9455518	0	0	0.38	4.3060504e-18
4.95000951316838e-09	0.102727674	0.07255921	-0.9461129	0	0	0.38	4.0330767e-18
4.960057091991437e-09	0.10918845	0.051419258	-0.94684464	0	0	0.38	5.008153e-18
4.970046181357361e-09	0.109846294	0.034343563	-0.9453694	0	0	0.38	4.4220588e-18
4.980000818426869e-09	0.10963483	0.016018411	-0.94596577	0	0	0.38	4.5034703e-18
4.990036711457835e-09	0.09103243	0.00422238	-0.9463053	0	0	0.38	3.6322766e-18
5.000004410293746e-09	0.08760808	-0.013628716	-0.9478501	0	0	0.38	4.122192e-18
5.010039204043538e-09	0.09044927	-0.03262205	-0.9481003	0	0	0.38	4.3471154e-18
5.02005869591789e-09	0.0746147	-0.02657111	-0.9475461	0	0	0.38	4.1731473e-18
5.03000947115466e-09	0.096823916	-0.041491106	-0.9452199	0	0	0.38	4.1945543e-18
5.040064275871458e-09	0.09985	-0.05278236	-0.9414486	0	0	0.38	5.0440204e-18
5.0500363709917675e-09	0.09894682	-0.058428705	-0.9418365	0	0	0.38	4.7944373e-18
5.0600019264846474e-09	0.109061465	-0.055261265	-0.9442372	0	0	0.38	5.402653e-18
5.0700117279829565e-09	0.11070542	-0.07584526	-0.9427387	0	0	0.38	5.172579e-18
5.080043023605918e-09	0.10667986	-0.10966894	-0.9434405	0	0	0.38	4.508157e-18
5.090044430903923e-09	0.089275636	-0.11262319	-0.9410731	0	0	0.38	4.719761e-18
5.100059847139067e-09	0.07195479	-0.117613316	-0.9422026	0	0	0.38	5.694907e-18
5.11003033704912e-09	0.05813008	-0.114332564	-0.9427419	0	0	0.38	4.965389e-18
5.120041365443109e-09	0.0568391	-0.11761875	-0.9457418	0	0	0.38	4.5667103e-18
5.130037342150737e-09	0.05595261	-0.14135744	-0.9392809	0	0	0.38	4.7542342e-18
5.1400494851077845e-09	0.056510225	-0.14201799	-0.93862337	0	0	0.38	5.8296137e-18
5.150034186060514e-09	0.049362708	-0.14276263	-0.94052666	0	0	0.38	4.3578025e-18
5.160010991047419e-09	0.040263627	-0.16505599	-0.9362527	0	0	0.38	4.7802954e-18
5.170026516481729e-09	0.030965727	-0.15513945	-0.9374052	0	0	0.38	5.0791e-18
5.1800145593140285e-09	0.03549378	-0.15144497	-0.9375848	0	0	0.38	4.9638455e-18
5.190027919399074e-09	0.03278979	-0.15465148	-0.9374269	0	0	0.38	4.6182958e-18
5.200000928671813e-09	0.03774971	-0.16117612	-0.9382856	0	0	0.38	4.5795333e-18
5.210032001087684e-09	0.016180754	-0.1551983	-0.9388417	0	0	0.38	4.8082764e-18
5.220012877007277e-09	-0.0023740993	-0.15739307	-0.93919194	0	0	0.38	4.11955e-18
5.230016541634381e-09	-0.019289913	-0.1604412	-0.94232357	0	0	0.38	4.49748e-18
5.240006530584469e-09	-0.031844027	-0.1547583	-0.9426333	0	0	0.38	5.0780465e-18
5.250045834470181e-09	-0.06601029	-0.15282163	-0.94158095	0	0	0.38	4.8619476e-18
5.260004709789407e-09	-0.063034	-0.16085146	-0.939215	0	0	0.38	4.487482e-18
5.270017021661224e-09	-0.067427754	-0.15428786	-0.94146836	0	0	0.38	4.3032198e-18
5.280005188662424e-09	-0.08477498	-0.14356299	-0.94224006	0	0	0.38	4.097329e-18
5.290045183055136e-09	-0.09446648	-0.13341801	-0.94189775	0	0	0.38	4.7810795e-18
5.300038021074675e-09	-0.10323927	-0.12208635	-0.94168985	0	0	0.38	4.4260937e-18
5.310047617493997e-09	-0.11080915	-0.12475945	-0.93495905	0	0	0.38	3.958498e-18
5.320035836143031e-09	-0.09836781	-0.12388575	-0.93609035	0	0	0.38	4.555025e-18
5.330036557913209e-09	-0.0810405	-0.14006531	-0.93215865	0	0	0.38	3.4316682e-18
5.340017800907492e-09	-0.07404922	-0.14066865	-0.93341845	0	0	0.38	4.8670542e-18
5.350033175887375e-09	-0.089628614	-0.12786686	-0.93652827	0	0	0.38	5.165182e-18
5.360025827404885e-09	-0.09342641	-0.110783465	-0.94251764	0	0	0.38	4.196702e-18
5.370000695211155e-09	-0.1068208	-0.093165606	-0.9457748	0	0	0.38	4.021472e-18
5.380049731593549e-09	-0.13113227	-0.09537711	-0.9405316	0	0	0.38	4.355301e-18
5.390058890468304e-09	-0.14141107	-0.09648068	-0.9372411	0	0	0.38	3.928335e-18
5.400044309685674e-09	-0.13819526	-0.08467083	-0.9361852	0	0	0.38	3.4857565e-18
5.410046557162384e-09	-0.14878094	-0.104890816	-0.9331993	0	0	0.38	4.300272e-18
5.4200490369828165e-09	-0.15472195	-0.10997923	-0.93519783	0	0	0.38	4.6318917e-18
5.4300132714116e-09	-0.16898108	-0.088483706	-0.9347865	0	0	0.38	4.7385124e-18
5.440048278895006e-09	-0.17695518	-0.096789405	-0.9315771	0	0	0.38	4.8997787e-18
5.4500540111755515e-09	-0.19639331	-0.07339976	-0.9329051	0	0	0.38	4.761862e-18
5.460032577256208e-09	-0.19815753	-0.0630889	-0.93356025	0	0	0.38	4.270138e-18
5.470024850007439e-09	-0.1859916	-0.055455744	-0.93467176	0	0	0.38	3.883962e-18
5.480048678986839e-09	-0.17615929	-0.0610741	-0.93777645	0	0	0.38	3.95784e-18
5.490021399156166e-09	-0.18534909	-0.029722244	-0.9411409	0	0	0.38	4.9404793e-18
5.500052992029591e-09	-0.18447429	-0.032192484	-0.9390466	0	0	0.38	3.6920826e-18
5.510044462181128e-09	-0.1737038	-0.010827469	-0.9395104	0	0	0.38	5.118711e-18
5.520016242564494e-09	-0.17482619	-0.016115487	-0.9416484	0	0	0.38	4.2356267e-18
5.530046614622145e-09	-0.16819482	-0.0029014014	-0.9402783	0	0	0.38	4.1289324e-18
5.5400553780743245e-09	-0.15649568	0.006733082	-0.942143	0	0	0.38	5.4103605e-18
5.5500477444232984e-09	-0.1704742	0.01918791	-0.93421423	0	0	0.38	3.753726e-18
5.5600054234442465e-09	-0.1874175	0.014085418	-0.9327388	0	0	0.38	4.787127e-18
5.570000738179008e-09	-0.18224235	0.025087977	-0.93292505	0	0	0.38	4.1523197e-18
5.5800163169580095e-09	-0.17597586	0.037216876	-0.93682665	0	0	0.38	4.772618e-18
5.590045181646607e-09	-0.15392923	0.05398907	-0.94159114	0	0	0.38	4.7491156e-18
5.600047546028379e-09	-0.13610247	0.070438966	-0.9419231	0	0	0.38	4.4101056e-18
5.610060477646346e-09	-0.13584746	0.0780804	-0.9408672	0	0	0.38	4.727828e-18
5.620032664782321e-09	-0.12333182	0.07195001	-0.9409239	0	0	0.38	4.9830105e-18
5.6300140508579676e-09	-0.11139089	0.07300606	-0.9408389	0	0	0.38	3.8711647e-18
5.640060398454653e-09	-0.11492085	0.06711464	-0.9435247	0	0	0.38	3.5716976e-18
5.650027532991574e-09	-0.11640746	0.06336987	-0.9438042	0	0	0.38	4.0161046e-18
5.660016043151538e-09	-0.12132641	0.06454241	-0.94095993	0	0	0.38	4.5490665e-18
5.670022285632057e-09	-0.13393085	0.06803279	-0.94001055	0	0	0.38	4.435611e-18
5.680024097574331e-09	-0.14367947	0.09173644	-0.9378269	0	0	0.38	5.084961e-18
5.690046290847393e-09	-0.12847878	0.095978945	-0.9331814	0	0	0.38	5.0589886e-18
5.700012021975807e-09	-0.14150755	0.115788266	-0.9316021	0	0	0.38	4.570368e-18
5.710040418067237e-09	-0.13269724	0.11615581	-0.9315245	0	0	0.38	4.888678e-18
5.720049118150677e-09	-0.11657974	0.1223041	-0.92737085	0	0	0.38	5.1260775e-18
5.730020172192961e-09	-0.10439605	0.11760384	-0.93196607	0	0	0.38	4.248637e-18
5.74005826156396e-09	-0.11424951	0.12815028	-0.9277407	0	0	0.38	5.146255e-18
5.750052993639986e-09	-0.105301164	0.12882337	-0.9273628	0	0	0.38	4.5512743e-18
5.7600328303899305e-09	-0.104692414	0.12268845	-0.9289222	0	0	0.38	3.3353078e-18
5.770056784313482e-09	-0.10703037	0.12362724	-0.92396224	0	0	0.38	4.53093e-18
5.780039819010117e-09	-0.085170485	0.12792444	-0.92232174	0	0	0.38	3.7677047e-18
5.790031574833759e-09	-0.10038944	0.120536864	-0.9221175	0	0	0.38	4.968604e-18
5.800003332156383e-09	-0.108212635	0.11320721	-0.92607284	0	0	0.38	4.277279e-18
5.8100274077536396e-09	-0.09847203	0.105612956	-0.9290803	0	0	0.38	3.489112e-18
5.820059344005419e-09	-0.109915726	0.099134274	-0.9276714	0	0	0.38	5.476e-18
5.830032038296696e-09	-0.11119788	0.082755566	-0.929598	0	0	0.38	4.220089e-18
5.840022696070755e-09	-0.12359313	0.09175407	-0.92799526	0	0	0.38	4.0539965e-18
5.850023365698824e-09	-0.10907267	0.103587426	-0.9330916	0	0	0.38	4.852734e-18
5.860024235091244e-09	-0.11892809	0.10118809	-0.9323902	0	0	0.38	4.4452417e-18
5.870002397515532e-09	-0.11584079	0.10769231	-0.92993426	0	0	0.38	4.1285635e-18
5.88004555916842e-09	-0.11239064	0.10730858	-0.9242522	0	0	0.38	4.3374965e-18
5.890028244403336e-09	-0.10492475	0.08398218	-0.9313699	0	0	0.38	3.587726e-18
5.900034096975639e-09	-0.118917175	0.08628742	-0.92733526	0	0	0.38	4.023895e-18
5.910038783226111e-09	-0.11798339	0.085568674	-0.92351496	0	0	0.38	3.7241524e-18
5.920039298328004e-09	-0.12182685	0.0893777	-0.9245189	0	0	0.38	3.893555e-18
5.930024530283023e-09	-0.12357813	0.09645167	-0.9215683	0	0	0.38	4.241682e-18
5.940025385381256e-09	-0.13033941	0.104680285	-0.9255058	0	0	0.38	4.940945e-18
5.950048170108938e-09	-0.13448541	0.103913106	-0.92404866	0	0	0.38	5.0370944e-18
5.9600243443943744e-09	-0.13261428	0.12528388	-0.92317826	0	0	0.38	4.4663497e-18
5.970034638732557e-09	-0.12801978	0.14014018	-0.9253391	0	0	0.38	4.1429047e-18
5.98004064269176e-09	-0.103250824	0.13026816	-0.92653376	0	0	0.38	3.7981214e-18
5.990014482224523e-09	-0.08882829	0.1330917	-0.92924374	0	0	0.38	3.901212e-18
6.000042812352676e-09	-0.06410721	0.11080572	-0.927646	0	0	0.38	4.2072217e-18
6.01001335528059e-09	-0.06608751	0.10529809	-0.93231714	0	0	0.38	4.7357012e-18
6.0200296031507175e-09	-0.07288721	0.11860149	-0.92539525	0	0	0.38	4.543615e-18
6.030050314449005e-09	-0.08432797	0.11203717	-0.92561996	0	0	0.38	4.081085e-18
6.040028344298871e-09	-0.06395791	0.11557723	-0.92810184	0	0	0.38	4.042213e-18
6.050030126208303e-09	-0.06224953	0.11730435	-0.92544127	0	0	0.38	4.9008722e-18
6.060062218312212e-09	-0.0423849	0.11650574	-0.92645234	0	0	0.38	5.0640084e-18
6.0700612102505615e-09	-0.022648955	0.10719393	-0.9328915	0	0	0.38	4.760162e-18
6.080018692939868e-09	-0.028387036	0.11162476	-0.93362373	0	0	0.38	4.794812e-18
6.090046162381129e-09	-0.029676445	0.10627138	-0.93981594	0	0	0.38	5.268617e-18
6.100001815037025e-09	-0.033959035	0.10182921	-0.9384074	0	0	0.38	4.8611614e-18
6.11001693937211e-09	-0.04184923	0.08463438	-0.93841285	0	0	0.38	4.6704243e-18
6.120048168921613e-09	-0.054897383	0.0989878	-0.941858	0	0	0.38	5.0025323e-18
6.1300544622977174e-09	-0.046497107	0.08959331	-0.942152	0	0	0.38	3.9486252e-18
6.1400591564298e-09	-0.04969422	0.08968052	-0.93951005	0	0	0.38	4.711246e-18
6.15001450756621e-09	-0.042494826	0.08282946	-0.94151527	0	0	0.38	5.1130093e-18
6.160030367741785e-09	-0.025019307	0.068028785	-0.9415405	0	0	0.38	4.4799887e-18
6.1700460019290975e-09	-0.029587654	0.05330013	-0.94229996	0	0	0.38	4.3599218e-18
6.1800052508981475e-09	-0.02877991	0.04621928	-0.94489044	0	0	0.38	4.525803e-18
6.1900418762132134e-09	-0.018445875	0.03914775	-0.94778866	0	0	0.38	4.5430298e-18
6.200043218349308e-09	-0.025083706	0.03837142	-0.9527824	0	0	0.38	5.2776005e-18
6.210002141372468e-09	-0.042640418	0.051308844	-0.949758	0	0	0.38	4.688071e-18
6.220047011845719e-09	-0.03698019	0.05772437	-0.9486266	0	0	0.38	5.0818474e-18
6.2300582973016464e-09	-0.027019134	0.069571376	-0.9503438	0	0	0.38	3.7367847e-18
6.240019929278637e-09	-0.020327616	0.07780246	-0.95179343	0	0	0.38	4.192875e-18
6.250029346232261e-09	-0.005970295	0.069568284	-0.9502947	0	0	0.38	4.745098e-18
6.260062027296148e-09	-0.021305922	0.063097514	-0.95095056	0	0	0.38	3.577176e-18
6.270040035373267e-09	-0.011297914	0.052990664	-0.9452389	0	0	0.38	5.0464515e-18
6.280004604006301e-09	-0.014855292	0.067473955	-0.94699204	0	0	0.38	4.3567603e-18
6.290065215438965e-09	-0.006338162	0.07418551	-0.9512639	0	0	0.38	3.8358036e-18
6.300024915210688e-09	-0.020530218	0.0735026	-0.9527622	0	0	0.38	4.8017814e-18
6.310059838667564e-09	-0.005326652	0.08098305	-0.9517528	0	0	0.38	4.396754e-18
6.320037980012558e-09	-0.0016452714	0.091966264	-0.9498293	0	0	0.38	4.046679e-18
6.330050378207782e-09	-0.001049643	0.07578352	-0.95013577	0	0	0.38	3.886096e-18
6.340020749214392e-09	-0.0039413036	0.07820582	-0.9492101	0	0	0.38	4.787984e-18
6.350017238951927e-09	-0.012092055	0.08000569	-0.9471868	0	0	0.38	4.184822e-18
6.360012510670493e-09	0.012688706	0.0896781	-0.9489037	0	0	0.38	4.3903682e-18
6.370058336738564e-09	0.020352574	0.06761764	-0.9506286	0	0	0.38	4.0752124e-18
6.3800558425986264e-09	0.0049417573	0.0397593	-0.94735193	0	0	0.38	3.8757254e-18
6.390009103610933e-09	-0.0052685267	0.056255654	-0.9451761	0	0	0.38	5.5101727e-18
6.400049086001489e-09	0.0016035035	0.06794149	-0.9497628	0	0	0.38	3.6658e-18
6.410058123249184e-09	0.0006194076	0.0933707	-0.9448839	0	0	0.38	4.1142835e-18
6.420063829974245e-09	0.006839252	0.10125009	-0.94504094	0	0	0.38	4.340377e-18
6.430000546666771e-09	0.023774661	0.10101953	-0.941122	0	0	0.38	4.640333e-18
6.4400040841798165e-09	0.02822215	0.09793479	-0.94014215	0	0	0.38	5.027314e-18
6.4500495027889155e-09	0.031363845	0.089863874	-0.94120187	0	0	0.38	4.408478e-18
6.460006903446876e-09	0.028693136	0.08074938	-0.94086903	0	0	0.38	5.1807736e-18
6.47000210786803e-09	0.031957164	0.06713319	-0.94048333	0	0	0.38	3.0454761e-18
6.480035352436266e-09	0.034916695	0.06572207	-0.94086117	0	0	0.38	5.229666e-18
6.4900266009054624e-09	0.028017262	0.056526557	-0.9435817	0	0	0.38	4.293135e-18
6.500058262142996e-09	0.0061938176	0.08144444	-0.9453758	0	0	0.38	4.873581e-18
6.510051952485334e-09	0.009360248	0.10243442	-0.945493	0	0	0.38	5.1717933e-18
6.520058080263344e-09	0.03771882	0.09968366	-0.9431748	0	0	0.38	4.388489e-18
6.530003144022435e-09	0.057190105	0.092943124	-0.94098914	0	0	0.38	4.404645e-18
6.540024213474686e-09	0.09425833	0.079084694	-0.93699324	0	0	0.38	4.2533437e-18
6.550005636992177e-09	0.094336085	0.053001095	-0.94512516	0	0	0.38	4.063246e-18
6.560063497484211e-09	0.05987356	0.059287645	-0.95087796	0	0	0.38	3.810903e-18
6.570003635591396e-09	0.052753255	0.06896426	-0.94916195	0	0	0.38	4.235618e-18
6.580022834335301e-09	0.03574539	0.0642789	-0.94777465	0	0	0.38	4.568046e-18
6.59001905101137e-09	0.03818415	0.06700296	-0.9520959	0	0	0.38	3.3046422e-18
6.600044935133311e-09	0.044767343	0.055361815	-0.9528301	0	0	0.38	4.9357524e-18
6.610050997242359e-09	0.058539208	0.025047518	-0.9522927	0	0	0.38	3.5418153e-18
6.620057506580339e-09	0.074535914	-0.004618204	-0.95019263	0	0	0.38	4.1495354e-18
6.630043567829188e-09	0.078981675	-0.025711754	-0.95288324	0	0	0.38	3.695454e-18
6.6400407603965775e-09	0.0692259	-0.037872713	-0.95224226	0	0	0.38	4.2053134e-18
6.650060403464815e-09	0.057252094	-0.03741714	-0.954914	0	0	0.38	5.322436e-18
6.6600333456238345e-09	0.04416435	-0.03460699	-0.95920926	0	0	0.38	4.6883555e-18
6.670009034867636e-09	0.03790952	-0.036361333	-0.9597409	0	0	0.38	4.6071148e-18
6.680024841707194e-09	0.04881592	-0.033076923	-0.95679224	0	0	0.38	3.1378821e-18
6.6900142123782014e-09	0.05276451	-0.052178826	-0.95214754	0	0	0.38	4.2412036e-18
6.700031414775687e-09	0.047982093	-0.056911614	-0.9527265	0	0	0.38	4.2759323e-18
6.710045585997417e-09	0.05041898	-0.044684533	-0.95082057	0	0	0.38	4.928073e-18
6.7200039781955674e-09	0.054071583	-0.046556883	-0.9517229	0	0	0.38	4.672694e-18
6.730022409585997e-09	0.0533034	-0.028228713	-0.95194346	0	0	0.38	5.5330694e-18
6.740029328885773e-09	0.05816001	-0.024227189	-0.95283395	0	0	0.38	4.765872e-18
6.7500392905921814e-09	0.06385248	-0.038354535	-0.9531742	0	0	0.38	4.857237e-18
6.760016011341636e-09	0.044646062	-0.02470362	-0.95781434	0	0	0.38	4.608617e-18
6.770005788205199e-09	0.022809952	-0.024868548	-0.9548168	0	0	0.38	5.0452434e-18
6.780016994055752e-09	0.026802946	-0.035572577	-0.95640814	0	0	0.38	4.209978e-18
6.790058672510319e-09	0.027231423	-0.023659902	-0.95742255	0	0	0.38	3.7407535e-18
6.800025719252607e-09	0.03343991	-0.026460636	-0.9556692	0	0	0.38	4.879173e-18
6.810041070227832e-09	0.03406215	-0.03886866	-0.954498	0	0	0.38	4.0255456e-18
6.820050123301898e-09	0.032236733	-0.061996423	-0.9541958	0	0	0.38	3.8026386e-18
6.83004059739151e-09	0.0195242	-0.0749559	-0.95245206	0	0	0.38	4.005268e-18
6.840017203338128e-09	0.014767229	-0.090737	-0.94946176	0	0	0.38	4.70247e-18
6.850029148907336e-09	0.0029140788	-0.090300836	-0.9506674	0	0	0.38	3.738614e-18
6.860051279112651e-09	-0.007774636	-0.06422931	-0.95269203	0	0	0.38	4.7434217e-18
6.87002409008595e-09	-0.018365653	-0.04634477	-0.9524352	0	0	0.38	3.1805717e-18
6.880028998845807e-09	-0.0047032232	-0.01763955	-0.9485592	0	0	0.38	4.9712045e-18
6.89001053297239e-09	0.009254113	-0.031231126	-0.9478968	0	0	0.38	4.6409965e-18
6.900022314264047e-09	0.00040773102	-0.05319525	-0.9488992	0	0	0.38	4.5259274e-18
6.910032266092243e-09	-0.016662637	-0.07423973	-0.9492078	0	0	0.38	4.9465487e-18
6.920001509512203e-09	-0.037069526	-0.08567105	-0.9476995	0	0	0.38	4.1360917e-18
6.930025190291912e-09	-0.07784072	-0.06999867	-0.94609755	0	0	0.38	4.499765e-18
6.940004011683808e-09	-0.09382677	-0.053348094	-0.94330543	0	0	0.38	5.5476336e-18
6.950018054829933e-09	-0.08756942	-0.03274828	-0.94732153	0	0	0.38	3.9088614e-18
6.960015841322351e-09	-0.0833591	-0.011521095	-0.9490724	0	0	0.38	4.9078694e-18
6.970009490269068e-09	-0.07269671	-0.01915929	-0.9478659	0	0	0.38	4.9993254e-18
6.980021289800623e-09	-0.049498994	-0.04590083	-0.9475852	0	0	0.38	4.1532325e-18
6.990004571610738e-09	-0.05300396	-0.045203768	-0.9484459	0	0	0.38	4.0372084e-18
7.000033947105027e-09	-0.05162244	-0.060796715	-0.94647366	0	0	0.38	4.599291e-18
7.010009338900362e-09	-0.05820513	-0.059151314	-0.9508889	0	0	0.38	3.4954485e-18
7.020041192385645e-09	-0.0789569	-0.056409907	-0.94941646	0	0	0.38	3.5354498e-18
7.03002357882337e-09	-0.10566902	-0.023594247	-0.94442797	0	0	0.38	4.765642e-18
7.040025458276005e-09	-0.08638346	-0.00054959476	-0.9507728	0	0	0.38	5.1000052e-18
7.050059248954048e-09	-0.06321182	0.007618174	-0.95151055	0	0	0.38	3.9796623e-18
7.060063977737105e-09	-0.04146526	0.0069470997	-0.9539243	0	0	0.38	3.546806e-18
7.070026233468407e-09	-0.043741528	-0.0074018943	-0.9557181	0	0	0.38	4.7179843e-18
7.080015650706414e-09	-0.047052413	-0.0088820765	-0.9524645	0	0	0.38	4.2101177e-18
7.090052381747012e-09	-0.03693016	-0.018375589	-0.9497686	0	0	0.38	4.5414896e-18
7.1000268221258614e-09	-0.05261288	-0.008106125	-0.9456955	0	0	0.38	3.9147232e-18
7.1100060510272615e-09	-0.05728144	0.008801625	-0.94785	0	0	0.38	5.8631104e-18
7.120004338469262e-09	-0.05827294	0.027212176	-0.9475974	0	0	0.38	3.81044e-18
7.130028212873906e-09	-0.028228667	0.025434574	-0.94519675	0	0	0.38	4.080684e-18
7.1400588603862695e-09	-0.026838535	0.04440391	-0.9491111	0	0	0.38	3.8600797e-18
7.150059798820859e-09	-0.026856614	0.03950614	-0.94826096	0	0	0.38	5.0587037e-18
7.160021506514973e-09	-0.021180699	0.024356687	-0.9439069	0	0	0.38	3.793461e-18
7.170035264116567e-09	-0.024234373	-0.0042438493	-0.9426005	0	0	0.38	3.399733e-18
7.180036863877741e-09	-0.032223627	-0.011279469	-0.9451889	0	0	0.38	4.7511505e-18
7.1900522055378736e-09	-0.039898857	-0.0021997844	-0.94706184	0	0	0.38	4.707514e-18
7.200017054639255e-09	-0.04130808	0.0072692274	-0.94859016	0	0	0.38	4.4266244e-18
7.210052481888962e-09	-0.04073546	0.025260862	-0.94870025	0	0	0.38	5.5228753e-18
7.2200232556094305e-09	-0.028832253	0.028824642	-0.9509567	0	0	0.38	4.4057215e-18
7.230031087144878e-09	-0.027497472	0.024914924	-0.9475876	0	0	0.38	4.773635e-18
7.240021557094229e-09	-0.008922773	0.051323123	-0.95311785	0	0	0.38	4.1597536e-18
7.250002781514263e-09	0.0004888632	0.03121735	-0.9526277	0	0	0.38	5.4918237e-18
7.260043373178092e-09	-0.0068565556	0.030639961	-0.9508868	0	0	0.38	4.30898e-18
7.270018083749075e-09	0.0062543596	0.040366158	-0.946707	0	0	0.38	5.6890724e-18
7.280035254620494e-09	-0.01713831	0.02540073	-0.95097375	0	0	0.38	4.1178896e-18
7.290026542712361e-09	-0.023317924	0.031333018	-0.95001054	0	0	0.38	4.495304e-18
7.300033292924716e-09	-0.008011833	0.021683538	-0.95022666	0	0	0.38	3.8642383e-18
7.310030385686139e-09	-0.011434775	0.026037334	-0.94880486	0	0	0.38	4.134553e-18
7.320019468052233e-09	0.0062901666	0.03100126	-0.949543	0	0	0.38	4.2998345e-18
7.330018965810522e-09	0.015229298	0.03439588	-0.95186484	0	0	0.38	5.748444e-18
7.340047278514883e-09	0.012342999	0.023836076	-0.95642316	0	0	0.38	4.5609275e-18
7.350024772194436e-09	0.0051670508	0.0052960054	-0.95423174	0	0	0.38	4.7383242e-18
7.3600513398827134e-09	-0.01000673	-0.0018898913	-0.9565334	0	0	0.38	4.4503913e-18
7.37006023051542e-09	-0.014237927	-0.0003436933	-0.9564764	0	0	0.38	4.4939296e-18
7.380051071199353e-09	-0.007473471	-0.015805589	-0.9549989	0	0	0.38	3.684132e-18
7.390022058853546e-09	-0.01171382	-0.007711655	-0.95557815	0	0	0.38	4.599747e-18
7.400011859485746e-09	-0.0043642647	-0.010788492	-0.94950354	0	0	0.38	4.4029906e-18
7.410002986025075e-09	-0.009942582	-0.008878532	-0.94693387	0	0	0.38	4.6381928e-18
7.4200189816700605e-09	-0.0077063884	-0.0056713116	-0.94356936	0	0	0.38	5.207769e-18
7.4300615744134805e-09	-0.0006958255	-0.021239992	-0.94542783	0	0	0.38	3.910349e-18
7.4400069979554996e-09	0.0052274223	-0.047066726	-0.9493114	0	0	0.38	3.3976932e-18
7.450022058182519e-09	0.0016614877	-0.04593159	-0.94767565	0	0	0.38	4.7297704e-18
7.460047837430504e-09	0.014981763	-0.055883568	-0.94794863	0	0	0.38	4.242765e-18
7.470007040469968e-09	-0.011574746	-0.058384694	-0.95080805	0	0	0.38	4.535956e-18
7.480054229034121e-09	-0.022725571	-0.046528723	-0.951382	0	0	0.38	4.1350904e-18
7.490061526705183e-09	-0.011672674	-0.052065853	-0.9501308	0	0	0.38	4.7614373e-18
7.500001012700165e-09	-0.010536873	-0.05976163	-0.949184	0	0	0.38	4.0662784e-18
7.510066095407156e-09	-0.026575882	-0.041993782	-0.94649494	0	0	0.38	3.2737306e-18
7.520017091046644e-09	-0.043335266	-0.042566877	-0.94565946	0	0	0.38	4.4498764e-18
7.530036104035115e-09	-0.028286928	-0.0443121	-0.9516907	0	0	0.38	3.6517435e-18
7.540049361517598e-09	-0.03234847	-0.038331576	-0.9520698	0	0	0.38	4.9850904e-18
7.55004756854307e-09	-0.03328527	-0.036069494	-0.95507437	0	0	0.38	3.817417e-18
7.560010613529758e-09	-0.03250344	-0.032316394	-0.95267236	0	0	0.38	4.038159e-18
7.570002418284938e-09	-0.03209831	-0.01575651	-0.9499155	0	0	0.38	4.2697603e-18
7.58000962336724e-09	-0.03302197	0.0015203612	-0.9526282	0	0	0.38	3.6482098e-18
7.590046063062501e-09	-0.04387239	0.014602201	-0.9504814	0	0	0.38	5.001012e-18
7.600011778807147e-09	-0.031208722	0.019646918	-0.9503718	0	0	0.38	3.8579352e-18
7.610006611056113e-09	-0.028571105	0.036266338	-0.95182425	0	0	0.38	4.579508e-18
7.620064021227318e-09	-0.018728055	0.04766842	-0.9490699	0	0	0.38	4.205695e-18
7.63003748459078e-09	-0.029196993	0.045866206	-0.9503787	0	0	0.38	4.3815124e-18
7.640028893861807e-09	-0.014156778	0.0536864	-0.951236	0	0	0.38	4.7008132e-18
7.650064566066148e-09	-0.00799432	0.04450345	-0.95075506	0	0	0.38	4.8790504e-18
7.660028386911941e-09	-0.004310495	0.058810078	-0.95099586	0	0	0.38	4.074592e-18
7.670029156033843e-09	0.002476661	0.064404294	-0.952037	0	0	0.38	3.5400687e-18
7.680059589493325e-09	0.003387658	0.08420531	-0.9520937	0	0	0.38	3.8871157e-18
7.690062094552815e-09	-0.0012847661	0.09188894	-0.95153743	0	0	0.38	4.8542445e-18
7.700015475929098e-09	-0.0018492966	0.104839735	-0.94575924	0	0	0.38	4.7200816e-18
7.710042830803125e-09	-0.0039815055	0.09455942	-0.9467399	0	0	0.38	4.2442406e-18
7.720007614896257e-09	0.0036367148	0.10473596	-0.94326437	0	0	0.38	4.7012243e-18
7.730062011995563e-09	-0.005748979	0.1121097	-0.94223446	0	0	0.38	4.4419206e-18
7.740000293509102e-09	-0.025034131	0.11202537	-0.943102	0	0	0.38	5.214328e-18
7.750009850780391e-09	-0.02762617	0.123912886	-0.94327915	0	0	0.38	4.9248386e-18
7.76005292752817e-09	-0.015173261	0.13635443	-0.9437693	0	0	0.38	4.574546e-18
7.770024798360755e-09	0.005528537	0.1335019	-0.94395196	0	0	0.38	4.5237656e-18
7.78002023829416e-09	0.032860912	0.1273907	-0.9468902	0	0	0.38	5.100282e-18
7.790013205110418e-09	0.05015274	0.12568043	-0.9468258	0	0	0.38	4.2196865e-18
7.800002605838899e-09	0.04811681	0.13262291	-0.9426965	0	0	0.38	4.5453517e-18
7.81005000438511e-09	0.054354116	0.10445257	-0.94257087	0	0	0.38	4.491328e-18
7.82001905143874e-09	0.05144945	0.1031902	-0.94548863	0	0	0.38	4.0349986e-18
7.830058815452478e-09	0.041577272	0.0818949	-0.9415467	0	0	0.38	4.2881734e-18
7.840026182871685e-09	0.037114535	0.096381806	-0.93908685	0	0	0.38	4.9980205e-18
7.850059413740694e-09	0.04553253	0.0957256	-0.9378922	0	0	0.38	4.7891764e-18
7.860032038870502e-09	0.035713043	0.09476321	-0.9473566	0	0	0.38	3.8216803e-18
7.870062258496946e-09	0.04088445	0.097173005	-0.94680446	0	0	0.38	4.312692e-18
7.880036609109128e-09	0.06141689	0.077022366	-0.9463516	0	0	0.38	4.1175496e-18
7.890023637600041e-09	0.059685614	0.071089	-0.94922054	0	0	0.38	4.588528e-18
7.90005205639981e-09	0.08672041	0.062450115	-0.94937134	0	0	0.38	4.8449606e-18
7.910042585976976e-09	0.07955165	0.04538569	-0.9464935	0	0	0.38	4.951483e-18
7.920013600889034e-09	0.071254164	0.026774263	-0.9476195	0	0	0.38	4.2955866e-18
7.930001054189124e-09	0.070544094	0.052752204	-0.94674283	0	0	0.38	4.4645506e-18
7.940032334345021e-09	0.06985075	0.07068864	-0.94703096	0	0	0.38	5.067952e-18
7.950050771655328e-09	0.073153846	0.05964394	-0.94563067	0	0	0.38	4.441465e-18
7.960052452076371e-09	0.06891507	0.047686778	-0.95168453	0	0	0.38	4.7766756e-18
7.970046441463192e-09	0.0658857	0.05003588	-0.9530643	0	0	0.38	4.1840144e-18
7.980047229952595e-09	0.07788877	0.0443005	-0.9496728	0	0	0.38	3.9862396e-18
7.990035471159731e-09	0.074012816	0.042110886	-0.9467957	0	0	0.38	4.7995807e-18
8.000048379961379e-09	0.06753343	0.038727507	-0.9458554	0	0	0.38	4.2550092e-18
8.010066685057303e-09	0.078472085	0.038160108	-0.94867635	0	0	0.38	4.3291316e-18
8.020049826100684e-09	0.08389544	0.02640473	-0.94716465	0	0	0.38	4.394095e-18
8.0300261192375e-09	0.09152924	0.041193508	-0.9474098	0	0	0.38	4.3165965e-18
8.040007863467903e-09	0.106634416	0.02493891	-0.94705063	0	0	0.38	3.8553193e-18
8.050062411471927e-09	0.10072166	0.0020595372	-0.94881684	0	0	0.38	4.4747832e-18
8.060055489017244e-09	0.0996322	0.002864147	-0.9485082	0	0	0.38	5.074259e-18
8.07000036351547e-09	0.09207114	-0.0150946565	-0.9511083	0	0	0.38	4.567593e-18
8.080039574255793e-09	0.07484506	-0.026048679	-0.9511416	0	0	0.38	3.829405e-18
8.090060637430948e-09	0.067009576	-0.009917295	-0.94743645	0	0	0.38	4.260629e-18
8.100021533276364e-09	0.0516457	-0.016451253	-0.9410475	0	0	0.38	5.696268e-18
8.110027194365406e-09	0.044331294	-0.032086007	-0.9438033	0	0	0.38	4.6484544e-18
8.120055416783555e-09	0.04387042	-0.030245518	-0.9453485	0	0	0.38	4.7692074e-18
8.130028663445115e-09	0.056781486	-0.027685668	-0.9491093	0	0	0.38	4.7825263e-18
8.140005900968287e-09	0.06770011	-0.048825223	-0.94902134	0	0	0.38	4.740063e-18
8.150042713960697e-09	0.05755694	-0.059054993	-0.94944876	0	0	0.38	5.3119417e-18
8.160046328633247e-09	0.046462532	-0.05534879	-0.9495792	0	0	0.38	4.4442437e-18
8.170049693009611e-09	0.046831712	-0.06374124	-0.9530426	0	0	0.38	4.3343243e-18
8.180006872862155e-09	0.021796197	-0.04725874	-0.9524216	0	0	0.38	4.087289e-18
8.190035490439522e-09	0.013160759	-0.036869403	-0.9546293	0	0	0.38	4.3109332e-18
8.200054361812863e-09	0.018857101	-0.015736807	-0.95477057	0	0	0.38	4.9984084e-18
8.210017029017376e-09	0.0398511	-0.024617791	-0.9516576	0	0	0.38	4.494943e-18
8.220023443082643e-09	0.049082	-0.024663918	-0.95218694	0	0	0.38	3.75608e-18
8.230036338889566e-09	0.04475959	-0.025660684	-0.95253533	0	0	0.38	4.2488736e-18
8.240055443708335e-09	0.04369495	-0.050015084	-0.9526928	0	0	0.38	3.9001e-18
8.25002769956228e-09	0.04556049	-0.048477653	-0.94694364	0	0	0.38	4.9168774e-18
8.260022397631447e-09	0.041478097	-0.05255355	-0.9447968	0	0	0.38	4.0503933e-18
8.270046169867518e-09	0.032947302	-0.047399845	-0.9471019	0	0	0.38	4.895166e-18
8.280038803804946e-09	0.040763788	-0.025267994	-0.9463	0	0	0.38	4.373564e-18
8.290042645580587e-09	0.039606567	-0.0335048	-0.9468368	0	0	0.38	4.94353e-18
8.30001594430143e-09	0.03042967	-0.03598367	-0.9490857	0	0	0.38	4.946586e-18
8.310031393049998e-09	0.03544984	-0.037776794	-0.95252866	0	0	0.38	4.22473e-18
8.320019561196904e-09	0.03214923	-0.052544996	-0.9498322	0	0	0.38	4.9613404e-18
8.330037074341131e-09	0.017661976	-0.045282748	-0.9487828	0	0	0.38	4.0918383e-18
8.340023168010895e-09	0.011796124	-0.043361634	-0.9427577	0	0	0.38	4.379628e-18
8.35006281770935e-09	-0.002028827	-0.03998121	-0.94207734	0	0	0.38	4.037059e-18
8.360000157313277e-09	-0.017962998	-0.033130117	-0.9429748	0	0	0.38	5.5766325e-18
8.370051779551779e-09	-0.024631817	-0.011051902	-0.9431927	0	0	0.38	4.7312485e-18
8.380006275438083e-09	-0.03368567	0.00036755687	-0.9379384	0	0	0.38	3.2132226e-18
8.390011467413937e-09	-0.035229515	0.0064561227	-0.94123954	0	0	0.38	5.152326e-18
8.400046618797892e-09	-0.040786903	-0.0028576546	-0.94040984	0	0	0.38	4.709907e-18
8.410047208736173e-09	-0.043359105	-0.013601404	-0.9446718	0	0	0.38	4.51632e-18
8.420038317457395e-09	-0.057787374	-0.011270929	-0.94677544	0	0	0.38	4.185169e-18
8.43000933230791e-09	-0.057858586	0.0068584336	-0.9475938	0	0	0.38	4.8085357e-18
8.440008346465151e-09	-0.054821786	0.020777417	-0.95233035	0	0	0.38	4.120922e-18
8.450021657926247e-09	-0.055041965	0.034100052	-0.952399	0	0	0.38	3.7657286e-18
8.460051098839291e-09	-0.034782227	0.0351885	-0.95467854	0	0	0.38	4.4973582e-18
8.470061453586979e-09	-0.025602503	0.05087564	-0.9581497	0	0	0.38	4.4165415e-18
8.48002182527623e-09	-0.02577443	0.043966714	-0.9547779	0	0	0.38	4.4344507e-18
8.490018812729454e-09	-0.009014717	0.0445365	-0.9500439	0	0	0.38	3.923989e-18
8.500018765532824e-09	-0.0037597788	0.041997313	-0.9489301	0	0	0.38	4.6139886e-18
8.510031796009366e-09	-0.013617516	0.026135977	-0.9504408	0	0	0.38	4.9661356e-18
8.520024927574953e-09	-0.020234494	0.03397292	-0.9508986	0	0	0.38	3.5968634e-18
8.530006817523108e-09	-0.03085783	0.029860701	-0.9487651	0	0	0.38	5.0234612e-18
8.540000526306844e-09	-0.044850353	0.009101999	-0.943674	0	0	0.38	3.538787e-18
8.550038604148815e-09	-0.054556455	0.021976465	-0.9452148	0	0	0.38	4.8344066e-18
8.560035459721802e-09	-0.052621033	0.014915922	-0.94688904	0	0	0.38	3.8028777e-18
8.570027216485045e-09	-0.051262476	0.018740017	-0.9465796	0	0	0.38	5.6585565e-18
8.580020672335606e-09	-0.043947976	0.025060805	-0.94096065	0	0	0.38	4.505059e-18
8.590019688672601e-09	-0.035457086	0.03641254	-0.93975395	0	0	0.38	5.3557364e-18
8.600004593476337e-09	-0.02565009	0.02285522	-0.939617	0	0	0.38	4.525477e-18
8.610025236925566e-09	-0.053409193	0.016561704	-0.9409177	0	0	0.38	4.0543476e-18
8.620008173847975e-09	-0.07737599	0.016056618	-0.9418822	0	0	0.38	3.6677585e-18
8.630008667271217e-09	-0.0732231	0.033914443	-0.9436162	0	0	0.38	4.6052065e-18
8.64006579961708e-09	-0.083052196	0.04807538	-0.9428397	0	0	0.38	4.384916e-18
8.650052689576621e-09	-0.0816863	0.05174044	-0.94446445	0	0	0.38	4.7785715e-18
8.66003175108053e-09	-0.07378657	0.056354363	-0.94704	0	0	0.38	4.8075894e-18
8.670032062971516e-09	-0.05505932	0.05870326	-0.9462641	0	0	0.38	3.9288573e-18
8.680060885751358e-09	-0.052275464	0.048622962	-0.9494477	0	0	0.38	4.4701585e-18
8.69004419213586e-09	-0.044892907	0.04711756	-0.9556931	0	0	0.38	4.390893e-18
8.700036866096658e-09	-0.04405965	0.055259835	-0.9542758	0	0	0.38	3.9320667e-18
8.710062186544053e-09	-0.05483932	0.06719454	-0.9507417	0	0	0.38	4.4596777e-18
8.720019354984847e-09	-0.049753275	0.06190297	-0.95338506	0	0	0.38	3.8056516e-18
8.730020473652447e-09	-0.040957212	0.08152511	-0.9514338	0	0	0.38	4.945923e-18
8.740042418160222e-09	-0.02733319	0.07820445	-0.9507783	0	0	0.38	4.8250897e-18
8.750028401240675e-09	-0.0234165	0.07458233	-0.950629	0	0	0.38	3.7071294e-18
8.760006942350975e-09	-0.041275907	0.078833334	-0.94889015	0	0	0.38	4.319417e-18
8.770055890742636e-09	-0.034548298	0.08648717	-0.94640964	0	0	0.38	4.3717844e-18
8.780053200331777e-09	-0.029230112	0.07393586	-0.94768345	0	0	0.38	3.6370197e-18
8.790004281517891e-09	-0.014302755	0.06890689	-0.94568723	0	0	0.38	4.9179593e-18
8.800025066525747e-09	-0.016846465	0.07863125	-0.94862074	0	0	0.38	5.5000608e-18
8.810006212476487e-09	0.00041606274	0.0675439	-0.950459	0	0	0.38	4.191148e-18
8.820045052148273e-09	0.019962074	0.06377869	-0.95131946	0	0	0.38	4.44857e-18
8.830002397272621e-09	0.02175699	0.0623797	-0.95141965	0	0	0.38	4.159359e-18
8.84004134502389e-09	0.025327692	0.06639364	-0.95423084	0	0	0.38	4.532709e-18
8.850066231953975e-09	0.038922504	0.044778574	-0.95937616	0	0	0.38	3.6806787e-18
8.86002633135227e-09	0.05517513	0.032526027	-0.9526231	0	0	0.38	4.2979424e-18
8.870040482997927e-09	0.06266326	0.031628463	-0.9559104	0	0	0.38	4.9202473e-18
8.880055982216454e-09	0.052129302	0.035344735	-0.95571864	0	0	0.38	5.1610776e-18
8.890022712933648e-09	0.06000729	0.01624864	-0.95778143	0	0	0.38	4.864845e-18
8.900066457696629e-09	0.06456734	0.035798855	-0.9538651	0	0	0.38	4.0560355e-18
8.910012586741187e-09	0.06571464	0.027686631	-0.95325744	0	0	0.38	5.3796212e-18
8.9200287470962e-09	0.070661336	0.015217418	-0.95369166	0	0	0.38	4.2832967e-18
8.930048184706774e-09	0.073313676	0.004704734	-0.95164067	0	0	0.38	4.954864e-18
8.940047335083648e-09	0.08032071	0.001823841	-0.9537978	0	0	0.38	4.499185e-18
8.950009630588552e-09	0.07379549	-0.007188449	-0.9565828	0	0	0.38	3.54365e-18
8.960056884913745e-09	0.06893971	-0.028206069	-0.95603603	0	0	0.38	4.7057854e-18
8.970030748838242e-09	0.0711428	-0.024341235	-0.9507256	0	0	0.38	5.166333e-18
8.980060435495471e-09	0.06599736	-0.017162275	-0.9499411	0	0	0.38	3.875771e-18
8.99001069515949e-09	0.06354802	-0.029906483	-0.94621545	0	0	0.38	4.09147e-18
9.000043452118518e-09	0.06728431	-0.03598416	-0.9481234	0	0	0.38	3.3252503e-18
9.010056583408531e-09	0.06387644	-0.043000586	-0.9509628	0	0	0.38	4.729551e-18
9.020014450023935e-09	0.05758635	-0.050307542	-0.9509721	0	0	0.38	4.0310666e-18
9.030020763741705e-09	0.0558627	-0.048340026	-0.9517136	0	0	0.38	3.906891e-18
9.040008259570937e-09	0.049033903	-0.037585948	-0.9529512	0	0	0.38	5.609798e-18
9.050001510595641e-09	0.05776422	-0.03560156	-0.9517025	0	0	0.38	4.3334826e-18
9.060030723182853e-09	0.05418926	-0.02210402	-0.9494324	0	0	0.38	4.068407e-18
9.070046653315339e-09	0.06488711	-0.034495473	-0.94909066	0	0	0.38	3.94663e-18
9.080015485666968e-09	0.050062362	-0.04600662	-0.9498703	0	0	0.38	3.906536e-18
9.090000571758275e-09	0.05388773	-0.06259111	-0.9521737	0	0	0.38	3.3281426e-18
9.100005123709447e-09	0.036718227	-0.0675855	-0.9541441	0	0	0.38	2.8070149e-18
9.110061044838364e-09	0.033883978	-0.07281884	-0.95414454	0	0	0.38	4.1375123e-18
9.120020824808996e-09	0.023581214	-0.07730322	-0.9584155	0	0	0.38	4.132842e-18
9.13004116651712e-09	0.019223845	-0.063451916	-0.95496327	0	0	0.38	4.2091e-18
9.140005142138577e-09	0.03723709	-0.06681621	-0.9489122	0	0	0.38	3.922045e-18
9.150022433269586e-09	0.020673474	-0.0608125	-0.9541287	0	0	0.38	3.4523758e-18
9.160014014730509e-09	0.007123616	-0.0735197	-0.9527381	0	0	0.38	4.814462e-18
9.170059430813589e-09	-0.012360695	-0.07972867	-0.9518788	0	0	0.38	3.772982e-18
9.180048662496892e-09	-0.013689182	-0.08149195	-0.95222825	0	0	0.38	4.6271363e-18
9.190050697702792e-09	-0.03444257	-0.089153536	-0.9526603	0	0	0.38	3.8202145e-18
9.200044318862218e-09	-0.036096964	-0.07064543	-0.952248	0	0	0.38	4.901621e-18
9.210006945602335e-09	-0.030878283	-0.05281705	-0.94910854	0	0	0.38	4.19932e-18
9.220032446717212e-09	-0.007212006	-0.027969504	-0.9521418	0	0	0.38	4.072994e-18
9.230056286500926e-09	-0.0012106284	-0.02773725	-0.95142806	0	0	0.38	4.3028968e-18
9.24004159066171e-09	0.0007998708	-0.05308217	-0.9474461	0	0	0.38	4.215754e-18
9.250031669223035e-09	0.0014553998	-0.058912136	-0.9475705	0	0	0.38	4.199962e-18
9.260027205044677e-09	-0.021216106	-0.068151854	-0.9512549	0	0	0.38	4.543124e-18
9.270005125631908e-09	-0.015193859	-0.054171126	-0.9534498	0	0	0.38	5.081733e-18
9.280014220737961e-09	-0.0297285	-0.041940864	-0.9537176	0	0	0.38	3.8621514e-18
9.290030146976608e-09	-0.033232518	-0.028111298	-0.95093346	0	0	0.38	5.224064e-18
9.300037105035774e-09	-0.03539073	-0.003786367	-0.94800013	0	0	0.38	3.903696e-18
9.310034037624778e-09	-0.028491437	-0.0058103814	-0.94899446	0	0	0.38	5.179994e-18
9.320030133795787e-09	-0.039116617	-0.023464635	-0.94586647	0	0	0.38	4.22957e-18
9.330014976635127e-09	-0.071305804	-0.037757266	-0.9465822	0	0	0.38	4.9324557e-18
9.340007358112595e-09	-0.072539516	-0.050880756	-0.9460437	0	0	0.38	3.706834e-18
9.350001866495233e-09	-0.08937789	-0.03919127	-0.9414825	0	0	0.38	5.306948e-18
9.360043494898787e-09	-0.1333683	-0.018696917	-0.94318295	0	0	0.38	4.482397e-18
9.370053658274551e-09	-0.12547074	0.012790703	-0.9414175	0	0	0.38	4.3880178e-18
9.38002948404349e-09	-0.11617733	0.022456532	-0.9433957	0	0	0.38	4.68872e-18
9.390044222724553e-09	-0.12595336	0.04284081	-0.9437802	0	0	0.38	4.8230627e-18
9.40002629379993e-09	-0.11842513	0.035978623	-0.94291306	0	0	0.38	4.5593774e-18
9.410046638802053e-09	-0.112512	0.019239776	-0.9463486	0	0	0.38	4.5057752e-18
9.420042062497209e-09	-0.08703632	0.042834964	-0.9496207	0	0	0.38	5.007214e-18
9.43000601806839e-09	-0.07518173	0.025305988	-0.9520235	0	0	0.38	4.0298014e-18
9.440041038084484e-09	-0.081495	0.024328312	-0.94708055	0	0	0.38	4.8093216e-18
9.450064377767988e-09	-0.08722114	0.026612531	-0.94661665	0	0	0.38	4.9908505e-18
9.460062483447823e-09	-0.082957536	0.02518079	-0.9424104	0	0	0.38	5.0974182e-18
9.470006824624315e-09	-0.07704828	0.016445326	-0.94617814	0	0	0.38	4.0884477e-18
9.480012565301413e-09	-0.061322838	0.029318368	-0.94638205	0	0	0.38	3.671992e-18
9.490008444892124e-09	-0.04453938	0.036152054	-0.94308424	0	0	0.38	3.5490945e-18
9.500064566921914e-09	-0.051716693	0.033921413	-0.9458863	0	0	0.38	4.2768695e-18
9.510052249825226e-09	-0.044568546	0.026296165	-0.9482417	0	0	0.38	4.321474e-18
9.520040461626607e-09	-0.03770077	0.0053741084	-0.9512919	0	0	0.38	4.285203e-18
9.530003614926543e-09	-0.0520191	0.01458153	-0.9527174	0	0	0.38	3.578251e-18
9.540014953548691e-09	-0.063199304	0.022561027	-0.94792813	0	0	0.38	4.459794e-18
9.550049224229973e-09	-0.05791493	0.03703633	-0.9480769	0	0	0.38	3.4258649e-18
9.56001200720302e-09	-0.066410944	0.029898796	-0.9471622	0	0	0.38	5.447815e-18
9.570061888650265e-09	-0.058456324	0.053713795	-0.950422	0	0	0.38	5.548322e-18
9.58003856831813e-09	-0.04296315	0.05185627	-0.9483354	0	0	0.38	5.2285553e-18
9.590015464856453e-09	-0.051050153	0.05861101	-0.947301	0	0	0.38	4.125441e-18
9.60005005084193e-09	-0.035595167	0.07534571	-0.9441752	0	0	0.38	4.5438946e-18
9.610046988150864e-09	-0.016093047	0.063629024	-0.9451568	0	0	0.38	3.608067e-18
9.620000304218943e-09	-0.026279753	0.054972276	-0.9493851	0	0	0.38	4.4129387e-18
9.630023878657342e-09	-0.039185025	0.056292694	-0.94989556	0	0	0.38	3.50981e-18
9.64000431443856e-09	-0.042556763	0.060900442	-0.94801456	0	0	0.38	4.5414954e-18
9.650040132643235e-09	-0.04847672	0.07460414	-0.947454	0	0	0.38	4.8186857e-18
9.660010968185315e-09	-0.05067491	0.10049584	-0.94733626	0	0	0.38	4.2435242e-18
9.67000162609126e-09	-0.04605628	0.115637936	-0.94568324	0	0	0.38	5.156157e-18
9.68003619428792e-09	-0.02170415	0.12955269	-0.94373626	0	0	0.38	3.8052397e-18
9.690011462124028e-09	-0.016232092	0.112697035	-0.9451462	0	0	0.38	3.8693586e-18
9.700003468111408e-09	-0.015457636	0.08290098	-0.9449918	0	0	0.38	5.4199703e-18
9.710024239399946e-09	-0.022957575	0.06964792	-0.94242686	0	0	0.38	4.7329777e-18
9.720056455597064e-09	-0.02703692	0.08756026	-0.9408094	0	0	0.38	4.462966e-18
9.730010376277613e-09	-0.021573696	0.1024194	-0.93927366	0	0	0.38	4.487409e-18
9.740053794697243e-09	-0.027134761	0.095373444	-0.9414927	0	0	0.38	5.611939e-18
9.75000373306567e-09	-0.034024604	0.10122179	-0.938687	0	0	0.38	4.4132724e-18
9.760053682221404e-09	-0.03840617	0.09845472	-0.9387434	0	0	0.38	4.4336037e-18
9.77001974731632e-09	-0.022100136	0.079147905	-0.9393037	0	0	0.38	5.2005267e-18
9.780008968295342e-09	-0.015504931	0.08345686	-0.9440198	0	0	0.38	4.581297e-18
9.790017201106947e-09	0.0035966805	0.09022122	-0.9402062	0	0	0.38	4.3218342e-18
9.800003042334422e-09	-0.0017911078	0.08864798	-0.9357775	0	0	0.38	4.2027045e-18
9.810030869660952e-09	0.018405879	0.09419752	-0.9381161	0	0	0.38	3.556581e-18
9.820028278958213e-09	0.0073418804	0.10073418	-0.9387489	0	0	0.38	5.543205e-18
9.830046416603475e-09	-0.008787471	0.113995396	-0.9399753	0	0	0.38	4.21356e-18
9.840044693578228e-09	-0.0055567245	0.13538823	-0.9415493	0	0	0.38	3.808734e-18
9.850012458491794e-09	0.002883789	0.13230214	-0.94166964	0	0	0.38	4.7842737e-18
9.860027946740323e-09	0.0070509794	0.11263465	-0.9402533	0	0	0.38	3.9952662e-18
9.870037886448163e-09	0.009344235	0.11239173	-0.93831825	0	0	0.38	4.726168e-18
9.88004330727812e-09	0.014572491	0.11016332	-0.9364638	0	0	0.38	4.165427e-18
9.890018733929533e-09	0.020383788	0.09811346	-0.93791395	0	0	0.38	4.279902e-18
9.900005350238538e-09	0.031053416	0.10160492	-0.93776596	0	0	0.38	4.317927e-18
9.910001676523984e-09	0.04370466	0.09558027	-0.9369793	0	0	0.38	4.707521e-18
9.920036849913688e-09	0.062167253	0.09410454	-0.93767476	0	0	0.38	3.8103653e-18
9.93002824877018e-09	0.062114518	0.10249209	-0.93574333	0	0	0.38	3.758928e-18
9.940022005606502e-09	0.086206846	0.10730229	-0.9368097	0	0	0.38	4.7360813e-18
9.950003875293474e-09	0.10121904	0.09447652	-0.9356883	0	0	0.38	3.8748933e-18
9.960011085849825e-09	0.112823546	0.07806998	-0.93776566	0	0	0.38	3.7696614e-18
9.9700463346312e-09	0.1271146	0.081324704	-0.9383364	0	0	0.38	4.9601137e-18
9.980014333181002e-09	0.13113087	0.0650888	-0.93992263	0	0	0.38	3.7140463e-18
9.9900174266768e-09	0.1272722	0.048254628	-0.93969065	0	0	0.38	4.2574043e-18
1e-08	0.13016047	0.063652	-0.93798214	0	0	0.38	5.3210316e-18
