# t (s)	mx ()	my ()	mz ()	B_extx (T)	B_exty (T)	B_extz (T)	E_total (J)
0	0	0	-1	0	0	0.39	1.17474e-18
1.0019189756274976e-11	0.0033609245	0.009302013	-0.9750384	0	0	0.39	4.416429e-18
2.0032111568987427e-11	0.015244012	0.019325895	-0.9692835	0	0	0.39	5.0045076e-18
3.0029787187238366e-11	0.019861266	0.037648745	-0.9684053	0	0	0.39	4.800345e-18
4.0043841677581915e-11	0.017815575	0.039036177	-0.967455	0	0	0.39	4.5772047e-18
5.005267250405387e-11	0.020095142	0.045725558	-0.9645109	0	0	0.39	4.7958364e-18
6.00637539773883e-11	0.020446641	0.043186765	-0.9619677	0	0	0.39	4.514053e-18
7.004293335664868e-11	0.00014628096	0.025353152	-0.96135515	0	0	0.39	4.357025e-18
8.002613545478955e-11	-0.0024307584	0.022717727	-0.95953566	0	0	0.39	3.94806e-18
9.000660760373895e-11	0.0010915842	0.031282306	-0.9610752	0	0	0.39	4.2110644e-18
1.0001743314097539e-10	0.010394632	0.03174667	-0.9617896	0	0	0.39	5.1422216e-18
1.1004083517179696e-10	0.009940448	0.03135356	-0.958423	0	0	0.39	4.506611e-18
1.2005084547277966e-10	0.024898116	0.02331767	-0.9606994	0	0	0.39	3.4774946e-18
1.3001359001939146e-10	0.017129077	0.020687718	-0.9602224	0	0	0.39	4.5463724e-18
1.4005749866517814e-10	0.02327534	0.022618378	-0.95956165	0	0	0.39	5.0788927e-18
1.5002481114804877e-10	0.02094172	0.018108355	-0.9562046	0	0	0.39	4.279657e-18
1.6004835840117968e-10	-0.00076365354	0.019530855	-0.95478845	0	0	0.39	4.0803992e-18
1.7002491924064496e-10	-0.0055962503	0.024347644	-0.9572617	0	0	0.39	5.0815674e-18
1.800213780868447e-10	0.0024215835	0.028870171	-0.9599716	0	0	0.39	5.011093e-18
1.9004779637627642e-10	0.021303717	0.022550186	-0.9591704	0	0	0.39	4.3263403e-18
2.0000694667971269e-10	0.03589413	0.012705776	-0.96145374	0	0	0.39	4.12111e-18
2.100515226085313e-10	0.02869023	0.008955749	-0.9612818	0	0	0.39	5.7914455e-18
2.2001547656489659e-10	0.02231598	0.013717698	-0.9612897	0	0	0.39	3.6579155e-18
2.3000040490647436e-10	0.024080882	0.008139565	-0.95981574	0	0	0.39	5.158159e-18
2.400015971019696e-10	0.025704755	-0.0031377047	-0.95722145	0	0	0.39	4.3416915e-18
2.500067106835706e-10	0.031141363	-0.0059089637	-0.95301753	0	0	0.39	4.975039e-18
2.6004626212228177e-10	0.034794588	-0.013290489	-0.95675117	0	0	0.39	3.3601737e-18
2.7005643492517907e-10	0.046418514	-0.021100061	-0.94965243	0	0	0.39	4.0447217e-18
2.8004590246399994e-10	0.06159461	-0.015209908	-0.95008093	0	0	0.39	5.6819247e-18
2.9003402423463105e-10	0.061464343	-0.0124809705	-0.95050097	0	0	0.39	4.875294e-18
3.0003609143289746e-10	0.049720652	-0.03400785	-0.9544245	0	0	0.39	4.92548e-18
3.1006366290162797e-10	0.057603747	-0.035831302	-0.9568144	0	0	0.39	4.252849e-18
3.200070925586086e-10	0.054984502	-0.047494967	-0.9516892	0	0	0.39	4.57446e-18
3.3005267889462625e-10	0.051921807	-0.05728116	-0.95162964	0	0	0.39	4.7690664e-18
3.400499920498245e-10	0.04426744	-0.06451367	-0.9509342	0	0	0.39	5.0374948e-18
3.5002367210237063e-10	0.045456707	-0.052456364	-0.95197374	0	0	0.39	5.264791e-18
3.6001558634248166e-10	0.040749535	-0.05660009	-0.95509374	0	0	0.39	4.8162566e-18
3.7005311630695917e-10	0.028325645	-0.0718994	-0.95554924	0	0	0.39	4.407337e-18
3.8004269387822436e-10	0.021251779	-0.07134884	-0.95525867	0	0	0.39	5.154921e-18
3.9006283515560933e-10	0.010960966	-0.09970315	-0.9485771	0	0	0.39	4.8156023e-18
4.0000480934485076e-10	0.0090426095	-0.09956173	-0.94502145	0	0	0.39	4.61474e-18
4.10030609170693e-10	-0.0020131816	-0.10886434	-0.94408005	0	0	0.39	4.5985257e-18
4.2005618290374996e-10	-0.0072761015	-0.102971666	-0.94643825	0	0	0.39	4.82666e-18
4.3003143791741e-10	-0.025716253	-0.108607136	-0.9426872	0	0	0.39	3.5702476e-18
4.400130835036084e-10	-0.014284805	-0.09410085	-0.9446608	0	0	0.39	4.5239897e-18
4.500124327641049e-10	-0.015456792	-0.09820685	-0.9404849	0	0	0.39	5.1667968e-18
4.600166176524581e-10	-0.024564277	-0.09979431	-0.9459593	0	0	0.39	4.2208665e-18
4.70001550485092e-10	-0.03265595	-0.11296245	-0.94486076	0	0	0.39	4.488413e-18
4.800039699776825e-10	-0.043067414	-0.099652275	-0.9405576	0	0	0.39	5.0260557e-18
4.900054663669958e-10	-0.043971535	-0.094036594	-0.9433173	0	0	0.39	5.062788e-18
5.000651663784779e-10	-0.05772495	-0.09245826	-0.9416253	0	0	0.39	5.151842e-18
5.100066350810636e-10	-0.051502354	-0.08827113	-0.94080836	0	0	0.39	4.670882e-18
5.200009269392861e-10	-0.03689559	-0.085523315	-0.93528664	0	0	0.39	5.538234e-18
5.300371084132161e-10	-0.032128178	-0.10411767	-0.93920934	0	0	0.39	3.7993018e-18
5.400168028892772e-10	-0.026580177	-0.09915197	-0.94043547	0	0	0.39	4.729307e-18
5.500645111917793e-10	-0.029192306	-0.09730533	-0.94196135	0	0	0.39	5.1815313e-18
5.600329964964203e-10	-0.026461199	-0.110839695	-0.9406992	0	0	0.39	4.426038e-18
5.700064216647746e-10	-0.030724784	-0.11713676	-0.9372286	0	0	0.39	4.9186517e-18
5.800571020355854e-10	-0.022389613	-0.09829384	-0.9396324	0	0	0.39	5.0172016e-18
5.900083543518697e-10	-0.018910723	-0.08936269	-0.933638	0	0	0.39	4.255139e-18
6.000401914946312e-10	-0.013288277	-0.082507595	-0.9333566	0	0	0.39	4.4600698e-18
6.10057562102697e-10	-0.013842949	-0.07750704	-0.9305287	0	0	0.39	4.190337e-18
6.200590029694458e-10	-0.0038170228	-0.093115956	-0.9287777	0	0	0.39	4.7034883e-18
6.300646489144814e-10	-0.027938621	-0.07889604	-0.93073124	0	0	0.39	5.347315e-18
6.400584006225282e-10	-0.039180517	-0.09005672	-0.9349254	0	0	0.39	4.9702843e-18
6.500242493659164e-10	-0.037281133	-0.07914671	-0.9388987	0	0	0.39	5.3344406e-18
6.600166712827102e-10	-0.038477518	-0.080834486	-0.941137	0	0	0.39	4.269565e-18
6.700316321490095e-10	-0.041933443	-0.068919845	-0.9401122	0	0	0.39	3.782893e-18
6.800380176439886e-10	-0.042487178	-0.05497132	-0.9435414	0	0	0.39	4.3333395e-18
6.900365042260183e-10	-0.034056004	-0.037086707	-0.94301504	0	0	0.39	4.127796e-18
7.000424569700515e-10	-0.0274545	-0.035969373	-0.9446189	0	0	0.39	5.1093023e-18
7.100641519637866e-10	-0.01238329	-0.057995927	-0.9402871	0	0	0.39	3.994968e-18
7.200227725425717e-10	-0.030739354	-0.042761475	-0.94464564	0	0	0.39	3.95796e-18
7.300275442803249e-10	-0.021143448	-0.042973656	-0.9435799	0	0	0.39	3.76601e-18
7.400630566019039e-10	-0.014298566	-0.04299599	-0.94360507	0	0	0.39	4.3373584e-18
7.500557455837651e-10	-0.009448554	-0.046182685	-0.944995	0	0	0.39	4.309058e-18
7.600572446230327e-10	-0.008517862	-0.051683314	-0.94371086	0	0	0.39	4.2946006e-18
7.700422337344365e-10	0.00039100647	-0.050871566	-0.94416606	0	0	0.39	4.3499257e-18
7.800196918573071e-10	-0.024178097	-0.06863827	-0.94557303	0	0	0.39	4.1654967e-18
7.900338613036795e-10	-0.023276724	-0.05932981	-0.9441998	0	0	0.39	4.3619777e-18
8.000135638829185e-10	-0.013467676	-0.074257165	-0.9400444	0	0	0.39	4.365801e-18
8.100105128887728e-10	-0.010863582	-0.07309223	-0.94153327	0	0	0.39	4.9810823e-18
8.200473713721332e-10	0.005704439	-0.08156124	-0.9410665	0	0	0.39	4.496181e-18
8.300238659820275e-10	0.007794609	-0.101666756	-0.9374222	0	0	0.39	4.638441e-18
8.400348540489463e-10	0.024008757	-0.10428101	-0.9391018	0	0	0.39	4.311408e-18
8.500611167102116e-10	0.010291163	-0.106975615	-0.93971395	0	0	0.39	5.307847e-18
8.600229978769115e-10	-2.5175475e-05	-0.08620133	-0.93974274	0	0	0.39	3.6185558e-18
8.700175203166555e-10	0.0058212937	-0.08976804	-0.93952304	0	0	0.39	3.857095e-18
8.800582865674206e-10	-0.006736459	-0.09783183	-0.93744797	0	0	0.39	4.9750993e-18
8.900227418848665e-10	-0.0018201062	-0.09042192	-0.94180447	0	0	0.39	4.4747493e-18
9.000410939112947e-10	-0.004473637	-0.1100341	-0.93643355	0	0	0.39	4.7797573e-18
9.100152557357191e-10	-0.02628588	-0.10046582	-0.93144983	0	0	0.39	5.604347e-18
9.200472577806303e-10	-0.040961247	-0.10451467	-0.9358155	0	0	0.39	3.9458546e-18
9.30031193686983e-10	-0.05891392	-0.09828058	-0.9359205	0	0	0.39	4.2426226e-18
9.400288965149247e-10	-0.037148617	-0.08888801	-0.93892545	0	0	0.39	4.222517e-18
9.500510803578178e-10	-0.043085806	-0.080613896	-0.9410587	0	0	0.39	4.790498e-18
9.600517402199177e-10	-0.031887963	-0.07014433	-0.94651216	0	0	0.39	3.951846e-18
9.70056437551621e-10	-0.031187505	-0.06941247	-0.9463786	0	0	0.39	4.657598e-18
9.80052915329458e-10	-0.015740883	-0.079564	-0.94840336	0	0	0.39	4.6310976e-18
9.900006706611572e-10	-0.01746367	-0.0841027	-0.9506427	0	0	0.39	3.778397e-18
1.0000427843626233e-09	-0.030411718	-0.08886894	-0.952611	0	0	0.39	4.717376e-18
1.0100130850471693e-09	-0.045288566	-0.091863416	-0.9462684	0	0	0.39	3.8316578e-18
1.0200313854735352e-09	-0.05021506	-0.10341501	-0.9471003	0	0	0.39	4.1771426e-18
1.0300189530899346e-09	-0.06791366	-0.092720166	-0.9466835	0	0	0.39	4.459824e-18
1.0400111944161028e-09	-0.07195796	-0.09260931	-0.944314	0	0	0.39	3.8573914e-18
1.0500126264527537e-09	-0.075162	-0.09053012	-0.94042444	0	0	0.39	4.1357385e-18
1.0600556226224217e-09	-0.06652589	-0.100376755	-0.938438	0	0	0.39	4.193117e-18
1.070036726200636e-09	-0.062644154	-0.101807825	-0.9456226	0	0	0.39	3.7928977e-18
1.0800179037763362e-09	-0.07550555	-0.10828518	-0.94382745	0	0	0.39	5.0728683e-18
1.0900279848329468e-09	-0.0717773	-0.100987814	-0.9498083	0	0	0.39	4.1216677e-18
1.100013400102755e-09	-0.08688636	-0.10045795	-0.9477419	0	0	0.39	4.731163e-18
1.1100334902337509e-09	-0.091056064	-0.07924681	-0.95045596	0	0	0.39	4.4931347e-18
1.120000267545162e-09	-0.09543538	-0.065952815	-0.9512107	0	0	0.39	3.947584e-18
1.1300442567645018e-09	-0.092371896	-0.048227396	-0.95097816	0	0	0.39	4.2014902e-18
1.1400578812852618e-09	-0.08429823	-0.045628153	-0.9480498	0	0	0.39	4.8680208e-18
1.1500596480765531e-09	-0.06800301	-0.05057227	-0.9462211	0	0	0.39	4.6770752e-18
1.1600199666306801e-09	-0.092983544	-0.057646822	-0.9439317	0	0	0.39	4.102858e-18
1.1700380379349407e-09	-0.10521451	-0.060880117	-0.9401178	0	0	0.39	5.314422e-18
1.1800639977858464e-09	-0.123017795	-0.057871945	-0.9373856	0	0	0.39	4.781709e-18
1.1900638633856066e-09	-0.14192837	-0.06024152	-0.93316126	0	0	0.39	4.5497883e-18
1.2000194836979886e-09	-0.1465442	-0.04521312	-0.9316591	0	0	0.39	5.191831e-18
1.2100399847907077e-09	-0.14051966	-0.03979661	-0.9354343	0	0	0.39	4.912559e-18
1.2200659162631867e-09	-0.12834963	-0.03837336	-0.93995863	0	0	0.39	4.7738413e-18
1.2300347692708112e-09	-0.13062787	-0.045941167	-0.936847	0	0	0.39	4.411356e-18
1.2400655999470589e-09	-0.13853706	-0.06479547	-0.9372714	0	0	0.39	3.8570257e-18
1.2500317238277395e-09	-0.14835021	-0.056727804	-0.93363	0	0	0.39	5.0535884e-18
1.2600504781479578e-09	-0.14554209	-0.056089796	-0.9340244	0	0	0.39	5.1769095e-18
1.2700115248260943e-09	-0.15083225	-0.06329474	-0.93035316	0	0	0.39	4.837116e-18
1.280056763983831e-09	-0.15165831	-0.04935067	-0.9333226	0	0	0.39	3.2909927e-18
1.2900116709292594e-09	-0.16247578	-0.03647398	-0.9306567	0	0	0.39	5.298272e-18
1.3000408435732832e-09	-0.15485317	-0.034113124	-0.9325306	0	0	0.39	4.973227e-18
1.310015087996144e-09	-0.16444503	-0.005031494	-0.93409115	0	0	0.39	4.0881867e-18
1.3200163194452016e-09	-0.16940716	0.03276817	-0.9368528	0	0	0.39	3.3930922e-18
1.3300225607012764e-09	-0.17137559	0.05347133	-0.9350534	0	0	0.39	4.8685597e-18
1.3400428711065936e-09	-0.16927409	0.07390743	-0.93179893	0	0	0.39	4.4512396e-18
1.3500597049214859e-09	-0.17107055	0.07838471	-0.9299664	0	0	0.39	5.448348e-18
1.3600498221266573e-09	-0.17201206	0.064840324	-0.93403345	0	0	0.39	5.1345235e-18
1.370021601455854e-09	-0.16537566	0.06733527	-0.93598765	0	0	0.39	3.6577108e-18
1.380040739823524e-09	-0.16002654	0.07640568	-0.92993647	0	0	0.39	4.9333904e-18
1.3900192700853681e-09	-0.16306116	0.07264183	-0.92972285	0	0	0.39	5.3461063e-18
1.4000188343236367e-09	-0.15307803	0.0798352	-0.9290125	0	0	0.39	4.842888e-18
1.4100009918550817e-09	-0.15265058	0.09243807	-0.92859954	0	0	0.39	3.7746427e-18
1.4200195429378108e-09	-0.15546009	0.11101279	-0.92686754	0	0	0.39	4.2601113e-18
1.4300537716579016e-09	-0.16294049	0.107134156	-0.92503476	0	0	0.39	4.2933805e-18
1.4400150679138911e-09	-0.15506753	0.13297318	-0.91929144	0	0	0.39	4.382472e-18
1.450048761393762e-09	-0.14173493	0.14992832	-0.9171525	0	0	0.39	4.3419806e-18
1.4600279336830085e-09	-0.15042727	0.16915157	-0.9126727	0	0	0.39	4.8606187e-18
1.4700169602444149e-09	-0.15467529	0.16885751	-0.9060367	0	0	0.39	4.1386832e-18
1.4800220245878664e-09	-0.14170183	0.1680531	-0.9111291	0	0	0.39	5.1698168e-18
1.490047081280365e-09	-0.14664674	0.16823435	-0.9075534	0	0	0.39	4.5302854e-18
1.5000083158784117e-09	-0.15250024	0.17402633	-0.9039343	0	0	0.39	4.6296852e-18
1.5100353097649753e-09	-0.14136481	0.16347776	-0.90937626	0	0	0.39	4.646114e-18
1.5200453297998724e-09	-0.15004487	0.1733818	-0.9064867	0	0	0.39	4.783136e-18
1.5300399751544268e-09	-0.15688339	0.15952183	-0.90913063	0	0	0.39	4.3003714e-18
1.5400560153346753e-09	-0.16436	0.1524021	-0.9132157	0	0	0.39	3.6641793e-18
1.5500261637928282e-09	-0.16686963	0.16009289	-0.90941095	0	0	0.39	3.451216e-18
1.5600042270793748e-09	-0.17282833	0.18324505	-0.9071828	0	0	0.39	3.904184e-18
1.570016738433127e-09	-0.17964229	0.19816354	-0.90175784	0	0	0.39	4.571359e-18
1.5800393194596105e-09	-0.17239872	0.18172805	-0.90447795	0	0	0.39	4.1150345e-18
1.5900200394073384e-09	-0.17068477	0.2173881	-0.8936409	0	0	0.39	5.374137e-18
1.6000414553634247e-09	-0.17606065	0.21376204	-0.89684427	0	0	0.39	4.849684e-18
1.6100397825410895e-09	-0.17438248	0.21098253	-0.8991595	0	0	0.39	3.8152697e-18
1.6200543113807346e-09	-0.17142738	0.18900712	-0.90782934	0	0	0.39	4.804621e-18
1.6300226953978925e-09	-0.17209393	0.16403213	-0.9074405	0	0	0.39	4.6132053e-18
1.640025432509922e-09	-0.18196867	0.16659126	-0.90509754	0	0	0.39	4.669439e-18
1.6500309528821783e-09	-0.20009536	0.16214135	-0.8985808	0	0	0.39	5.5460748e-18
1.6600522615233526e-09	-0.21048269	0.16231368	-0.8936001	0	0	0.39	4.427705e-18
1.6700425657546159e-09	-0.20057225	0.1824902	-0.8960126	0	0	0.39	4.9498054e-18
1.6800507615767238e-09	-0.20328836	0.17704195	-0.8946177	0	0	0.39	4.0797867e-18
1.6900529931038718e-09	-0.19723141	0.17681742	-0.8902865	0	0	0.39	5.3768378e-18
1.7000350652700061e-09	-0.19112466	0.16480236	-0.89273417	0	0	0.39	4.572466e-18
1.7100573365385448e-09	-0.19079342	0.14373551	-0.88758165	0	0	0.39	4.215864e-18
1.720034538331347e-09	-0.20183223	0.12909645	-0.8906222	0	0	0.39	4.5370307e-18
1.730021348833817e-09	-0.21176708	0.1381736	-0.88677496	0	0	0.39	4.319595e-18
1.7400373591444336e-09	-0.24191536	0.14327925	-0.87839025	0	0	0.39	5.274245e-18
1.7500634162645253e-09	-0.27431482	0.1263369	-0.8709596	0	0	0.39	4.7106e-18
1.7600516493622938e-09	-0.2816846	0.11438219	-0.87446886	0	0	0.39	4.672717e-18
1.7700351655668608e-09	-0.273935	0.11940352	-0.87784266	0	0	0.39	4.622008e-18
1.7800624099995973e-09	-0.2972791	0.09106597	-0.87366	0	0	0.39	4.5184836e-18
1.7900315565775518e-09	-0.30820006	0.072075374	-0.8682944	0	0	0.39	4.0194195e-18
1.800017685443019e-09	-0.31152973	0.058178958	-0.8716203	0	0	0.39	4.954543e-18
1.8100106766273826e-09	-0.291717	0.042982504	-0.8782052	0	0	0.39	5.2212153e-18
1.8200575975240614e-09	-0.2858617	0.018327067	-0.8802876	0	0	0.39	4.4007626e-18
1.8300439199953299e-09	-0.27437103	-0.00562844	-0.8781986	0	0	0.39	4.0451063e-18
1.8400271907571968e-09	-0.27006513	-0.02805456	-0.87193644	0	0	0.39	4.533687e-18
1.8500387873141126e-09	-0.27682266	-0.014761692	-0.8645323	0	0	0.39	4.5015136e-18
1.8600236841777086e-09	-0.2698044	-0.037528362	-0.8680492	0	0	0.39	4.731444e-18
1.8700361989255423e-09	-0.27048045	-0.08196795	-0.8676489	0	0	0.39	4.5864543e-18
1.880044507007214e-09	-0.27274105	-0.08903849	-0.86918247	0	0	0.39	4.3137374e-18
1.89003891250697e-09	-0.2610204	-0.07948476	-0.8741996	0	0	0.39	4.5487386e-18
1.900057113543512e-09	-0.25888234	-0.077286065	-0.8703305	0	0	0.39	4.7823385e-18
1.910023470397272e-09	-0.24324505	-0.090371646	-0.87632984	0	0	0.39	4.315287e-18
1.9200156707075857e-09	-0.23872003	-0.09613764	-0.8821611	0	0	0.39	4.433987e-18
1.9300328424727564e-09	-0.23664418	-0.12193406	-0.8813324	0	0	0.39	4.5086013e-18
1.9400549600266186e-09	-0.25161868	-0.15276703	-0.8841981	0	0	0.39	3.8971556e-18
1.950032642288939e-09	-0.24600004	-0.17802086	-0.88301146	0	0	0.39	4.65699e-18
1.9600111823866547e-09	-0.2408839	-0.1967421	-0.8852096	0	0	0.39	3.833826e-18
1.9700003146118284e-09	-0.2475028	-0.19948815	-0.8867106	0	0	0.39	3.943434e-18
1.980063195149552e-09	-0.23026295	-0.20392193	-0.8915233	0	0	0.39	5.0132944e-18
1.9900185085329016e-09	-0.21803921	-0.20161855	-0.894306	0	0	0.39	4.4171796e-18
2.0000429462830298e-09	-0.22603902	-0.21126792	-0.89407843	0	0	0.39	3.7414707e-18
2.0100209118961997e-09	-0.20818073	-0.2064108	-0.897917	0	0	0.39	4.8611978e-18
2.020036267335651e-09	-0.18488169	-0.20752314	-0.8924428	0	0	0.39	5.140726e-18
2.0300258631946737e-09	-0.1776005	-0.21726467	-0.89363164	0	0	0.39	5.6448774e-18
2.0400635459057914e-09	-0.16913347	-0.21548481	-0.8994037	0	0	0.39	3.711252e-18
2.0500317766811585e-09	-0.17575657	-0.22313453	-0.90109944	0	0	0.39	3.864654e-18
2.060009421276857e-09	-0.18364362	-0.23111388	-0.89995325	0	0	0.39	5.316794e-18
2.0700483525848168e-09	-0.21388943	-0.221498	-0.89764744	0	0	0.39	5.3835636e-18
2.08003087595284e-09	-0.21985221	-0.21848635	-0.8942473	0	0	0.39	4.6053285e-18
2.090061538226036e-09	-0.23041087	-0.20503403	-0.8985801	0	0	0.39	4.3106417e-18
2.100064867921863e-09	-0.24706066	-0.20883119	-0.89160305	0	0	0.39	4.3933978e-18
2.110034376899578e-09	-0.23074494	-0.21744828	-0.88578683	0	0	0.39	4.3026304e-18
2.120003161236068e-09	-0.22028428	-0.22047278	-0.8847617	0	0	0.39	4.195808e-18
2.1300400615939726e-09	-0.19599776	-0.23488832	-0.8796832	0	0	0.39	4.077947e-18
2.1400459414631204e-09	-0.16424029	-0.23529911	-0.87493354	0	0	0.39	3.2891896e-18
2.1500077097770807e-09	-0.15639965	-0.28174132	-0.87055916	0	0	0.39	4.445925e-18
2.1600216362323098e-09	-0.13013208	-0.3098218	-0.8734693	0	0	0.39	5.3467805e-18
2.17003365788353e-09	-0.13186	-0.3297981	-0.87415797	0	0	0.39	5.943489e-18
2.1800108684935574e-09	-0.13363275	-0.3458016	-0.8719083	0	0	0.39	4.6603786e-18
2.1900089652562707e-09	-0.16105859	-0.35683328	-0.8652007	0	0	0.39	4.9479355e-18
2.200035234787781e-09	-0.15819861	-0.3421775	-0.86071944	0	0	0.39	4.8635e-18
2.2100592761332477e-09	-0.15303616	-0.34265426	-0.8562538	0	0	0.39	5.8356947e-18
2.220009721057217e-09	-0.12866576	-0.32100174	-0.86685133	0	0	0.39	4.763585e-18
2.2300518350168846e-09	-0.0860395	-0.30167177	-0.87200975	0	0	0.39	5.2381324e-18
2.2400128116516108e-09	-0.031107014	-0.30587953	-0.88002455	0	0	0.39	3.8911924e-18
2.2500511420245893e-09	-0.0010756389	-0.3263727	-0.8716345	0	0	0.39	5.1761286e-18
2.260012136824598e-09	0.019583307	-0.34655246	-0.86754787	0	0	0.39	4.611888e-18
2.270016781039695e-09	0.04995191	-0.3494957	-0.8612878	0	0	0.39	5.493325e-18
2.2800546257439183e-09	0.0571725	-0.32749286	-0.8682037	0	0	0.39	5.0473854e-18
2.2900070635123935e-09	0.05302769	-0.32461143	-0.8657699	0	0	0.39	5.459937e-18
2.300000975450809e-09	0.055262204	-0.3186614	-0.8662722	0	0	0.39	5.5109837e-18
2.3100127794337795e-09	0.060402036	-0.29651555	-0.87302	0	0	0.39	3.986468e-18
2.320011252112983e-09	0.05439418	-0.28999916	-0.86664706	0	0	0.39	4.0868488e-18
2.3300349553580128e-09	0.060592595	-0.2566656	-0.86706734	0	0	0.39	4.9623045e-18
2.340055571531399e-09	0.09988612	-0.23545116	-0.86254674	0	0	0.39	4.2146598e-18
2.3500152324151004e-09	0.12943809	-0.21486145	-0.86909294	0	0	0.39	4.777984e-18
2.3600079416328412e-09	0.1493412	-0.20949359	-0.87927717	0	0	0.39	5.0504116e-18
2.3700416591743544e-09	0.17354265	-0.21413675	-0.88297033	0	0	0.39	3.6658875e-18
2.38002862601472e-09	0.1953591	-0.20287225	-0.8813651	0	0	0.39	4.5183794e-18
2.390009300243034e-09	0.20223947	-0.22514452	-0.8830409	0	0	0.39	4.4956997e-18
2.40001601886211e-09	0.20268618	-0.2292684	-0.88417315	0	0	0.39	4.8469967e-18
2.410041472572878e-09	0.18639423	-0.22664088	-0.8949034	0	0	0.39	5.028635e-18
2.420050380256955e-09	0.17427365	-0.21511026	-0.9035463	0	0	0.39	5.0472853e-18
2.4300112916042876e-09	0.16147439	-0.1876459	-0.9078311	0	0	0.39	4.5785646e-18
2.4400044007228413e-09	0.14704996	-0.17784667	-0.9138883	0	0	0.39	4.300723e-18
2.450036465195166e-09	0.15678857	-0.1420186	-0.9074423	0	0	0.39	4.8156433e-18
2.4600266922910068e-09	0.16441984	-0.12444327	-0.91920614	0	0	0.39	4.5739883e-18
2.470059757173063e-09	0.19412579	-0.11597059	-0.9195813	0	0	0.39	3.5558307e-18
2.480026595812636e-09	0.17129041	-0.13680892	-0.9260378	0	0	0.39	5.322569e-18
2.4900336576308035e-09	0.16256197	-0.17270985	-0.9255042	0	0	0.39	4.467816e-18
2.5000380038343082e-09	0.14670943	-0.17857318	-0.92962235	0	0	0.39	5.2389277e-18
2.510035899815441e-09	0.1322784	-0.18211251	-0.9286696	0	0	0.39	4.4750703e-18
2.5200333975986135e-09	0.12813312	-0.17700706	-0.9260213	0	0	0.39	3.8932505e-18
2.530042898221063e-09	0.107837714	-0.16001375	-0.9282144	0	0	0.39	4.8888893e-18
2.5400426942756007e-09	0.11582119	-0.14872524	-0.9302235	0	0	0.39	3.546834e-18
2.550057686924973e-09	0.12159493	-0.14043368	-0.9292479	0	0	0.39	4.2535803e-18
2.5600332444090032e-09	0.12847945	-0.14817011	-0.927112	0	0	0.39	4.538361e-18
2.570046914831343e-09	0.13917221	-0.15018025	-0.9313905	0	0	0.39	4.1101997e-18
2.5800616401040553e-09	0.12449681	-0.17342108	-0.92802393	0	0	0.39	4.9105896e-18
2.5900538951947637e-09	0.10465329	-0.18221569	-0.92934555	0	0	0.39	4.3288855e-18
2.600059377031047e-09	0.105457455	-0.19342774	-0.9222423	0	0	0.39	4.0190224e-18
2.6100048200226567e-09	0.086539924	-0.20250803	-0.92319185	0	0	0.39	4.2864714e-18
2.6200304529030808e-09	0.07882364	-0.20696217	-0.92380315	0	0	0.39	5.087294e-18
2.630002601627536e-09	0.06737266	-0.19038033	-0.92941	0	0	0.39	3.3221786e-18
2.640043024725394e-09	0.05806859	-0.18653208	-0.92862266	0	0	0.39	4.9267717e-18
2.650000693745282e-09	0.06816381	-0.17370571	-0.9234717	0	0	0.39	5.143499e-18
2.6600234726430663e-09	0.07037073	-0.1778597	-0.9246977	0	0	0.39	4.4563475e-18
2.6700615804053878e-09	0.056913804	-0.20355217	-0.9231522	0	0	0.39	5.0861777e-18
2.6800037111021045e-09	0.042753108	-0.20912175	-0.9249678	0	0	0.39	4.5073717e-18
2.6900341502394396e-09	0.039227698	-0.22404453	-0.92107373	0	0	0.39	4.846909e-18
2.7000455340569803e-09	0.0314139	-0.23848924	-0.92235684	0	0	0.39	4.0184533e-18
2.7100441859536605e-09	0.020577187	-0.24178559	-0.91553617	0	0	0.39	4.027957e-18
2.720059870777852e-09	0.010543988	-0.23269717	-0.91762567	0	0	0.39	4.9756767e-18
2.730009286079643e-09	0.025376419	-0.22084947	-0.9168329	0	0	0.39	4.1309615e-18
2.7400392731729422e-09	0.03437111	-0.20760661	-0.9141088	0	0	0.39	4.584106e-18
2.7500311547977574e-09	0.035364762	-0.20367067	-0.91513705	0	0	0.39	4.8654176e-18
2.7600251540045548e-09	0.0405554	-0.22213392	-0.91151774	0	0	0.39	4.391776e-18
2.770022369921571e-09	0.037588403	-0.23895104	-0.9091604	0	0	0.39	5.850448e-18
2.780050562961894e-09	0.050035994	-0.25692552	-0.90499383	0	0	0.39	4.379327e-18
2.79004592183109e-09	0.024985323	-0.2541223	-0.91096956	0	0	0.39	3.527991e-18
2.8000363685626384e-09	0.01802172	-0.25900862	-0.9095294	0	0	0.39	5.4321253e-18
2.8100548400798844e-09	0.003983021	-0.23771603	-0.91246235	0	0	0.39	5.2373247e-18
2.8200056897083825e-09	-0.011190884	-0.23901552	-0.9120013	0	0	0.39	4.230989e-18
2.8300189006112635e-09	-0.015973976	-0.24156785	-0.91253406	0	0	0.39	5.752516e-18
2.840058250822023e-09	-0.0002101607	-0.23555681	-0.91370934	0	0	0.39	4.4066802e-18
2.850001782633007e-09	-0.0053085363	-0.24527942	-0.9073369	0	0	0.39	4.2239895e-18
2.8600565570756176e-09	-0.0038821779	-0.25021344	-0.906259	0	0	0.39	5.3006958e-18
2.8700607787360305e-09	-0.007065287	-0.2631447	-0.90930176	0	0	0.39	3.716647e-18
2.8800326403774965e-09	-0.0115190325	-0.2722055	-0.9071995	0	0	0.39	4.769655e-18
2.890039371043455e-09	-0.028298555	-0.26722753	-0.9080877	0	0	0.39	5.7211885e-18
2.900029535033283e-09	-0.033053584	-0.25758797	-0.9023025	0	0	0.39	5.0194788e-18
2.9100369907738192e-09	-0.0386545	-0.24468756	-0.90367705	0	0	0.39	5.114077e-18
2.920032616806888e-09	-0.028891629	-0.2319176	-0.90647775	0	0	0.39	5.480248e-18
2.930056449855213e-09	-0.013161929	-0.22477113	-0.90870327	0	0	0.39	5.1291464e-18
2.9400102852263683e-09	0.0041843085	-0.21456915	-0.91361797	0	0	0.39	4.859881e-18
2.950000318010623e-09	-0.012103498	-0.21024777	-0.91339976	0	0	0.39	4.218701e-18
2.960032307629922e-09	-0.016694615	-0.19611095	-0.9188733	0	0	0.39	5.408938e-18
2.970027798893426e-09	-0.01042224	-0.20665109	-0.9239151	0	0	0.39	4.8049983e-18
2.9800548087591335e-09	-0.0017153817	-0.20194343	-0.92177194	0	0	0.39	6.093228e-18
2.9900636945433946e-09	-0.00615415	-0.1918302	-0.9257688	0	0	0.39	4.1132387e-18
3.0000526489841033e-09	0.0026757799	-0.18558504	-0.9278506	0	0	0.39	4.637149e-18
3.0100535854720936e-09	0.009451509	-0.18845086	-0.9273662	0	0	0.39	4.6361757e-18
3.020011050342655e-09	0.0027278399	-0.18663853	-0.93185747	0	0	0.39	5.005553e-18
3.030063655966759e-09	-0.0030744956	-0.17603916	-0.9339246	0	0	0.39	5.0650093e-18
3.0400058155447003e-09	-0.0038778887	-0.1806365	-0.9341243	0	0	0.39	4.742249e-18
3.0500230630359863e-09	-0.023457412	-0.1801069	-0.93430686	0	0	0.39	5.054872e-18
3.060005930585949e-09	-0.024871396	-0.16915756	-0.9327223	0	0	0.39	4.0578793e-18
3.070019936770944e-09	-0.018825913	-0.16854453	-0.9282155	0	0	0.39	4.7132714e-18
3.080034919279545e-09	-0.020422695	-0.17802164	-0.9305029	0	0	0.39	4.9424554e-18
3.090024564233482e-09	-0.015521912	-0.18054394	-0.927356	0	0	0.39	4.675384e-18
3.1000579961896793e-09	-0.019224714	-0.1965668	-0.92614245	0	0	0.39	3.964902e-18
3.1100229675518624e-09	-0.01177038	-0.2083707	-0.9229146	0	0	0.39	4.4399565e-18
3.1200288053746384e-09	-0.01127974	-0.2027637	-0.9233466	0	0	0.39	4.153839e-18
3.1300343915112248e-09	-0.015018774	-0.19008735	-0.9288028	0	0	0.39	4.675004e-18
3.1400286314338538e-09	-0.0064510875	-0.18445466	-0.92376	0	0	0.39	5.0158987e-18
3.150033714252041e-09	-0.016235411	-0.18381672	-0.9255589	0	0	0.39	3.870834e-18
3.1600363604467355e-09	-0.018933682	-0.18836719	-0.92552006	0	0	0.39	4.581977e-18
3.170004473533514e-09	-0.022938138	-0.19891436	-0.9284743	0	0	0.39	4.802637e-18
3.1800113209838968e-09	-0.04766073	-0.21300887	-0.9249746	0	0	0.39	4.3086382e-18
3.190029693187504e-09	-0.057801142	-0.22176038	-0.92094773	0	0	0.39	3.7856657e-18
3.2000181200729877e-09	-0.07445098	-0.22556241	-0.9161421	0	0	0.39	5.213923e-18
3.210029250605328e-09	-0.06521349	-0.20859799	-0.9163348	0	0	0.39	4.768205e-18
3.2200117740735367e-09	-0.07094461	-0.18902233	-0.9192245	0	0	0.39	4.482686e-18
3.2300151381156923e-09	-0.06575577	-0.17932951	-0.9214161	0	0	0.39	4.8716012e-18
3.2400549353947632e-09	-0.07275735	-0.17849216	-0.9200119	0	0	0.39	4.7688877e-18
3.2500072157796394e-09	-0.07617807	-0.18799923	-0.9172086	0	0	0.39	5.309537e-18
3.2600351973808463e-09	-0.06850223	-0.18966018	-0.91936547	0	0	0.39	4.0176816e-18
3.270013338299442e-09	-0.07361552	-0.19487733	-0.91758555	0	0	0.39	4.8039445e-18
3.2800015476477245e-09	-0.05442221	-0.18410349	-0.9198736	0	0	0.39	5.328461e-18
3.2900375252503206e-09	-0.04686396	-0.20380113	-0.9196185	0	0	0.39	4.508903e-18
3.3000089976121245e-09	-0.06427692	-0.20997564	-0.9251737	0	0	0.39	5.2866445e-18
3.310062210051851e-09	-0.08344243	-0.22737217	-0.9232006	0	0	0.39	4.372502e-18
3.320057150419808e-09	-0.10476578	-0.19787215	-0.92736393	0	0	0.39	4.337295e-18
3.3300273082785657e-09	-0.1170015	-0.20334494	-0.92577624	0	0	0.39	4.2955986e-18
3.3400279264228647e-09	-0.123898044	-0.19929072	-0.9221058	0	0	0.39	4.978349e-18
3.350021072540741e-09	-0.11599807	-0.1943392	-0.9245756	0	0	0.39	4.373707e-18
3.360051713837819e-09	-0.10624166	-0.2036145	-0.92256874	0	0	0.39	4.321781e-18
3.3700640631525666e-09	-0.105683215	-0.2010974	-0.92448056	0	0	0.39	4.1670377e-18
3.3800610452694748e-09	-0.09932309	-0.20925452	-0.9266488	0	0	0.39	3.8817965e-18
3.3900371660877674e-09	-0.11688844	-0.2013401	-0.9279848	0	0	0.39	4.1931266e-18
3.400021830476935e-09	-0.11677901	-0.1880779	-0.9277258	0	0	0.39	4.152402e-18
3.410017819026723e-09	-0.1052745	-0.1817108	-0.92815363	0	0	0.39	5.6249746e-18
3.4200091371813096e-09	-0.12095129	-0.16091265	-0.93000525	0	0	0.39	4.097177e-18
3.4300089298429736e-09	-0.12066997	-0.13886023	-0.9305749	0	0	0.39	5.050737e-18
3.4400061382911186e-09	-0.11878928	-0.12200309	-0.93364984	0	0	0.39	4.980649e-18
3.4500588490966874e-09	-0.099830195	-0.13972281	-0.9318887	0	0	0.39	4.25385e-18
3.4600447216489654e-09	-0.10033504	-0.13572715	-0.9323497	0	0	0.39	4.114537e-18
3.470034529135853e-09	-0.104047455	-0.15969886	-0.93216556	0	0	0.39	4.652128e-18
3.4800246424968353e-09	-0.11131246	-0.1502825	-0.93156356	0	0	0.39	4.1002086e-18
3.4900107862921555e-09	-0.109497674	-0.13837826	-0.93349904	0	0	0.39	4.2741903e-18
3.5000619786301407e-09	-0.109132946	-0.112765536	-0.9341232	0	0	0.39	5.485301e-18
3.510046287207104e-09	-0.111776136	-0.11254849	-0.9295698	0	0	0.39	4.2014443e-18
3.5200559633584196e-09	-0.11308695	-0.123885036	-0.9230449	0	0	0.39	5.3458305e-18
3.530021848269524e-09	-0.13266954	-0.12382639	-0.9209584	0	0	0.39	5.078488e-18
3.5400357153600413e-09	-0.119696885	-0.11956759	-0.9267125	0	0	0.39	3.933918e-18
3.5500637251584497e-09	-0.14317249	-0.13654003	-0.9252829	0	0	0.39	4.483231e-18
3.5600600587423592e-09	-0.14936954	-0.12849155	-0.924791	0	0	0.39	4.1450844e-18
3.5700473623730024e-09	-0.14787409	-0.15034527	-0.9252334	0	0	0.39	4.7056216e-18
3.580031286421545e-09	-0.15301992	-0.15221645	-0.92357135	0	0	0.39	4.7456696e-18
3.5900278635913955e-09	-0.15801068	-0.14815396	-0.9246478	0	0	0.39	4.7096322e-18
3.600013337775074e-09	-0.15730424	-0.14350799	-0.92376876	0	0	0.39	5.103714e-18
3.6100589814602635e-09	-0.1596356	-0.13748164	-0.9237368	0	0	0.39	4.6441216e-18
3.6200584255577513e-09	-0.16254696	-0.14342903	-0.9238566	0	0	0.39	3.962586e-18
3.6300263295298203e-09	-0.16334884	-0.1459255	-0.9237074	0	0	0.39	4.3740984e-18
3.6400591907053773e-09	-0.16347058	-0.120036274	-0.92843366	0	0	0.39	4.96549e-18
3.6500334903840956e-09	-0.16996224	-0.09422422	-0.9219036	0	0	0.39	4.301112e-18
3.6600488218294043e-09	-0.15017515	-0.077735014	-0.92164457	0	0	0.39	5.2796622e-18
3.6700226758386153e-09	-0.1437717	-0.08652368	-0.9163059	0	0	0.39	4.083108e-18
3.68001798564197e-09	-0.14904323	-0.09773034	-0.91722137	0	0	0.39	4.5772916e-18
3.690003581230164e-09	-0.14819166	-0.10323982	-0.9189243	0	0	0.39	4.43372e-18
3.700005870691746e-09	-0.16422924	-0.1071547	-0.9222809	0	0	0.39	4.2999363e-18
3.710009522942911e-09	-0.17051756	-0.12608738	-0.9204405	0	0	0.39	4.593118e-18
3.7200531861493453e-09	-0.16646972	-0.13731147	-0.919665	0	0	0.39	4.8084485e-18
3.730015872202278e-09	-0.18369237	-0.12216298	-0.9206159	0	0	0.39	5.182432e-18
3.740040416381743e-09	-0.18626693	-0.10614888	-0.9196227	0	0	0.39	4.1931936e-18
3.750063147663049e-09	-0.18557036	-0.08992569	-0.9229679	0	0	0.39	4.9088202e-18
3.760021324238221e-09	-0.18337947	-0.108199395	-0.91958857	0	0	0.39	4.817841e-18
3.770032755049323e-09	-0.17252308	-0.11009724	-0.92261636	0	0	0.39	4.170229e-18
3.780029990746585e-09	-0.155773	-0.112722404	-0.9227018	0	0	0.39	4.597375e-18
3.79000687029787e-09	-0.14590755	-0.12258077	-0.93128884	0	0	0.39	4.273163e-18
3.8000570226726625e-09	-0.16144359	-0.110674664	-0.934366	0	0	0.39	4.3745823e-18
3.810063312673772e-09	-0.16225478	-0.11309454	-0.9337959	0	0	0.39	4.5564983e-18
3.8200465074776e-09	-0.17410316	-0.120915264	-0.9277732	0	0	0.39	5.092488e-18
3.830055799117013e-09	-0.18324389	-0.09713343	-0.9324324	0	0	0.39	4.8339335e-18
3.840034679283821e-09	-0.18218355	-0.10840676	-0.9307403	0	0	0.39	4.129797e-18
3.850008593924696e-09	-0.18743506	-0.12574674	-0.928365	0	0	0.39	4.4498673e-18
3.860051816287189e-09	-0.1896211	-0.11952795	-0.92918146	0	0	0.39	5.389217e-18
3.870014616725513e-09	-0.18369684	-0.11461682	-0.9298562	0	0	0.39	4.902164e-18
3.880009643882769e-09	-0.18300945	-0.1090776	-0.9340923	0	0	0.39	4.939647e-18
3.890060746501539e-09	-0.19472669	-0.08911224	-0.935609	0	0	0.39	4.147523e-18
3.90005744918085e-09	-0.18605147	-0.07849176	-0.9350411	0	0	0.39	4.707946e-18
3.910051616311402e-09	-0.18330924	-0.08554203	-0.9388722	0	0	0.39	4.2251654e-18
3.920043605281964e-09	-0.19486834	-0.071825475	-0.93649465	0	0	0.39	4.69704e-18
3.930046759425393e-09	-0.166855	-0.07558931	-0.941738	0	0	0.39	3.969038e-18
3.940059506588591e-09	-0.1805309	-0.07497736	-0.9357748	0	0	0.39	4.4551877e-18
3.9500074546007104e-09	-0.18454446	-0.06010436	-0.9371487	0	0	0.39	4.6834276e-18
3.96002703256906e-09	-0.15894938	-0.052920625	-0.9440017	0	0	0.39	4.7593975e-18
3.970042986073148e-09	-0.16323443	-0.04950487	-0.9386899	0	0	0.39	3.8754644e-18
3.980032846186749e-09	-0.16758381	-0.033487484	-0.9415793	0	0	0.39	4.576983e-18
3.990043839295204e-09	-0.16581704	-0.022700671	-0.94307405	0	0	0.39	4.782862e-18
4.000026819278464e-09	-0.16781083	-0.019413982	-0.9444488	0	0	0.39	4.2114007e-18
4.01000935156849e-09	-0.17615442	-0.0119251385	-0.9429631	0	0	0.39	3.222009e-18
4.0200591282529515e-09	-0.17314722	-0.0075636897	-0.9434542	0	0	0.39	4.6810416e-18
4.030056244878114e-09	-0.14855482	0.008640821	-0.94632494	0	0	0.39	4.262006e-18
4.040015673996643e-09	-0.13581783	0.015997631	-0.9452242	0	0	0.39	4.0387288e-18
4.050049433301093e-09	-0.11607487	0.02364873	-0.9458472	0	0	0.39	3.595877e-18
4.060017801258195e-09	-0.116534136	0.023860803	-0.9437435	0	0	0.39	4.1267726e-18
4.070021867525146e-09	-0.12407688	0.035409108	-0.94591296	0	0	0.39	3.9328757e-18
4.080001798645159e-09	-0.12193659	0.03414197	-0.946036	0	0	0.39	4.02408e-18
4.090020323381037e-09	-0.13304128	0.045079138	-0.9477329	0	0	0.39	4.34877e-18
4.100052792185381e-09	-0.13105431	0.055945195	-0.94395477	0	0	0.39	4.4701696e-18
4.110021437416631e-09	-0.13281573	0.08368353	-0.9428084	0	0	0.39	4.479701e-18
4.120016528690887e-09	-0.12329185	0.087152146	-0.94506526	0	0	0.39	5.1415165e-18
4.130021732761289e-09	-0.10378384	0.09645605	-0.9477572	0	0	0.39	5.3674927e-18
4.140026829289104e-09	-0.098098926	0.10928919	-0.94672084	0	0	0.39	4.213776e-18
4.150031965459572e-09	-0.08418321	0.09913865	-0.95001346	0	0	0.39	4.343283e-18
4.160054845458489e-09	-0.084119774	0.110735945	-0.94694525	0	0	0.39	4.576992e-18
4.170031664209756e-09	-0.09550019	0.11545019	-0.9450788	0	0	0.39	4.7785033e-18
4.1800184113700145e-09	-0.09932827	0.12930173	-0.9430373	0	0	0.39	5.0228624e-18
4.19003280901669e-09	-0.076732345	0.15099151	-0.9436349	0	0	0.39	4.5936007e-18
4.2000204962125355e-09	-0.07257509	0.14981946	-0.94386643	0	0	0.39	3.7543424e-18
4.210027666080219e-09	-0.08398881	0.14772487	-0.9427203	0	0	0.39	3.8106296e-18
4.2200445432685225e-09	-0.06327088	0.14477676	-0.9436644	0	0	0.39	4.1555945e-18
4.230027217498356e-09	-0.045363985	0.14985284	-0.93972313	0	0	0.39	5.256755e-18
4.240026021620683e-09	-0.04702454	0.1586788	-0.9400071	0	0	0.39	4.8001146e-18
4.250031557314871e-09	-0.027424209	0.15031569	-0.94232255	0	0	0.39	4.2859003e-18
4.260023129279653e-09	-0.00084486994	0.14251254	-0.94275135	0	0	0.39	5.141446e-18
4.2700314692914984e-09	0.0003951189	0.13402307	-0.94176525	0	0	0.39	4.128499e-18
4.2800142232958434e-09	0.005980028	0.13220814	-0.9416101	0	0	0.39	4.577047e-18
4.290028716641467e-09	-0.002056131	0.123506986	-0.9424812	0	0	0.39	5.310914e-18
4.300002013598667e-09	-0.006687329	0.12332885	-0.94232976	0	0	0.39	4.163971e-18
4.310010048952135e-09	0.0011274768	0.11805999	-0.9454233	0	0	0.39	4.4056504e-18
4.320005278920369e-09	0.012962156	0.11491779	-0.94028544	0	0	0.39	3.5469914e-18
4.33005981217691e-09	0.008612721	0.11321227	-0.94403166	0	0	0.39	4.187974e-18
4.3400151562138215e-09	0.022223916	0.1164582	-0.9436953	0	0	0.39	4.2291325e-18
4.3500379543683125e-09	0.014749024	0.117466524	-0.94120014	0	0	0.39	4.242012e-18
4.3600315300442784e-09	0.018273886	0.13396078	-0.9406005	0	0	0.39	4.0890867e-18
4.370045082251346e-09	0.021831028	0.14160655	-0.93709207	0	0	0.39	5.1645195e-18
4.380019152038645e-09	0.015833408	0.14501247	-0.936736	0	0	0.39	4.51755e-18
4.390046636924957e-09	0.004444148	0.13397332	-0.94209146	0	0	0.39	4.9173927e-18
4.4000036087771e-09	0.025064616	0.13723001	-0.93652683	0	0	0.39	4.5701208e-18
4.410057280210639e-09	0.04241493	0.13956039	-0.93668026	0	0	0.39	4.7009485e-18
4.4200493490940015e-09	0.02095194	0.1329814	-0.93896365	0	0	0.39	5.4228046e-18
4.430037233153805e-09	0.036189985	0.1280579	-0.9402685	0	0	0.39	4.8036736e-18
4.440032856812577e-09	0.04129253	0.11527976	-0.93999255	0	0	0.39	4.8887185e-18
4.450054374132613e-09	0.018836603	0.12857568	-0.9405656	0	0	0.39	4.0733306e-18
4.460002714432873e-09	0.04451825	0.12775382	-0.9406863	0	0	0.39	4.6423593e-18
4.470011275672032e-09	0.05867537	0.13419758	-0.9415198	0	0	0.39	4.8518403e-18
4.480024921496842e-09	0.054462664	0.14840375	-0.9389197	0	0	0.39	3.351552e-18
4.4900155052646696e-09	0.069917	0.13710031	-0.93924385	0	0	0.39	5.0979406e-18
4.5000001178509784e-09	0.07858924	0.13994329	-0.9409767	0	0	0.39	4.993336e-18
4.510042030947293e-09	0.075874545	0.1267491	-0.94309384	0	0	0.39	4.818733e-18
4.520051502118196e-09	0.074480824	0.101426035	-0.9463596	0	0	0.39	5.103698e-18
4.530004669813618e-09	0.08031324	0.098904066	-0.94160306	0	0	0.39	4.8707323e-18
4.540022875246839e-09	0.090279125	0.09441751	-0.9420967	0	0	0.39	4.6341412e-18
4.550024263145226e-09	0.087652124	0.086464226	-0.947158	0	0	0.39	5.3557285e-18
4.560012811220469e-09	0.09502878	0.07149836	-0.95008683	0	0	0.39	3.5976256e-18
4.570043085657268e-09	0.10859184	0.061678614	-0.95240635	0	0	0.39	5.4073632e-18
4.580034457186158e-09	0.11468481	0.055173095	-0.9478533	0	0	0.39	3.9261818e-18
4.590028540763049e-09	0.10577296	0.04918548	-0.947164	0	0	0.39	5.1369744e-18
4.600048827685324e-09	0.10657289	0.0518067	-0.9485915	0	0	0.39	3.3327012e-18
4.6100619532001404e-09	0.10162658	0.033901613	-0.9521328	0	0	0.39	4.9419993e-18
4.620011951882871e-09	0.111130945	0.014482223	-0.94747007	0	0	0.39	4.599983e-18
4.630002764431946e-09	0.09615887	0.019050308	-0.94356763	0	0	0.39	4.512991e-18
4.640052156914937e-09	0.09876587	0.023757502	-0.94831073	0	0	0.39	5.458277e-18
4.650059101133918e-09	0.09575775	0.013078545	-0.9490881	0	0	0.39	3.9663922e-18
4.660012454674884e-09	0.08802972	0.01610324	-0.9465658	0	0	0.39	4.3607084e-18
4.670049422117841e-09	0.08766394	-0.009078637	-0.9497356	0	0	0.39	4.4269648e-18
4.680032981882719e-09	0.08240472	-0.021104857	-0.9499576	0	0	0.39	3.855376e-18
4.69002092328663e-09	0.067169935	-0.0252258	-0.9500245	0	0	0.39	4.659382e-18
4.700017331745685e-09	0.08313797	-0.02394363	-0.9503046	0	0	0.39	4.199201e-18
4.710045635466011e-09	0.055694006	-0.016829547	-0.9535977	0	0	0.39	4.4865544e-18
4.720061220162142e-09	0.05739786	-0.032788694	-0.95261294	0	0	0.39	4.6349444e-18
4.7300653433661705e-09	0.064659975	-0.02520743	-0.95205176	0	0	0.39	4.432154e-18
4.740024967552262e-09	0.056931026	-0.03393688	-0.95654494	0	0	0.39	4.6390497e-18
4.750049517151717e-09	0.05168748	-0.039429616	-0.9579752	0	0	0.39	3.3817317e-18
4.7600152307051826e-09	0.06750554	-0.052481204	-0.9511308	0	0	0.39	4.4492705e-18
4.7700490104853826e-09	0.06934109	-0.06339605	-0.94429564	0	0	0.39	4.408235e-18
4.780047738164214e-09	0.066543855	-0.06810466	-0.9516752	0	0	0.39	4.5973325e-18
4.790000300207301e-09	0.055067204	-0.07296214	-0.9496169	0	0	0.39	4.666516e-18
4.800016331431271e-09	0.037482943	-0.060435135	-0.9521373	0	0	0.39	4.651865e-18
4.8100302071506756e-09	0.046809502	-0.050998177	-0.9530386	0	0	0.39	3.526575e-18
4.8200391049815335e-09	0.054258686	-0.050320804	-0.94880176	0	0	0.39	4.774263e-18
4.830018153084093e-09	0.0485458	-0.052281436	-0.9531452	0	0	0.39	5.026935e-18
4.840064197842556e-09	0.04727934	-0.061960317	-0.9504192	0	0	0.39	5.0395135e-18
4.850033900456449e-09	0.05590442	-0.07669903	-0.9496629	0	0	0.39	3.724708e-18
4.860020331638127e-09	0.044938125	-0.07341931	-0.9473289	0	0	0.39	4.353945e-18
4.870036687195027e-09	0.03371861	-0.07336687	-0.9468783	0	0	0.39	4.5185647e-18
4.880026614116508e-09	0.045515586	-0.08529649	-0.9437379	0	0	0.39	4.3755406e-18
4.890009760805995e-09	0.03955566	-0.07368909	-0.94976604	0	0	0.39	4.7473785e-18
4.900056608029313e-09	0.032396223	-0.067629814	-0.95004123	0	0	0.39	4.8367203e-18
4.9100364002443705e-09	0.02840897	-0.07598698	-0.9497498	0	0	0.39	5.2420193e-18
4.920035499769643e-09	0.028637148	-0.07987742	-0.95087796	0	0	0.39	5.0551166e-18
4.9300647208401076e-09	0.027435247	-0.08286661	-0.9481681	0	0	0.39	5.7022887e-18
4.940024212027987e-09	0.018315304	-0.092317194	-0.9460198	0	0	0.39	4.5772502e-18
4.95004215693673e-09	0.018605674	-0.10198162	-0.9485794	0	0	0.39	3.606516e-18
4.960066931357169e-09	0.013848356	-0.0947131	-0.946058	0	0	0.39	4.5779993e-18
4.9700058909597135e-09	0.0029078939	-0.099570006	-0.94370663	0	0	0.39	6.1266443e-18
4.980063851179846e-09	0.0006040658	-0.08584403	-0.94373685	0	0	0.39	5.0872017e-18
4.990019559907481e-09	-0.0007127635	-0.07834284	-0.9401791	0	0	0.39	4.648754e-18
5.000044798602598e-09	-0.007466255	-0.054709494	-0.94557124	0	0	0.39	4.458277e-18
5.0100392041778626e-09	-0.015925776	-0.059159443	-0.94359946	0	0	0.39	4.4553093e-18
5.0200068590609225e-09	-0.039568976	-0.061363623	-0.94784147	0	0	0.39	5.461191e-18
5.030013765711987e-09	-0.057456914	-0.059348866	-0.95293105	0	0	0.39	4.3717136e-18
5.040032456027139e-09	-0.053381093	-0.05228176	-0.9529945	0	0	0.39	4.957181e-18
5.050044372325467e-09	-0.05666063	-0.04646168	-0.9519659	0	0	0.39	4.9639878e-18
5.060002529654568e-09	-0.0707905	-0.02973824	-0.9541885	0	0	0.39	4.78288e-18
5.07003179305784e-09	-0.08004136	-0.019313652	-0.9551769	0	0	0.39	4.3722993e-18
5.080008155467192e-09	-0.07035919	-0.016018678	-0.9519936	0	0	0.39	5.0777706e-18
5.090031542600212e-09	-0.06295514	-0.03452783	-0.9497733	0	0	0.39	4.6658355e-18
5.100011024639939e-09	-0.08697714	-0.03386407	-0.9491756	0	0	0.39	3.757121e-18
5.110015250913372e-09	-0.08365334	-0.04278788	-0.94970185	0	0	0.39	4.0584864e-18
5.12000054964931e-09	-0.0773073	-0.040920306	-0.9520566	0	0	0.39	3.723126e-18
5.13002718031608e-09	-0.08445165	-0.044209063	-0.95563716	0	0	0.39	4.9529937e-18
5.140041122140983e-09	-0.09659047	-0.03135717	-0.9535993	0	0	0.39	3.67159e-18
5.150007999578042e-09	-0.08576458	-0.022914596	-0.9537127	0	0	0.39	4.7034507e-18
5.160053371665287e-09	-0.0681743	-0.027867338	-0.9548221	0	0	0.39	4.304899e-18
5.170008675043422e-09	-0.08299932	-0.03775815	-0.9518456	0	0	0.39	3.933915e-18
5.180018854034677e-09	-0.0901418	-0.02988943	-0.9530983	0	0	0.39	4.7915587e-18
5.190009362738801e-09	-0.10195203	-0.03217837	-0.94829553	0	0	0.39	4.404698e-18
5.2000176732114995e-09	-0.11858496	-0.021793976	-0.94822747	0	0	0.39	4.1014696e-18
5.210047723188807e-09	-0.11267026	-0.0143146375	-0.9513472	0	0	0.39	4.3740996e-18
5.220008631938899e-09	-0.13020901	-0.0016772383	-0.9450846	0	0	0.39	5.5881803e-18
5.230015399479011e-09	-0.13120191	0.013970648	-0.9401246	0	0	0.39	4.142575e-18
5.2400435852812466e-09	-0.11642387	0.026594754	-0.93996876	0	0	0.39	5.403547e-18
5.250061836928926e-09	-0.11436887	0.035424974	-0.94105387	0	0	0.39	4.1638154e-18
5.260010553363708e-09	-0.11065549	0.038680103	-0.9406526	0	0	0.39	5.2522085e-18
5.2700259190971455e-09	-0.109086566	0.033541013	-0.93889886	0	0	0.39	4.865025e-18
5.280055240647103e-09	-0.112532236	0.040339738	-0.9388333	0	0	0.39	4.7879327e-18
5.290022036391386e-09	-0.094122805	0.043180175	-0.94247156	0	0	0.39	4.907408e-18
5.300048673719054e-09	-0.11995513	0.026291767	-0.94314396	0	0	0.39	3.6972537e-18
5.310000700988698e-09	-0.13781607	0.033478472	-0.9428768	0	0	0.39	4.2574978e-18
5.320022314885339e-09	-0.120358795	0.052364115	-0.9452818	0	0	0.39	4.4389663e-18
5.330023360641769e-09	-0.10540735	0.046102412	-0.94558924	0	0	0.39	3.5975867e-18
5.340004824714085e-09	-0.10001822	0.056015432	-0.9429548	0	0	0.39	5.2564404e-18
5.350051257917245e-09	-0.11367792	0.047028188	-0.9421646	0	0	0.39	4.1754547e-18
5.360014148655822e-09	-0.12201384	0.05082825	-0.9363353	0	0	0.39	4.4959835e-18
5.370038087128604e-09	-0.13068333	0.055047397	-0.93075454	0	0	0.39	4.9116326e-18
5.3800079993861204e-09	-0.12756053	0.065409675	-0.93694264	0	0	0.39	4.53572e-18
5.3900504166332085e-09	-0.1255925	0.052755415	-0.9377133	0	0	0.39	4.5583785e-18
5.400034162590806e-09	-0.13994066	0.057732243	-0.9376151	0	0	0.39	4.255438e-18
5.410054680448168e-09	-0.14236581	0.06257511	-0.9341163	0	0	0.39	4.5360285e-18
5.420029356385437e-09	-0.14447212	0.06593686	-0.9267768	0	0	0.39	3.554479e-18
5.4300554550098375e-09	-0.1478284	0.060143493	-0.93635535	0	0	0.39	4.363024e-18
5.440017540094928e-09	-0.12920092	0.052751757	-0.93919367	0	0	0.39	4.603355e-18
5.450035824978767e-09	-0.12696813	0.05960938	-0.93818176	0	0	0.39	4.8302864e-18
5.460017551877824e-09	-0.111191005	0.056674216	-0.93805295	0	0	0.39	3.4239615e-18
5.470007477747822e-09	-0.10302966	0.067152314	-0.9359601	0	0	0.39	4.94538e-18
5.480060332865606e-09	-0.09384494	0.06879245	-0.9351266	0	0	0.39	3.0782031e-18
5.490021551970183e-09	-0.09851959	0.07188095	-0.93866634	0	0	0.39	4.444091e-18
5.500041990399257e-09	-0.10413417	0.07126909	-0.9370341	0	0	0.39	4.1786327e-18
5.510021583792189e-09	-0.09831063	0.09070677	-0.9375782	0	0	0.39	4.275772e-18
5.520062476075266e-09	-0.08550428	0.0862696	-0.9414813	0	0	0.39	4.442949e-18
5.5300400087924535e-09	-0.084140405	0.09822733	-0.9436196	0	0	0.39	4.593127e-18
5.540026225033191e-09	-0.072922856	0.101589695	-0.94108963	0	0	0.39	5.684437e-18
5.5500322699728214e-09	-0.05951446	0.10991049	-0.94434774	0	0	0.39	4.4329147e-18
5.560008378123799e-09	-0.06630916	0.10458313	-0.9435183	0	0	0.39	5.6076716e-18
5.570008079392761e-09	-0.056369912	0.113537736	-0.94252264	0	0	0.39	4.2284435e-18
5.5800057775861164e-09	-0.06248133	0.110426225	-0.9314976	0	0	0.39	4.5432775e-18
5.590004187554707e-09	-0.068400346	0.10975981	-0.9307772	0	0	0.39	4.713905e-18
5.600060218026475e-09	-0.05511563	0.11680652	-0.9244355	0	0	0.39	4.5257574e-18
5.610013492263254e-09	-0.04082928	0.107161134	-0.9249281	0	0	0.39	4.34374e-18
5.620040135283413e-09	-0.061474275	0.1334863	-0.9251369	0	0	0.39	4.243476e-18
5.630053971321806e-09	-0.054664057	0.13844334	-0.9266688	0	0	0.39	4.62e-18
5.640030852514535e-09	-0.05843943	0.13161913	-0.92950433	0	0	0.39	4.796827e-18
5.6500023702192845e-09	-0.054058217	0.13219161	-0.9317702	0	0	0.39	4.7897223e-18
5.660011940355295e-09	-0.06284492	0.14689267	-0.9292592	0	0	0.39	4.9507608e-18
5.670007754622015e-09	-0.044026647	0.14728443	-0.92739606	0	0	0.39	4.67894e-18
5.680065224013893e-09	-0.047235582	0.1583431	-0.9279714	0	0	0.39	4.5943667e-18
5.690061110785963e-09	-0.051228706	0.15914293	-0.92838657	0	0	0.39	4.3437032e-18
5.700048423200078e-09	-0.052157473	0.17003323	-0.9241335	0	0	0.39	4.057945e-18
5.710037048569118e-09	-0.061648138	0.1791949	-0.9259532	0	0	0.39	5.1037933e-18
5.720005140651442e-09	-0.06231758	0.18855947	-0.9161854	0	0	0.39	4.785593e-18
5.730016953443424e-09	-0.059324913	0.21008201	-0.9171886	0	0	0.39	4.153572e-18
5.740002553904207e-09	-0.05473995	0.22059654	-0.9212448	0	0	0.39	4.038463e-18
5.750043706510389e-09	-0.037982017	0.21318127	-0.9287144	0	0	0.39	4.9673743e-18
5.76005309000325e-09	-0.012020522	0.2070169	-0.9301184	0	0	0.39	5.205535e-18
5.770060843046157e-09	0.0057099704	0.19753964	-0.9335347	0	0	0.39	3.8659957e-18
5.780061704471414e-09	0.011098732	0.20257826	-0.9284103	0	0	0.39	3.8585477e-18
5.790044798859889e-09	0.02309445	0.19240513	-0.9318877	0	0	0.39	4.5618605e-18
5.8000558499110916e-09	0.03048579	0.17443293	-0.9341306	0	0	0.39	4.1830966e-18
5.810047401604447e-09	0.019115228	0.14055933	-0.93983823	0	0	0.39	4.4024173e-18
5.820058716955831e-09	-0.001123264	0.13731566	-0.93799096	0	0	0.39	3.6474384e-18
5.830037251053629e-09	0.0140163135	0.13038135	-0.93339545	0	0	0.39	4.8808106e-18
5.840064031460978e-09	0.008302266	0.13584189	-0.92806554	0	0	0.39	4.1417347e-18
5.850056680124068e-09	0.009925567	0.12625863	-0.9258929	0	0	0.39	4.2757607e-18
5.860036124725657e-09	0.007591841	0.09839753	-0.92345923	0	0	0.39	5.0247897e-18
5.870038916763815e-09	0.0032974451	0.09691976	-0.92408085	0	0	0.39	3.3714397e-18
5.880065073051019e-09	0.016479248	0.1025586	-0.9217881	0	0	0.39	4.737261e-18
5.89003919193054e-09	0.0067291344	0.09544841	-0.9163868	0	0	0.39	4.4915692e-18
5.9000398861070824e-09	-0.0054946933	0.09831609	-0.9186628	0	0	0.39	4.0640484e-18
5.910011300049893e-09	-0.0016505804	0.083537586	-0.91711676	0	0	0.39	3.8302454e-18
5.920031336835838e-09	-0.016060531	0.10091623	-0.9156955	0	0	0.39	3.954615e-18
5.930033045047141e-09	-0.027485875	0.09608951	-0.91247857	0	0	0.39	4.0489312e-18
5.940037470978231e-09	-0.049685117	0.10684283	-0.9127466	0	0	0.39	4.6436356e-18
5.950030177305097e-09	-0.04455924	0.112974346	-0.91779476	0	0	0.39	5.195428e-18
5.960011754892793e-09	-0.010453516	0.10119687	-0.92490506	0	0	0.39	4.4968388e-18
5.970005807157597e-09	-0.017406238	0.09457253	-0.9244869	0	0	0.39	4.9801377e-18
5.9800267276069625e-09	-0.031991187	0.085472256	-0.9260079	0	0	0.39	4.9988253e-18
5.990014140794617e-09	-0.0418298	0.0667949	-0.9259699	0	0	0.39	4.209428e-18
6.000063923584779e-09	-0.0653622	0.056596793	-0.9312016	0	0	0.39	5.2052764e-18
6.0100403604473434e-09	-0.07813411	0.06599217	-0.9291131	0	0	0.39	5.5656293e-18
6.020026119011045e-09	-0.07314603	0.068578385	-0.9304616	0	0	0.39	5.2401077e-18
6.030018547209322e-09	-0.08189789	0.07479282	-0.9271341	0	0	0.39	4.995956e-18
6.040041602596297e-09	-0.089891285	0.08587979	-0.9275869	0	0	0.39	5.0189105e-18
6.05001601321322e-09	-0.1103679	0.09650895	-0.9279098	0	0	0.39	5.0085765e-18
6.060012423029667e-09	-0.10189917	0.09115749	-0.9243367	0	0	0.39	4.4294157e-18
6.07004018997852e-09	-0.09966389	0.08547431	-0.92001235	0	0	0.39	5.8321705e-18
6.08003350609919e-09	-0.09197297	0.07096345	-0.9199438	0	0	0.39	4.939094e-18
6.090008367915799e-09	-0.09444369	0.052515	-0.92066526	0	0	0.39	3.9546674e-18
6.1000628892304346e-09	-0.09265708	0.040955	-0.92850304	0	0	0.39	3.726586e-18
6.110046966148022e-09	-0.08928455	0.055299655	-0.9302798	0	0	0.39	4.2348363e-18
6.120006871803444e-09	-0.077008225	0.060626186	-0.93208015	0	0	0.39	4.5532624e-18
6.130049594719466e-09	-0.07454627	0.07484811	-0.93199825	0	0	0.39	4.909744e-18
6.140012035554236e-09	-0.0746582	0.083024114	-0.92811495	0	0	0.39	5.1410334e-18
6.150007479568845e-09	-0.06519101	0.06382958	-0.9355231	0	0	0.39	4.3034795e-18
6.1600636843635955e-09	-0.047327958	0.049498446	-0.9300922	0	0	0.39	4.7760867e-18
6.170042365695291e-09	-0.05174738	0.045918178	-0.92719364	0	0	0.39	4.576223e-18
6.180047640594496e-09	-0.066331364	0.04518522	-0.9293458	0	0	0.39	4.810167e-18
6.190039443500279e-09	-0.062244248	0.04181765	-0.93023556	0	0	0.39	4.2833038e-18
6.2000590117426244e-09	-0.04056227	0.044844255	-0.92574036	0	0	0.39	5.1405164e-18
6.210018946262116e-09	-0.04956679	0.066206664	-0.9293942	0	0	0.39	4.2652567e-18
6.22000412377174e-09	-0.046844747	0.060322687	-0.9294394	0	0	0.39	4.1882177e-18
6.230060581263772e-09	-0.052559387	0.08284843	-0.93151194	0	0	0.39	5.1597657e-18
6.240009985168584e-09	-0.051751267	0.06635385	-0.93431556	0	0	0.39	4.662452e-18
6.2500273682418845e-09	-0.03949987	0.0660454	-0.9370684	0	0	0.39	4.8657555e-18
6.260020322466554e-09	-0.02307878	0.07432505	-0.9390706	0	0	0.39	4.4743407e-18
6.270034298980092e-09	-0.022728829	0.066810615	-0.93752706	0	0	0.39	4.8378973e-18
6.2800519396745185e-09	-0.032824736	0.081606284	-0.9344135	0	0	0.39	4.5575675e-18
6.29004221917592e-09	-0.011416374	0.08930891	-0.9325912	0	0	0.39	4.428813e-18
6.300062340757475e-09	0.002457783	0.08575448	-0.9304769	0	0	0.39	5.0289955e-18
6.310057854485218e-09	0.003868803	0.09758121	-0.9227536	0	0	0.39	4.853348e-18
6.320052207300066e-09	0.015780153	0.08544063	-0.9177886	0	0	0.39	4.7651365e-18
6.3300159278286375e-09	0.0023674518	0.07728633	-0.9169335	0	0	0.39	3.678808e-18
6.3400001688031265e-09	-0.008878754	0.08945047	-0.9204392	0	0	0.39	4.9047265e-18
6.35003831299511e-09	-0.0033719481	0.100287125	-0.9268202	0	0	0.39	3.948966e-18
6.360013364737572e-09	0.0033691481	0.104306	-0.9294799	0	0	0.39	3.827401e-18
6.370010660692748e-09	0.007540656	0.121178046	-0.9329993	0	0	0.39	4.9198325e-18
6.3800643277526405e-09	0.020098062	0.13211471	-0.92941254	0	0	0.39	4.6779314e-18
6.390037869955238e-09	0.022432238	0.11348459	-0.9288886	0	0	0.39	4.2161814e-18
6.400040877189226e-09	0.008328456	0.096162386	-0.9323305	0	0	0.39	4.7328284e-18
6.4100105059989934e-09	-0.007025977	0.093318835	-0.9373743	0	0	0.39	4.2012706e-18
6.420043871635747e-09	-0.0009384327	0.11039109	-0.94002855	0	0	0.39	5.1661925e-18
6.43002541262219e-09	0.004776581	0.12836939	-0.94145834	0	0	0.39	3.2776604e-18
6.440027684807423e-09	0.0041662697	0.11686455	-0.93901706	0	0	0.39	4.4445895e-18
6.45000779323453e-09	0.008847618	0.13014247	-0.9350013	0	0	0.39	3.7536898e-18
6.460061269592477e-09	0.0058759633	0.14114119	-0.9336144	0	0	0.39	4.7058896e-18
6.4700323182676475e-09	-0.0064745606	0.1419784	-0.9286206	0	0	0.39	3.9733828e-18
6.480038953271554e-09	0.012128788	0.13627423	-0.92891765	0	0	0.39	4.827154e-18
6.490015297132239e-09	0.018588526	0.13127974	-0.9308667	0	0	0.39	4.717854e-18
6.500053006846837e-09	-0.00803333	0.12445359	-0.93405557	0	0	0.39	3.5350775e-18
6.51001538043494e-09	-0.005358851	0.14392817	-0.9322959	0	0	0.39	4.9271514e-18
6.520019141065495e-09	-0.017123746	0.15003349	-0.9353313	0	0	0.39	4.2054206e-18
6.530048557536619e-09	-0.023129093	0.17105287	-0.9380206	0	0	0.39	5.64386e-18
6.540012537686731e-09	-0.021250373	0.17594846	-0.9399558	0	0	0.39	5.173233e-18
6.55003792736866e-09	3.4544562e-05	0.1925195	-0.93748766	0	0	0.39	4.5278126e-18
6.560031100578636e-09	0.016172934	0.20269999	-0.9348038	0	0	0.39	5.3809497e-18
6.5700389510839775e-09	0.038132068	0.20059389	-0.9285503	0	0	0.39	4.997371e-18
6.580040570925888e-09	0.02254713	0.20233464	-0.9234922	0	0	0.39	5.0663427e-18
6.5900448881190725e-09	0.03733493	0.20972824	-0.920988	0	0	0.39	4.2185822e-18
6.60000403587377e-09	0.032005668	0.19865596	-0.921849	0	0	0.39	5.2689697e-18
6.610026058615362e-09	0.0097765615	0.20518817	-0.92091966	0	0	0.39	4.675114e-18
6.620042980253176e-09	0.03160201	0.21027239	-0.9182772	0	0	0.39	4.4230596e-18
6.630009539608467e-09	0.031107465	0.19929068	-0.92046475	0	0	0.39	4.441744e-18
6.640055735695242e-09	0.032412674	0.20704737	-0.9224022	0	0	0.39	4.7913796e-18
6.650047896678814e-09	0.043344464	0.2149067	-0.9204474	0	0	0.39	4.0901517e-18
6.660016947883839e-09	0.06297237	0.20390199	-0.9180136	0	0	0.39	3.3392642e-18
6.670000562791625e-09	0.056070603	0.20353575	-0.9196611	0	0	0.39	5.728529e-18
6.680031021417158e-09	0.07332204	0.18079801	-0.9213395	0	0	0.39	4.155229e-18
6.690008135177487e-09	0.05477745	0.16657285	-0.9262827	0	0	0.39	4.2395385e-18
6.700036078717396e-09	0.052475464	0.17420132	-0.9267366	0	0	0.39	5.114334e-18
6.710017485207311e-09	0.0566715	0.17530921	-0.93073845	0	0	0.39	4.2924954e-18
6.720015892329201e-09	0.060338974	0.16985366	-0.9303738	0	0	0.39	5.7571452e-18
6.730005225363703e-09	0.05714001	0.16757801	-0.92889464	0	0	0.39	4.4604424e-18
6.740062719851431e-09	0.067924045	0.16482687	-0.9273302	0	0	0.39	4.6831397e-18
6.750040670972919e-09	0.059834305	0.17207862	-0.92091304	0	0	0.39	5.0961402e-18
6.760030353630547e-09	0.07912298	0.17121196	-0.9261604	0	0	0.39	4.735434e-18
6.770041892803036e-09	0.07495962	0.14888816	-0.9273504	0	0	0.39	5.137083e-18
6.780021330426543e-09	0.08431809	0.13798472	-0.92843825	0	0	0.39	4.059403e-18
6.790004424661744e-09	0.09804056	0.13749592	-0.9299575	0	0	0.39	4.7334492e-18
6.800059331257961e-09	0.08025381	0.14252521	-0.9311069	0	0	0.39	3.2755513e-18
6.810003334718441e-09	0.08269045	0.13081554	-0.9346542	0	0	0.39	4.109107e-18
6.820066683787669e-09	0.09288833	0.12140015	-0.93618983	0	0	0.39	4.394185e-18
6.830039900723945e-09	0.10194997	0.13656153	-0.9375911	0	0	0.39	4.8911363e-18
6.840048886259231e-09	0.13063069	0.14236063	-0.93239975	0	0	0.39	4.535313e-18
6.850033451408233e-09	0.13929908	0.13529025	-0.93446666	0	0	0.39	4.0366455e-18
6.860051952431501e-09	0.120124236	0.120818295	-0.9334989	0	0	0.39	4.584678e-18
6.870012162570619e-09	0.1258246	0.12623842	-0.93473417	0	0	0.39	5.2372978e-18
6.880002903442313e-09	0.12413557	0.13045612	-0.93249017	0	0	0.39	4.8494328e-18
6.890025763779363e-09	0.13359594	0.14219053	-0.9230249	0	0	0.39	4.8416775e-18
6.900024418748969e-09	0.12535422	0.1388058	-0.9236341	0	0	0.39	4.9098943e-18
6.910000132275656e-09	0.13672197	0.14253624	-0.92238164	0	0	0.39	4.244106e-18
6.9200433239046675e-09	0.16118722	0.13145721	-0.9198013	0	0	0.39	5.0980725e-18
6.930025321931755e-09	0.16312681	0.11014869	-0.9250754	0	0	0.39	4.7184996e-18
6.940059337402876e-09	0.16659637	0.11388112	-0.9268764	0	0	0.39	5.2625115e-18
6.950019492269306e-09	0.17421979	0.080390185	-0.9301021	0	0	0.39	5.24413e-18
6.960045929680623e-09	0.17582704	0.08681451	-0.92813605	0	0	0.39	4.8617855e-18
6.970035003049481e-09	0.1693597	0.099650696	-0.9256428	0	0	0.39	5.414281e-18
6.980030909251544e-09	0.16632181	0.09958729	-0.9299904	0	0	0.39	4.412853e-18
6.990022131639213e-09	0.16558804	0.10024954	-0.9281041	0	0	0.39	4.7118313e-18
7.000012594474271e-09	0.17585891	0.09801221	-0.9284519	0	0	0.39	4.873465e-18
7.0100267395336984e-09	0.16958922	0.10321136	-0.9262664	0	0	0.39	5.3281665e-18
7.020031123056234e-09	0.15413165	0.09444225	-0.9291273	0	0	0.39	4.8226396e-18
7.0300483562832635e-09	0.16529234	0.09249373	-0.9205429	0	0	0.39	5.0311176e-18
7.040037420963175e-09	0.16171505	0.105796605	-0.9184122	0	0	0.39	5.3541598e-18
7.050009067947119e-09	0.16516086	0.10156883	-0.9180693	0	0	0.39	5.2610656e-18
7.060035175740243e-09	0.16788895	0.10455328	-0.919619	0	0	0.39	5.4290085e-18
7.070018061169173e-09	0.15814449	0.099414796	-0.92280686	0	0	0.39	4.761965e-18
7.080042187574945e-09	0.16565879	0.0872898	-0.92103606	0	0	0.39	4.535716e-18
7.0900218266733095e-09	0.15739188	0.082846336	-0.922384	0	0	0.39	4.6060535e-18
7.1000649724916305e-09	0.16629724	0.094663344	-0.92253	0	0	0.39	4.5104997e-18
7.110062041957436e-09	0.18096882	0.08264931	-0.92308223	0	0	0.39	4.8514114e-18
7.1200008436987206e-09	0.1803442	0.09171396	-0.9224405	0	0	0.39	4.8358468e-18
7.130035925627093e-09	0.1890464	0.08330109	-0.92112875	0	0	0.39	6.149667e-18
7.140058225370944e-09	0.18073991	0.080029175	-0.9211919	0	0	0.39	5.8756554e-18
7.150031392273166e-09	0.17964707	0.060240112	-0.9233169	0	0	0.39	4.9379887e-18
7.160033823440246e-09	0.17952111	0.0552411	-0.9160243	0	0	0.39	4.778833e-18
7.170029225070102e-09	0.1656504	0.037533604	-0.91915095	0	0	0.39	4.1319777e-18
7.180031799125005e-09	0.1630551	0.030644018	-0.91967607	0	0	0.39	3.9882174e-18
7.190062958706512e-09	0.16211084	0.046440594	-0.928958	0	0	0.39	4.127412e-18
7.200008484327268e-09	0.16023864	0.038271703	-0.9314207	0	0	0.39	4.6202727e-18
7.210007428390191e-09	0.18006209	0.035598114	-0.9284725	0	0	0.39	4.607422e-18
7.220013227332781e-09	0.18125096	0.02335527	-0.9307413	0	0	0.39	4.584802e-18
7.230028310685532e-09	0.18499647	0.016918454	-0.9269555	0	0	0.39	3.5641103e-18
7.24001371393223e-09	0.1733241	0.0056707906	-0.9340719	0	0	0.39	4.987888e-18
7.2500025599013e-09	0.16653395	0.010510291	-0.9341321	0	0	0.39	4.1999417e-18
7.260026407257998e-09	0.15115377	0.019731091	-0.93515795	0	0	0.39	5.578983e-18
7.270056693961916e-09	0.13917299	0.02525003	-0.93692154	0	0	0.39	4.9722517e-18
7.280018280904014e-09	0.15025066	0.028766604	-0.93489224	0	0	0.39	4.346277e-18
7.290064730763728e-09	0.16194946	0.033349436	-0.9351222	0	0	0.39	4.346299e-18
7.300044782783583e-09	0.16861917	0.042445943	-0.9342202	0	0	0.39	4.973134e-18
7.310051267674494e-09	0.17446911	0.01909928	-0.9363499	0	0	0.39	4.3713687e-18
7.320051469181931e-09	0.18638273	-0.010838225	-0.9317776	0	0	0.39	4.3138085e-18
7.330045675728929e-09	0.18291037	-0.019510644	-0.9290677	0	0	0.39	5.362115e-18
7.3400505406269115e-09	0.1611002	-0.032488313	-0.9315821	0	0	0.39	3.9810635e-18
7.35005968890849e-09	0.15946473	-0.027718147	-0.9349521	0	0	0.39	4.415061e-18
7.360007822143694e-09	0.15140945	-0.033421766	-0.9341816	0	0	0.39	4.6118508e-18
7.370055031822449e-09	0.16346785	-0.012585847	-0.93304867	0	0	0.39	4.9115098e-18
7.380017370958489e-09	0.17520379	-0.025065595	-0.9311163	0	0	0.39	4.5878253e-18
7.390029542548018e-09	0.18936777	-0.019487426	-0.93418634	0	0	0.39	4.528654e-18
7.400056990410572e-09	0.19267394	-0.03697756	-0.9296457	0	0	0.39	4.465703e-18
7.4100364572522265e-09	0.18489686	-0.048600934	-0.93076587	0	0	0.39	4.693792e-18
7.420049965652398e-09	0.1878837	-0.038556527	-0.9328297	0	0	0.39	4.243877e-18
7.430043663683104e-09	0.19335328	-0.058644835	-0.92848873	0	0	0.39	4.4967304e-18
7.440003003054831e-09	0.18985353	-0.06232069	-0.9318574	0	0	0.39	4.489273e-18
7.450035013841265e-09	0.18459189	-0.053701364	-0.9354407	0	0	0.39	5.286115e-18
7.460060055601975e-09	0.18147032	-0.069877595	-0.93677056	0	0	0.39	4.553711e-18
7.470005323963724e-09	0.17401744	-0.07206645	-0.93720156	0	0	0.39	4.3029638e-18
7.480063985893055e-09	0.17889471	-0.079499766	-0.932735	0	0	0.39	4.4220852e-18
7.49001956498815e-09	0.18840042	-0.07589982	-0.93213236	0	0	0.39	4.494861e-18
7.500060729531078e-09	0.19642648	-0.07825674	-0.92476004	0	0	0.39	4.9069607e-18
7.510040772887975e-09	0.19250259	-0.074101776	-0.92785954	0	0	0.39	4.922293e-18
7.520002148805262e-09	0.18793158	-0.08935658	-0.92961544	0	0	0.39	4.657822e-18
7.530061059597498e-09	0.18946809	-0.08210648	-0.9226959	0	0	0.39	4.4232367e-18
7.540001169591316e-09	0.20989032	-0.07625419	-0.9191978	0	0	0.39	4.942454e-18
7.55003264827079e-09	0.2103913	-0.0886949	-0.91798145	0	0	0.39	4.4192658e-18
7.560021694770332e-09	0.20101339	-0.115274996	-0.91771656	0	0	0.39	5.3691954e-18
7.570027314625852e-09	0.21635956	-0.10700192	-0.9107128	0	0	0.39	4.7495226e-18
7.580030662867456e-09	0.21239948	-0.09315671	-0.91414547	0	0	0.39	4.550594e-18
7.590059546498608e-09	0.21188602	-0.07345958	-0.9141078	0	0	0.39	4.4586296e-18
7.600004458541774e-09	0.20236589	-0.08970625	-0.91620415	0	0	0.39	5.1461913e-18
7.610060850590106e-09	0.20950517	-0.09913646	-0.9184401	0	0	0.39	5.0197493e-18
7.620014520601465e-09	0.21967344	-0.08505475	-0.9182883	0	0	0.39	4.5074387e-18
7.63006117350065e-09	0.22178699	-0.09539193	-0.91674477	0	0	0.39	4.991573e-18
7.64000976825e-09	0.2251894	-0.12241906	-0.91543865	0	0	0.39	4.008295e-18
7.650005502897447e-09	0.2243844	-0.13133933	-0.9123386	0	0	0.39	4.4273535e-18
7.660006403971513e-09	0.22791027	-0.13493162	-0.90958935	0	0	0.39	5.0702147e-18
7.670057593965617e-09	0.21727069	-0.14625499	-0.9084459	0	0	0.39	5.0420116e-18
7.680047984513326e-09	0.22299907	-0.15314527	-0.90650517	0	0	0.39	4.826448e-18
7.690050578630483e-09	0.22122236	-0.13449213	-0.90705293	0	0	0.39	4.472671e-18
7.700011328343697e-09	0.21805963	-0.14368045	-0.9105768	0	0	0.39	4.209336e-18
7.710063297880612e-09	0.2275212	-0.122096896	-0.91012394	0	0	0.39	4.932213e-18
7.720043539468436e-09	0.24506032	-0.117885046	-0.90184677	0	0	0.39	4.409783e-18
7.73001798050209e-09	0.2528449	-0.11514894	-0.9024918	0	0	0.39	5.0561886e-18
7.740014321011416e-09	0.26033735	-0.13933004	-0.90000343	0	0	0.39	5.8249223e-18
7.750064418698691e-09	0.25211594	-0.14714937	-0.90740854	0	0	0.39	3.567808e-18
7.760058296108008e-09	0.2363449	-0.1507449	-0.910853	0	0	0.39	4.6734112e-18
7.770012078635884e-09	0.23041105	-0.14827721	-0.906149	0	0	0.39	4.644368e-18
7.780046874840877e-09	0.22477809	-0.16057049	-0.905653	0	0	0.39	4.804486e-18
7.790006581277165e-09	0.2297662	-0.14737357	-0.9055481	0	0	0.39	4.325379e-18
7.800019337447227e-09	0.21832323	-0.14796276	-0.91118014	0	0	0.39	4.9928795e-18
7.810045357226454e-09	0.22925052	-0.14979315	-0.90825003	0	0	0.39	3.8685e-18
7.820001381270054e-09	0.22444187	-0.1438235	-0.90437984	0	0	0.39	4.213992e-18
7.830020068655525e-09	0.22829798	-0.13920167	-0.90677017	0	0	0.39	5.2620185e-18
7.840020174958299e-09	0.21450101	-0.14731827	-0.9148367	0	0	0.39	4.5939436e-18
7.850002945665953e-09	0.19892432	-0.14537396	-0.9179259	0	0	0.39	5.3282483e-18
7.860013282792201e-09	0.19422394	-0.1472864	-0.920559	0	0	0.39	4.7180587e-18
7.870001153433208e-09	0.18858702	-0.1505845	-0.92336196	0	0	0.39	4.2563166e-18
7.880004239422354e-09	0.17112406	-0.15399414	-0.9233053	0	0	0.39	4.407948e-18
7.890053938061841e-09	0.1698443	-0.16811818	-0.9203171	0	0	0.39	4.9667315e-18
7.900047937695984e-09	0.14434236	-0.17445152	-0.92611426	0	0	0.39	4.2120405e-18
7.910025666224698e-09	0.13901058	-0.16352029	-0.9204663	0	0	0.39	4.4421423e-18
7.920050778406823e-09	0.14207783	-0.16092972	-0.91882175	0	0	0.39	4.4986205e-18
7.93005614858521e-09	0.15549468	-0.1561623	-0.91872126	0	0	0.39	4.746808e-18
7.940037199872105e-09	0.1459425	-0.1780671	-0.917556	0	0	0.39	4.9425994e-18
7.950060344988771e-09	0.15546876	-0.17392188	-0.9203577	0	0	0.39	4.128594e-18
7.96005705044342e-09	0.14704253	-0.1872161	-0.9232304	0	0	0.39	4.0943856e-18
7.970042392917536e-09	0.15051773	-0.17641509	-0.91939855	0	0	0.39	4.7530708e-18
7.980001022518968e-09	0.16839528	-0.18259388	-0.9152739	0	0	0.39	5.0519994e-18
7.990044123115251e-09	0.15913591	-0.19915512	-0.9143013	0	0	0.39	4.5078945e-18
8.000002664893214e-09	0.15413505	-0.19617824	-0.9170774	0	0	0.39	4.176387e-18
8.010018862034387e-09	0.15833707	-0.19516799	-0.9143265	0	0	0.39	4.3593332e-18
8.02001598877052e-09	0.15952846	-0.20441744	-0.9115882	0	0	0.39	4.8395546e-18
8.030011491180609e-09	0.15986487	-0.20448332	-0.91700053	0	0	0.39	4.1117775e-18
8.040048606626547e-09	0.16312228	-0.2032247	-0.9159164	0	0	0.39	4.0595824e-18
8.050057836735875e-09	0.15402141	-0.20859948	-0.91938525	0	0	0.39	4.2307865e-18
8.060061723267585e-09	0.14716485	-0.22723088	-0.9169424	0	0	0.39	5.0429525e-18
8.070002110567869e-09	0.13600856	-0.21410167	-0.9137836	0	0	0.39	5.2347852e-18
8.08005096630012e-09	0.1302761	-0.2058694	-0.91864467	0	0	0.39	4.1562145e-18
8.09006060791589e-09	0.12580122	-0.208572	-0.9197833	0	0	0.39	4.4338424e-18
8.100056437713986e-09	0.11585273	-0.19932334	-0.9167912	0	0	0.39	4.8380462e-18
8.110027951238095e-09	0.12278181	-0.20344462	-0.9147799	0	0	0.39	4.8020635e-18
8.12005866409324e-09	0.14685883	-0.20274872	-0.9097744	0	0	0.39	4.4712483e-18
8.130013369821035e-09	0.14133053	-0.20692925	-0.90293604	0	0	0.39	4.261975e-18
8.140059503630795e-09	0.1610308	-0.20328131	-0.90136737	0	0	0.39	4.628774e-18
8.150050214135403e-09	0.1669257	-0.20716117	-0.8973667	0	0	0.39	4.497522e-18
8.160019018956693e-09	0.15430334	-0.23313825	-0.8961285	0	0	0.39	5.3760147e-18
8.170062131821818e-09	0.1455324	-0.22455029	-0.90129083	0	0	0.39	5.1085008e-18
8.18001743268076e-09	0.1483159	-0.2329103	-0.89801073	0	0	0.39	4.978442e-18
8.190054400473649e-09	0.13899809	-0.20427395	-0.9065424	0	0	0.39	4.0971302e-18
8.200006957862109e-09	0.12469644	-0.20056848	-0.92045456	0	0	0.39	3.916211e-18
8.210013272898568e-09	0.11857012	-0.20034158	-0.9220136	0	0	0.39	3.579153e-18
8.220019251728327e-09	0.11068236	-0.20086664	-0.9225226	0	0	0.39	4.1221276e-18
8.230061192108065e-09	0.09653463	-0.20975551	-0.92372274	0	0	0.39	4.0752864e-18
8.240061579564327e-09	0.07806074	-0.22955921	-0.924763	0	0	0.39	4.3220654e-18
8.250010582456162e-09	0.08855047	-0.22237876	-0.9208303	0	0	0.39	5.0003407e-18
8.260058396250799e-09	0.07961846	-0.21263848	-0.9238315	0	0	0.39	4.42958e-18
8.270056025792663e-09	0.07090922	-0.2121289	-0.92526037	0	0	0.39	4.318483e-18
8.280048104760926e-09	0.07984812	-0.22731628	-0.9171822	0	0	0.39	3.70489e-18
8.290060540958671e-09	0.069848716	-0.23749332	-0.9131738	0	0	0.39	4.6311526e-18
8.30003670895148e-09	0.06895843	-0.2402279	-0.9134168	0	0	0.39	4.837057e-18
8.310000740427777e-09	0.058374472	-0.24542044	-0.9077606	0	0	0.39	5.431108e-18
8.32003399195298e-09	0.049958806	-0.23833227	-0.9112594	0	0	0.39	4.955167e-18
8.330053785074412e-09	0.053469226	-0.24468186	-0.91203105	0	0	0.39	4.412527e-18
8.340009066685658e-09	0.042988885	-0.23773284	-0.9094891	0	0	0.39	3.8202667e-18
8.350031915959188e-09	0.04207893	-0.23519357	-0.9120487	0	0	0.39	3.666483e-18
8.360021179612936e-09	0.023742916	-0.2344008	-0.9149709	0	0	0.39	5.2071396e-18
8.370055074692953e-09	0.01572187	-0.23638032	-0.9150315	0	0	0.39	5.3627736e-18
8.38001739658718e-09	0.01515715	-0.23191495	-0.91470397	0	0	0.39	4.655272e-18
8.39000500235169e-09	0.017605964	-0.23295105	-0.9174265	0	0	0.39	4.191012e-18
8.400039294580774e-09	0.018568682	-0.24768086	-0.9123224	0	0	0.39	4.3288773e-18
8.410062524444225e-09	0.016285192	-0.26751333	-0.9075111	0	0	0.39	5.1882125e-18
8.420036317330938e-09	0.033201683	-0.26695192	-0.90967524	0	0	0.39	4.232286e-18
8.430051934816479e-09	0.017564647	-0.278414	-0.9046159	0	0	0.39	4.4585693e-18
8.440057336196408e-09	0.01998618	-0.2858699	-0.9016628	0	0	0.39	4.2106384e-18
8.450051070421594e-09	0.022959044	-0.28011173	-0.9051812	0	0	0.39	5.928245e-18
8.460049124116747e-09	0.019412642	-0.2697847	-0.9083895	0	0	0.39	4.378608e-18
8.470053910823737e-09	0.044066675	-0.2737574	-0.9066875	0	0	0.39	4.209983e-18
8.480034149914659e-09	0.04975709	-0.26756603	-0.9010663	0	0	0.39	5.1019805e-18
8.490009263314073e-09	0.04738026	-0.27503562	-0.89485925	0	0	0.39	3.9946074e-18
8.50006648575627e-09	0.059650533	-0.28390414	-0.88934237	0	0	0.39	5.25552e-18
8.510024532444384e-09	0.0713099	-0.2820299	-0.89112306	0	0	0.39	4.3496556e-18
8.520010279841874e-09	0.07714392	-0.2850928	-0.8867112	0	0	0.39	4.7470952e-18
8.53004784262724e-09	0.07736838	-0.28034568	-0.8862599	0	0	0.39	4.8217975e-18
8.54004564171761e-09	0.09125908	-0.28299603	-0.88750154	0	0	0.39	4.1061564e-18
8.550001928003178e-09	0.09949466	-0.27859905	-0.8923654	0	0	0.39	4.309731e-18
8.56001133943423e-09	0.09431509	-0.2736952	-0.8965702	0	0	0.39	5.6270942e-18
8.570031191399811e-09	0.09708977	-0.2686455	-0.89274657	0	0	0.39	4.9907065e-18
8.580037413341025e-09	0.11917752	-0.26321155	-0.89479905	0	0	0.39	4.5416405e-18
8.590022231177766e-09	0.12196581	-0.25832653	-0.90025306	0	0	0.39	4.5225546e-18
8.60001800979425e-09	0.13129175	-0.24114709	-0.90037787	0	0	0.39	4.1814704e-18
8.610016502072944e-09	0.1318121	-0.23111185	-0.9031321	0	0	0.39	3.776174e-18
8.62005074220638e-09	0.14394306	-0.23630716	-0.89613265	0	0	0.39	4.559342e-18
8.630034415448218e-09	0.14419839	-0.23004691	-0.90015596	0	0	0.39	4.5393567e-18
8.640023234952104e-09	0.15932095	-0.21331951	-0.8966959	0	0	0.39	4.154804e-18
8.650037097175656e-09	0.15547596	-0.19172078	-0.9053717	0	0	0.39	4.572078e-18
8.660043138472445e-09	0.14244816	-0.18882461	-0.9112865	0	0	0.39	5.2762203e-18
8.670055329942627e-09	0.12823807	-0.20869856	-0.9040285	0	0	0.39	4.6178536e-18
8.680004796893428e-09	0.121040836	-0.2118534	-0.903746	0	0	0.39	5.127808e-18
8.69000040044988e-09	0.11346852	-0.20690757	-0.90046084	0	0	0.39	4.7694395e-18
8.700055362689345e-09	0.12137172	-0.2126747	-0.89823043	0	0	0.39	5.1525188e-18
8.710034607117933e-09	0.11863604	-0.20454377	-0.896514	0	0	0.39	3.91217e-18
8.720010997040377e-09	0.13458294	-0.20583186	-0.89537024	0	0	0.39	3.741032e-18
8.730062571670897e-09	0.14880285	-0.20603105	-0.8940485	0	0	0.39	5.663693e-18
8.74003603601853e-09	0.14214367	-0.20687741	-0.89753836	0	0	0.39	4.6027663e-18
8.75003107353222e-09	0.15127939	-0.22927278	-0.89637405	0	0	0.39	4.513556e-18
8.76002755810415e-09	0.17072973	-0.22994095	-0.90059596	0	0	0.39	4.0251936e-18
8.77004060879945e-09	0.15932377	-0.2570478	-0.8982998	0	0	0.39	4.4566965e-18
8.780011307025407e-09	0.14190209	-0.26865256	-0.89693177	0	0	0.39	4.68631e-18
8.790014182578654e-09	0.14257926	-0.27836645	-0.8927622	0	0	0.39	5.0556717e-18
8.800050564554952e-09	0.13890657	-0.2763577	-0.8877568	0	0	0.39	3.616715e-18
8.81006198921788e-09	0.13421658	-0.26445875	-0.8825007	0	0	0.39	4.3433773e-18
8.820040501102958e-09	0.15784375	-0.23898785	-0.8718544	0	0	0.39	5.4949575e-18
8.830041775714421e-09	0.1899181	-0.22374302	-0.85918754	0	0	0.39	4.063455e-18
8.840051415450098e-09	0.218572	-0.20449024	-0.85219467	0	0	0.39	4.4063597e-18
8.850051652605343e-09	0.2440259	-0.17593703	-0.8474754	0	0	0.39	3.9773636e-18
8.860055862331809e-09	0.26800886	-0.15058076	-0.8434955	0	0	0.39	5.5913985e-18
8.870048949451324e-09	0.27821	-0.12283457	-0.84054506	0	0	0.39	4.432796e-18
8.880067011105241e-09	0.30194888	-0.09903381	-0.82340735	0	0	0.39	3.7048725e-18
8.890056165349987e-09	0.3148627	-0.048613355	-0.8051424	0	0	0.39	4.8526017e-18
8.900017125505268e-09	0.31006843	0.0072371853	-0.7897808	0	0	0.39	4.5196863e-18
8.910030332474927e-09	0.28309986	0.08945292	-0.78317934	0	0	0.39	5.4886904e-18
8.92001395036918e-09	0.22839761	0.16325717	-0.7735736	0	0	0.39	4.3063593e-18
8.930033418152434e-09	0.15999076	0.22526498	-0.7597149	0	0	0.39	4.9579353e-18
8.940017481259783e-09	0.028768154	0.27470776	-0.73921686	0	0	0.39	5.6726185e-18
8.950026267974186e-09	-0.0859114	0.28320268	-0.726205	0	0	0.39	5.162066e-18
8.960057412700505e-09	-0.1781255	0.26010734	-0.72077155	0	0	0.39	4.5245427e-18
8.970061538838132e-09	-0.26851502	0.21152455	-0.7123132	0	0	0.39	5.0434302e-18
8.980045600778062e-09	-0.33493936	0.107996605	-0.70735264	0	0	0.39	4.6914152e-18
8.990024743524197e-09	-0.32187405	-0.014509718	-0.68542117	0	0	0.39	4.0678137e-18
9.000005607966105e-09	-0.22920056	-0.144495	-0.67055017	0	0	0.39	4.3843526e-18
9.010041521381809e-09	-0.08177636	-0.20499095	-0.6522842	0	0	0.39	5.4943003e-18
9.020004888991484e-09	0.07698917	-0.15955712	-0.6577667	0	0	0.39	4.1518217e-18
9.030002900923855e-09	0.14814372	-0.050574176	-0.6674564	0	0	0.39	4.3222706e-18
9.040001514375756e-09	0.20594689	0.036436085	-0.6601696	0	0	0.39	4.779139e-18
9.05004322500515e-09	0.25546336	0.20580423	-0.6426317	0	0	0.39	4.763645e-18
9.060049883714995e-09	0.18575567	0.35673583	-0.62131536	0	0	0.39	4.8802407e-18
9.070042826925657e-09	0.007072269	0.414355	-0.6172906	0	0	0.39	4.0631534e-18
9.080059839598352e-09	-0.13714369	0.40597865	-0.62934965	0	0	0.39	4.137271e-18
9.090062672310047e-09	-0.23172085	0.31348228	-0.6353958	0	0	0.39	3.9688105e-18
9.100012848442586e-09	-0.26161146	0.15840994	-0.634162	0	0	0.39	4.7788106e-18
9.11003083565488e-09	-0.22519884	0.023979366	-0.6301155	0	0	0.39	3.9501783e-18
9.120057121683276e-09	-0.12241303	-0.13540356	-0.63109076	0	0	0.39	4.289328e-18
9.13005944227015e-09	0.027365102	-0.22569038	-0.63348645	0	0	0.39	4.866485e-18
9.14003203612109e-09	0.18486996	-0.20171212	-0.6272497	0	0	0.39	4.5847056e-18
9.150042167231177e-09	0.30573153	-0.11660662	-0.63944614	0	0	0.39	3.8257848e-18
9.160053433577252e-09	0.3547982	-0.0034760772	-0.6367317	0	0	0.39	3.6133714e-18
9.170026024963434e-09	0.32259783	0.15563422	-0.6181313	0	0	0.39	4.1791956e-18
9.180041949755033e-09	0.19247681	0.27125388	-0.60801274	0	0	0.39	4.6217737e-18
9.19000694734699e-09	0.030593721	0.28702852	-0.5992635	0	0	0.39	4.145167e-18
9.200002248624957e-09	-0.11312826	0.2357338	-0.59420115	0	0	0.39	4.7757554e-18
9.210037130216047e-09	-0.22875269	0.13867137	-0.59278405	0	0	0.39	4.201635e-18
9.220015952486025e-09	-0.28259996	-0.035455193	-0.5821402	0	0	0.39	4.4275004e-18
9.230049468995977e-09	-0.20251617	-0.22272974	-0.5709046	0	0	0.39	3.5130745e-18
9.240021156471568e-09	-0.05634834	-0.3066301	-0.55221266	0	0	0.39	3.310384e-18
9.25001122887065e-09	0.11109496	-0.3170314	-0.5446823	0	0	0.39	3.7550563e-18
9.260049333961398e-09	0.2694365	-0.21842004	-0.5309332	0	0	0.39	3.779487e-18
9.270061479717015e-09	0.37457147	-0.018635202	-0.520339	0	0	0.39	3.5628576e-18
9.280031388591788e-09	0.34108183	0.15737496	-0.520771	0	0	0.39	4.4106296e-18
9.29006386917407e-09	0.19248855	0.26277223	-0.5109903	0	0	0.39	4.7206168e-18
9.300036416720175e-09	0.037430014	0.29962274	-0.5002722	0	0	0.39	4.76711e-18
9.310050144597456e-09	-0.14340353	0.27587196	-0.49249133	0	0	0.39	3.177332e-18
9.320010384600448e-09	-0.31212622	0.13996097	-0.49041837	0	0	0.39	4.2145208e-18
9.330062104352356e-09	-0.37356335	-0.09464775	-0.49064577	0	0	0.39	4.1577373e-18
9.340025261539702e-09	-0.2668086	-0.29545325	-0.48563692	0	0	0.39	3.565845e-18
9.350047477577241e-09	-0.08899012	-0.34334144	-0.4726884	0	0	0.39	4.3358893e-18
9.360023936569142e-09	0.08702826	-0.3308673	-0.4638745	0	0	0.39	5.060407e-18
9.370031680708815e-09	0.27964666	-0.22723144	-0.46501243	0	0	0.39	4.3113923e-18
9.380001645630337e-09	0.3807292	0.017845737	-0.45749393	0	0	0.39	3.266484e-18
9.390013951196727e-09	0.29258993	0.18804857	-0.4571355	0	0	0.39	3.2323172e-18
9.400016972883524e-09	0.10965818	0.3040394	-0.4418708	0	0	0.39	4.082814e-18
9.410031409064337e-09	-0.10100373	0.29142162	-0.4224153	0	0	0.39	3.1060642e-18
9.420059801110345e-09	-0.2695871	0.17272224	-0.40588883	0	0	0.39	3.7180863e-18
9.43004227784275e-09	-0.37293673	0.0002328868	-0.40407258	0	0	0.39	2.3789838e-18
9.440022315754734e-09	-0.37468955	-0.23576194	-0.38781676	0	0	0.39	3.8843314e-18
9.450034384785448e-09	-0.1649598	-0.38817254	-0.3725796	0	0	0.39	3.7620216e-18
9.460060580831103e-09	0.10729315	-0.3586458	-0.34620664	0	0	0.39	3.993629e-18
9.470064005309257e-09	0.28188956	-0.18974003	-0.3205702	0	0	0.39	3.572288e-18
9.480004984495237e-09	0.3212077	-0.01640867	-0.30072844	0	0	0.39	4.0881776e-18
9.490057408233565e-09	0.31570637	0.18640924	-0.2991165	0	0	0.39	4.116097e-18
9.500033343716699e-09	0.13959299	0.3450987	-0.2941473	0	0	0.39	3.8014533e-18
9.510038512481043e-09	-0.12770614	0.39398974	-0.277779	0	0	0.39	2.8410258e-18
9.52006553680694e-09	-0.37766925	0.22092655	-0.25877565	0	0	0.39	2.764626e-18
9.530043440338093e-09	-0.4407563	-0.030241875	-0.24345785	0	0	0.39	3.163792e-18
9.540028064293171e-09	-0.38623706	-0.22254989	-0.24491672	0	0	0.39	3.2182403e-18
9.550062447457884e-09	-0.2123855	-0.36742705	-0.21584855	0	0	0.39	2.6179834e-18
9.560019715259923e-09	0.065144405	-0.34230477	-0.20542179	0	0	0.39	3.1295553e-18
9.570015915336932e-09	0.2692744	-0.1632565	-0.20510691	0	0	0.39	2.930097e-18
9.580032589781359e-09	0.35628092	0.047912758	-0.19915697	0	0	0.39	3.327463e-18
9.590029544657421e-09	0.34267408	0.26536956	-0.2017224	0	0	0.39	3.6302285e-18
9.600009980013288e-09	0.16510205	0.43488458	-0.20226182	0	0	0.39	2.7411055e-18
9.610050513127322e-09	-0.11980412	0.41268936	-0.18338962	0	0	0.39	3.1865388e-18
9.620057831318588e-09	-0.3358418	0.19499367	-0.16553684	0	0	0.39	4.2004496e-18
9.630017605329111e-09	-0.341887	-0.07870532	-0.15809177	0	0	0.39	3.0866193e-18
9.640016441036115e-09	-0.1998004	-0.23457076	-0.14773385	0	0	0.39	3.488041e-18
9.650039570456399e-09	0.010003426	-0.31829533	-0.12980556	0	0	0.39	3.5547045e-18
9.660038613392e-09	0.26529047	-0.28875688	-0.11157548	0	0	0.39	3.674952e-18
9.670026214935239e-09	0.47288567	-0.050544728	-0.10242562	0	0	0.39	2.4503919e-18
9.680041688198035e-09	0.42542276	0.2284757	-0.09711772	0	0	0.39	2.6539275e-18
9.690032261753276e-09	0.18111506	0.39841142	-0.080717996	0	0	0.39	3.837824e-18
9.70003009450502e-09	-0.09119702	0.36928183	-0.059815243	0	0	0.39	2.9943545e-18
9.710004832701808e-09	-0.29789317	0.19288069	-0.049152467	0	0	0.39	1.8707333e-18
9.720036518466017e-09	-0.37101734	-0.014378097	-0.037434977	0	0	0.39	2.8254457e-18
9.730055292665477e-09	-0.3472766	-0.23593335	-0.025554093	0	0	0.39	2.9115277e-18
9.74006318868927e-09	-0.1639644	-0.42330015	-0.016961891	0	0	0.39	1.4967169e-18
9.750053310836554e-09	0.14718857	-0.4210548	0.0058655385	0	0	0.39	2.7219842e-18
9.760055584234424e-09	0.36778393	-0.17471579	0.025266413	0	0	0.39	2.418706e-18
9.770016822774255e-09	0.34567234	0.07753674	0.04165097	0	0	0.39	2.5341704e-18
9.780062724651409e-09	0.2115418	0.2633188	0.043578915	0	0	0.39	8.5129825e-19
9.79005802006046e-09	0.001012966	0.35592943	0.06099141	0	0	0.39	1.7954964e-18
9.800001611551522e-09	-0.25912726	0.3156031	0.07412848	0	0	0.39	1.4184446e-18
9.810024515882319e-09	-0.44917193	0.041110493	0.08820444	0	0	0.39	2.1259315e-18
9.820012637802929e-09	-0.36880836	-0.2681938	0.10303656	0	0	0.39	2.5229213e-18
9.830017618289867e-09	-0.090926826	-0.42704904	0.12565815	0	0	0.39	2.226804e-18
9.840006649916602e-09	0.18621987	-0.32810324	0.14312483	0	0	0.39	1.8955075e-18
9.850013905256564e-09	0.31667382	-0.12320633	0.1584911	0	0	0.39	1.2206976e-18
9.860043635640456e-09	0.3367095	0.09676142	0.1611557	0	0	0.39	1.4210166e-18
9.870046578473733e-09	0.24515384	0.3014824	0.16049778	0	0	0.39	1.9111191e-18
9.880020206399018e-09	-0.012893288	0.44075564	0.18312053	0	0	0.39	2.271487e-18
9.890055105093881e-09	-0.309279	0.29919136	0.19909418	0	0	0.39	2.0731005e-18
9.900000374233353e-09	-0.399236	-0.015501615	0.21114348	0	0	0.39	2.2702508e-18
9.910023486259883e-09	-0.28195673	-0.25648868	0.22171037	0	0	0.39	2.3846494e-18
9.920028843736913e-09	-0.089836046	-0.38082066	0.24278331	0	0	0.39	1.6268533e-18
9.930000424592945e-09	0.16467187	-0.3361336	0.25305435	0	0	0.39	1.6592508e-18
9.940004048679415e-09	0.35663548	-0.11362328	0.25489524	0	0	0.39	2.0764833e-18
9.95003524058845e-09	0.33354893	0.20043439	0.2545778	0	0	0.39	1.838312e-18
9.960054447403417e-09	0.10928147	0.40740043	0.27259737	0	0	0.39	2.6583329e-18
9.970033708576614e-09	-0.16571744	0.3832115	0.2753535	0	0	0.39	1.3906203e-18
9.980055271543796e-09	-0.3699397	0.15348853	0.28454927	0	0	0.39	2.397327e-18
9.99004548655863e-09	-0.3526985	-0.12345221	0.29467514	0	0	0.39	9.805085e-19
1e-08	-0.14378013	-0.3064204	0.30928516	0	0	0.39	2.2183944e-18
