# t (s)	mx ()	my ()	mz ()	B_extx (T)	B_exty (T)	B_extz (T)	E_total (J)
0	0	0	-1	0	0	0.41	1.3250005e-18
1.0044467390030445e-11	-0.0029250246	-0.0012571844	-0.97434413	0	0	0.41	4.6107205e-18
2.000083656518737e-11	-0.02544779	-0.027088711	-0.96820337	0	0	0.41	5.9182006e-18
3.001981157957952e-11	-0.0010319444	-0.013763278	-0.963706	0	0	0.41	5.0825745e-18
4.0027562188011644e-11	-0.0024348574	-0.0058671623	-0.9627749	0	0	0.41	4.1360085e-18
5.005743035770425e-11	-0.0007645015	0.0050554676	-0.9572127	0	0	0.41	4.899259e-18
6.002780906145299e-11	0.0022964266	0.012018076	-0.9575555	0	0	0.41	4.022792e-18
7.005733288098246e-11	0.015671516	0.008547273	-0.9580253	0	0	0.41	4.5749097e-18
8.000118871433054e-11	-9.544612e-05	-0.0070101735	-0.9580821	0	0	0.41	5.113712e-18
9.003968117301776e-11	0.010987036	-0.0011656014	-0.9547107	0	0	0.41	4.70073e-18
1.0000116696376106e-10	0.0039030607	-0.011005272	-0.9534342	0	0	0.41	4.8250694e-18
1.1005177014935294e-10	-0.0009281882	-0.02502526	-0.95532346	0	0	0.41	5.033405e-18
1.2001331781170647e-10	-0.0025558183	-0.008582785	-0.9557008	0	0	0.41	5.8630037e-18
1.3004346066936115e-10	-0.0009643601	-0.01599944	-0.9568148	0	0	0.41	4.9548842e-18
1.400591177683487e-10	-0.012087592	-0.01655593	-0.95638686	0	0	0.41	4.1921654e-18
1.5002276687886947e-10	0.0006885658	0.0021568807	-0.95611286	0	0	0.41	4.9475827e-18
1.6006366385081088e-10	0.008411723	-0.005260691	-0.95767695	0	0	0.41	4.077356e-18
1.7005913264777043e-10	0.0075066756	-0.017931059	-0.96184313	0	0	0.41	5.3466295e-18
1.8000402215479773e-10	0.01778953	0.0058654393	-0.95724225	0	0	0.41	4.6240223e-18
1.9004670432328487e-10	0.024793705	0.014834119	-0.96031845	0	0	0.41	4.7231537e-18
2.0002325787658936e-10	0.015379362	0.01993055	-0.9586362	0	0	0.41	4.458592e-18
2.1005221891179609e-10	0.02716702	0.036789317	-0.9593092	0	0	0.41	4.260782e-18
2.2005754971328716e-10	0.037609562	0.043006092	-0.95769864	0	0	0.41	4.6992466e-18
2.3001832556892827e-10	0.035989795	0.03935579	-0.96064526	0	0	0.41	4.406944e-18
2.400387633241345e-10	0.015154905	0.037320215	-0.9628998	0	0	0.41	4.098857e-18
2.5001643668925467e-10	0.017199168	0.031292517	-0.96004766	0	0	0.41	4.876046e-18
2.6000623385682486e-10	0.0119020045	0.034659892	-0.95843804	0	0	0.41	4.7322143e-18
2.700252270656275e-10	0.008491475	0.051476125	-0.9553868	0	0	0.41	6.0408247e-18
2.800185294193773e-10	0.0029389048	0.05459154	-0.9543908	0	0	0.41	4.926924e-18
2.9004393319615175e-10	0.011490549	0.05941988	-0.9534803	0	0	0.41	4.1200737e-18
3.0002131825705787e-10	0.012039915	0.067466795	-0.9500172	0	0	0.41	4.7693782e-18
3.100073233430188e-10	0.025495078	0.06615207	-0.9497424	0	0	0.41	4.8924185e-18
3.2002455551277254e-10	0.018237619	0.082419746	-0.94995314	0	0	0.41	4.719855e-18
3.300357540631557e-10	0.030819226	0.08644004	-0.9486476	0	0	0.41	4.3714357e-18
3.4002834383913724e-10	0.008555946	0.09139348	-0.9468502	0	0	0.41	4.4303306e-18
3.5004963897818937e-10	0.004784252	0.07340481	-0.9483856	0	0	0.41	5.2131234e-18
3.600421862862686e-10	0.0030429293	0.06716793	-0.95065385	0	0	0.41	4.567152e-18
3.7001052340608263e-10	0.020345194	0.06539024	-0.95012647	0	0	0.41	4.3212544e-18
3.8000105901773243e-10	0.024382764	0.04545629	-0.9471927	0	0	0.41	5.4649073e-18
3.9002205584030623e-10	0.009864608	0.063544124	-0.94584405	0	0	0.41	4.5162626e-18
4.000167317380633e-10	0.022124039	0.08354059	-0.94236463	0	0	0.41	5.018295e-18
4.10050447529599e-10	0.027314125	0.08307665	-0.9378593	0	0	0.41	5.199258e-18
4.2003453567293183e-10	0.01889543	0.0684036	-0.93881017	0	0	0.41	4.3926533e-18
4.3005833418719417e-10	0.03813361	0.04994827	-0.9377963	0	0	0.41	5.079572e-18
4.400304488481213e-10	0.03169236	0.051274728	-0.9446345	0	0	0.41	4.7978717e-18
4.50047125476284e-10	0.04860045	0.05646216	-0.94371474	0	0	0.41	4.7237448e-18
4.6005615204076875e-10	0.060748003	0.037655383	-0.94522184	0	0	0.41	4.150918e-18
4.700228602314197e-10	0.051872294	0.035254862	-0.9417667	0	0	0.41	4.726425e-18
4.800576653089047e-10	0.05002296	0.058609024	-0.9389351	0	0	0.41	4.702386e-18
4.900026806324156e-10	0.06823107	0.062567	-0.94715124	0	0	0.41	4.2642823e-18
5.000399923597767e-10	0.08111519	0.06257767	-0.9443361	0	0	0.41	5.2739113e-18
5.100153069168608e-10	0.08155902	0.058827214	-0.94143885	0	0	0.41	4.280426e-18
5.200285377352105e-10	0.06952683	0.046919156	-0.9415894	0	0	0.41	5.6385536e-18
5.300553228831141e-10	0.073160514	0.019151894	-0.93782514	0	0	0.41	5.202806e-18
5.400459809691066e-10	0.07136042	0.024444375	-0.9371522	0	0	0.41	5.28217e-18
5.500579053957937e-10	0.06872343	0.022430638	-0.9407985	0	0	0.41	4.8430118e-18
5.60038831267154e-10	0.08345836	0.023564763	-0.93728215	0	0	0.41	4.843368e-18
5.700086826670728e-10	0.0702598	0.026463274	-0.93416905	0	0	0.41	4.064563e-18
5.800180973120001e-10	0.07719847	0.028086254	-0.9386079	0	0	0.41	4.338262e-18
5.90029020785683e-10	0.08603289	0.017430797	-0.9355543	0	0	0.41	5.2468203e-18
6.000477906319401e-10	0.0792336	0.0101294685	-0.9379581	0	0	0.41	4.333839e-18
6.100286552588054e-10	0.073907346	0.03236579	-0.9376295	0	0	0.41	4.2773902e-18
6.200066378808198e-10	0.074269384	0.01392931	-0.9398626	0	0	0.41	4.354615e-18
6.30053753642665e-10	0.08315914	0.01687208	-0.9390526	0	0	0.41	3.7853745e-18
6.400187668248363e-10	0.09284653	0.014642504	-0.9388704	0	0	0.41	4.8466915e-18
6.500569487868498e-10	0.0638306	0.02770081	-0.94172376	0	0	0.41	5.356613e-18
6.600071726209963e-10	0.059640218	0.030596219	-0.94466996	0	0	0.41	5.025215e-18
6.700158540949715e-10	0.06120622	0.021500973	-0.9438298	0	0	0.41	4.9248787e-18
6.800263902455192e-10	0.05337889	0.018849708	-0.94545424	0	0	0.41	4.5894698e-18
6.900202174249232e-10	0.06042461	0.009989725	-0.94739026	0	0	0.41	4.266856e-18
7.000393085677053e-10	0.053563785	0.013274408	-0.9481912	0	0	0.41	4.2283645e-18
7.100348360166158e-10	0.057671525	0.03088513	-0.9461096	0	0	0.41	4.2344707e-18
7.200632402095836e-10	0.07003051	0.020595856	-0.9488997	0	0	0.41	4.8683124e-18
7.300178631848991e-10	0.05541557	0.01246721	-0.94877434	0	0	0.41	5.084928e-18
7.40011568605286e-10	0.056643337	0.024361573	-0.9463778	0	0	0.41	4.587645e-18
7.500617896537854e-10	0.044219524	0.0214596	-0.94755757	0	0	0.41	4.9456202e-18
7.600118320589622e-10	0.053147677	0.03965421	-0.94954073	0	0	0.41	4.2686407e-18
7.700329698344795e-10	0.053163763	0.048329674	-0.94696766	0	0	0.41	4.998195e-18
7.800632654533461e-10	0.060587164	0.06429761	-0.94521904	0	0	0.41	3.680387e-18
7.900203354395974e-10	0.04799577	0.05338447	-0.94540787	0	0	0.41	5.2055824e-18
8.000305284082613e-10	0.05601	0.057765275	-0.95117563	0	0	0.41	4.244971e-18
8.100409289983428e-10	0.0523121	0.03888433	-0.9524038	0	0	0.41	4.4332373e-18
8.200010539011059e-10	0.037231646	0.032110255	-0.9557423	0	0	0.41	5.25154e-18
8.300142382466333e-10	0.023699883	0.044715665	-0.9534646	0	0	0.41	4.6933343e-18
8.400571180820916e-10	0.03680404	0.055889178	-0.9559399	0	0	0.41	4.23635e-18
8.500385301944397e-10	0.04039471	0.056931976	-0.95397913	0	0	0.41	4.626842e-18
8.600573656105215e-10	0.04581647	0.07771578	-0.9530522	0	0	0.41	5.0009884e-18
8.700200869181124e-10	0.052637335	0.073237486	-0.95311856	0	0	0.41	5.1089723e-18
8.800076938941799e-10	0.061317336	0.080709495	-0.95133346	0	0	0.41	5.557294e-18
8.900090654810581e-10	0.074214116	0.09412273	-0.949384	0	0	0.41	4.5613258e-18
9.000120492999666e-10	0.08730643	0.08904078	-0.9486526	0	0	0.41	5.371974e-18
9.100001300516052e-10	0.07678118	0.09635057	-0.949128	0	0	0.41	5.4558182e-18
9.200304655749957e-10	0.08372891	0.086482055	-0.94824046	0	0	0.41	3.975329e-18
9.300444984052472e-10	0.08403135	0.076742165	-0.94757485	0	0	0.41	3.9127384e-18
9.400354414441988e-10	0.06738151	0.06333573	-0.94467616	0	0	0.41	5.526347e-18
9.500582100891132e-10	0.068512686	0.067361206	-0.9467338	0	0	0.41	5.3050856e-18
9.600605891496724e-10	0.075254805	0.055866882	-0.95328075	0	0	0.41	4.7543707e-18
9.700145507367574e-10	0.089010425	0.06089988	-0.9487652	0	0	0.41	4.584126e-18
9.800112262048032e-10	0.075637385	0.079350986	-0.9508412	0	0	0.41	3.895706e-18
9.900014014799917e-10	0.07896286	0.080191135	-0.94656295	0	0	0.41	4.4587798e-18
1.0000223314331507e-09	0.084647246	0.0833803	-0.9426492	0	0	0.41	4.321852e-18
1.0100547524066792e-09	0.090590924	0.086426586	-0.9399172	0	0	0.41	4.587378e-18
1.0200429541945649e-09	0.08591077	0.09646443	-0.9359157	0	0	0.41	4.7528284e-18
1.0300100000052313e-09	0.08624872	0.10108544	-0.935199	0	0	0.41	5.434559e-18
1.0400206622540086e-09	0.07700599	0.1149992	-0.9363894	0	0	0.41	4.46596e-18
1.0500511060347055e-09	0.065311454	0.12865624	-0.9367548	0	0	0.41	5.7087394e-18
1.0600200726293939e-09	0.05341087	0.14083347	-0.93902016	0	0	0.41	4.3076766e-18
1.0700231944914598e-09	0.053923074	0.13925996	-0.9428401	0	0	0.41	3.5543446e-18
1.0800232571282202e-09	0.044122405	0.15055175	-0.94058424	0	0	0.41	5.0574414e-18
1.09004295945759e-09	0.047901556	0.13852014	-0.9439349	0	0	0.41	5.0548486e-18
1.1000296786986704e-09	0.053795386	0.10854537	-0.9501892	0	0	0.41	4.377708e-18
1.1100314445845817e-09	0.059731912	0.09460474	-0.94928277	0	0	0.41	4.853777e-18
1.120044564710491e-09	0.07557841	0.09783199	-0.9415286	0	0	0.41	5.1353742e-18
1.1300112099524772e-09	0.089583695	0.1047874	-0.93179727	0	0	0.41	4.4239294e-18
1.1400372755296759e-09	0.07853167	0.103033036	-0.9347565	0	0	0.41	5.1996735e-18
1.1500178380011652e-09	0.07209241	0.11769291	-0.93373704	0	0	0.41	4.964616e-18
1.1600116008857619e-09	0.04839768	0.12551333	-0.93344086	0	0	0.41	4.15637e-18
1.170022204869762e-09	0.055166114	0.11703305	-0.9340375	0	0	0.41	5.1469767e-18
1.1800113750540233e-09	0.038836952	0.11647366	-0.93488735	0	0	0.41	5.0890654e-18
1.190011966668957e-09	0.034818612	0.108050175	-0.9329578	0	0	0.41	4.8773e-18
1.2000633163258473e-09	0.04031093	0.10905049	-0.93209976	0	0	0.41	5.145196e-18
1.2100642011858943e-09	0.04394355	0.10389101	-0.92972314	0	0	0.41	4.2578324e-18
1.2200428736254532e-09	0.023290668	0.09112571	-0.9361667	0	0	0.41	4.6108793e-18
1.2300443309341777e-09	0.016764957	0.08934133	-0.9335547	0	0	0.41	5.3618794e-18
1.2400104886548048e-09	0.0020302646	0.0844209	-0.93146783	0	0	0.41	4.6340507e-18
1.2500175610340164e-09	-0.000823681	0.097519256	-0.93491125	0	0	0.41	4.807761e-18
1.2600323730342751e-09	0.009819608	0.09143611	-0.9367501	0	0	0.41	5.289616e-18
1.2700107547960177e-09	0.005432804	0.10591212	-0.9345387	0	0	0.41	4.611327e-18
1.2800112156837321e-09	0.009044702	0.12663515	-0.9339885	0	0	0.41	4.3420985e-18
1.2900053407408983e-09	0.022334134	0.12564027	-0.9370836	0	0	0.41	4.446814e-18
1.3000464484362008e-09	0.03822206	0.13776119	-0.9355356	0	0	0.41	3.848771e-18
1.3100206785624684e-09	0.03714194	0.13577148	-0.9371393	0	0	0.41	5.2730924e-18
1.3200360232405853e-09	0.027214069	0.1380552	-0.93755937	0	0	0.41	4.6981733e-18
1.3300349359737657e-09	0.023647163	0.12948178	-0.9359946	0	0	0.41	4.078087e-18
1.3400517579338159e-09	0.036106087	0.12925184	-0.93953085	0	0	0.41	3.929624e-18
1.3500398636754274e-09	0.029075373	0.13584653	-0.93459165	0	0	0.41	4.4290095e-18
1.3600213005325929e-09	0.04741309	0.13928448	-0.9351774	0	0	0.41	4.579373e-18
1.3700035952714464e-09	0.045375183	0.13136089	-0.93489164	0	0	0.41	4.8593598e-18
1.380017850380636e-09	0.057608206	0.10555277	-0.93792933	0	0	0.41	4.570677e-18
1.3900550087421873e-09	0.049322527	0.104653016	-0.93295145	0	0	0.41	3.781764e-18
1.4000356491478875e-09	0.04250983	0.101895384	-0.9397087	0	0	0.41	4.2739248e-18
1.4100592246211688e-09	0.032715507	0.1017861	-0.9391463	0	0	0.41	4.975334e-18
1.420031009583776e-09	0.01789517	0.11542041	-0.93815005	0	0	0.41	4.6617682e-18
1.430042245917895e-09	0.021884754	0.13805139	-0.9397437	0	0	0.41	3.895434e-18
1.440037857268366e-09	0.02069796	0.13646337	-0.9389553	0	0	0.41	4.3843228e-18
1.4500015254745056e-09	0.018429209	0.13377948	-0.9407654	0	0	0.41	5.1565786e-18
1.460030441137368e-09	0.04100357	0.14129871	-0.9405647	0	0	0.41	4.4679433e-18
1.4700426807283426e-09	0.042744145	0.12618983	-0.93747777	0	0	0.41	4.7446985e-18
1.4800044438727016e-09	0.04094117	0.12020094	-0.93528634	0	0	0.41	4.9451814e-18
1.490027289457204e-09	0.027477669	0.108944215	-0.9344183	0	0	0.41	4.286851e-18
1.5000261341017899e-09	0.011504056	0.110947795	-0.93349963	0	0	0.41	5.231265e-18
1.5100159394713493e-09	-0.005801208	0.13989106	-0.9270465	0	0	0.41	4.271405e-18
1.5200473841096476e-09	-0.019984482	0.16878496	-0.9244902	0	0	0.41	4.3666062e-18
1.5300001627124807e-09	-0.014261124	0.17709237	-0.9241064	0	0	0.41	4.6401685e-18
1.5400583543283854e-09	-0.0048667644	0.18483238	-0.9205284	0	0	0.41	4.349311e-18
1.5500430146624099e-09	-0.011520245	0.19096917	-0.9214377	0	0	0.41	4.9203404e-18
1.5600068803109838e-09	-0.013631421	0.17691348	-0.9176753	0	0	0.41	4.8067457e-18
1.570004635092823e-09	-0.019394837	0.16088073	-0.9233808	0	0	0.41	5.3329455e-18
1.5800445986881913e-09	-0.02448438	0.1516468	-0.9223042	0	0	0.41	4.172208e-18
1.5900024648407737e-09	-0.028653119	0.1514295	-0.91715485	0	0	0.41	5.2748323e-18
1.600037758774793e-09	-0.050162353	0.1553661	-0.92458147	0	0	0.41	4.4073126e-18
1.610039685100834e-09	-0.06355311	0.16992894	-0.9258402	0	0	0.41	4.7214105e-18
1.6200218078160978e-09	-0.0802424	0.17730017	-0.9240038	0	0	0.41	4.333869e-18
1.6300604552735893e-09	-0.09273976	0.18713592	-0.9274079	0	0	0.41	5.263559e-18
1.6400535168067663e-09	-0.08347061	0.1890365	-0.9296301	0	0	0.41	5.231817e-18
1.6500257509643394e-09	-0.072131105	0.18113728	-0.93307585	0	0	0.41	4.7508763e-18
1.6600358438618923e-09	-0.06212916	0.16135599	-0.93752074	0	0	0.41	4.6845087e-18
1.6700373177459893e-09	-0.06965601	0.12987003	-0.9356509	0	0	0.41	4.3988315e-18
1.6800629762598854e-09	-0.08713419	0.097828515	-0.9307038	0	0	0.41	5.054219e-18
1.6900170877630929e-09	-0.096913055	0.10492704	-0.93226737	0	0	0.41	5.0134354e-18
1.7000261046641263e-09	-0.10613637	0.121317245	-0.9281097	0	0	0.41	4.18644e-18
1.7100606874887991e-09	-0.10276572	0.12748195	-0.9285102	0	0	0.41	4.524047e-18
1.7200541672400751e-09	-0.105347075	0.12350182	-0.9292308	0	0	0.41	6.573034e-18
1.7300545236165343e-09	-0.11159354	0.11328139	-0.9306982	0	0	0.41	4.2539244e-18
1.740018857119173e-09	-0.11399855	0.10962773	-0.9327004	0	0	0.41	5.125099e-18
1.7500479243085466e-09	-0.115942076	0.12223442	-0.9322197	0	0	0.41	5.1029136e-18
1.7600174798390398e-09	-0.10909754	0.10980469	-0.9349936	0	0	0.41	5.367637e-18
1.7700162784807499e-09	-0.118643135	0.110356025	-0.9368844	0	0	0.41	4.7475928e-18
1.780049818716063e-09	-0.11511122	0.107346974	-0.93298835	0	0	0.41	5.5410927e-18
1.7900565410250708e-09	-0.09804795	0.079470664	-0.9380703	0	0	0.41	4.927707e-18
1.8000410846526961e-09	-0.088013306	0.06763638	-0.9358165	0	0	0.41	5.0685004e-18
1.8100434397233791e-09	-0.08992453	0.0677287	-0.9377664	0	0	0.41	4.516276e-18
1.8200632622208566e-09	-0.104703516	0.07204175	-0.9385833	0	0	0.41	3.529058e-18
1.8300061538215372e-09	-0.11016353	0.08249451	-0.93874794	0	0	0.41	5.0567536e-18
1.8400021069781584e-09	-0.12918226	0.10308945	-0.9347315	0	0	0.41	4.9131468e-18
1.8500519858684432e-09	-0.115971334	0.1076619	-0.9330189	0	0	0.41	3.8518083e-18
1.8600635851300496e-09	-0.12185952	0.104178816	-0.93284655	0	0	0.41	5.5251794e-18
1.8700225827383595e-09	-0.112105064	0.110845104	-0.93344945	0	0	0.41	5.4906996e-18
1.880030343196488e-09	-0.11283935	0.10345976	-0.9292469	0	0	0.41	4.3580916e-18
1.8900156768168843e-09	-0.11588864	0.085644804	-0.93507904	0	0	0.41	4.331804e-18
1.9000098129457313e-09	-0.13281228	0.071365215	-0.9347449	0	0	0.41	4.0154366e-18
1.910005434530042e-09	-0.14477171	0.084184	-0.9324377	0	0	0.41	3.9285417e-18
1.9200482138661734e-09	-0.14919801	0.08804184	-0.9332315	0	0	0.41	5.0934506e-18
1.9300376020075865e-09	-0.17613788	0.08948869	-0.92984897	0	0	0.41	5.991577e-18
1.9400273271854016e-09	-0.16548587	0.09118499	-0.9305179	0	0	0.41	4.7303713e-18
1.950012791596979e-09	-0.15114415	0.091122165	-0.9285652	0	0	0.41	4.604044e-18
1.9600038994787536e-09	-0.14211506	0.08554262	-0.9265322	0	0	0.41	4.635132e-18
1.9700477302738996e-09	-0.16430598	0.07169711	-0.9200192	0	0	0.41	4.175825e-18
1.9800140975683046e-09	-0.19141123	0.07130404	-0.9158477	0	0	0.41	4.3553934e-18
1.9900282560055747e-09	-0.19387145	0.06387972	-0.9195977	0	0	0.41	5.0034844e-18
2.0000626424660194e-09	-0.19420561	0.05843685	-0.92374724	0	0	0.41	4.64101e-18
2.010035911254124e-09	-0.19539225	0.043985147	-0.92443156	0	0	0.41	4.3942117e-18
2.0200256698401466e-09	-0.1976651	0.049591508	-0.9193381	0	0	0.41	5.6458e-18
2.0300599940547286e-09	-0.18565096	0.0439221	-0.9159988	0	0	0.41	4.6416678e-18
2.040063765664207e-09	-0.18094364	0.027581755	-0.91780454	0	0	0.41	5.286756e-18
2.0500056535378303e-09	-0.16789532	0.0061747218	-0.9266147	0	0	0.41	4.9401497e-18
2.0600511135110607e-09	-0.17057489	0.0023041035	-0.9257222	0	0	0.41	3.9977254e-18
2.0700248909872602e-09	-0.15336473	0.0027000862	-0.92780983	0	0	0.41	4.898784e-18
2.0800451561054467e-09	-0.15422685	-0.009475666	-0.9299002	0	0	0.41	5.6512127e-18
2.0900395940323313e-09	-0.1602677	-0.03999825	-0.9281607	0	0	0.41	4.146035e-18
2.1000498124207844e-09	-0.16655153	-0.06595132	-0.9261593	0	0	0.41	4.40415e-18
2.1100581626464466e-09	-0.1784693	-0.058218636	-0.9247223	0	0	0.41	4.9827255e-18
2.1200400508876356e-09	-0.18248989	-0.0556596	-0.9274442	0	0	0.41	5.085106e-18
2.130041988300847e-09	-0.1972875	-0.039536823	-0.92794305	0	0	0.41	4.638671e-18
2.1400434523966684e-09	-0.1977344	-0.015418656	-0.92754114	0	0	0.41	4.8764067e-18
2.15005320365788e-09	-0.18632346	-0.027832175	-0.9318346	0	0	0.41	4.1083046e-18
2.1600576339990354e-09	-0.17943795	-0.035911288	-0.9346252	0	0	0.41	4.145643e-18
2.1700446751679453e-09	-0.18848678	-0.0314161	-0.92996794	0	0	0.41	4.6610875e-18
2.180002135733093e-09	-0.17767783	-0.023991264	-0.93150383	0	0	0.41	5.212577e-18
2.190045304073198e-09	-0.17721803	-0.02316619	-0.9276938	0	0	0.41	4.8290494e-18
2.2000448989863295e-09	-0.1693131	-0.030141527	-0.9282818	0	0	0.41	3.9908987e-18
2.2100240839326327e-09	-0.1584464	-0.024523294	-0.9365954	0	0	0.41	5.1581395e-18
2.2200093879607682e-09	-0.15966327	-0.016073275	-0.93979335	0	0	0.41	4.136041e-18
2.230058662597657e-09	-0.17507817	-0.019148577	-0.936247	0	0	0.41	3.4262371e-18
2.240035667221755e-09	-0.17216046	-0.015643086	-0.935889	0	0	0.41	4.4535495e-18
2.2500429680305582e-09	-0.16548993	-0.008134836	-0.9375484	0	0	0.41	5.3983614e-18
2.2600627907796706e-09	-0.1646885	-0.010449975	-0.9371753	0	0	0.41	4.864966e-18
2.2700518334897825e-09	-0.14463793	0.0010062996	-0.94093007	0	0	0.41	4.9604934e-18
2.280061255311907e-09	-0.1462625	0.0027058162	-0.9386877	0	0	0.41	4.660764e-18
2.290004825418212e-09	-0.15591432	0.0037084254	-0.9361227	0	0	0.41	5.2977155e-18
2.3000421529946657e-09	-0.15090217	-0.00040556293	-0.9376864	0	0	0.41	4.530367e-18
2.310004938982718e-09	-0.14664072	0.0052838163	-0.93776804	0	0	0.41	4.3379556e-18
2.3200160829587787e-09	-0.1679383	0.025040492	-0.93541557	0	0	0.41	4.407723e-18
2.3300441109882735e-09	-0.16084367	0.020860188	-0.93371296	0	0	0.41	4.0296633e-18
2.3400382078027517e-09	-0.15813847	0.018824672	-0.9337171	0	0	0.41	4.436103e-18
2.350011713805942e-09	-0.17980897	0.02476852	-0.9317137	0	0	0.41	4.6273385e-18
2.3600334160154976e-09	-0.18215777	0.028399885	-0.93078387	0	0	0.41	4.1742474e-18
2.370024020182788e-09	-0.1857205	0.047806248	-0.92493826	0	0	0.41	4.7434925e-18
2.380033995773356e-09	-0.19754532	0.05126203	-0.9214255	0	0	0.41	4.3094774e-18
2.3900247977697526e-09	-0.19867082	0.04750422	-0.92139506	0	0	0.41	5.738187e-18
2.400063544747852e-09	-0.19264598	0.039360106	-0.9254239	0	0	0.41	4.2303663e-18
2.4100627443520074e-09	-0.19076961	0.017876932	-0.92942894	0	0	0.41	4.9477147e-18
2.420035854523732e-09	-0.18591261	0.026643516	-0.9331832	0	0	0.41	4.1329434e-18
2.4300618685121643e-09	-0.17500778	0.026415458	-0.93277043	0	0	0.41	5.1047363e-18
2.4400105596529044e-09	-0.1738287	0.022464499	-0.9330335	0	0	0.41	5.0729118e-18
2.450053362921401e-09	-0.2067622	0.0049162516	-0.92971516	0	0	0.41	4.4947187e-18
2.460035559294092e-09	-0.207769	-0.0011677084	-0.9270955	0	0	0.41	4.7981133e-18
2.470048391627497e-09	-0.20927876	-0.004502334	-0.930665	0	0	0.41	5.1478096e-18
2.4800569884354613e-09	-0.22266452	0.016479453	-0.929089	0	0	0.41	5.310802e-18
2.4900190066365736e-09	-0.2144848	0.014542751	-0.92798966	0	0	0.41	4.43832e-18
2.5000284329176293e-09	-0.1818998	-0.011884741	-0.92914	0	0	0.41	4.8226938e-18
2.510054836830091e-09	-0.17031927	-0.031227546	-0.92958087	0	0	0.41	4.612713e-18
2.5200050869919194e-09	-0.18645425	-0.042546913	-0.9277839	0	0	0.41	5.3960337e-18
2.5300236274911767e-09	-0.185412	-0.052538577	-0.9306521	0	0	0.41	4.2766685e-18
2.5400489311143175e-09	-0.18226428	-0.063926905	-0.9361665	0	0	0.41	4.1159428e-18
2.550043917488374e-09	-0.19242832	-0.08114622	-0.9316534	0	0	0.41	4.7732085e-18
2.560019718031017e-09	-0.17881343	-0.07359612	-0.93376696	0	0	0.41	5.40094e-18
2.5700170735574103e-09	-0.16779932	-0.084257856	-0.934975	0	0	0.41	3.9693507e-18
2.580028576643146e-09	-0.15414636	-0.07991817	-0.93608767	0	0	0.41	5.579772e-18
2.590017244126071e-09	-0.14180294	-0.08635276	-0.93298227	0	0	0.41	5.2856564e-18
2.6000127413900197e-09	-0.15577576	-0.09134246	-0.9317143	0	0	0.41	4.415357e-18
2.610043789288251e-09	-0.15572895	-0.09396781	-0.9317951	0	0	0.41	5.3013302e-18
2.6200438175640983e-09	-0.15616883	-0.097575486	-0.9285636	0	0	0.41	4.2533185e-18
2.630048365191027e-09	-0.1520957	-0.118820086	-0.93098855	0	0	0.41	4.66341e-18
2.6400593889090286e-09	-0.16020651	-0.13018869	-0.92642015	0	0	0.41	4.8777476e-18
2.650005306859395e-09	-0.16467395	-0.14236817	-0.92715883	0	0	0.41	4.7580533e-18
2.660049881921597e-09	-0.14913262	-0.16069031	-0.9253494	0	0	0.41	4.6941015e-18
2.6700195724372382e-09	-0.14877218	-0.15471132	-0.9266363	0	0	0.41	5.3193582e-18
2.680041230799737e-09	-0.12818708	-0.15908988	-0.9300686	0	0	0.41	5.0603274e-18
2.69004005707199e-09	-0.11121087	-0.17419536	-0.9255864	0	0	0.41	4.3171383e-18
2.7000191278326466e-09	-0.116500415	-0.16251977	-0.9271033	0	0	0.41	4.0269328e-18
2.7100498767937285e-09	-0.122522324	-0.16934867	-0.9237181	0	0	0.41	4.518255e-18
2.7200636152488903e-09	-0.11585665	-0.1829996	-0.9201067	0	0	0.41	5.076049e-18
2.7300631143989452e-09	-0.103900515	-0.19650926	-0.9220727	0	0	0.41	5.1185295e-18
2.7400319097698524e-09	-0.09536037	-0.17876552	-0.92264277	0	0	0.41	4.9855793e-18
2.7500475971630154e-09	-0.07905401	-0.19004457	-0.919767	0	0	0.41	4.5427775e-18
2.7600531818601967e-09	-0.0813218	-0.17463455	-0.9228021	0	0	0.41	4.5965963e-18
2.7700214324968292e-09	-0.06250652	-0.17659587	-0.9215237	0	0	0.41	5.5110656e-18
2.780025513103194e-09	-0.067612536	-0.18803094	-0.9178858	0	0	0.41	4.7417227e-18
2.790017356520921e-09	-0.061582033	-0.18451653	-0.91404235	0	0	0.41	5.0216613e-18
2.80002728139689e-09	-0.045583755	-0.17266473	-0.9164671	0	0	0.41	5.3344183e-18
2.8100492944878632e-09	-0.046070352	-0.17505749	-0.91569024	0	0	0.41	4.606883e-18
2.8200337647633274e-09	-0.042859383	-0.17368022	-0.9161684	0	0	0.41	5.0244605e-18
2.8300325489183182e-09	-0.006664976	-0.17483555	-0.9167601	0	0	0.41	4.3638856e-18
2.8400182773833362e-09	0.008624361	-0.15974396	-0.9249018	0	0	0.41	5.137327e-18
2.85005245995325e-09	0.019670933	-0.16195217	-0.92376596	0	0	0.41	5.8554457e-18
2.8600531884854933e-09	0.02226224	-0.17963757	-0.9275127	0	0	0.41	4.43536e-18
2.870029008825788e-09	0.023731664	-0.18702611	-0.9263219	0	0	0.41	4.6989914e-18
2.8800271394228923e-09	0.01639204	-0.197378	-0.9229791	0	0	0.41	5.736894e-18
2.890028504236663e-09	0.01995081	-0.20321006	-0.9243075	0	0	0.41	5.2230727e-18
2.9000269174937138e-09	0.025064228	-0.2061279	-0.92195094	0	0	0.41	5.1958908e-18
2.910014169065965e-09	0.04754794	-0.21389876	-0.91854733	0	0	0.41	4.75158e-18
2.9200516242767056e-09	0.037113965	-0.2309809	-0.9143414	0	0	0.41	4.6442246e-18
2.930033189066904e-09	0.050269432	-0.21279858	-0.9197185	0	0	0.41	4.923964e-18
2.9400371893891964e-09	0.060086075	-0.22551133	-0.9099052	0	0	0.41	5.1050457e-18
2.9500101342795093e-09	0.077687345	-0.23126695	-0.9107836	0	0	0.41	5.0554235e-18
2.9600079473334346e-09	0.07596754	-0.22999083	-0.91059506	0	0	0.41	4.835573e-18
2.9700233010980536e-09	0.0977699	-0.23820451	-0.9039546	0	0	0.41	4.934026e-18
2.980004861538505e-09	0.09897342	-0.23760848	-0.9084841	0	0	0.41	4.5908574e-18
2.9900641835623384e-09	0.10205359	-0.22619373	-0.90571046	0	0	0.41	4.300966e-18
3.0000155315975102e-09	0.14394471	-0.2074619	-0.9017621	0	0	0.41	4.5293743e-18
3.010029697813644e-09	0.15793516	-0.19966574	-0.90097123	0	0	0.41	5.1486554e-18
3.02006217811249e-09	0.17090026	-0.18507585	-0.896859	0	0	0.41	5.046287e-18
3.030056673156747e-09	0.19527903	-0.16522889	-0.8948093	0	0	0.41	4.936819e-18
3.0400279657422927e-09	0.22019023	-0.16950473	-0.8941763	0	0	0.41	4.6213026e-18
3.050048842948605e-09	0.23844455	-0.15841325	-0.89506584	0	0	0.41	4.5620566e-18
3.0600397366720417e-09	0.24891391	-0.16858034	-0.88989395	0	0	0.41	5.1515696e-18
3.070031927397904e-09	0.25851586	-0.18134105	-0.8770947	0	0	0.41	4.9901656e-18
3.080010937151735e-09	0.26805264	-0.15927376	-0.8792036	0	0	0.41	5.050242e-18
3.090016833691211e-09	0.28847122	-0.1511325	-0.8732167	0	0	0.41	4.6777117e-18
3.100052726030428e-09	0.30427977	-0.1254615	-0.87166804	0	0	0.41	4.884892e-18
3.1100067158259932e-09	0.31091708	-0.11508679	-0.8723496	0	0	0.41	5.1553246e-18
3.12003145834285e-09	0.32299212	-0.0781493	-0.87043273	0	0	0.41	4.5213804e-18
3.1300133318203385e-09	0.3494909	-0.039867025	-0.863743	0	0	0.41	4.8558443e-18
3.1400575540228937e-09	0.36530736	-0.008542573	-0.8632039	0	0	0.41	5.3298357e-18
3.1500202606507903e-09	0.36970857	0.011322273	-0.85898787	0	0	0.41	4.2198846e-18
3.160009817803759e-09	0.38380268	0.057206336	-0.85248464	0	0	0.41	4.5215343e-18
3.170047155404597e-09	0.3720515	0.090629384	-0.85549235	0	0	0.41	4.434671e-18
3.1800546353324882e-09	0.35460678	0.13101119	-0.8571397	0	0	0.41	5.1847755e-18
3.1900580726386887e-09	0.33465788	0.14290668	-0.8617467	0	0	0.41	4.5659878e-18
3.200044196302765e-09	0.32720616	0.1510153	-0.86679214	0	0	0.41	4.8904117e-18
3.210064078256414e-09	0.32171646	0.16038089	-0.86234146	0	0	0.41	4.725e-18
3.220041062038901e-09	0.2974145	0.17640203	-0.86360806	0	0	0.41	4.5018622e-18
3.230016317518538e-09	0.266457	0.18825662	-0.8634033	0	0	0.41	4.169374e-18
3.240038906644155e-09	0.24332793	0.22198986	-0.8639036	0	0	0.41	4.6394145e-18
3.25000374043139e-09	0.21517512	0.26209602	-0.86045647	0	0	0.41	5.217382e-18
3.2600472873055765e-09	0.20273492	0.29787105	-0.85361487	0	0	0.41	5.19479e-18
3.2700569677984478e-09	0.18540291	0.31545058	-0.85192466	0	0	0.41	3.661257e-18
3.280026489718188e-09	0.14478156	0.33917794	-0.84802395	0	0	0.41	4.7867697e-18
3.2900228669540595e-09	0.10949735	0.34407273	-0.8472596	0	0	0.41	4.4740615e-18
3.300008657170915e-09	0.063037336	0.3369879	-0.84559506	0	0	0.41	4.5007745e-18
3.310023827100984e-09	0.038627513	0.3445344	-0.8332546	0	0	0.41	5.4640648e-18
3.320033069154577e-09	-0.01423479	0.33958128	-0.82042354	0	0	0.41	5.0137344e-18
3.330015765418829e-09	-0.08610796	0.32183406	-0.8090298	0	0	0.41	5.128255e-18
3.3400434191478157e-09	-0.16388969	0.29227805	-0.79958016	0	0	0.41	4.5801375e-18
3.3500618910221593e-09	-0.25471628	0.2492057	-0.7828073	0	0	0.41	4.0412802e-18
3.3600095158096e-09	-0.34993672	0.17623125	-0.76956123	0	0	0.41	4.3229745e-18
3.370003391625395e-09	-0.41215432	0.09722426	-0.76443714	0	0	0.41	4.879689e-18
3.380021799022967e-09	-0.47650138	-0.0056183585	-0.75319487	0	0	0.41	4.6924016e-18
3.3900309419207876e-09	-0.4844775	-0.10360183	-0.7455376	0	0	0.41	4.8560072e-18
3.4000362010503918e-09	-0.45884246	-0.20594363	-0.74299073	0	0	0.41	4.3955447e-18
3.410023182387505e-09	-0.38942894	-0.28381646	-0.7468716	0	0	0.41	4.96986e-18
3.4200270650386263e-09	-0.2908186	-0.33496755	-0.74318403	0	0	0.41	5.2282397e-18
3.430057003544985e-09	-0.17416725	-0.37505013	-0.73393744	0	0	0.41	4.213871e-18
3.440054226655239e-09	-0.0668963	-0.34915304	-0.72549236	0	0	0.41	5.2236042e-18
3.450062119722406e-09	0.034307122	-0.25982705	-0.7221766	0	0	0.41	4.5231522e-18
3.4600018471034503e-09	0.0784106	-0.17482848	-0.7138254	0	0	0.41	3.7257745e-18
3.470063090782046e-09	0.09141521	-0.040020548	-0.7156916	0	0	0.41	4.5515555e-18
3.480065193874534e-09	0.05038267	0.0919094	-0.73224616	0	0	0.41	4.034107e-18
3.4900348690748677e-09	-0.0534834	0.16033806	-0.74449915	0	0	0.41	5.224582e-18
3.5000529416027973e-09	-0.17567028	0.17237593	-0.74228144	0	0	0.41	4.48338e-18
3.5100059543943833e-09	-0.29265842	0.13351795	-0.73082113	0	0	0.41	3.9900906e-18
3.520031092136698e-09	-0.38929757	0.052127223	-0.7217983	0	0	0.41	4.6594856e-18
3.530017598700198e-09	-0.424999	-0.051274594	-0.71318686	0	0	0.41	4.26462e-18
3.540030310787616e-09	-0.4246656	-0.19391824	-0.70680815	0	0	0.41	4.182965e-18
3.5500315198266723e-09	-0.33608112	-0.3037312	-0.7071372	0	0	0.41	5.2788173e-18
3.560041710967739e-09	-0.17011096	-0.3766315	-0.6927225	0	0	0.41	4.601019e-18
3.5700017264785936e-09	0.013473722	-0.359747	-0.68209726	0	0	0.41	5.101924e-18
3.580047538283473e-09	0.14888492	-0.26265243	-0.66894656	0	0	0.41	5.080307e-18
3.5900302232982036e-09	0.24052306	-0.118662156	-0.65820634	0	0	0.41	4.836079e-18
3.6000387120077697e-09	0.23660183	0.024121426	-0.6481976	0	0	0.41	3.7227003e-18
3.6100484494784e-09	0.15724881	0.12814274	-0.6417136	0	0	0.41	4.3110776e-18
3.620003168433369e-09	0.0377898	0.20283595	-0.6307456	0	0	0.41	4.1996183e-18
3.630060651150186e-09	-0.12676577	0.18924882	-0.6110219	0	0	0.41	3.7265744e-18
3.6400645487646237e-09	-0.26248556	0.06674791	-0.59524137	0	0	0.41	5.2651543e-18
3.6500114925074807e-09	-0.3274022	-0.13897765	-0.58267796	0	0	0.41	4.6853818e-18
3.6600620250186952e-09	-0.24900003	-0.3580694	-0.57295364	0	0	0.41	5.3630383e-18
3.6700012273913327e-09	-0.03941203	-0.44796968	-0.55742925	0	0	0.41	4.4386764e-18
3.680018095636052e-09	0.14671391	-0.37443987	-0.5531829	0	0	0.41	4.359676e-18
3.690047052511272e-09	0.24615891	-0.20267081	-0.559744	0	0	0.41	3.8633946e-18
3.7000144283008896e-09	0.2869727	-0.035816398	-0.56699187	0	0	0.41	3.958004e-18
3.7100409620589608e-09	0.25656953	0.15057464	-0.56319666	0	0	0.41	3.8733307e-18
3.7200268332551825e-09	0.077569075	0.26980603	-0.55371356	0	0	0.41	4.0304566e-18
3.730024080574768e-09	-0.14004397	0.23002084	-0.53919435	0	0	0.41	4.181829e-18
3.740024695669747e-09	-0.28106344	0.09792901	-0.5245657	0	0	0.41	4.3781818e-18
3.75000045219978e-09	-0.39638802	-0.025570402	-0.50875556	0	0	0.41	4.1448565e-18
3.760015537203357e-09	-0.4195504	-0.2422536	-0.49975482	0	0	0.41	4.044953e-18
3.770060836304846e-09	-0.24795038	-0.42531124	-0.48810807	0	0	0.41	4.1169217e-18
3.780055581215658e-09	-0.0003503743	-0.43401638	-0.464708	0	0	0.41	4.3663275e-18
3.790024550519481e-09	0.15999618	-0.27957654	-0.44151595	0	0	0.41	3.479013e-18
3.800002411382423e-09	0.24163553	-0.12453677	-0.4367726	0	0	0.41	4.462598e-18
3.810062052954139e-09	0.245206	0.12432059	-0.43521807	0	0	0.41	3.772559e-18
3.820041801705441e-09	0.10602941	0.30943245	-0.42681104	0	0	0.41	3.488333e-18
3.830000308529915e-09	-0.11370399	0.37931642	-0.41630885	0	0	0.41	3.6867477e-18
3.840042800608068e-09	-0.34648982	0.28498277	-0.39501116	0	0	0.41	3.0288984e-18
3.85000011788376e-09	-0.47173908	0.025343707	-0.37098706	0	0	0.41	3.7035908e-18
3.860027357735675e-09	-0.4079615	-0.20876685	-0.35473445	0	0	0.41	2.6757045e-18
3.870054819672665e-09	-0.2172632	-0.35510746	-0.3430654	0	0	0.41	4.273388e-18
3.8800539945417616e-09	0.013401586	-0.32746512	-0.33175454	0	0	0.41	4.244996e-18
3.890013499726621e-09	0.18724646	-0.19747756	-0.33331499	0	0	0.41	3.1965615e-18
3.900019833547799e-09	0.2691866	0.0069681276	-0.33693504	0	0	0.41	3.4433928e-18
3.9100224359890804e-09	0.25046098	0.26030958	-0.3402753	0	0	0.41	2.8938922e-18
3.920020186926828e-09	0.047768235	0.40363714	-0.33135185	0	0	0.41	3.7034994e-18
3.930024529609852e-09	-0.19636264	0.37695402	-0.32161382	0	0	0.41	3.6466084e-18
3.940059541266186e-09	-0.36694884	0.20188372	-0.31575876	0	0	0.41	3.0795328e-18
3.9500150745182815e-09	-0.39099067	-0.048401095	-0.3107635	0	0	0.41	3.8501287e-18
3.960064136306995e-09	-0.20914231	-0.26195106	-0.30261046	0	0	0.41	4.3713662e-18
3.970006216701769e-09	0.032429807	-0.2759143	-0.2815538	0	0	0.41	2.6094552e-18
3.9800315817982364e-09	0.23142855	-0.17494929	-0.26199102	0	0	0.41	1.9675504e-18
3.990020017645791e-09	0.37025002	-0.036778733	-0.25564736	0	0	0.41	3.9973056e-18
4.0000075824263926e-09	0.38741592	0.23484798	-0.24183725	0	0	0.41	4.0243946e-18
4.010032784642363e-09	0.14930613	0.45464224	-0.21559328	0	0	0.41	3.5308238e-18
4.0200172038433684e-09	-0.16846274	0.43326938	-0.20920627	0	0	0.41	4.1476614e-18
4.030054782696511e-09	-0.36246154	0.21341646	-0.18835166	0	0	0.41	3.1465357e-18
4.04002010540224e-09	-0.34753117	-0.022267234	-0.19040413	0	0	0.41	2.7145729e-18
4.050061121084804e-09	-0.24682818	-0.19952121	-0.18690698	0	0	0.41	3.896917e-18
4.060049315057684e-09	-0.06782403	-0.33738878	-0.1603177	0	0	0.41	2.2918933e-18
4.070001264080721e-09	0.21035154	-0.30938897	-0.13987258	0	0	0.41	4.3299286e-18
4.080058865677222e-09	0.37894428	-0.06461824	-0.12165956	0	0	0.41	2.0526797e-18
4.090050207405931e-09	0.325726	0.18927014	-0.11393392	0	0	0.41	3.4969854e-18
4.100006616299334e-09	0.16726428	0.33638692	-0.11122129	0	0	0.41	2.3944267e-18
4.110009925460235e-09	-0.07494057	0.39261192	-0.09030253	0	0	0.41	4.264009e-18
4.120049761624925e-09	-0.3546569	0.2190464	-0.082186095	0	0	0.41	2.984769e-18
4.130002129587095e-09	-0.42266944	-0.10742638	-0.07826282	0	0	0.41	2.8885186e-18
4.140000636879416e-09	-0.22922617	-0.33347133	-0.06510001	0	0	0.41	1.8467597e-18
4.150041209683618e-09	0.027115522	-0.37428916	-0.043235704	0	0	0.41	2.4927752e-18
4.160052888032575e-09	0.24015702	-0.27486706	-0.047452938	0	0	0.41	3.1238465e-18
4.170009188388938e-09	0.34257913	-0.048899505	-0.05391272	0	0	0.41	3.2243976e-18
4.180059612311309e-09	0.28412953	0.20770136	-0.042488776	0	0	0.41	3.0342567e-18
4.190036142149629e-09	0.050563276	0.35169873	-0.023597604	0	0	0.41	3.3104066e-18
4.2000129632312316e-09	-0.2035817	0.32068896	-0.0044215536	0	0	0.41	2.7650599e-18
4.210031147289045e-09	-0.40019733	0.17304155	0.009410895	0	0	0.41	3.0284625e-18
4.220014287783636e-09	-0.44899535	-0.09970709	0.011018932	0	0	0.41	1.937041e-18
4.230063603871766e-09	-0.26681316	-0.35110968	0.021714479	0	0	0.41	2.300428e-18
4.240006659933232e-09	0.040929396	-0.41042447	0.02885471	0	0	0.41	1.4912329e-18
4.250038752009618e-09	0.32143226	-0.23979999	0.039835963	0	0	0.41	2.4478102e-18
4.260013533204075e-09	0.37371376	-0.0021783127	0.042739756	0	0	0.41	2.1072662e-18
4.270035313835605e-09	0.3077552	0.18322277	0.04065554	0	0	0.41	2.381739e-18
4.280062205677178e-09	0.12760904	0.33574912	0.06295974	0	0	0.41	1.6889461e-18
4.290047547518175e-09	-0.17157733	0.3378241	0.077946536	0	0	0.41	2.4972328e-18
4.300024694764587e-09	-0.42659152	0.08336736	0.08922509	0	0	0.41	1.6957976e-18
4.310023088433061e-09	-0.36932862	-0.21523973	0.10150763	0	0	0.41	2.8640812e-18
4.320030575920203e-09	-0.15359822	-0.37397307	0.11769608	0	0	0.41	2.6532974e-18
4.330046491581673e-09	0.10651988	-0.38131812	0.13318874	0	0	0.41	1.781714e-18
4.3400372813367794e-09	0.3217823	-0.1976106	0.14244202	0	0	0.41	2.8870777e-18
4.350063370045074e-09	0.34814882	0.105082825	0.15546252	0	0	0.41	2.24149e-18
4.360017630427844e-09	0.1586747	0.36617655	0.16213413	0	0	0.41	1.875686e-18
4.370047115235735e-09	-0.15963003	0.401265	0.1760534	0	0	0.41	1.4356515e-18
4.380014485620095e-09	-0.37096664	0.22333662	0.19857277	0	0	0.41	1.9597212e-18
4.390021900214747e-09	-0.38912272	-0.037158962	0.2030222	0	0	0.41	1.8100538e-18
4.400001914883318e-09	-0.24113098	-0.2515783	0.21768925	0	0	0.41	2.6540073e-18
4.410018561992768e-09	0.03139345	-0.32233194	0.23410517	0	0	0.41	1.2185335e-18
4.42004099393818e-09	0.26800695	-0.24175012	0.25308	0	0	0.41	2.3565408e-18
4.430023489193571e-09	0.4163143	-0.03326189	0.2618222	0	0	0.41	2.1536123e-18
4.440050446703914e-09	0.37764362	0.24379545	0.2726033	0	0	0.41	2.2591984e-18
4.450045150487588e-09	0.08483746	0.42838722	0.29399416	0	0	0.41	1.1376352e-18
4.460037906858567e-09	-0.21894757	0.3043493	0.32173464	0	0	0.41	1.2783951e-18
4.47001977012903e-09	-0.3140061	0.048637692	0.33327472	0	0	0.41	1.7138415e-18
4.480054407863549e-09	-0.2506115	-0.15879856	0.3391689	0	0	0.41	9.788924e-19
4.49004829459166e-09	-0.103580475	-0.3022373	0.35603783	0	0	0.41	2.0115351e-18
4.500044039537295e-09	0.14531444	-0.3545001	0.37348238	0	0	0.41	1.7152804e-18
4.510002045709271e-09	0.39912122	-0.15682769	0.37988392	0	0	0.41	1.1125227e-18
4.5200043388505655e-09	0.38456205	0.19694266	0.39020565	0	0	0.41	1.6407778e-18
4.530025762082445e-09	0.07114933	0.4027514	0.40746984	0	0	0.41	6.855297e-19
4.5400342551316695e-09	-0.24269277	0.2922693	0.42311803	0	0	0.41	1.2806497e-18
4.550047232487465e-09	-0.34649068	0.0711974	0.43447363	0	0	0.41	1.9477709e-18
4.560051677855699e-09	-0.29255006	-0.15977782	0.44046366	0	0	0.41	1.9525714e-18
4.570021053004345e-09	-0.091674455	-0.31000555	0.45144245	0	0	0.41	7.8445456e-19
4.5800524997369e-09	0.18177916	-0.3098707	0.47033507	0	0	0.41	1.0589561e-18
4.590032066747809e-09	0.3745085	-0.09053957	0.4791964	0	0	0.41	-1.7097813e-19
4.600033109871223e-09	0.29192096	0.21218266	0.48530793	0	0	0.41	1.1868736e-18
4.610018805489753e-09	0.065847866	0.36018845	0.49944833	0	0	0.41	1.2632955e-18
4.620045291399052e-09	-0.2387043	0.32116407	0.511831	0	0	0.41	4.9944757e-19
4.6300505199971876e-09	-0.37535378	0.017631726	0.51371557	0	0	0.41	3.0804477e-19
4.6400506560036985e-09	-0.20829989	-0.24739338	0.517832	0	0	0.41	4.790989e-19
4.650026367838906e-09	0.018332195	-0.31065792	0.52957475	0	0	0.41	3.3445557e-19
4.660054745755554e-09	0.23956291	-0.22120802	0.5462432	0	0	0.41	8.915926e-19
4.670020387521249e-09	0.364691	0.02098733	0.550588	0	0	0.41	6.7386274e-19
4.680012294858497e-09	0.2191208	0.29690284	0.56369567	0	0	0.41	8.4023063e-19
4.690035172026862e-09	-0.08298783	0.3419348	0.5728189	0	0	0.41	6.570685e-20
4.700062814004763e-09	-0.3001702	0.15665793	0.58339095	0	0	0.41	1.3826962e-19
4.710011781637198e-09	-0.29584342	-0.13422097	0.5930196	0	0	0.41	-2.475496e-19
4.7200097602476495e-09	-0.102066845	-0.3163809	0.6077889	0	0	0.41	-1.9114212e-19
4.730044854313347e-09	0.16863498	-0.2798679	0.6171194	0	0	0.41	-6.304622e-20
4.740044059900308e-09	0.31699923	-0.0832414	0.6207882	0	0	0.41	-3.5097333e-19
4.750038439087141e-09	0.26755375	0.18028621	0.6299273	0	0	0.41	1.7299601e-19
4.760041428665686e-09	0.026174543	0.34096637	0.6462591	0	0	0.41	1.3742983e-18
4.770036602014299e-09	-0.23132056	0.22821712	0.6579731	0	0	0.41	-5.0191246e-19
4.78000700681787e-09	-0.30435798	-0.038239755	0.6604957	0	0	0.41	-1.1460211e-18
4.790026181306757e-09	-0.14171779	-0.26237577	0.6656042	0	0	0.41	3.9877307e-19
4.800042343634713e-09	0.08536115	-0.27812532	0.68654895	0	0	0.41	-2.6703882e-19
4.810015819116755e-09	0.26445025	-0.11414204	0.68932307	0	0	0.41	4.6445283e-20
4.8200209247300545e-09	0.24398284	0.12746927	0.6934637	0	0	0.41	-2.1173996e-19
4.830034494106455e-09	0.0584541	0.282607	0.704007	0	0	0.41	-2.8187632e-19
4.840040533787647e-09	-0.2003109	0.2238594	0.7166739	0	0	0.41	6.6767977e-19
4.850036191685582e-09	-0.2936593	-0.024819596	0.71868205	0	0	0.41	-6.038192e-19
4.860024536999539e-09	-0.15018621	-0.27474603	0.73446715	0	0	0.41	-4.6392777e-20
4.870049181943465e-09	0.14619583	-0.27215567	0.73970264	0	0	0.41	4.0451138e-19
4.8800037486235525e-09	0.29387048	-0.009049456	0.7395137	0	0	0.41	-7.0699773e-19
4.890034370039364e-09	0.17075017	0.2286195	0.750496	0	0	0.41	5.284262e-20
4.900043526128601e-09	-0.06631442	0.2447394	0.7720545	0	0	0.41	1.8639882e-19
4.91002274235775e-09	-0.20089115	0.069887966	0.77270716	0	0	0.41	-5.111698e-19
4.920050587979058e-09	-0.19682851	-0.12743486	0.7862418	0	0	0.41	-6.568241e-19
4.930004464875398e-09	-0.010663122	-0.259462	0.78931504	0	0	0.41	-7.205616e-19
4.94000349311132e-09	0.1892651	-0.15697086	0.7939776	0	0	0.41	1.6010629e-19
4.950019939920144e-09	0.25718275	0.0991991	0.8004606	0	0	0.41	-4.8575664e-19
4.960053275085103e-09	0.03455059	0.2733462	0.819401	0	0	0.41	-1.1804282e-18
4.970013639130899e-09	-0.19632682	0.14799897	0.8251173	0	0	0.41	-1.6825434e-18
4.980026772864589e-09	-0.20634101	-0.09766525	0.83478904	0	0	0.41	-8.011254e-19
4.990008901355144e-09	-0.0056978352	-0.21409939	0.84429914	0	0	0.41	-6.784377e-19
5.000027951333126e-09	0.18593101	-0.12618189	0.8527975	0	0	0.41	-3.4028272e-19
5.0100392027592875e-09	0.19867164	0.14152084	0.8697562	0	0	0.41	-1.0389922e-18
5.020003604313773e-09	-0.08500526	0.23406719	0.8722539	0	0	0.41	-1.0221049e-18
5.03000051312626e-09	-0.23373447	-0.020673282	0.88365746	0	0	0.41	-3.5719822e-19
5.0400426967425995e-09	-0.033990394	-0.20877478	0.8947651	0	0	0.41	-2.601201e-19
5.050001885757576e-09	0.17675355	-0.08274265	0.9037104	0	0	0.41	-2.0644886e-19
5.0600480304927335e-09	0.10486412	0.14388116	0.9158704	0	0	0.41	-5.891053e-19
5.070013765810978e-09	-0.09828639	0.12174573	0.9202777	0	0	0.41	-9.282587e-19
5.080058578633068e-09	-0.13071735	-0.07263996	0.9298729	0	0	0.41	-1.1368792e-18
5.090048570725769e-09	0.04851719	-0.13382512	0.9300509	0	0	0.41	-4.9523303e-19
5.100039739534448e-09	0.12412036	0.037690364	0.93575126	0	0	0.41	-8.1371794e-19
5.110055292153769e-09	-0.03717061	0.11955964	0.94119215	0	0	0.41	-9.14114e-19
5.120036336518748e-09	-0.09485687	-0.015378026	0.9473788	0	0	0.41	-1.8470139e-18
5.1300009504024355e-09	0.00021665789	-0.104018666	0.9471028	0	0	0.41	-1.6082987e-18
5.140041426375578e-09	0.07197808	-0.009483753	0.94879	0	0	0.41	-4.1109086e-20
5.1500141103840575e-09	0.020836929	0.065547444	0.9524078	0	0	0.41	-1.7933648e-18
5.160057140252559e-09	-0.054723542	0.02371462	0.95184326	0	0	0.41	-7.631947e-19
5.17004847340211e-09	-0.02432843	-0.050911892	0.95565134	0	0	0.41	6.487574e-19
5.180029289094606e-09	0.026667979	-0.03089786	0.95838153	0	0	0.41	-1.1733881e-18
5.190006861154292e-09	0.031184986	0.021541083	0.9588304	0	0	0.41	-1.0351472e-18
5.200008779592762e-09	-0.010874091	0.028783467	0.958985	0	0	0.41	-1.6409679e-18
5.210045582308998e-09	-0.033368185	0.0060831597	0.95858717	0	0	0.41	-7.555003e-19
5.2200372147849e-09	0.0009308871	-0.04957741	0.9553027	0	0	0.41	-1.0763144e-18
5.23004647773568e-09	0.052661646	-0.013433654	0.9579573	0	0	0.41	-1.4364509e-18
5.2400109171966294e-09	0.009369788	0.06524315	0.957371	0	0	0.41	-2.0480614e-18
5.250035760195796e-09	-0.052032545	0.0038741138	0.95805454	0	0	0.41	-1.0470568e-18
5.2600418638633326e-09	-0.028448684	-0.03860087	0.95969063	0	0	0.41	-1.9514169e-18
5.2700054633391355e-09	0.04876007	-0.0032901517	0.9570482	0	0	0.41	-1.4644072e-18
5.280040361206665e-09	0.018239796	0.03771965	0.9568862	0	0	0.41	-1.9609202e-18
5.290008625016829e-09	-0.038517	0.017519068	0.9606751	0	0	0.41	-1.790231e-18
5.30002095116994e-09	-0.033553414	-0.040991906	0.96077627	0	0	0.41	-1.3798619e-18
5.31004243798679e-09	0.041734383	-0.021069732	0.961577	0	0	0.41	-1.3013249e-18
5.32005458110105e-09	0.025037827	0.03867071	0.9618688	0	0	0.41	-1.7819605e-18
5.3300286456275345e-09	-0.03475786	0.022421397	0.95903504	0	0	0.41	-5.980258e-19
5.340056241599081e-09	-0.02300857	-0.05277617	0.961279	0	0	0.41	-1.1073863e-18
5.350060124872163e-09	0.035975	-0.024370916	0.9615954	0	0	0.41	-2.3491975e-18
5.3600570032956626e-09	0.021913234	0.01851	0.96257555	0	0	0.41	-2.7994979e-18
5.370028020302825e-09	-0.009556067	0.033272278	0.962504	0	0	0.41	-1.4185106e-18
5.380059717878418e-09	-0.04240335	-0.0060095317	0.96089286	0	0	0.41	-1.4608609e-18
5.3900555528277104e-09	-0.01628186	-0.03603863	0.9617908	0	0	0.41	-1.2534444e-18
5.400020404068219e-09	0.030386917	-0.01382203	0.964221	0	0	0.41	-1.7017405e-18
5.41002211202916e-09	0.005315522	0.041061822	0.96372694	0	0	0.41	-7.8551196e-19
5.420051575939071e-09	-0.035819724	0.014706213	0.96833605	0	0	0.41	-1.7038922e-18
5.430028861660116e-09	-0.009164909	-0.026696078	0.9687728	0	0	0.41	-7.878149e-19
5.440039954560458e-09	0.03864503	0.0011924488	0.96720487	0	0	0.41	-1.6072868e-18
5.450000227537302e-09	-0.0027084374	0.043666475	0.9647182	0	0	0.41	-1.839212e-18
5.460053609981468e-09	-0.024349967	-0.015412316	0.96725225	0	0	0.41	-5.9062185e-19
5.470014223848561e-09	-0.004521935	-0.010849072	0.9657376	0	0	0.41	-1.5732385e-18
5.480012577438205e-09	0.0007475421	0.0022279953	0.96544313	0	0	0.41	-2.6089928e-18
5.490005595212612e-09	0.019372068	4.983506e-05	0.9674481	0	0	0.41	-8.459417e-19
5.500057839293122e-09	0.0042576124	0.010602712	0.96684873	0	0	0.41	-2.0756284e-18
5.510003507845778e-09	-0.013947289	0.006374872	0.9668812	0	0	0.41	-1.0305439e-18
5.520012521095385e-09	-0.02274922	-0.013945631	0.96803284	0	0	0.41	-1.4754675e-18
5.53000248627152e-09	0.014491505	-0.022887291	0.96651185	0	0	0.41	-1.0888827e-18
5.540025907182669e-09	0.011247588	0.005878501	0.9645987	0	0	0.41	-9.984699e-19
5.550030916547403e-09	-0.020475121	0.017699888	0.966018	0	0	0.41	-1.5298575e-18
5.560018016224778e-09	-0.03244542	-0.017320203	0.9692468	0	0	0.41	-1.8902806e-18
5.570063307075638e-09	0.01354595	-0.035813637	0.9681463	0	0	0.41	-2.1467816e-18
5.58001630500788e-09	0.03176659	-0.0016648887	0.9665083	0	0	0.41	-1.749559e-18
5.5900420961155715e-09	0.008891653	0.020887095	0.9654958	0	0	0.41	-1.3657828e-18
5.60003822156476e-09	-0.0003064909	-0.0010479019	0.9665626	0	0	0.41	-9.411863e-19
5.610041844619211e-09	0.0063097044	0.005022663	0.9656677	0	0	0.41	-1.4216479e-18
5.620047156137573e-09	0.0036428163	0.012195986	0.965094	0	0	0.41	-1.4971089e-18
5.630050235163957e-09	0.004487469	0.0036877992	0.9623641	0	0	0.41	-2.4830694e-18
5.64005762637992e-09	-0.0065484066	0.009690697	0.96463567	0	0	0.41	-5.5740196e-19
5.65006139938503e-09	-0.017841646	-0.005014827	0.9624049	0	0	0.41	-4.1551759e-19
5.660032844556308e-09	-0.001214457	-0.001489301	0.96441257	0	0	0.41	-1.9388855e-18
5.67006171658449e-09	-0.0051662447	0.018641187	0.96347874	0	0	0.41	-1.1084335e-18
5.6800092482465375e-09	-0.006690043	-0.0013628097	0.9662829	0	0	0.41	-2.2916505e-18
5.690045660447149e-09	0.004456777	-0.014761332	0.96752536	0	0	0.41	-2.3509526e-18
5.700008351707035e-09	-0.0005240982	-0.0027070616	0.96537024	0	0	0.41	-1.3013876e-18
5.710002421574365e-09	0.0024930881	-0.012767856	0.9667637	0	0	0.41	-1.5292754e-18
5.720056166151472e-09	0.012158416	0.0010219758	0.96551985	0	0	0.41	-1.1366963e-18
5.73006337301026e-09	-0.0075804787	0.0058427644	0.96402156	0	0	0.41	-1.9674925e-18
5.740028577305855e-09	-0.0037372406	-0.0084562	0.96477836	0	0	0.41	-1.8443137e-18
5.750021413774041e-09	-0.001055243	-0.008972684	0.96616954	0	0	0.41	-1.5207559e-18
5.760050560061027e-09	0.021997422	0.0006005811	0.96383643	0	0	0.41	-1.9890091e-18
5.770030368023071e-09	0.0051431563	0.026525866	0.96292084	0	0	0.41	-1.0808347e-18
5.780061979285348e-09	-0.039531067	0.002184081	0.9640132	0	0	0.41	-1.2514473e-18
5.790019578231742e-09	0.0024053063	-0.041804895	0.9630221	0	0	0.41	-8.128042e-19
5.800040572976034e-09	0.050508127	0.0154977925	0.9642352	0	0	0.41	-2.6638578e-18
5.810059541948558e-09	-0.030052716	0.043324225	0.9659049	0	0	0.41	-6.2720386e-19
5.820062114105025e-09	-0.049664818	-0.010700203	0.96413404	0	0	0.41	-1.6830732e-18
5.830033320832806e-09	0.010704811	-0.06218649	0.96522987	0	0	0.41	-1.3087552e-18
5.8400538447608244e-09	0.054275062	0.009376022	0.9637488	0	0	0.41	-2.2380641e-18
5.850032138841202e-09	-0.008335286	0.049267393	0.96717197	0	0	0.41	-8.3671413e-19
5.860023302762463e-09	-0.0846956	0.010593954	0.9651282	0	0	0.41	-1.9442614e-18
5.8700267272751376e-09	-0.0013660339	-0.06750068	0.96302426	0	0	0.41	-2.1023724e-18
5.880048402848223e-09	0.079371974	-0.0039220243	0.96502566	0	0	0.41	-2.6012963e-18
5.890019084936694e-09	0.02085534	0.08202074	0.96452975	0	0	0.41	-9.416808e-19
5.900030850506528e-09	-0.08655907	0.008062556	0.9633481	0	0	0.41	-1.4492042e-18
5.910044495086554e-09	-0.009100762	-0.086743556	0.9630985	0	0	0.41	-2.3090091e-18
5.920038201343067e-09	0.07788164	-0.034842525	0.9618729	0	0	0.41	-1.7920885e-18
5.930056783356119e-09	0.029110352	0.051791035	0.9624878	0	0	0.41	-2.2464023e-18
5.940060156268244e-09	-0.050460383	0.03613384	0.96241826	0	0	0.41	-2.244606e-18
5.950007957384534e-09	-0.062046517	-0.053307198	0.9600289	0	0	0.41	-1.6808095e-18
5.960050589677362e-09	0.049810354	-0.061093654	0.9618109	0	0	0.41	-1.7120567e-18
5.970015623159827e-09	0.053775117	0.03696949	0.9630038	0	0	0.41	-2.0577307e-18
5.9800546341728664e-09	-0.020897273	0.07145095	0.9638475	0	0	0.41	-2.3221843e-18
5.990032854409272e-09	-0.07141542	-0.01745093	0.9660642	0	0	0.41	-1.3311536e-18
6.000040314289427e-09	0.00086667034	-0.054770812	0.96371996	0	0	0.41	-3.9066024e-19
6.010007805610658e-09	0.050591774	-0.011715727	0.96400803	0	0	0.41	-1.3042043e-18
6.0200494036525354e-09	0.02110238	0.026584841	0.96598816	0	0	0.41	-1.0339664e-18
6.0300518279876015e-09	-0.044492368	0.01782004	0.9639864	0	0	0.41	-1.6464934e-18
6.040033809303256e-09	-0.017728582	-0.029070048	0.96681076	0	0	0.41	-9.868652e-19
6.05000048804073e-09	0.031512354	-0.01244003	0.96741086	0	0	0.41	-8.416683e-19
6.060013196376881e-09	0.014761121	0.015831351	0.9633571	0	0	0.41	-5.516572e-19
6.07004840403733e-09	-0.0012433893	0.0050464016	0.9621906	0	0	0.41	-1.4994641e-18
6.080013567872089e-09	-0.0041476884	-0.0019056691	0.96304953	0	0	0.41	-1.2099899e-18
6.0900524205648784e-09	0.0035197053	-0.011584677	0.96375024	0	0	0.41	-1.4188143e-18
6.100019720915561e-09	0.01104574	0.017979266	0.9621783	0	0	0.41	-1.6034041e-18
6.1100371082062116e-09	-0.032941192	0.01382045	0.9650553	0	0	0.41	-1.2501263e-18
6.1200280258459905e-09	-0.026408691	-0.029036507	0.96349436	0	0	0.41	-8.70303e-19
6.1300279337945325e-09	0.045647353	-0.013051825	0.9626145	0	0	0.41	-1.8114e-19
6.140041363621718e-09	0.00855858	0.032678023	0.9651366	0	0	0.41	-1.6095699e-18
6.1500220907524236e-09	-0.03649883	0.0056756353	0.96724594	0	0	0.41	-1.2346699e-18
6.1600178938461064e-09	-0.0053352923	-0.047383472	0.9651846	0	0	0.41	-1.5303002e-18
6.1700152947779425e-09	0.054220162	-0.00036938908	0.9664487	0	0	0.41	-1.946113e-18
6.180049979794769e-09	0.011372748	0.06842741	0.9634249	0	0	0.41	-1.6359304e-18
6.190038909768591e-09	-0.070523486	0.021733932	0.962499	0	0	0.41	-1.826116e-18
6.200024081930922e-09	-0.040629968	-0.05172351	0.9642244	0	0	0.41	-1.3048051e-18
6.210015488278021e-09	0.06314637	-0.041059785	0.9627478	0	0	0.41	-1.9844408e-18
6.2200569366121765e-09	0.022671899	0.07074331	0.9647376	0	0	0.41	-5.086717e-19
6.230002364216073e-09	-0.063677885	0.0159488	0.9623198	0	0	0.41	-1.587129e-18
6.240023128040583e-09	-0.01593286	-0.054386504	0.96460533	0	0	0.41	-1.5164724e-18
6.250022909729292e-09	0.059408348	-0.01256879	0.9632143	0	0	0.41	-8.0158527e-19
6.260006414700383e-09	0.014431215	0.05345242	0.965116	0	0	0.41	-1.6360082e-18
6.270034277034484e-09	-0.049624033	0.016011193	0.9639611	0	0	0.41	-6.498738e-19
6.280014204448364e-09	-0.017445493	-0.03291557	0.96681887	0	0	0.41	-2.4485446e-18
6.290036967710586e-09	0.016152943	-0.028338373	0.96700567	0	0	0.41	-1.6071816e-18
6.300016459799293e-09	0.048439786	0.021318702	0.96671706	0	0	0.41	-9.022866e-19
6.310051739837658e-09	0.0050021154	0.034904912	0.96556383	0	0	0.41	1.2418787e-19
6.320041476751438e-09	-0.024879746	0.0017447589	0.96566457	0	0	0.41	-2.09725e-18
6.330004381908925e-09	-0.013972738	-0.02928457	0.9646992	0	0	0.41	-1.7649855e-18
6.340024090215267e-09	0.024674157	-0.021532115	0.96365297	0	0	0.41	-1.2589536e-18
6.350023720746721e-09	0.012353084	0.032029573	0.9638078	0	0	0.41	-1.3549611e-18
6.360061390006188e-09	-0.026538454	0.017737275	0.9646117	0	0	0.41	-1.8018486e-18
6.370060522888833e-09	-0.0041642445	-0.029203583	0.96559715	0	0	0.41	-1.2795073e-18
6.38003030804665e-09	0.034722853	-0.015713299	0.9640209	0	0	0.41	-1.8436303e-18
6.390019186013605e-09	0.003398685	0.030919189	0.96102494	0	0	0.41	-1.4278889e-18
6.400023544875905e-09	-0.022961061	-0.0018774171	0.961369	0	0	0.41	-1.7516641e-18
6.41000569101425e-09	0.00665566	-0.034277033	0.9609157	0	0	0.41	-1.6650596e-18
6.4200056341046855e-09	0.028243525	-0.0023060702	0.96355057	0	0	0.41	-1.5923913e-18
6.43000676683092e-09	0.012176915	0.030300867	0.96381974	0	0	0.41	-1.2953484e-18
6.440057749471836e-09	-0.03258896	0.015224025	0.9646211	0	0	0.41	-2.1378297e-18
6.450033304173791e-09	-0.01493144	-0.0186629	0.9656596	0	0	0.41	-7.967059e-19
6.460043870307234e-09	0.015155998	-0.032969836	0.9651247	0	0	0.41	-3.1891121e-19
6.470008377452153e-09	0.03327089	0.020486208	0.9644767	0	0	0.41	-1.347462e-18
6.480008185548637e-09	-0.019712852	0.025752552	0.968404	0	0	0.41	-1.5377543e-18
6.490019367608556e-09	-0.04164428	-0.034946084	0.96357864	0	0	0.41	-1.3311009e-18
6.500014698970691e-09	0.027241165	-0.021456199	0.96593523	0	0	0.41	-1.0511936e-18
6.510003685930989e-09	0.021479335	0.03166131	0.96396184	0	0	0.41	-8.232269e-19
6.520059998963095e-09	-0.025479062	0.016478818	0.9631747	0	0	0.41	-1.881406e-18
6.530026016459086e-09	-0.019328283	-0.01647945	0.966308	0	0	0.41	-2.025842e-18
6.540047594919275e-09	0.02187548	-0.020338118	0.9686825	0	0	0.41	-1.1415108e-18
6.550026707277522e-09	0.02963402	0.021753434	0.96446574	0	0	0.41	-1.7418745e-18
6.560019129842231e-09	-0.0033901853	0.03695726	0.9653662	0	0	0.41	-1.8834774e-18
6.5700511351741185e-09	-0.02672129	0.010278711	0.966957	0	0	0.41	-2.6636634e-18
6.580040819402971e-09	-0.018885843	-0.030202407	0.9646178	0	0	0.41	-2.2534987e-18
6.5900172492530074e-09	0.015653877	-0.021753814	0.965007	0	0	0.41	-9.155042e-19
6.6000055348011275e-09	0.01986915	0.012695438	0.96665907	0	0	0.41	-1.7467883e-18
6.610057551394223e-09	-0.0019071972	0.018142885	0.9662571	0	0	0.41	-1.4625073e-18
6.620063935509257e-09	-0.016662888	0.010025782	0.96475935	0	0	0.41	-1.1729924e-18
6.630062702441898e-09	-0.019520393	-0.020795995	0.9642026	0	0	0.41	-1.5887883e-18
6.640043230237421e-09	0.020666545	-0.021733167	0.9648046	0	0	0.41	-1.6816494e-18
6.650006341896586e-09	0.03046041	0.030075416	0.96573704	0	0	0.41	-1.6733942e-18
6.6600581957491975e-09	-0.02331184	0.028720198	0.96695036	0	0	0.41	-1.9077794e-18
6.670034609842356e-09	-0.019793468	-0.0058754226	0.96530294	0	0	0.41	-1.4947163e-18
6.680007086030622e-09	0.021330317	-0.011990274	0.9667232	0	0	0.41	-2.347115e-18
6.690050873384909e-09	0.026276581	0.019292114	0.9678716	0	0	0.41	-2.5358793e-18
6.700036119353056e-09	-0.02430697	0.0151181435	0.9667385	0	0	0.41	-1.3687986e-18
6.7100558621063266e-09	-0.0009510705	-0.013751071	0.9671243	0	0	0.41	-1.2996356e-18
6.720021031465486e-09	0.0051129335	-0.022617051	0.96588	0	0	0.41	-1.6517294e-18
6.73004743969909e-09	0.018247634	0.016676687	0.9663147	0	0	0.41	-1.8909423e-18
6.7400531366191805e-09	-0.009978024	0.00665463	0.96485806	0	0	0.41	-1.4247516e-18
6.750044418494739e-09	-0.022645907	-0.016680764	0.964932	0	0	0.41	-4.818928e-19
6.76002830909586e-09	0.015478223	-0.026717665	0.96482795	0	0	0.41	-1.9434118e-18
6.770035494559346e-09	0.020394225	-0.006640674	0.96831584	0	0	0.41	-1.3739815e-18
6.780005023529797e-09	0.0094121015	0.021145549	0.9667129	0	0	0.41	-1.7528e-18
6.790050265204755e-09	-0.020159593	0.0059634973	0.96714354	0	0	0.41	-1.1013872e-18
6.800022282706497e-09	0.005212748	-0.00661175	0.96648824	0	0	0.41	-2.4716086e-18
6.810043904412232e-09	0.010655328	0.011962262	0.9664365	0	0	0.41	-1.1820957e-18
6.820001306480101e-09	-0.0061323233	0.020459034	0.96588	0	0	0.41	-1.3895802e-18
6.830022445374569e-09	-0.02651485	-0.012920502	0.9646149	0	0	0.41	-1.8717257e-18
6.840033521059342e-09	0.0064219707	-0.019255389	0.96289	0	0	0.41	-1.0696436e-18
6.8500314415855435e-09	0.020265678	0.009275525	0.96116793	0	0	0.41	-1.2372177e-18
6.86000323533726e-09	-0.006280345	0.02324836	0.96225244	0	0	0.41	-2.0312688e-18
6.870002064053548e-09	-0.010839515	-0.008040353	0.95983595	0	0	0.41	-7.6718443e-19
6.88006281264608e-09	0.006298124	-0.0070099854	0.96203405	0	0	0.41	-7.8259646e-19
6.890003147759297e-09	0.013980788	0.00020810301	0.9647102	0	0	0.41	-1.5481257e-18
6.900007498954867e-09	-0.0023507366	0.0013584915	0.9637561	0	0	0.41	-6.5773923e-19
6.910008028430273e-09	-0.0079071745	-0.009655747	0.9631782	0	0	0.41	-2.1116441e-19
6.920056010180748e-09	-0.0022238041	0.011865108	0.9613126	0	0	0.41	-3.0737062e-19
6.930015490956934e-09	-0.014222884	-0.00637159	0.9612559	0	0	0.41	-1.2088994e-18
6.940040915301893e-09	0.0032830026	-0.008828302	0.96351767	0	0	0.41	-2.174178e-18
6.950016173650424e-09	0.019544087	-0.009467339	0.9658819	0	0	0.41	-5.1925177e-19
6.960039808683539e-09	0.007965448	0.021637559	0.96765196	0	0	0.41	-1.234543e-18
6.970004470815996e-09	-0.014599995	-0.0021988752	0.96825284	0	0	0.41	-1.8889809e-18
6.980054505166675e-09	0.002609314	-0.007151305	0.9662168	0	0	0.41	-1.8794964e-18
6.990031245368257e-09	-0.0052083186	0.0032577163	0.96572185	0	0	0.41	-1.7162003e-18
7.000003602448133e-09	0.028449632	0.0018688464	0.96656823	0	0	0.41	-2.0028894e-18
7.010007569940935e-09	-0.0063254153	0.016387694	0.9663124	0	0	0.41	-2.126441e-18
7.0200523648835215e-09	0.00412521	-0.012708056	0.9664932	0	0	0.41	-9.999391e-19
7.030016582985885e-09	0.009199785	0.012153724	0.96702087	0	0	0.41	-2.5753917e-19
7.040042561711326e-09	-0.027786829	0.0016483533	0.96349406	0	0	0.41	-1.0672189e-18
7.050021612471922e-09	0.017674778	-0.013912384	0.96589506	0	0	0.41	-1.3021648e-18
7.0600103581733675e-09	0.010696996	0.031593557	0.9644108	0	0	0.41	-6.848491e-19
7.070035098123298e-09	-0.04035833	0.016698452	0.96346956	0	0	0.41	-1.0714509e-18
7.0800393657679754e-09	-0.005815554	-0.029788705	0.96369797	0	0	0.41	-1.091133e-18
7.090040291820712e-09	0.014707568	0.0015767716	0.96707845	0	0	0.41	-2.0327242e-18
7.100018495338262e-09	-0.002143408	0.014940469	0.9679696	0	0	0.41	-2.6398313e-18
7.110020245717382e-09	0.0055333287	-0.0045163725	0.96558315	0	0	0.41	-1.3948293e-18
7.120022043358154e-09	0.0046414523	0.013449904	0.9653812	0	0	0.41	-1.7440805e-18
7.130045056349913e-09	-0.02173595	-0.0011424696	0.9634724	0	0	0.41	-1.7328209e-18
7.140027392596327e-09	-0.0004388053	-0.024530653	0.9662518	0	0	0.41	-1.6985763e-18
7.1500058587485315e-09	0.013667958	0.0065104216	0.9656454	0	0	0.41	-1.1545951e-18
7.160055579644857e-09	-0.01050048	0.005431557	0.9650242	0	0	0.41	-2.065902e-18
7.170021835403338e-09	-0.014257011	-0.009980169	0.9673122	0	0	0.41	-1.7789526e-18
7.180039657331557e-09	-0.020850107	-0.011820585	0.9670929	0	0	0.41	-1.4696725e-18
7.190042925199688e-09	0.009414335	-0.007632586	0.9676997	0	0	0.41	-1.2780732e-18
7.200022866790101e-09	0.017052492	0.02738756	0.9695473	0	0	0.41	-2.2555387e-18
7.210020374638978e-09	-0.03886389	0.010082595	0.9655864	0	0	0.41	-7.7122577e-19
7.220045238155113e-09	-0.0031978274	-0.031963337	0.96475595	0	0	0.41	-1.8111732e-18
7.2300362540490475e-09	0.019232614	-0.010836146	0.9626436	0	0	0.41	-8.212551e-19
7.240027248552509e-09	0.013407065	0.008642414	0.964721	0	0	0.41	-1.6261535e-18
7.2500498602065995e-09	-0.015043989	0.014398147	0.96607107	0	0	0.41	-5.601619e-19
7.26003337700912e-09	-0.02328481	-0.0052560293	0.9654096	0	0	0.41	-1.6983984e-18
7.270063542032789e-09	0.014540165	-0.022679916	0.96506685	0	0	0.41	-1.4309979e-18
7.28004515945885e-09	0.038872488	0.020856822	0.9641996	0	0	0.41	-7.151643e-19
7.290029439086422e-09	-0.011298646	0.03985317	0.9629952	0	0	0.41	-1.707283e-18
7.300043777630661e-09	-0.046396527	-0.009207364	0.96745306	0	0	0.41	-1.7106515e-18
7.310047157783461e-09	0.0033080678	-0.058591243	0.9663304	0	0	0.41	-1.5809884e-18
7.320058075729522e-09	0.05564437	-0.003382489	0.966495	0	0	0.41	-1.8885239e-18
7.330025406280819e-09	0.021189248	0.046664666	0.9662238	0	0	0.41	-5.708721e-20
7.340018154864516e-09	-0.040660445	0.035515536	0.96815366	0	0	0.41	-2.6456276e-18
7.350001050713345e-09	-0.045965824	-0.033469513	0.9640135	0	0	0.41	-2.403373e-18
7.360046263440119e-09	0.022873962	-0.042809736	0.9650821	0	0	0.41	-2.1275711e-19
7.370050599105012e-09	0.0381126	0.022890313	0.97033757	0	0	0.41	-1.3192604e-18
7.38000156508603e-09	-0.021117626	0.038397156	0.9684821	0	0	0.41	-9.658633e-19
7.3900163431286865e-09	-0.036265265	-0.010250835	0.96622455	0	0	0.41	-1.2237605e-18
7.400047885659828e-09	0.0041798013	-0.027086383	0.9678757	0	0	0.41	-1.7694386e-18
7.4100517761557395e-09	0.022375083	-0.011537682	0.96676236	0	0	0.41	-1.3646796e-18
7.420007905293471e-09	-0.0029585033	0.025004974	0.96808875	0	0	0.41	-2.4666065e-18
7.430008755813851e-09	-0.0076655704	0.009937897	0.96893734	0	0	0.41	-1.4274747e-18
7.440008371679116e-09	-0.023702804	0.0050621303	0.9684977	0	0	0.41	-1.4319811e-18
7.450000071597674e-09	0.003115007	-0.01744158	0.9668982	0	0	0.41	-1.6258438e-18
7.460022284895592e-09	-0.010309844	-0.019053249	0.964838	0	0	0.41	-1.392102e-18
7.470039198263569e-09	0.039618224	-0.03094197	0.95965064	0	0	0.41	-9.575096e-19
7.480038407203074e-09	0.028520191	0.0521948	0.9608586	0	0	0.41	-7.579327e-19
7.490019333669661e-09	-0.051714625	0.06162152	0.9611436	0	0	0.41	-1.8198009e-18
7.50003845849176e-09	-0.05797539	-0.050225414	0.9624396	0	0	0.41	-7.965563e-19
7.510051811990245e-09	0.045721438	-0.0530958	0.96304274	0	0	0.41	-1.6398971e-18
7.520003449803406e-09	0.055015296	0.038252916	0.9629553	0	0	0.41	-9.196749e-19
7.530008934696959e-09	-0.010693712	0.062968925	0.9622125	0	0	0.41	-1.4879687e-18
7.540037139143648e-09	-0.075338095	7.586409e-05	0.9592266	0	0	0.41	-7.683464e-19
7.5500143838848e-09	-0.008887659	-0.06873102	0.96017647	0	0	0.41	-1.2342976e-18
7.560000601510028e-09	0.068187475	-0.024499299	0.9602413	0	0	0.41	-1.3214138e-18
7.570057562073097e-09	0.031271342	0.06399735	0.95838517	0	0	0.41	-1.4915815e-18
7.580030165031436e-09	-0.05731845	0.042413335	0.95914555	0	0	0.41	-1.6117791e-18
7.590052151765916e-09	-0.031920552	-0.055323698	0.96204966	0	0	0.41	-1.4886432e-18
7.600057557344374e-09	0.04370166	-0.047469888	0.96520454	0	0	0.41	-1.9444475e-18
7.610033550493832e-09	0.04742154	0.030887641	0.9655216	0	0	0.41	-3.519281e-19
7.620024593674657e-09	-0.025922218	0.069471635	0.96423596	0	0	0.41	-1.3377676e-18
7.630004756382038e-09	-0.06944401	-0.01881005	0.96473026	0	0	0.41	-1.682453e-18
7.640014240615727e-09	-0.004524839	-0.079158284	0.9614214	0	0	0.41	-1.9297077e-18
7.650017960209927e-09	0.056800757	-0.00252774	0.96328706	0	0	0.41	-1.4327811e-18
7.660052185026764e-09	0.018865654	0.03890321	0.96561354	0	0	0.41	-1.8420287e-18
7.670017476835145e-09	-0.042878836	0.010512873	0.9658942	0	0	0.41	1.07802656e-19
7.680048430908779e-09	-0.00783991	-0.044893753	0.96348006	0	0	0.41	-1.6868648e-18
7.690055814239518e-09	0.0634758	-0.007078515	0.9618741	0	0	0.41	-2.7926292e-18
7.700033070436328e-09	-0.0014707525	0.047701314	0.96286654	0	0	0.41	-8.6563707e-19
7.710011036483257e-09	-0.048079092	-0.010148729	0.96182114	0	0	0.41	-2.3952102e-18
7.720065461192956e-09	0.0043140217	-0.03558723	0.96258307	0	0	0.41	-1.9569962e-19
7.73002325405775e-09	0.038233455	-0.0010546393	0.96318316	0	0	0.41	-1.8772918e-18
7.740033867152886e-09	0.0134179965	0.02447958	0.96229666	0	0	0.41	-1.299374e-18
7.750023655325976e-09	-0.0109006055	0.01365663	0.96444374	0	0	0.41	-1.4159555e-18
7.760054541804375e-09	-0.02627846	-0.019188317	0.9668021	0	0	0.41	-1.6307092e-18
7.770007302043634e-09	0.030543538	-0.03248031	0.96701515	0	0	0.41	-2.2649744e-18
7.780054195761163e-09	0.03989014	0.029112486	0.9659015	0	0	0.41	-6.7983876e-19
7.790054224575231e-09	-0.027183002	0.035048455	0.96628416	0	0	0.41	-1.6325527e-18
7.800004420417251e-09	-0.030598504	-0.022236384	0.9650545	0	0	0.41	-7.295871e-19
7.810044911175044e-09	0.014315193	-0.025829123	0.96711814	0	0	0.41	-2.0859386e-18
7.820048661106182e-09	0.026494224	-0.006937413	0.9668174	0	0	0.41	-1.688875e-18
7.830049753167638e-09	-0.001820522	0.04014136	0.9665344	0	0	0.41	-1.4460141e-18
7.840039992905861e-09	-0.053199656	0.011453692	0.9642994	0	0	0.41	-2.5365347e-18
7.850046660032707e-09	-0.003992429	-0.043866962	0.96637774	0	0	0.41	-1.9099776e-18
7.86001416546241e-09	0.026916172	-0.00017247294	0.96547216	0	0	0.41	-1.5332994e-18
7.87002394006081e-09	0.0064564454	0.017452454	0.96510714	0	0	0.41	-1.932466e-18
7.880024234841773e-09	-0.019123655	0.0038086982	0.9633248	0	0	0.41	-1.7066711e-18
7.890051425456629e-09	-0.022111949	-0.008653686	0.964305	0	0	0.41	-1.5191776e-18
7.90001620109655e-09	0.025226293	-0.002650914	0.96410924	0	0	0.41	-1.4874198e-18
7.910039246551022e-09	0.01565585	0.035824157	0.9638871	0	0	0.41	-1.5933986e-18
7.920062943331915e-09	-0.020413589	0.001478113	0.96503955	0	0	0.41	-1.2931914e-18
7.930020974742635e-09	-0.019790983	-0.023929985	0.9626534	0	0	0.41	-1.827297e-18
7.940016794893325e-09	0.034509454	-0.022895738	0.962493	0	0	0.41	-2.1447275e-18
7.950056958501404e-09	0.025152883	0.031373274	0.9632016	0	0	0.41	-2.1521351e-18
7.960008135016033e-09	-0.017370556	0.0338305	0.9627331	0	0	0.41	-7.46718e-19
7.970010008861498e-09	-0.017527789	0.0049690497	0.96672803	0	0	0.41	-1.5473051e-18
7.980016675682405e-09	-0.01600627	-0.02989888	0.9643466	0	0	0.41	-1.2891044e-18
7.990059731001454e-09	0.024220645	-0.023132866	0.9622687	0	0	0.41	-1.750399e-18
8.000025694558282e-09	0.024886275	0.026401356	0.96498775	0	0	0.41	-1.917931e-18
8.010004788832928e-09	-0.022235222	0.018649723	0.96423745	0	0	0.41	-1.0150123e-18
8.02002639874036e-09	-0.017482793	-0.016544718	0.96405166	0	0	0.41	-1.1172174e-18
8.030043602675963e-09	0.026060602	-0.018688222	0.963723	0	0	0.41	-1.5792013e-18
8.040005024691754e-09	0.031209862	0.025624417	0.96224195	0	0	0.41	-4.106914e-19
8.050026309838828e-09	-0.016435161	0.016879288	0.96673936	0	0	0.41	-1.735154e-18
8.060004396835077e-09	-0.009261993	0.0011301457	0.96408546	0	0	0.41	-9.463527e-19
8.070041694800548e-09	-0.0010071717	-0.004298068	0.96546704	0	0	0.41	-4.0110582e-19
8.080062982220764e-09	0.002050765	0.021294115	0.9663726	0	0	0.41	-2.6017713e-18
8.090042297453685e-09	-0.02006356	0.016322741	0.9666869	0	0	0.41	-1.2577808e-18
8.100059844476126e-09	-0.009545548	-0.019304197	0.96540165	0	0	0.41	-1.2499025e-18
8.110023734527528e-09	0.002625516	-0.010602642	0.9652295	0	0	0.41	-1.7785459e-18
8.12001975094452e-09	0.003862193	0.012889814	0.96652174	0	0	0.41	-7.5603445e-19
8.13005025023495e-09	-0.0075264974	0.008722383	0.9644306	0	0	0.41	-1.2085282e-18
8.14006173551945e-09	-0.0006938063	0.005772243	0.9644998	0	0	0.41	-2.1405604e-18
8.150037293444467e-09	-0.009689548	0.0005921061	0.96303916	0	0	0.41	-3.002656e-18
8.160038282096965e-09	0.010229098	-0.0051354775	0.96320885	0	0	0.41	-1.8311988e-18
8.170062718227254e-09	-0.03418875	0.032469846	0.9637671	0	0	0.41	-1.5951873e-18
8.180029372550427e-09	-0.03276372	-0.019921385	0.96510774	0	0	0.41	-1.0085658e-18
8.190038360755273e-09	0.007240313	-0.030791042	0.9621069	0	0	0.41	-9.382647e-19
8.200045583343286e-09	0.026232556	0.01549021	0.9623093	0	0	0.41	-7.4915716e-19
8.210039591555573e-09	-0.022640739	0.012131384	0.9648873	0	0	0.41	-1.1889978e-18
8.220002456438622e-09	-0.014447919	-0.016173795	0.9646927	0	0	0.41	-9.904812e-19
8.230062522036328e-09	0.011203827	0.01309517	0.96541005	0	0	0.41	-1.0700913e-18
8.240018093221229e-09	-0.0019416903	-0.0023191604	0.9661156	0	0	0.41	-1.998662e-18
8.250004860881382e-09	0.015170035	-0.0144685665	0.96514064	0	0	0.41	-9.471686e-19
8.26005217542207e-09	0.015392595	0.0029037402	0.96661437	0	0	0.41	-1.194348e-18
8.27004479620592e-09	-0.011210769	0.010798482	0.96740514	0	0	0.41	-1.840151e-18
8.280002737108614e-09	-0.004839802	-0.0065454217	0.9683605	0	0	0.41	-1.982257e-18
8.290001903786764e-09	0.0133989835	0.0051572765	0.9677432	0	0	0.41	-1.0429848e-18
8.300018167031968e-09	-0.013677431	0.019364625	0.9650666	0	0	0.41	-1.4291606e-18
8.310004445193113e-09	-0.016968483	-0.01169193	0.9683585	0	0	0.41	-2.3008054e-18
8.32001989593012e-09	0.0030786698	-0.020171389	0.96797067	0	0	0.41	-1.6553396e-18
8.330025927179884e-09	0.019906655	-0.014810891	0.9675763	0	0	0.41	-2.324028e-18
8.340034682314189e-09	0.012072414	0.0038779739	0.9675961	0	0	0.41	-1.6108212e-18
8.350036080615524e-09	0.0046399767	-0.0026779058	0.96698344	0	0	0.41	-1.5887692e-18
8.360032016235427e-09	0.005009003	0.0007824052	0.9645826	0	0	0.41	-1.0348344e-18
8.370054682698122e-09	-0.0039353445	0.020999324	0.96645516	0	0	0.41	-1.5578062e-18
8.380012096476092e-09	-0.020184312	-0.0015654843	0.966597	0	0	0.41	-1.0542338e-18
8.390019821163023e-09	-0.014598524	-0.014825482	0.9655581	0	0	0.41	-9.342912e-19
8.400064572441179e-09	0.020348549	-0.023938306	0.96639895	0	0	0.41	-1.3718699e-18
8.410034549438363e-09	0.037887793	0.0041101743	0.9650652	0	0	0.41	-9.894349e-19
8.420048659293837e-09	-0.008293992	0.01933478	0.9685582	0	0	0.41	-1.863588e-18
8.430059442131127e-09	-0.019832965	-0.0027725955	0.9704556	0	0	0.41	-2.3967513e-18
8.440003053648143e-09	-0.00088473497	-0.011680355	0.9658208	0	0	0.41	-8.447059e-19
8.45003302861301e-09	0.006041165	-0.010221131	0.9660725	0	0	0.41	-2.2701682e-18
8.460053078458714e-09	0.0068279896	-0.0021543538	0.96484613	0	0	0.41	-1.3392711e-18
8.470043947699026e-09	-0.007909427	0.005015473	0.96560717	0	0	0.41	-1.1851989e-18
8.480001422623874e-09	-0.0044854437	0.0010339614	0.9650874	0	0	0.41	-1.8418212e-18
8.490062673001156e-09	0.016402453	-0.0152002415	0.9641959	0	0	0.41	-1.3987652e-18
8.500034842813267e-09	0.023136947	0.039323952	0.96394205	0	0	0.41	-1.5533571e-18
8.51002560542487e-09	-0.039305236	0.036947172	0.9630935	0	0	0.41	-1.2154357e-18
8.520007585294936e-09	-0.043976106	-0.04130317	0.96317834	0	0	0.41	-1.7636328e-18
8.530040453252535e-09	0.020074332	-0.047019448	0.9634857	0	0	0.41	-3.6567365e-19
8.540017243754514e-09	0.059467822	0.018073913	0.96122307	0	0	0.41	-1.2930208e-18
8.550011885892457e-09	-0.009277121	0.07873115	0.9573807	0	0	0.41	-1.2425186e-18
8.56005831958625e-09	-0.08999292	-0.01573112	0.9606612	0	0	0.41	-1.5382352e-18
8.570016117565578e-09	0.0042441445	-0.096222006	0.96068734	0	0	0.41	-1.4753113e-18
8.58002968773568e-09	0.08746788	0.004662831	0.9634284	0	0	0.41	-2.0094113e-18
8.590047897053667e-09	-0.003399671	0.083475426	0.96362084	0	0	0.41	-5.551975e-19
8.600036678112701e-09	-0.077057146	0.0061376477	0.9622097	0	0	0.41	-2.1229286e-18
8.610019922926841e-09	-0.014436038	-0.06779618	0.96057945	0	0	0.41	-9.503729e-19
8.620012209572757e-09	0.067549	-0.030826747	0.9619989	0	0	0.41	-1.0534863e-18
8.630028310841874e-09	0.05910076	0.046009123	0.96193886	0	0	0.41	-1.4996459e-18
8.640011571613972e-09	-0.04024469	0.05390585	0.96299946	0	0	0.41	-5.846792e-19
8.650013028538943e-09	-0.05003124	-0.026749225	0.965216	0	0	0.41	-3.0329607e-18
8.660006266311155e-09	0.023735214	-0.051569037	0.9649338	0	0	0.41	-1.6863079e-18
8.670052676506654e-09	0.05492669	0.012286254	0.96220165	0	0	0.41	-1.0697942e-18
8.680023623575536e-09	0.008389839	0.050184082	0.96472853	0	0	0.41	-1.1659445e-18
8.690026060062703e-09	-0.03781884	0.011161203	0.9632931	0	0	0.41	-2.1476237e-18
8.700020362106702e-09	-0.016199391	-0.032256432	0.96021545	0	0	0.41	-1.9456868e-18
8.710039093668516e-09	0.028703097	-0.029050207	0.9633083	0	0	0.41	-1.1893232e-18
8.720029738598915e-09	0.03870449	0.03601788	0.9628678	0	0	0.41	-1.9895683e-18
8.73000367824228e-09	-0.0209462	0.02977272	0.96167415	0	0	0.41	-1.0235543e-18
8.740009509611484e-09	-0.04413774	-0.0059427535	0.9638617	0	0	0.41	-1.9912756e-18
8.750054386558712e-09	-0.00090602116	-0.038214955	0.96404606	0	0	0.41	-1.228183e-18
8.76001854859004e-09	0.031416718	-0.0010503149	0.9633645	0	0	0.41	-1.6425356e-18
8.770045828364081e-09	0.014997955	0.029795691	0.96580076	0	0	0.41	-1.4991618e-18
8.78004583790402e-09	-0.025493272	0.016879924	0.96557164	0	0	0.41	-1.7134413e-18
8.790019629060113e-09	-0.030773062	-0.023109214	0.9654922	0	0	0.41	-9.255173e-19
8.800043660064933e-09	0.03269769	-0.036667146	0.96334773	0	0	0.41	-2.1540542e-18
8.810026483102183e-09	0.052023713	0.030174082	0.9628118	0	0	0.41	-2.1893957e-18
8.820006107922078e-09	-0.021590812	0.029681103	0.9610161	0	0	0.41	-1.6392289e-18
8.830005923874182e-09	-0.029724078	-0.0066201724	0.9626626	0	0	0.41	-2.3642549e-18
8.840013397119947e-09	0.009841771	-0.023323555	0.96343267	0	0	0.41	-2.132839e-18
8.85000920806622e-09	0.03190435	-0.003727577	0.963539	0	0	0.41	-1.2190258e-18
8.860014926160258e-09	0.004147492	0.030927435	0.96689713	0	0	0.41	-2.2509592e-18
8.870036525404265e-09	-0.02120589	0.0057355263	0.96554804	0	0	0.41	-1.6411356e-18
8.880036231118499e-09	-0.0065661324	-0.02476337	0.9656638	0	0	0.41	-2.5437105e-18
8.89003702136624e-09	-0.0046660053	-0.014087696	0.96853757	0	0	0.41	-6.964867e-19
8.900050024298524e-09	0.022893777	0.00014162886	0.9683124	0	0	0.41	-1.2598387e-18
8.910044808526718e-09	-0.00024435908	0.030984346	0.9702575	0	0	0.41	-1.7714141e-18
8.920053226916795e-09	-0.022544932	-0.0058051255	0.9699091	0	0	0.41	-1.2345108e-18
8.930051558916422e-09	0.013600293	-0.012348989	0.9702577	0	0	0.41	-7.636617e-19
8.940022577473799e-09	0.015361981	0.0069662733	0.96927017	0	0	0.41	-1.884144e-18
8.95001950454819e-09	-0.019399637	0.024263034	0.9683896	0	0	0.41	-1.8979986e-18
8.960013881026237e-09	-0.029711362	-0.02152992	0.96598595	0	0	0.41	-1.4861819e-18
8.970015320418274e-09	0.0062679593	-0.015625106	0.96771854	0	0	0.41	-1.74899e-18
8.980034017995542e-09	-0.0088718645	0.0013272521	0.96981615	0	0	0.41	-2.3160757e-18
8.99001566435683e-09	0.003439414	-0.00515919	0.9671387	0	0	0.41	-1.2714166e-18
9.000054140226425e-09	0.014908877	-0.004613411	0.96898353	0	0	0.41	-2.472278e-18
9.010015054212872e-09	0.0070847273	0.009352445	0.9658125	0	0	0.41	-1.1013882e-18
9.020048144982483e-09	-0.0033896056	0.006323566	0.96380675	0	0	0.41	-1.6423987e-18
9.030055338279437e-09	-0.015236582	-0.013902672	0.9644733	0	0	0.41	-8.2827595e-19
9.040006302806724e-09	0.00839819	-0.011119376	0.9660743	0	0	0.41	-1.6463915e-18
9.05004811693545e-09	0.021854391	0.012897204	0.96393573	0	0	0.41	-1.4893036e-18
9.060040866870809e-09	0.008967644	0.03394187	0.9628436	0	0	0.41	-1.2004065e-18
9.070062696022209e-09	-0.03977522	0.0020556098	0.9651268	0	0	0.41	-1.7001309e-18
9.080061240952472e-09	-0.0017886455	-0.053438354	0.9655261	0	0	0.41	-1.9144702e-18
9.090049022198511e-09	0.04461437	0.0002707801	0.96445364	0	0	0.41	-1.6134055e-18
9.100062427374868e-09	0.013551825	0.03820564	0.9648585	0	0	0.41	-1.8345263e-18
9.110032043021442e-09	-0.025604952	0.026736151	0.9653554	0	0	0.41	-5.9192843e-19
9.12003938558364e-09	-0.026383456	-0.019915044	0.96554756	0	0	0.41	-1.8730998e-18
9.130020332700793e-09	0.018113615	-0.03174965	0.9684472	0	0	0.41	-1.7104201e-18
9.140063391e-09	0.03861506	0.022235267	0.9683498	0	0	0.41	-2.6034697e-18
9.15002334244333e-09	-0.017668534	0.032600712	0.96862155	0	0	0.41	-2.0360523e-18
9.160050365444298e-09	-0.041728843	-0.0056548235	0.96535385	0	0	0.41	-2.3210086e-18
9.1700357893006e-09	-0.0018684571	-0.052218217	0.96727055	0	0	0.41	-1.6729347e-18
9.180023974269316e-09	0.058266994	-0.008827971	0.96555305	0	0	0.41	-1.3633914e-18
9.190056101405459e-09	0.018572573	0.05289891	0.96226764	0	0	0.41	-1.0845093e-18
9.20000462552764e-09	-0.05053285	0.0058751483	0.96532375	0	0	0.41	-1.6915643e-18
9.21006227980282e-09	0.0023461615	-0.044351917	0.9642567	0	0	0.41	-6.2658544e-19
9.220051354371582e-09	0.013818632	-0.001595228	0.96726185	0	0	0.41	-1.8644709e-18
9.23006198331248e-09	-0.020250825	-0.005203934	0.96608603	0	0	0.41	-9.244734e-19
9.240030250228463e-09	0.022672538	-0.023522176	0.96776485	0	0	0.41	-2.0727316e-18
9.250017539631097e-09	0.02446962	0.01617948	0.96812415	0	0	0.41	-7.5727036e-19
9.260059043749583e-09	-0.004981549	0.0052369544	0.96480757	0	0	0.41	-1.7892866e-18
9.270059032935114e-09	0.015399439	0.0037373311	0.9636575	0	0	0.41	-1.1895073e-18
9.280004461304037e-09	-0.021968462	0.0017343563	0.9623905	0	0	0.41	-1.249965e-18
9.29005457010111e-09	-0.026350912	-0.014341499	0.96550995	0	0	0.41	-2.7403425e-18
9.300022689045207e-09	0.009034188	-0.02297936	0.9658796	0	0	0.41	-1.4668054e-18
9.310014779482917e-09	0.0049768346	0.015455309	0.9653082	0	0	0.41	-1.897965e-18
9.320028585165582e-09	-0.01866639	0.013128637	0.96530896	0	0	0.41	-1.2684062e-18
9.330022005089216e-09	-0.00078527443	-0.0088756345	0.96434855	0	0	0.41	-1.6085325e-18
9.340033415497254e-09	-0.022475962	-0.0060886396	0.9657105	0	0	0.41	-2.1762262e-18
9.35005213243485e-09	0.010059465	-0.030891439	0.9682358	0	0	0.41	-1.8711818e-18
9.360062624787565e-09	0.028427834	0.010265604	0.9692267	0	0	0.41	-2.0303994e-18
9.370038648797703e-09	-0.012054048	0.038956504	0.96588993	0	0	0.41	-1.7577669e-18
9.38003245623052e-09	-0.043891937	-0.013898616	0.964775	0	0	0.41	-5.4211923e-19
9.390061984558078e-09	0.014064837	-0.030405192	0.9622561	0	0	0.41	-1.5269999e-18
9.400031348355953e-09	0.009330157	0.016986469	0.96608716	0	0	0.41	-2.0034095e-18
9.410025089830416e-09	-0.010754235	0.0017344236	0.9668193	0	0	0.41	-1.6366914e-18
9.42005642568476e-09	-0.011143564	-0.0044077775	0.96627855	0	0	0.41	-8.1490603e-19
9.43000981860328e-09	-0.0008203643	-0.016179275	0.96612126	0	0	0.41	-2.7025792e-18
9.440051450017164e-09	0.004582243	-0.01499135	0.967881	0	0	0.41	-1.0640166e-18
9.450013659568722e-09	0.015722938	0.01952293	0.9666942	0	0	0.41	-2.1776981e-18
9.460055140366329e-09	-0.0057420707	0.023397794	0.96682423	0	0	0.41	-1.1724708e-18
9.470054529816409e-09	-0.021757955	-0.011512752	0.9682025	0	0	0.41	-1.1633391e-18
9.480046132381376e-09	0.016695352	-0.009822031	0.9641772	0	0	0.41	-1.4188654e-18
9.490060697698825e-09	2.4840163e-05	0.017377805	0.9625137	0	0	0.41	-1.7717992e-18
9.500058217784697e-09	-0.023271343	0.013035645	0.96328735	0	0	0.41	-9.777183e-19
9.51003373626762e-09	-0.026075294	-0.027535152	0.96640354	0	0	0.41	-1.58968e-18
9.520060597330569e-09	0.021642582	-0.019968957	0.96575445	0	0	0.41	-1.4025657e-18
9.530058038877714e-09	0.008093927	0.017059125	0.9659	0	0	0.41	-1.4432552e-18
9.540000429352977e-09	-0.015398486	0.00087808946	0.967232	0	0	0.41	-1.620295e-18
9.550004627182615e-09	0.00017221161	-0.00557633	0.9692763	0	0	0.41	-1.7890335e-18
9.56003361491502e-09	0.003982043	-0.002102498	0.9671464	0	0	0.41	-2.1136744e-18
9.570017949431671e-09	0.008272045	-0.002735361	0.9674967	0	0	0.41	-1.333146e-18
9.580051946134897e-09	0.00632641	0.029721983	0.9682949	0	0	0.41	-1.4176219e-18
9.590029977966175e-09	-0.03721711	0.004531971	0.9693182	0	0	0.41	-1.751668e-18
9.600024912579804e-09	-0.014980692	-0.03804697	0.9649019	0	0	0.41	-7.871473e-19
9.610026361977051e-09	0.039838698	-0.012523696	0.9661111	0	0	0.41	-1.752125e-18
9.620027228904291e-09	0.0002802499	0.04982304	0.9672419	0	0	0.41	-1.8600903e-18
9.630025825316383e-09	-0.05763802	0.005148247	0.96674716	0	0	0.41	-9.603635e-19
9.640062903593219e-09	0.005021216	-0.06083633	0.96604055	0	0	0.41	-1.3101529e-18
9.650032170227534e-09	0.064775184	0.016812665	0.96746	0	0	0.41	-1.579502e-18
9.6600419507014e-09	-0.00985765	0.062062476	0.96538496	0	0	0.41	-2.039929e-18
9.670021171890174e-09	-0.057149082	-0.007629848	0.961315	0	0	0.41	-7.754847e-19
9.680033917173387e-09	-0.0070754318	-0.04502511	0.96616715	0	0	0.41	-7.070295e-19
9.690011967132362e-09	0.038299322	-0.0013516254	0.9647677	0	0	0.41	-1.9200748e-18
9.700059537632134e-09	0.014687135	0.048339985	0.9658365	0	0	0.41	-2.0126988e-18
9.710036255477085e-09	-0.032845464	0.011977675	0.9668614	0	0	0.41	-1.3128038e-18
9.72002184224848e-09	-0.0026722993	-0.04219091	0.96638757	0	0	0.41	-1.0608138e-18
9.730015651868096e-09	-0.0009877508	-5.5865406e-05	0.9686787	0	0	0.41	-1.3421086e-18
9.7400265690996e-09	0.00078378344	-0.0076874997	0.9681734	0	0	0.41	-1.7333503e-18
9.75004348978133e-09	-0.0008229922	0.034647223	0.9666916	0	0	0.41	-9.306332e-19
9.760025213607708e-09	-0.021414908	-0.011090118	0.96672624	0	0	0.41	-1.3803722e-18
9.770029245020901e-09	0.008028184	-0.046063814	0.9662766	0	0	0.41	-1.8762539e-18
9.78001307483962e-09	0.041892227	0.007697385	0.9610463	0	0	0.41	-1.720764e-18
9.790008397789623e-09	0.008319321	0.039123133	0.9652351	0	0	0.41	-2.4108078e-18
9.800027340022345e-09	-0.020809751	0.01276454	0.96320903	0	0	0.41	-1.2223317e-18
9.810002866489189e-09	-0.025672166	-0.042934727	0.9640535	0	0	0.41	-1.6778665e-18
9.820021681383241e-09	0.055384763	-0.025650768	0.96272486	0	0	0.41	-2.014563e-18
9.830058355803771e-09	0.022768859	0.040949244	0.96592706	0	0	0.41	-1.3718382e-18
9.840004522310876e-09	-0.036900226	0.03337266	0.96621096	0	0	0.41	-1.5293173e-18
9.850001773108267e-09	-0.028532306	-0.02809989	0.9658604	0	0	0.41	-7.473495e-19
9.860005236563248e-09	0.025772924	-0.01802011	0.96564806	0	0	0.41	-2.676004e-18
9.870021326118676e-09	0.028472874	0.010984498	0.9656082	0	0	0.41	-2.272503e-18
9.880028802012888e-09	-0.025256466	0.021896495	0.96584916	0	0	0.41	-8.901313e-19
9.89000530589906e-09	-0.036868025	-0.01539922	0.96331894	0	0	0.41	-1.3253234e-18
9.900017536787415e-09	0.013956406	-0.026033565	0.9601789	0	0	0.41	-1.3179159e-19
9.910005263271756e-09	0.025350673	0.020627717	0.96235365	0	0	0.41	-2.099322e-18
9.920026443473814e-09	-0.024610078	0.036439992	0.96418095	0	0	0.41	-1.3892338e-18
9.930040075894473e-09	-0.040993884	-0.021464776	0.9667303	0	0	0.41	-1.0718555e-18
9.940013150510109e-09	0.022047555	-0.03575276	0.9646309	0	0	0.41	-2.665575e-18
9.95001026773364e-09	0.034669332	0.020276487	0.9639575	0	0	0.41	-1.2338404e-18
9.960018966060457e-09	-0.0062572127	0.030409032	0.96784014	0	0	0.41	-1.5600618e-18
9.970015573606676e-09	-0.03381364	0.0013256401	0.96598583	0	0	0.41	-1.0316627e-18
9.9800107977036e-09	-0.0064795865	-0.04131457	0.9651598	0	0	0.41	-1.3126626e-18
9.990015871443972e-09	0.03712233	-0.0136001995	0.96795386	0	0	0.41	-2.1945013e-18
1e-08	0.019705115	0.04987229	0.9645139	0	0	0.41	-1.2837726e-18
