# t (s)	mx ()	my ()	mz ()	B_extx (T)	B_exty (T)	B_extz (T)	E_total (J)
0	0	0	-1	0	0	0.39	1.17474e-18
1.0056663120029159e-11	0.000209222	-0.00543131	-0.9774895	0	0	0.39	4.3473e-18
2.0016585230043616e-11	0.003074484	-0.020597043	-0.9688497	0	0	0.39	3.422795e-18
3.0005484193259065e-11	0.002469758	-0.01942399	-0.96423686	0	0	0.39	4.6734906e-18
4.004947518721217e-11	0.035475712	-0.0294842	-0.9626127	0	0	0.39	4.820023e-18
5.004034189817235e-11	0.020297434	-0.050751213	-0.9614226	0	0	0.39	4.547428e-18
6.000874927774869e-11	0.012567318	-0.04974293	-0.96079737	0	0	0.39	5.1474705e-18
7.001548618731928e-11	0.016788233	-0.07486168	-0.95814055	0	0	0.39	4.4922004e-18
8.005966998327054e-11	0.005809075	-0.072957695	-0.9588324	0	0	0.39	5.0560447e-18
9.005350021597637e-11	0.007905394	-0.06835123	-0.95697576	0	0	0.39	4.884384e-18
1.0004927716448624e-10	-0.0028645857	-0.0599035	-0.9557646	0	0	0.39	5.9091004e-18
1.1002400865180899e-10	-0.0049668415	-0.04769498	-0.9553269	0	0	0.39	3.948881e-18
1.2006356271810948e-10	-0.00091672706	-0.048605144	-0.9564457	0	0	0.39	5.5417255e-18
1.300430624512494e-10	0.008006447	-0.06239969	-0.9565556	0	0	0.39	4.6391556e-18
1.4002309610949592e-10	0.013756213	-0.07118811	-0.95228124	0	0	0.39	4.4266786e-18
1.5001290166758454e-10	0.00509282	-0.08144953	-0.9483838	0	0	0.39	4.9611423e-18
1.6002649779156902e-10	0.0022410583	-0.09394889	-0.9502512	0	0	0.39	4.769245e-18
1.7000688257089187e-10	-0.012931219	-0.11038804	-0.9507503	0	0	0.39	4.0043367e-18
1.800401230859329e-10	-0.003079023	-0.08698647	-0.948474	0	0	0.39	4.642322e-18
1.9003900439809095e-10	0.008244934	-0.090003386	-0.95158577	0	0	0.39	4.3662766e-18
2.00060352087017e-10	0.009117459	-0.08007433	-0.9529892	0	0	0.39	3.9035935e-18
2.1000009308060838e-10	-0.004213921	-0.076630354	-0.95309085	0	0	0.39	4.1515103e-18
2.200143225152137e-10	-0.009077084	-0.072414875	-0.95280117	0	0	0.39	4.3444535e-18
2.300270312854805e-10	-0.0024025077	-0.06354817	-0.9549589	0	0	0.39	4.4384584e-18
2.4005127052396084e-10	-0.010742606	-0.071483634	-0.9585136	0	0	0.39	4.6647167e-18
2.5001574041708843e-10	-0.019225892	-0.06458027	-0.95885134	0	0	0.39	4.792294e-18
2.6004215443669703e-10	-0.027368452	-0.049438514	-0.9555004	0	0	0.39	4.6222555e-18
2.700233008244824e-10	-0.01772103	-0.05556407	-0.94951445	0	0	0.39	4.8638232e-18
2.800286453358011e-10	-0.03750274	-0.060002726	-0.9540694	0	0	0.39	4.9609748e-18
2.900446536709508e-10	-0.02924525	-0.06741809	-0.9498962	0	0	0.39	5.34902e-18
3.000254502522392e-10	-0.027140498	-0.052421533	-0.9532028	0	0	0.39	4.0284655e-18
3.1002536248087174e-10	-0.035563897	-0.060722735	-0.9520033	0	0	0.39	4.326744e-18
3.2001892924040546e-10	-0.056961995	-0.0442129	-0.9491781	0	0	0.39	4.4532737e-18
3.300197710332147e-10	-0.060414687	-0.048830092	-0.9482257	0	0	0.39	3.9129357e-18
3.4003657199342304e-10	-0.054457635	-0.053330436	-0.949336	0	0	0.39	4.3980143e-18
3.5002541298153153e-10	-0.03589107	-0.062531106	-0.9512705	0	0	0.39	4.2075187e-18
3.600504813077758e-10	-0.029643336	-0.05021268	-0.9536294	0	0	0.39	5.1845766e-18
3.700407908990228e-10	-0.044793203	-0.0477222	-0.95613587	0	0	0.39	4.262796e-18
3.800379433925544e-10	-0.058231458	-0.03339514	-0.95287454	0	0	0.39	3.9651296e-18
3.9001905328105643e-10	-0.05865918	-0.027857196	-0.9526782	0	0	0.39	4.326517e-18
4.000635405898125e-10	-0.06552327	-0.03695335	-0.95074093	0	0	0.39	4.7689225e-18
4.100149810185886e-10	-0.059562497	-0.022654345	-0.95261645	0	0	0.39	5.232756e-18
4.200649045206563e-10	-0.04517651	-0.015746206	-0.9538011	0	0	0.39	4.4127567e-18
4.3002732499145625e-10	-0.041264173	-0.03437156	-0.9554748	0	0	0.39	4.5499392e-18
4.4001293381484623e-10	-0.057182025	-0.04374076	-0.95345664	0	0	0.39	5.1075073e-18
4.5005875171556826e-10	-0.054821428	-0.039789647	-0.9584707	0	0	0.39	5.5245743e-18
4.6006083200651025e-10	-0.06502868	-0.026332755	-0.9597425	0	0	0.39	4.1434288e-18
4.700485516094905e-10	-0.05317733	-0.0034896634	-0.9563529	0	0	0.39	4.1834548e-18
4.800141277023058e-10	-0.066815436	0.0066873054	-0.9557818	0	0	0.39	3.9247677e-18
4.900206243036714e-10	-0.05823224	0.011838025	-0.9559761	0	0	0.39	5.548684e-18
5.000384275709412e-10	-0.057413585	0.017137438	-0.9554265	0	0	0.39	4.5716746e-18
5.100331777062968e-10	-0.02999903	0.020148348	-0.95757604	0	0	0.39	3.9537223e-18
5.200104602666726e-10	-0.024220431	0.018551389	-0.9578445	0	0	0.39	4.835647e-18
5.300208665963721e-10	-0.02559013	-0.002403025	-0.9581556	0	0	0.39	5.111572e-18
5.400153836592635e-10	-0.035954095	-0.006177038	-0.9584047	0	0	0.39	4.3151486e-18
5.500236679590937e-10	-0.05700093	-0.008951722	-0.9555103	0	0	0.39	4.0070622e-18
5.600259599265536e-10	-0.0666638	-0.0004106895	-0.9508629	0	0	0.39	4.041951e-18
5.70049794419942e-10	-0.06744554	0.005097988	-0.9512272	0	0	0.39	4.578514e-18
5.800538037491158e-10	-0.064022	0.007334446	-0.95416784	0	0	0.39	4.3089224e-18
5.90009837419953e-10	-0.053181864	0.012808866	-0.9535963	0	0	0.39	4.582925e-18
6.000261799052901e-10	-0.056521773	0.008451948	-0.9554665	0	0	0.39	4.915444e-18
6.100486511664205e-10	-0.044979893	-0.00044088176	-0.9507682	0	0	0.39	4.9232454e-18
6.200020568080666e-10	-0.046380226	-0.01671892	-0.94929755	0	0	0.39	4.5037395e-18
6.300150297384841e-10	-0.032534577	-0.013684805	-0.95163316	0	0	0.39	4.9740562e-18
6.400290050474038e-10	-0.0431518	-0.019696917	-0.9519642	0	0	0.39	4.407902e-18
6.500017121088073e-10	-0.049541473	-0.0059591606	-0.95312953	0	0	0.39	4.5092022e-18
6.600423338632795e-10	-0.0446425	-0.026428934	-0.94541293	0	0	0.39	4.9823566e-18
6.700111115612753e-10	-0.028987607	-0.050937664	-0.9431216	0	0	0.39	5.7326445e-18
6.800625291329974e-10	-0.04104454	-0.03855491	-0.9429095	0	0	0.39	4.672012e-18
6.900278018806971e-10	-0.041392133	-0.031154878	-0.950233	0	0	0.39	4.046542e-18
7.000631545446873e-10	-0.05616962	-0.03919044	-0.94709337	0	0	0.39	4.5002207e-18
7.100569012048218e-10	-0.05263739	-0.022608053	-0.9445076	0	0	0.39	4.6410743e-18
7.200313203396448e-10	-0.051214367	-0.024270201	-0.9470534	0	0	0.39	5.4938946e-18
7.300251513209363e-10	-0.051367596	-0.0060829907	-0.9468983	0	0	0.39	4.636197e-18
7.400152999092712e-10	-0.04360296	0.017536512	-0.9487762	0	0	0.39	4.82396e-18
7.50009749665628e-10	-0.02030848	0.017932173	-0.95117426	0	0	0.39	4.177372e-18
7.600273339457468e-10	-0.021294339	0.010187933	-0.9491536	0	0	0.39	4.616634e-18
7.700086558840148e-10	-0.015941743	0.012804981	-0.9465485	0	0	0.39	4.196145e-18
7.800568061306174e-10	-0.032889534	0.028764445	-0.94787765	0	0	0.39	3.784933e-18
7.900387185482136e-10	-0.020073036	0.02882359	-0.94705886	0	0	0.39	4.253555e-18
8.000226933813212e-10	-0.02180371	0.007854743	-0.94742674	0	0	0.39	4.4954876e-18
8.100584217373286e-10	-0.026977684	0.03935748	-0.94810045	0	0	0.39	5.001998e-18
8.200308845775702e-10	-0.025367277	0.04786937	-0.94632906	0	0	0.39	4.229603e-18
8.30027172624234e-10	-0.023149349	0.07113407	-0.9482647	0	0	0.39	5.3812053e-18
8.400231501524226e-10	-0.00054923183	0.07000466	-0.94887847	0	0	0.39	4.427564e-18
8.50065562152607e-10	0.011448856	0.062414553	-0.94994974	0	0	0.39	4.036033e-18
8.600238046599611e-10	-0.0008637987	0.06342884	-0.95264363	0	0	0.39	5.2092216e-18
8.700017875382501e-10	-0.0012852523	0.07599408	-0.9513362	0	0	0.39	4.874664e-18
8.800066165301216e-10	0.009129228	0.069755666	-0.951626	0	0	0.39	4.0004183e-18
8.900113075040822e-10	0.011926074	0.062272884	-0.9535384	0	0	0.39	4.4175858e-18
9.000634869601005e-10	0.008912105	0.053849347	-0.9534641	0	0	0.39	3.9661747e-18
9.100017170353803e-10	-0.017519528	0.06185744	-0.95181304	0	0	0.39	4.9973215e-18
9.200429055634207e-10	-0.020275308	0.08167297	-0.94881105	0	0	0.39	4.6733194e-18
9.300595887586556e-10	-0.03446895	0.08115488	-0.9536833	0	0	0.39	4.477519e-18
9.400617424136357e-10	-0.011592337	0.085637644	-0.95619464	0	0	0.39	4.2695705e-18
9.500273107041818e-10	-0.00814591	0.050637268	-0.9550407	0	0	0.39	5.0493115e-18
9.600601728029474e-10	-0.008295772	0.045034982	-0.9502568	0	0	0.39	4.8232666e-18
9.700515229518376e-10	-0.005087016	0.03188703	-0.94999754	0	0	0.39	4.1574863e-18
9.800131452725987e-10	-0.014952641	0.021794474	-0.95224583	0	0	0.39	4.7285627e-18
9.900462269208122e-10	-0.026390444	0.027839055	-0.95181787	0	0	0.39	4.545994e-18
1.0000393914745698e-09	-0.023705596	0.03646669	-0.94916284	0	0	0.39	4.6969764e-18
1.010042243608499e-09	-0.01880957	0.030067537	-0.9479469	0	0	0.39	3.533023e-18
1.0200264645546748e-09	-0.025411922	0.04723305	-0.9490645	0	0	0.39	4.014784e-18
1.0300536690471266e-09	-0.009732845	0.038035035	-0.94950986	0	0	0.39	5.030563e-18
1.040024388882539e-09	0.015484824	0.023601178	-0.94851774	0	0	0.39	4.5724158e-18
1.0500278060766355e-09	0.012282672	0.016135972	-0.94865847	0	0	0.39	4.734771e-18
1.0600564963877137e-09	0.019935265	-0.006714169	-0.94645786	0	0	0.39	4.587118e-18
1.070034864922692e-09	0.012101451	-0.0244328	-0.9481758	0	0	0.39	4.774904e-18
1.080029412093154e-09	0.0094014155	-0.008987826	-0.950309	0	0	0.39	3.9466446e-18
1.0900233696767418e-09	0.010819426	-0.007192083	-0.95042485	0	0	0.39	4.5951992e-18
1.10002275490884e-09	0.00906529	-0.0025029583	-0.9496619	0	0	0.39	4.793048e-18
1.1100015397575487e-09	0.022989906	-0.012724985	-0.9457121	0	0	0.39	4.9324763e-18
1.1200598070092947e-09	0.027115613	-0.0027434356	-0.94738364	0	0	0.39	4.2810836e-18
1.130056098139473e-09	0.034276564	-0.0071416674	-0.9477396	0	0	0.39	5.3950775e-18
1.1400233073182823e-09	0.047277912	-0.004945143	-0.94790226	0	0	0.39	4.6155396e-18
1.1500265410129413e-09	0.04596926	-0.015088302	-0.9503452	0	0	0.39	5.794414e-18
1.1600537855231435e-09	0.018592432	-0.036790796	-0.95286477	0	0	0.39	4.3502462e-18
1.1700054713837374e-09	0.015765188	-0.0385979	-0.9501806	0	0	0.39	4.1552533e-18
1.180034688679035e-09	0.003011041	-0.0523463	-0.9479232	0	0	0.39	3.831286e-18
1.1900064772202483e-09	0.029647477	-0.060258728	-0.94633144	0	0	0.39	4.2351916e-18
1.2000610655662188e-09	0.02608985	-0.05096256	-0.94447064	0	0	0.39	4.284961e-18
1.2100592079451645e-09	0.030106582	-0.053751137	-0.9467112	0	0	0.39	3.5258557e-18
1.2200370214967753e-09	0.026634576	-0.063723356	-0.9504824	0	0	0.39	4.035825e-18
1.2300407484453718e-09	0.04686192	-0.056924116	-0.95175594	0	0	0.39	4.7641e-18
1.2400347009574363e-09	0.05084171	-0.037187085	-0.9537066	0	0	0.39	4.7727937e-18
1.2500157205201528e-09	0.037185438	-0.050262574	-0.9518464	0	0	0.39	3.6344835e-18
1.260054118655782e-09	0.046498537	-0.040637534	-0.9518838	0	0	0.39	4.6478555e-18
1.27003061880274e-09	0.069916576	-0.03872341	-0.9526177	0	0	0.39	4.6765537e-18
1.2800270465779731e-09	0.06830877	-0.037324164	-0.950162	0	0	0.39	4.665052e-18
1.2900134288438846e-09	0.05363901	-0.038383685	-0.95189714	0	0	0.39	4.858272e-18
1.3000352984467936e-09	0.058492474	-0.04304904	-0.95142233	0	0	0.39	4.6775285e-18
1.3100511937862616e-09	0.03690092	-0.057586364	-0.9457325	0	0	0.39	4.687093e-18
1.3200101278178374e-09	0.036807735	-0.052520037	-0.9417997	0	0	0.39	5.268096e-18
1.3300502586351426e-09	0.04340955	-0.051053997	-0.9460245	0	0	0.39	3.7042252e-18
1.34003550544789e-09	0.054284845	-0.027491046	-0.9480505	0	0	0.39	4.350045e-18
1.3500231061077133e-09	0.053347882	-0.04781291	-0.94781643	0	0	0.39	4.1350655e-18
1.3600593787884313e-09	0.062266015	-0.05072482	-0.94377744	0	0	0.39	4.605707e-18
1.370007823055323e-09	0.05290194	-0.04766064	-0.9458952	0	0	0.39	4.6249074e-18
1.3800058402729789e-09	0.05490658	-0.050310716	-0.94451815	0	0	0.39	4.466613e-18
1.3900126128788142e-09	0.05373564	-0.049821705	-0.94768566	0	0	0.39	4.3850635e-18
1.4000246682010391e-09	0.048389126	-0.038789935	-0.9444487	0	0	0.39	4.231811e-18
1.410055213207582e-09	0.061650354	-0.03529968	-0.94513404	0	0	0.39	4.0893957e-18
1.420019681424727e-09	0.054295275	-0.03906984	-0.9471884	0	0	0.39	4.6205263e-18
1.4300333045492097e-09	0.05039546	-0.028597077	-0.9463506	0	0	0.39	4.8285436e-18
1.440018725868935e-09	0.06662906	-0.03424788	-0.94683856	0	0	0.39	4.182854e-18
1.4500070972043381e-09	0.080481246	-0.01483508	-0.9468381	0	0	0.39	4.334046e-18
1.4600307507389653e-09	0.094643496	-0.0047599366	-0.94191325	0	0	0.39	4.496702e-18
1.4700056149485938e-09	0.091838256	-0.016057564	-0.94472337	0	0	0.39	5.0784886e-18
1.4800421352439596e-09	0.08570002	-0.033429135	-0.9478406	0	0	0.39	3.5417214e-18
1.4900580563712546e-09	0.061853025	-0.05046747	-0.94775844	0	0	0.39	4.1875435e-18
1.500057198992561e-09	0.054315295	-0.038372774	-0.9534392	0	0	0.39	3.8567416e-18
1.5100022021171002e-09	0.037857193	-0.052554708	-0.95375353	0	0	0.39	4.2390186e-18
1.520058443228585e-09	0.013883276	-0.046844464	-0.9519569	0	0	0.39	5.3844127e-18
1.530043580003557e-09	0.01853396	-0.036660846	-0.95369077	0	0	0.39	3.4768337e-18
1.5400084472275483e-09	0.020718936	-0.031976506	-0.95573074	0	0	0.39	4.505169e-18
1.5500394740678442e-09	0.008137242	-0.03749039	-0.95498514	0	0	0.39	4.2703662e-18
1.560064115911863e-09	0.019849805	-0.04130256	-0.9537703	0	0	0.39	4.890447e-18
1.5700420335209359e-09	0.0076834504	-0.016899874	-0.9540195	0	0	0.39	4.689753e-18
1.5800106975026336e-09	4.45831e-05	-0.0149083445	-0.95445406	0	0	0.39	4.312623e-18
1.5900084693380702e-09	-0.0018501353	-0.022573447	-0.9506842	0	0	0.39	4.299507e-18
1.6000507940734837e-09	-0.011394106	-0.034072295	-0.9511382	0	0	0.39	4.5500927e-18
1.6100652490050857e-09	-0.015988054	-0.031786438	-0.95296675	0	0	0.39	4.6220574e-18
1.6200234036464828e-09	-0.021648305	-0.013717428	-0.9497366	0	0	0.39	4.922676e-18
1.6300117488273077e-09	-0.01368058	-0.020351976	-0.9494932	0	0	0.39	5.215848e-18
1.6400419290486252e-09	-0.010699516	-0.013098135	-0.9511131	0	0	0.39	4.037461e-18
1.6500164501865253e-09	-0.024312345	-0.0061379042	-0.9494966	0	0	0.39	4.77483e-18
1.6600482484411665e-09	-0.020316215	-0.005236635	-0.95025426	0	0	0.39	4.346321e-18
1.6700493828412816e-09	-0.014654183	-0.006781503	-0.9473247	0	0	0.39	3.4336495e-18
1.6800462392163845e-09	-0.00014751533	-0.0016965349	-0.94287753	0	0	0.39	5.2480023e-18
1.6900513933313785e-09	-0.0037195554	0.0039965156	-0.94126767	0	0	0.39	4.9355683e-18
1.70000648802512e-09	-0.006634966	-0.00014092769	-0.94125485	0	0	0.39	4.375691e-18
1.7100247519597806e-09	-0.0044333357	-0.009600766	-0.9401102	0	0	0.39	4.9190855e-18
1.720016142454398e-09	-0.0020074986	-0.012028199	-0.9379214	0	0	0.39	5.2565095e-18
1.7300036118363684e-09	0.001331724	-0.00079529686	-0.94337934	0	0	0.39	5.3125414e-18
1.7400609202845603e-09	-5.339167e-05	-0.0011951783	-0.9391608	0	0	0.39	5.1117123e-18
1.7500106990268256e-09	-0.016514016	-0.0013052184	-0.94743973	0	0	0.39	4.8135315e-18
1.760030736767877e-09	-0.027451064	-0.00056983216	-0.9449236	0	0	0.39	4.6864567e-18
1.7700151161307862e-09	-0.025109679	-0.009642848	-0.9506315	0	0	0.39	4.2672614e-18
1.7800421072948192e-09	-0.021832738	-0.02596204	-0.95647913	0	0	0.39	4.224005e-18
1.7900464176884322e-09	-0.010561208	-0.036791265	-0.95301735	0	0	0.39	5.0147436e-18
1.8000288528225256e-09	-0.012350913	-0.046524875	-0.949971	0	0	0.39	4.0465634e-18
1.810000952197737e-09	-0.011994289	-0.041683774	-0.9491903	0	0	0.39	4.4461595e-18
1.8200404089761603e-09	-0.0091255875	-0.029612578	-0.9471464	0	0	0.39	4.7857974e-18
1.830011016633906e-09	0.0037450837	-0.043224964	-0.9432125	0	0	0.39	4.7050166e-18
1.8400424414380553e-09	-0.0038568939	-0.06147014	-0.9375883	0	0	0.39	4.7544828e-18
1.8500420571940586e-09	-0.013779433	-0.051342696	-0.93452513	0	0	0.39	4.118639e-18
1.8600629400605783e-09	-0.009794405	-0.0515039	-0.93822616	0	0	0.39	5.303574e-18
1.8700026113970694e-09	-0.008170555	-0.04518248	-0.93626326	0	0	0.39	5.3468884e-18
1.880003237948938e-09	0.0025694193	-0.044134848	-0.9373859	0	0	0.39	4.9737973e-18
1.890053428510669e-09	0.015893912	-0.060806155	-0.9378098	0	0	0.39	4.257601e-18
1.900016581819074e-09	0.026008364	-0.061641134	-0.94218385	0	0	0.39	4.7235557e-18
1.9100121181198814e-09	0.03281744	-0.06617349	-0.94303197	0	0	0.39	3.9214648e-18
1.9200595666445187e-09	0.022791661	-0.07993527	-0.9454515	0	0	0.39	4.4940367e-18
1.930029194666171e-09	0.02521963	-0.07214081	-0.9424073	0	0	0.39	4.1949547e-18
1.9400346021503435e-09	0.029783795	-0.07954971	-0.93851054	0	0	0.39	4.2444354e-18
1.9500177150480845e-09	0.025660215	-0.071484074	-0.9374191	0	0	0.39	4.3872804e-18
1.9600217332857645e-09	0.02968466	-0.07128864	-0.9307496	0	0	0.39	5.2186626e-18
1.9700252674638385e-09	0.01800521	-0.0843157	-0.9258192	0	0	0.39	4.258425e-18
1.9800056129896997e-09	0.01891793	-0.07327646	-0.93334174	0	0	0.39	4.3616746e-18
1.990023224334653e-09	0.036302295	-0.07572473	-0.93837285	0	0	0.39	3.611166e-18
2.0000290081038676e-09	0.03419118	-0.09501216	-0.9352844	0	0	0.39	5.410254e-18
2.0100046194991283e-09	0.01798004	-0.089603744	-0.93785	0	0	0.39	4.384589e-18
2.0200344506188695e-09	0.019236526	-0.08729856	-0.93965805	0	0	0.39	4.6078472e-18
2.030021172142576e-09	0.018153738	-0.092335634	-0.9440059	0	0	0.39	5.1159855e-18
2.040047823467964e-09	0.014243537	-0.09313503	-0.9421018	0	0	0.39	4.0343435e-18
2.0500031262917318e-09	0.005438471	-0.085904405	-0.9404816	0	0	0.39	4.4133986e-18
2.0600198518825e-09	0.00918573	-0.083474435	-0.9393378	0	0	0.39	4.4739093e-18
2.0700018740843783e-09	0.017256197	-0.08589708	-0.9327127	0	0	0.39	3.6584784e-18
2.0800202929773116e-09	0.010787574	-0.07583229	-0.93368185	0	0	0.39	4.5711026e-18
2.090056573257403e-09	0.020809155	-0.096234985	-0.9315307	0	0	0.39	4.360176e-18
2.100031066678944e-09	0.006782973	-0.10812482	-0.9256327	0	0	0.39	5.2780306e-18
2.110033310147352e-09	-0.0006511388	-0.111607276	-0.9240062	0	0	0.39	4.463119e-18
2.1200407905939174e-09	-0.003066406	-0.12074424	-0.92294884	0	0	0.39	4.5667777e-18
2.1300337715774967e-09	-0.0016274288	-0.10291898	-0.92803156	0	0	0.39	4.594019e-18
2.140013259078079e-09	-0.008981963	-0.089928955	-0.9340113	0	0	0.39	4.1017207e-18
2.150015997635348e-09	-0.0004668917	-0.07690964	-0.940869	0	0	0.39	4.2958562e-18
2.160018926050043e-09	0.01418094	-0.08414629	-0.9372668	0	0	0.39	4.6868475e-18
2.170031456755354e-09	0.024077954	-0.08693119	-0.93811154	0	0	0.39	3.9608295e-18
2.1800227360770694e-09	0.029650131	-0.085189454	-0.93103194	0	0	0.39	4.710587e-18
2.1900338381528878e-09	0.029403033	-0.08995877	-0.93525326	0	0	0.39	4.2352677e-18
2.200053160983871e-09	0.016189307	-0.10603791	-0.93261635	0	0	0.39	5.9093423e-18
2.210021478822176e-09	-0.007517211	-0.10959909	-0.9335097	0	0	0.39	4.823606e-18
2.220032541093926e-09	-0.024150632	-0.093364745	-0.93127704	0	0	0.39	4.3446127e-18
2.230050447745285e-09	-0.037842646	-0.09885829	-0.9267259	0	0	0.39	5.015507e-18
2.240040758386885e-09	-0.04061089	-0.09188014	-0.9219697	0	0	0.39	5.6472857e-18
2.2500219626677564e-09	-0.04116652	-0.084254004	-0.92474395	0	0	0.39	4.6172022e-18
2.260001080042356e-09	-0.049299307	-0.09550999	-0.9219043	0	0	0.39	3.926307e-18
2.270058503763268e-09	-0.048734523	-0.08568893	-0.9253885	0	0	0.39	4.168147e-18
2.2800491554833153e-09	-0.0452401	-0.11309541	-0.92058027	0	0	0.39	5.417871e-18
2.2900601861388752e-09	-0.052395333	-0.122519866	-0.91413474	0	0	0.39	4.0920253e-18
2.3000151305816462e-09	-0.07118025	-0.11596526	-0.9164152	0	0	0.39	4.6166828e-18
2.3100469717282266e-09	-0.070728295	-0.12533554	-0.9195537	0	0	0.39	3.83979e-18
2.3200186444207735e-09	-0.08466869	-0.108909726	-0.9268428	0	0	0.39	4.3179424e-18
2.3300333482252533e-09	-0.105109565	-0.09279781	-0.9272249	0	0	0.39	5.497498e-18
2.3400400687256338e-09	-0.101937175	-0.08825092	-0.92734	0	0	0.39	3.2997961e-18
2.350055320512657e-09	-0.1098901	-0.093674116	-0.92701095	0	0	0.39	4.2385984e-18
2.3600631984177768e-09	-0.10030893	-0.071182854	-0.9275743	0	0	0.39	4.5624867e-18
2.3700204122082546e-09	-0.09260839	-0.07010006	-0.9306325	0	0	0.39	4.2156896e-18
2.380018054456839e-09	-0.07611218	-0.09089034	-0.93533343	0	0	0.39	4.531917e-18
2.390006534727978e-09	-0.089291796	-0.10323629	-0.9309074	0	0	0.39	4.8628923e-18
2.4000565369039217e-09	-0.086071506	-0.114268	-0.9307518	0	0	0.39	4.9781624e-18
2.4100263273938816e-09	-0.08444048	-0.13326356	-0.92666364	0	0	0.39	4.578422e-18
2.420012057683506e-09	-0.10936812	-0.1269784	-0.9273581	0	0	0.39	3.8881765e-18
2.430043607376001e-09	-0.0872555	-0.0982508	-0.9308461	0	0	0.39	4.440745e-18
2.4400450755820015e-09	-0.08142425	-0.080731146	-0.9344483	0	0	0.39	5.6394924e-18
2.45002547334208e-09	-0.069006264	-0.0803577	-0.9348718	0	0	0.39	4.6094482e-18
2.4600185917901016e-09	-0.07425122	-0.06692585	-0.9366302	0	0	0.39	4.3885757e-18
2.4700232265381985e-09	-0.06835843	-0.07397553	-0.93466705	0	0	0.39	4.7481565e-18
2.4800070745434946e-09	-0.07291174	-0.07862056	-0.9334604	0	0	0.39	4.2871485e-18
2.4900652079162032e-09	-0.0808659	-0.063597485	-0.93295336	0	0	0.39	5.0403366e-18
2.500059026927635e-09	-0.07581492	-0.07314789	-0.9381927	0	0	0.39	4.1327395e-18
2.5100535454262276e-09	-0.080851786	-0.07044239	-0.93576485	0	0	0.39	4.0076785e-18
2.520012644555805e-09	-0.08452184	-0.051051002	-0.92986006	0	0	0.39	4.8880754e-18
2.5300408863522556e-09	-0.08449209	-0.05747475	-0.92476815	0	0	0.39	3.6829447e-18
2.5400136073336134e-09	-0.08156909	-0.07268379	-0.9233534	0	0	0.39	4.6770405e-18
2.5500621186625876e-09	-0.075491995	-0.075743236	-0.9292076	0	0	0.39	4.502608e-18
2.5600550925934116e-09	-0.07223017	-0.08156021	-0.92494345	0	0	0.39	5.2911816e-18
2.570060897855363e-09	-0.078782365	-0.10959639	-0.9221362	0	0	0.39	5.4209062e-18
2.5800144032832104e-09	-0.077655025	-0.11365278	-0.91967344	0	0	0.39	4.58298e-18
2.5900215023875755e-09	-0.09484262	-0.10157174	-0.924424	0	0	0.39	4.363971e-18
2.6000630117900637e-09	-0.11011768	-0.098447055	-0.92006326	0	0	0.39	5.406791e-18
2.610028240224874e-09	-0.11872687	-0.089011535	-0.9178895	0	0	0.39	5.3485184e-18
2.6200273125105638e-09	-0.13395235	-0.0708824	-0.91775304	0	0	0.39	5.0217477e-18
2.6300461850974695e-09	-0.1339291	-0.06214824	-0.9245776	0	0	0.39	4.272908e-18
2.640024276867073e-09	-0.13505754	-0.051972553	-0.92663693	0	0	0.39	4.865403e-18
2.6500272288941804e-09	-0.13936135	-0.05921504	-0.92236763	0	0	0.39	4.591548e-18
2.6600497497722317e-09	-0.15073696	-0.08247415	-0.9251743	0	0	0.39	4.8795645e-18
2.6700241854648095e-09	-0.13142669	-0.08975356	-0.9237719	0	0	0.39	4.8146445e-18
2.6800146578077784e-09	-0.13817698	-0.09404154	-0.9237069	0	0	0.39	4.6775906e-18
2.690061998358385e-09	-0.14279766	-0.09706764	-0.9224987	0	0	0.39	3.629751e-18
2.70004910835261e-09	-0.15551062	-0.102617696	-0.9243106	0	0	0.39	4.3938697e-18
2.710010046973876e-09	-0.15370846	-0.080204576	-0.9237743	0	0	0.39	4.8390587e-18
2.720018084852219e-09	-0.12363642	-0.06669532	-0.9261792	0	0	0.39	4.136855e-18
2.730053367048663e-09	-0.13175344	-0.07846344	-0.9231904	0	0	0.39	4.7279832e-18
2.7400441325610244e-09	-0.13897833	-0.06505404	-0.9258653	0	0	0.39	4.4810665e-18
2.750056338150196e-09	-0.13962717	-0.06867172	-0.9221732	0	0	0.39	3.620177e-18
2.7600100340660896e-09	-0.13475119	-0.0903409	-0.92230374	0	0	0.39	5.2608302e-18
2.7700615147129304e-09	-0.14895271	-0.08237799	-0.9181161	0	0	0.39	3.0543973e-18
2.780029154691873e-09	-0.1468724	-0.088389166	-0.9206958	0	0	0.39	4.8775404e-18
2.790033560491092e-09	-0.17231311	-0.08285104	-0.9165894	0	0	0.39	5.1770025e-18
2.8000162230751508e-09	-0.18334723	-0.062361214	-0.91166574	0	0	0.39	4.5759445e-18
2.8100532067045772e-09	-0.1883237	-0.054307908	-0.90531313	0	0	0.39	4.2474666e-18
2.820045637705438e-09	-0.18644324	-0.056971386	-0.9071964	0	0	0.39	4.0749378e-18
2.830044982309316e-09	-0.191227	-0.05373208	-0.90833986	0	0	0.39	3.9578222e-18
2.8400361505529715e-09	-0.18664837	-0.048948508	-0.9110454	0	0	0.39	4.1632157e-18
2.850013023678495e-09	-0.18554951	-0.0411812	-0.90716225	0	0	0.39	4.75421e-18
2.860056262008369e-09	-0.20415536	-0.059958383	-0.9044028	0	0	0.39	3.858467e-18
2.8700299765617193e-09	-0.21817757	-0.07476772	-0.90444285	0	0	0.39	5.164231e-18
2.8800171673855796e-09	-0.21350528	-0.08115272	-0.8963096	0	0	0.39	5.0764653e-18
2.8900112138254943e-09	-0.2043529	-0.093088865	-0.89967805	0	0	0.39	5.3913966e-18
2.9000311012533535e-09	-0.21059658	-0.09696931	-0.9010815	0	0	0.39	4.423342e-18
2.9100373685615673e-09	-0.2068562	-0.094208725	-0.9005312	0	0	0.39	4.492928e-18
2.920032787890111e-09	-0.19955494	-0.08380243	-0.8985358	0	0	0.39	5.3542293e-18
2.930027187981786e-09	-0.20721336	-0.07383185	-0.8988658	0	0	0.39	4.6185013e-18
2.940042348491475e-09	-0.18711664	-0.07082484	-0.9015799	0	0	0.39	4.876836e-18
2.950059876643418e-09	-0.17155847	-0.083802	-0.9004795	0	0	0.39	5.104737e-18
2.960006347706511e-09	-0.1635223	-0.10958917	-0.89882463	0	0	0.39	4.5809308e-18
2.970059159920387e-09	-0.15088627	-0.11788089	-0.90753144	0	0	0.39	4.200632e-18
2.980043071689739e-09	-0.15611485	-0.13665065	-0.9088819	0	0	0.39	4.9018893e-18
2.9900152002663465e-09	-0.14332105	-0.1194594	-0.9127748	0	0	0.39	4.7787428e-18
3.000021526275986e-09	-0.13897835	-0.11811353	-0.91313535	0	0	0.39	3.4585584e-18
3.01000713041433e-09	-0.1409959	-0.1335402	-0.91443235	0	0	0.39	4.848587e-18
3.0200105049905055e-09	-0.12561716	-0.13898027	-0.9177372	0	0	0.39	3.24679e-18
3.0300646383488025e-09	-0.117805615	-0.13250732	-0.91340524	0	0	0.39	4.3853104e-18
3.0400066536207378e-09	-0.13849676	-0.13420993	-0.91616386	0	0	0.39	5.2973838e-18
3.050035242730009e-09	-0.12757872	-0.12671202	-0.9173155	0	0	0.39	4.1596977e-18
3.060033372866861e-09	-0.103218585	-0.10777498	-0.92132765	0	0	0.39	4.573528e-18
3.07001445837742e-09	-0.10263897	-0.12211971	-0.9227735	0	0	0.39	3.8874093e-18
3.080014434148836e-09	-0.09967621	-0.13571681	-0.9242582	0	0	0.39	4.1069062e-18
3.09005460675673e-09	-0.11189643	-0.13491935	-0.92922485	0	0	0.39	4.5922884e-18
3.1000407349524128e-09	-0.1253519	-0.1398078	-0.92673767	0	0	0.39	4.1787978e-18
3.110031348644187e-09	-0.14343552	-0.1323099	-0.92750114	0	0	0.39	4.0087365e-18
3.1200250845687386e-09	-0.1472854	-0.11612884	-0.927126	0	0	0.39	4.655229e-18
3.1300497485458825e-09	-0.14623983	-0.11226951	-0.92518425	0	0	0.39	4.990951e-18
3.1400128239662284e-09	-0.1564576	-0.09948803	-0.92186284	0	0	0.39	4.3821953e-18
3.1500486921062223e-09	-0.13702361	-0.08409231	-0.9259165	0	0	0.39	5.2287683e-18
3.1600566939562786e-09	-0.13867034	-0.072018385	-0.9240759	0	0	0.39	4.8099477e-18
3.1700359108254916e-09	-0.11958909	-0.07419822	-0.9233441	0	0	0.39	5.484472e-18
3.1800187191620313e-09	-0.14392744	-0.08800937	-0.9208043	0	0	0.39	4.9561953e-18
3.190043915415459e-09	-0.16160318	-0.09361176	-0.9215596	0	0	0.39	3.7519486e-18
3.2000184642942912e-09	-0.18607855	-0.109733954	-0.9194013	0	0	0.39	4.6989968e-18
3.210010213681862e-09	-0.18187413	-0.1123144	-0.92107195	0	0	0.39	4.2612044e-18
3.2200549450599994e-09	-0.2073503	-0.088099815	-0.91921127	0	0	0.39	4.1943475e-18
3.230062662730341e-09	-0.20241606	-0.08249791	-0.91579044	0	0	0.39	4.9533275e-18
3.2400218566518427e-09	-0.19082162	-0.06586037	-0.9210076	0	0	0.39	5.0028785e-18
3.2500393157053386e-09	-0.1724226	-0.06314304	-0.92554164	0	0	0.39	4.8887813e-18
3.260033647678337e-09	-0.17067711	-0.07035279	-0.9242292	0	0	0.39	4.6762394e-18
3.270038445177653e-09	-0.15455149	-0.094647	-0.9197253	0	0	0.39	4.5467016e-18
3.2800053588913932e-09	-0.14162515	-0.12318815	-0.9197829	0	0	0.39	4.647273e-18
3.290059943579396e-09	-0.17052351	-0.13290839	-0.9189974	0	0	0.39	4.6930936e-18
3.3000218655933e-09	-0.16189371	-0.12840831	-0.9192024	0	0	0.39	4.2326824e-18
3.31000788205842e-09	-0.17673245	-0.098657995	-0.92128706	0	0	0.39	4.4994853e-18
3.3200095325899577e-09	-0.18993832	-0.081632726	-0.9195874	0	0	0.39	4.731484e-18
3.3300007039425137e-09	-0.18510528	-0.08952313	-0.91691226	0	0	0.39	4.8295937e-18
3.3400523320198337e-09	-0.1851159	-0.079990014	-0.91532505	0	0	0.39	4.9668064e-18
3.3500465242428987e-09	-0.16888317	-0.08364477	-0.91944546	0	0	0.39	4.4645585e-18
3.360004434521998e-09	-0.17987613	-0.09850888	-0.91387796	0	0	0.39	4.3956696e-18
3.3700471637686867e-09	-0.17868625	-0.1066588	-0.91081834	0	0	0.39	5.188445e-18
3.380049761806054e-09	-0.1836531	-0.113128476	-0.91083425	0	0	0.39	4.659841e-18
3.3900274258641164e-09	-0.1858224	-0.11603924	-0.907834	0	0	0.39	4.8417615e-18
3.4000388978780384e-09	-0.1801212	-0.12401635	-0.90918046	0	0	0.39	5.4744707e-18
3.410051615628475e-09	-0.17171647	-0.1590675	-0.90491307	0	0	0.39	4.2013426e-18
3.4200275433869597e-09	-0.19215557	-0.16166334	-0.90446556	0	0	0.39	4.5683423e-18
3.4300260569431357e-09	-0.20252413	-0.16681007	-0.9014918	0	0	0.39	4.7893166e-18
3.4400333423236365e-09	-0.19895782	-0.15356152	-0.9063462	0	0	0.39	5.353853e-18
3.4500036040623834e-09	-0.2137031	-0.14220373	-0.8991115	0	0	0.39	4.9377657e-18
3.4600154040913954e-09	-0.20381223	-0.14533955	-0.8976838	0	0	0.39	5.039954e-18
3.4700561510932486e-09	-0.20286271	-0.13290308	-0.89411086	0	0	0.39	5.198572e-18
3.480039466460789e-09	-0.21430175	-0.14033146	-0.8976771	0	0	0.39	4.559969e-18
3.4900551180403475e-09	-0.22075586	-0.1361285	-0.8969376	0	0	0.39	4.131532e-18
3.5000390552947566e-09	-0.21464723	-0.13262887	-0.8978775	0	0	0.39	4.6353365e-18
3.510004694793198e-09	-0.20452765	-0.14621204	-0.8976665	0	0	0.39	5.4863184e-18
3.520049540596852e-09	-0.21718928	-0.13841859	-0.8992663	0	0	0.39	4.80174e-18
3.5300058309983335e-09	-0.21093832	-0.14269727	-0.894118	0	0	0.39	4.6620644e-18
3.5400468170835935e-09	-0.2250768	-0.20066924	-0.87879634	0	0	0.39	4.4445634e-18
3.5500323435510968e-09	-0.22376758	-0.22231461	-0.87618583	0	0	0.39	4.111892e-18
3.5600492790770873e-09	-0.21964835	-0.21673957	-0.87323254	0	0	0.39	4.2698534e-18
3.5700266431213593e-09	-0.2056622	-0.2270314	-0.87991333	0	0	0.39	4.186064e-18
3.580021064725892e-09	-0.20791368	-0.23506656	-0.8800107	0	0	0.39	4.8385446e-18
3.590004446372457e-09	-0.1906305	-0.24039632	-0.8806998	0	0	0.39	5.4184747e-18
3.6000311652061187e-09	-0.16842411	-0.26039967	-0.8771783	0	0	0.39	5.56034e-18
3.610012115024271e-09	-0.15607578	-0.26553586	-0.8817189	0	0	0.39	4.6489337e-18
3.6200597167043147e-09	-0.14166825	-0.26211408	-0.88763714	0	0	0.39	4.3071352e-18
3.6300271979359474e-09	-0.13245462	-0.27047503	-0.8886129	0	0	0.39	3.948241e-18
3.6400177275226053e-09	-0.12794441	-0.27004367	-0.8889198	0	0	0.39	4.9128622e-18
3.650009072713581e-09	-0.11201007	-0.27821288	-0.88440347	0	0	0.39	4.4826576e-18
3.6600049229263613e-09	-0.11030467	-0.28518388	-0.8857241	0	0	0.39	4.247335e-18
3.670012205222192e-09	-0.08691558	-0.29111588	-0.88603926	0	0	0.39	4.719204e-18
3.6800541690910556e-09	-0.088277236	-0.30062366	-0.88705474	0	0	0.39	4.419317e-18
3.690051524194047e-09	-0.070900336	-0.28932786	-0.8927339	0	0	0.39	4.43555e-18
3.7000035570008468e-09	-0.060968257	-0.2789711	-0.89474624	0	0	0.39	5.102839e-18
3.7100299502499143e-09	-0.04652151	-0.29871997	-0.88583267	0	0	0.39	5.1461652e-18
3.7200181727171887e-09	-0.042853553	-0.30272874	-0.88593173	0	0	0.39	4.925232e-18
3.730002149760018e-09	-0.049778413	-0.30682087	-0.8909201	0	0	0.39	3.810449e-18
3.740023299718058e-09	-0.059552427	-0.324037	-0.88024193	0	0	0.39	4.8908774e-18
3.750014552164825e-09	-0.058988985	-0.31177095	-0.8856653	0	0	0.39	4.4940065e-18
3.760000651520866e-09	-0.057262924	-0.30466944	-0.8846884	0	0	0.39	5.0057583e-18
3.770043127995827e-09	-0.06678743	-0.28251094	-0.8905616	0	0	0.39	4.5960066e-18
3.780038574485475e-09	-0.04481702	-0.27209112	-0.8922256	0	0	0.39	4.2034457e-18
3.790037547374753e-09	-0.042124134	-0.27664152	-0.8909406	0	0	0.39	4.7479286e-18
3.8000448300232924e-09	-0.021761987	-0.28100172	-0.8887405	0	0	0.39	5.377751e-18
3.810026037326695e-09	-0.013623738	-0.27731436	-0.8862531	0	0	0.39	4.512728e-18
3.8200147587081e-09	-0.00776196	-0.2853322	-0.8900262	0	0	0.39	3.7239315e-18
3.8300598375051286e-09	0.008677967	-0.2960494	-0.8884153	0	0	0.39	4.8043663e-18
3.840012965774079e-09	0.018477155	-0.29731447	-0.8940543	0	0	0.39	4.235438e-18
3.850026770712099e-09	0.011919192	-0.30036956	-0.8909837	0	0	0.39	4.703754e-18
3.860034106857602e-09	0.0029067094	-0.30671284	-0.89213437	0	0	0.39	3.696974e-18
3.870056270124703e-09	-0.0031261116	-0.29753417	-0.8914082	0	0	0.39	4.110014e-18
3.880059956778179e-09	-0.009858338	-0.28800148	-0.89590573	0	0	0.39	3.7095068e-18
3.8900306305224876e-09	0.0027610268	-0.2735566	-0.89436984	0	0	0.39	4.7862374e-18
3.900058943221679e-09	0.029841684	-0.26425403	-0.89699537	0	0	0.39	4.4227974e-18
3.910013799262912e-09	0.064912915	-0.26223645	-0.8992787	0	0	0.39	5.0231142e-18
3.9200467222824504e-09	0.085238665	-0.26743007	-0.89185655	0	0	0.39	4.657112e-18
3.930003740370332e-09	0.0974097	-0.268028	-0.89224935	0	0	0.39	4.9155783e-18
3.940009648038127e-09	0.11107818	-0.27937555	-0.8962868	0	0	0.39	4.4282916e-18
3.950037226374658e-09	0.106526315	-0.29686683	-0.8932683	0	0	0.39	4.760221e-18
3.960051094684731e-09	0.090989776	-0.28854033	-0.8909782	0	0	0.39	4.9316607e-18
3.9700059332162055e-09	0.07425031	-0.27244666	-0.8968175	0	0	0.39	4.596929e-18
3.9800319015543205e-09	0.05175843	-0.27054873	-0.8920477	0	0	0.39	3.4557294e-18
3.990002068817548e-09	0.064081796	-0.23890536	-0.8870881	0	0	0.39	4.204117e-18
4.000022006421216e-09	0.06727572	-0.22539197	-0.8796226	0	0	0.39	4.7457606e-18
4.010054001556259e-09	0.10097587	-0.20918117	-0.8722911	0	0	0.39	4.3909245e-18
4.020058244575968e-09	0.12480654	-0.18831356	-0.8704823	0	0	0.39	3.7215145e-18
4.0300045939481284e-09	0.15534	-0.17396538	-0.87130845	0	0	0.39	4.641201e-18
4.0400334845192735e-09	0.18089308	-0.1664051	-0.87093776	0	0	0.39	4.477438e-18
4.05004625512559e-09	0.19365816	-0.1552424	-0.87095517	0	0	0.39	4.7145436e-18
4.060014938483793e-09	0.20456691	-0.13645294	-0.8621091	0	0	0.39	5.0382835e-18
4.070046258093719e-09	0.2208469	-0.12184015	-0.8597933	0	0	0.39	4.1405105e-18
4.080020681195895e-09	0.24459405	-0.07914302	-0.8511148	0	0	0.39	4.7962463e-18
4.090002514773333e-09	0.23801705	-0.06395418	-0.8568007	0	0	0.39	4.0503622e-18
4.100047477474534e-09	0.26249975	-0.031148793	-0.8545029	0	0	0.39	4.4500725e-18
4.110028290566233e-09	0.27189657	0.0048484323	-0.8457052	0	0	0.39	4.8955245e-18
4.1200233106509395e-09	0.27956825	0.03232199	-0.8405712	0	0	0.39	4.57784e-18
4.130029132315111e-09	0.2800592	0.06750172	-0.8476386	0	0	0.39	4.6924385e-18
4.140029218924213e-09	0.29790336	0.12612003	-0.82656574	0	0	0.39	5.698308e-18
4.150022820899264e-09	0.31267816	0.15561828	-0.8061573	0	0	0.39	4.7006457e-18
4.160050237630986e-09	0.26748577	0.20290498	-0.7844537	0	0	0.39	3.491494e-18
4.1700419926302695e-09	0.189718	0.22004706	-0.7690228	0	0	0.39	4.8102356e-18
4.180054346090056e-09	0.07168668	0.2164758	-0.7541651	0	0	0.39	5.2829205e-18
4.190010986036207e-09	-0.03003032	0.18659426	-0.7404783	0	0	0.39	4.5652834e-18
4.200050624186935e-09	-0.12523232	0.1474896	-0.72759783	0	0	0.39	4.9627044e-18
4.210002594986384e-09	-0.19395755	0.05369577	-0.7278851	0	0	0.39	5.2340676e-18
4.22000762102711e-09	-0.2047929	-0.062423944	-0.72955084	0	0	0.39	4.761596e-18
4.230038015053938e-09	-0.15329485	-0.16757348	-0.71715474	0	0	0.39	4.29103e-18
4.240000763311695e-09	-0.045527566	-0.24974932	-0.69869256	0	0	0.39	4.5260424e-18
4.250052277223543e-09	0.1088979	-0.25137153	-0.67941433	0	0	0.39	4.3117766e-18
4.260030135706249e-09	0.22542794	-0.15520777	-0.6625849	0	0	0.39	4.2300767e-18
4.270059227451338e-09	0.3117019	-0.022235703	-0.640336	0	0	0.39	4.5150645e-18
4.280044516268434e-09	0.35713357	0.11187842	-0.6472936	0	0	0.39	4.4471467e-18
4.290045553591679e-09	0.34849307	0.26496616	-0.6379426	0	0	0.39	5.1402215e-18
4.300026629111988e-09	0.24200305	0.36655754	-0.6211334	0	0	0.39	5.2932222e-18
4.310002432475075e-09	0.08778152	0.39819327	-0.6028555	0	0	0.39	4.7185124e-18
4.320042459817654e-09	-0.059338387	0.3610633	-0.60230374	0	0	0.39	4.865327e-18
4.3300424982915e-09	-0.20543171	0.30312833	-0.59332126	0	0	0.39	3.9388992e-18
4.340009732228408e-09	-0.2810482	0.14690384	-0.59752864	0	0	0.39	4.1355982e-18
4.350014924176928e-09	-0.3134921	-0.020277767	-0.58977854	0	0	0.39	4.9942245e-18
4.360053968620318e-09	-0.24936496	-0.14429656	-0.5675094	0	0	0.39	4.437912e-18
4.3700572785743195e-09	-0.11694747	-0.20462649	-0.53682035	0	0	0.39	4.1140576e-18
4.380024037789156e-09	-0.0099294875	-0.15869856	-0.52227384	0	0	0.39	3.7760654e-18
4.3900271698097964e-09	0.058652434	-0.07321408	-0.51015335	0	0	0.39	4.7738483e-18
4.400047116681424e-09	0.09665683	0.05623387	-0.5050952	0	0	0.39	4.85976e-18
4.410002168618344e-09	0.041339517	0.18091512	-0.49177134	0	0	0.39	4.6773875e-18
4.420059234047502e-09	-0.08379921	0.23084657	-0.49331692	0	0	0.39	4.1068608e-18
4.430059056119564e-09	-0.24025148	0.2348896	-0.47351694	0	0	0.39	3.798054e-18
4.440037804383545e-09	-0.41657856	0.1884349	-0.45979133	0	0	0.39	4.0628543e-18
4.4500300224712834e-09	-0.56439245	0.0038156933	-0.44819066	0	0	0.39	4.1895796e-18
4.460065829763298e-09	-0.58285475	-0.25569582	-0.42790854	0	0	0.39	4.8240164e-18
4.4700548647934095e-09	-0.42218694	-0.4713001	-0.4204222	0	0	0.39	4.4900067e-18
4.4800672902797876e-09	-0.20407543	-0.57472396	-0.42227075	0	0	0.39	3.729274e-18
4.4900382072018106e-09	0.052840915	-0.5803266	-0.4248549	0	0	0.39	4.1791878e-18
4.5000353164775415e-09	0.27760282	-0.42564738	-0.42406753	0	0	0.39	3.3111012e-18
4.5100202321252575e-09	0.3758088	-0.18674657	-0.413763	0	0	0.39	3.868367e-18
4.520016224000561e-09	0.33716226	0.027042286	-0.39992312	0	0	0.39	4.117162e-18
4.530008528253815e-09	0.19293208	0.1381682	-0.3858123	0	0	0.39	4.0254997e-18
4.540002509813708e-09	0.010250682	0.17144106	-0.358078	0	0	0.39	3.370097e-18
4.550046098206204e-09	-0.14719282	0.0644356	-0.33636546	0	0	0.39	4.254065e-18
4.56000005453672e-09	-0.18804747	-0.044951424	-0.31773925	0	0	0.39	3.709312e-18
4.570010051124328e-09	-0.15988208	-0.13824709	-0.30329928	0	0	0.39	4.0939187e-18
4.580017970436551e-09	-0.17356727	-0.20432074	-0.2802618	0	0	0.39	4.239073e-18
4.5900365986088825e-09	-0.10271371	-0.29226282	-0.256548	0	0	0.39	3.7403904e-18
4.600017504602202e-09	0.04938909	-0.29909715	-0.24420042	0	0	0.39	4.5242362e-18
4.610024722908121e-09	0.20760562	-0.17789198	-0.235269	0	0	0.39	4.628405e-18
4.6200143144338564e-09	0.2646125	0.07188641	-0.24024223	0	0	0.39	3.3919267e-18
4.6300553147356645e-09	0.15988751	0.34012657	-0.22484241	0	0	0.39	3.3106938e-18
4.640029484594085e-09	-0.13291727	0.44938707	-0.21008861	0	0	0.39	3.4765748e-18
4.6500534972691145e-09	-0.42621657	0.28650633	-0.20430869	0	0	0.39	3.9138175e-18
4.660061354800108e-09	-0.5229168	-0.018939681	-0.2072613	0	0	0.39	3.5821143e-18
4.670050763118332e-09	-0.39221656	-0.25015038	-0.19908443	0	0	0.39	3.5554456e-18
4.680046330893877e-09	-0.16429688	-0.29492328	-0.18343885	0	0	0.39	2.699568e-18
4.690024455119479e-09	-0.002304352	-0.22816299	-0.16902104	0	0	0.39	3.4276367e-18
4.700033957005269e-09	0.16520661	-0.12652494	-0.16800185	0	0	0.39	2.8380672e-18
4.710035799528066e-09	0.30731812	0.05373922	-0.17748189	0	0	0.39	3.706517e-18
4.7200514312757785e-09	0.30361784	0.30723155	-0.1770168	0	0	0.39	3.1747614e-18
4.730045877743843e-09	0.111044936	0.46566394	-0.16955517	0	0	0.39	3.5787915e-18
4.740062915948902e-09	-0.17655498	0.41403213	-0.15005186	0	0	0.39	2.6448486e-18
4.7500284135574765e-09	-0.33480746	0.19973905	-0.14445774	0	0	0.39	3.5819605e-18
4.760056632666214e-09	-0.36401653	-0.01831987	-0.13098897	0	0	0.39	2.5775113e-18
4.770029527326159e-09	-0.29001912	-0.21822305	-0.1137694	0	0	0.39	3.0156619e-18
4.780042289005016e-09	-0.09983572	-0.33940056	-0.08721462	0	0	0.39	3.8751865e-18
4.790058614166507e-09	0.16518985	-0.291156	-0.067441255	0	0	0.39	2.1160171e-18
4.8000423505565695e-09	0.32612547	-0.118301	-0.042495895	0	0	0.39	3.3413514e-18
4.810022509686309e-09	0.32088014	0.06961974	-0.032143127	0	0	0.39	2.4888297e-18
4.820005749798785e-09	0.23083252	0.20553839	-0.026925053	0	0	0.39	2.026571e-18
4.8300338364512184e-09	0.0585289	0.29722252	-0.013577128	0	0	0.39	2.5351709e-18
4.8400116610023345e-09	-0.19798589	0.26056114	0.008053483	0	0	0.39	2.982882e-18
4.850023601301456e-09	-0.37428215	0.03420704	0.034981534	0	0	0.39	2.9690019e-18
4.860049929914932e-09	-0.33202434	-0.2484185	0.035474494	0	0	0.39	2.2442971e-18
4.87004269239658e-09	-0.14816883	-0.4168381	0.050752454	0	0	0.39	1.4002662e-18
4.880002169725747e-09	0.14733237	-0.41101083	0.06220675	0	0	0.39	2.5057623e-18
4.890022628893987e-09	0.3666146	-0.14084329	0.08355876	0	0	0.39	2.5376348e-18
4.9000523233174036e-09	0.3266684	0.15468448	0.09408857	0	0	0.39	2.3230886e-18
4.910060893734532e-09	0.1514091	0.2930119	0.09840846	0	0	0.39	2.5727619e-18
4.920002726116726e-09	-0.035426464	0.31366906	0.114091754	0	0	0.39	2.3551792e-18
4.930008593687012e-09	-0.22043914	0.2365431	0.13742384	0	0	0.39	2.1308843e-18
4.9400391752545685e-09	-0.3701791	0.0036875862	0.15327902	0	0	0.39	1.4064893e-18
4.950038886122319e-09	-0.31018287	-0.28143004	0.16181698	0	0	0.39	2.0114532e-18
4.9600444410254985e-09	-0.07741718	-0.42069197	0.17400204	0	0	0.39	1.5427892e-18
4.970063547004872e-09	0.19889754	-0.3410845	0.18516797	0	0	0.39	1.8676741e-18
4.980013947924511e-09	0.3711889	-0.113126464	0.1985003	0	0	0.39	1.7638251e-18
4.990053813693255e-09	0.3377864	0.12950301	0.2144153	0	0	0.39	2.6803024e-18
5.000044740321546e-09	0.19388351	0.28283456	0.22798811	0	0	0.39	1.780413e-18
5.010026988741074e-09	-0.0444395	0.3458395	0.24739176	0	0	0.39	6.2974976e-19
5.020021639139868e-09	-0.32027203	0.21507788	0.26451954	0	0	0.39	1.801616e-18
5.030006992130652e-09	-0.4077074	-0.060134865	0.27252316	0	0	0.39	8.1539174e-19
5.040039161759833e-09	-0.28783786	-0.27895653	0.27393535	0	0	0.39	1.2284318e-18
5.050035986442019e-09	-0.06770344	-0.3692303	0.28683773	0	0	0.39	1.7459572e-18
5.060038413453975e-09	0.19996996	-0.3109977	0.30205864	0	0	0.39	2.001284e-18
5.070030105993256e-09	0.37493384	-0.06747441	0.31801954	0	0	0.39	1.7517508e-18
5.080066435586898e-09	0.3346745	0.23847507	0.32399243	0	0	0.39	1.5794096e-18
5.090057977940467e-09	0.097382985	0.37895694	0.34128168	0	0	0.39	2.72752e-18
5.1000021029604215e-09	-0.16480026	0.33969522	0.3607029	0	0	0.39	1.0683287e-18
5.110013271414201e-09	-0.36230013	0.11330971	0.36815187	0	0	0.39	1.1345724e-18
5.120043423964695e-09	-0.31834254	-0.2018938	0.3800131	0	0	0.39	2.3688135e-18
5.130010243310474e-09	-0.0999698	-0.31995222	0.38342586	0	0	0.39	2.5286666e-19
5.140033796709071e-09	0.13348547	-0.3002847	0.3938805	0	0	0.39	8.850839e-19
5.1500323583313815e-09	0.3320983	-0.16405201	0.40784335	0	0	0.39	1.9720282e-18
5.16005155979473e-09	0.35824615	0.14531963	0.41470194	0	0	0.39	6.735772e-19
5.170034104572109e-09	0.12238765	0.3340406	0.41873613	0	0	0.39	1.9800191e-19
5.180030508061361e-09	-0.14575696	0.314131	0.43836606	0	0	0.39	9.729454e-19
5.190053714871658e-09	-0.31976748	0.1283138	0.4540875	0	0	0.39	1.2015876e-18
5.2000372480083606e-09	-0.34603193	-0.10769984	0.46397564	0	0	0.39	8.2086566e-19
5.210036782144921e-09	-0.18624103	-0.31676206	0.4656626	0	0	0.39	9.748385e-19
5.220033046943642e-09	0.09189631	-0.33121443	0.48212016	0	0	0.39	4.7574373e-19
5.23002581678956e-09	0.2974304	-0.16819994	0.49734974	0	0	0.39	7.9620425e-19
5.240034629262199e-09	0.35537538	0.09364131	0.5100111	0	0	0.39	1.1581162e-18
5.250016457383202e-09	0.17481306	0.2889363	0.52449554	0	0	0.39	6.4300037e-19
5.2600098112847654e-09	-0.07917517	0.2862113	0.5392072	0	0	0.39	7.645509e-19
5.270036265268868e-09	-0.25680497	0.15229264	0.55262995	0	0	0.39	5.258033e-19
5.280056586472121e-09	-0.3333903	-0.053048976	0.56168354	0	0	0.39	1.4592296e-18
5.290026695017813e-09	-0.18478288	-0.25950405	0.5608295	0	0	0.39	5.885044e-19
5.300027028708463e-09	0.06106154	-0.32754925	0.5626934	0	0	0.39	4.2872187e-19
5.310061838936122e-09	0.29043552	-0.21734779	0.57969195	0	0	0.39	4.249392e-19
5.320028280959711e-09	0.36319113	0.080408014	0.5930075	0	0	0.39	1.0606636e-18
5.330050045118712e-09	0.16568413	0.31906074	0.60311913	0	0	0.39	1.1005535e-18
5.340058538232151e-09	-0.1349017	0.29535028	0.6048291	0	0	0.39	6.9510634e-19
5.350058350215666e-09	-0.2879152	0.10370635	0.6209646	0	0	0.39	8.312579e-19
5.360041902684878e-09	-0.25824547	-0.08738268	0.63448	0	0	0.39	4.4033444e-20
5.370004013862156e-09	-0.16259106	-0.21588413	0.6354837	0	0	0.39	4.7927837e-19
5.3800625359180716e-09	0.045475006	-0.27462178	0.6521093	0	0	0.39	-7.8473927e-19
5.390002093486288e-09	0.25107604	-0.14741401	0.66584426	0	0	0.39	6.1389084e-21
5.4000463655862486e-09	0.29767284	0.103773125	0.68082607	0	0	0.39	-7.8306505e-19
5.410037555733009e-09	0.13110691	0.27602002	0.6779152	0	0	0.39	4.2189427e-19
5.420048484250637e-09	-0.12884253	0.26279917	0.67558616	0	0	0.39	6.1749033e-19
5.430022746474692e-09	-0.29694602	0.06480402	0.6887628	0	0	0.39	1.1098489e-18
5.440037510619436e-09	-0.23463751	-0.1905097	0.6950106	0	0	0.39	-8.737379e-19
5.450022984809663e-09	-0.0076679285	-0.29739854	0.7007533	0	0	0.39	4.663071e-19
5.460022627351457e-09	0.2120006	-0.19167528	0.7148144	0	0	0.39	2.968175e-19
5.4700184740838785e-09	0.29037717	0.031128665	0.7271712	0	0	0.39	1.0246574e-19
5.480017265503881e-09	0.15881422	0.2394883	0.7315112	0	0	0.39	-2.171533e-19
5.4900196992153434e-09	-0.09122292	0.25992712	0.7299312	0	0	0.39	-2.6709323e-19
5.500001804597679e-09	-0.26382378	0.09589195	0.7405123	0	0	0.39	1.04165e-18
5.510038241138311e-09	-0.2353602	-0.13457678	0.7460771	0	0	0.39	1.8045011e-19
5.520061762203076e-09	-0.048573002	-0.24000312	0.750444	0	0	0.39	1.3022953e-19
5.530045828640042e-09	0.1724714	-0.1944089	0.75669897	0	0	0.39	-5.273234e-19
5.540033271896754e-09	0.25838298	0.032185707	0.7675163	0	0	0.39	-9.7388756e-20
5.5500635774941e-09	0.13872969	0.21397525	0.76787376	0	0	0.39	7.227451e-20
5.560032320191118e-09	-0.08037366	0.23350316	0.7708468	0	0	0.39	-6.071868e-19
5.570015004022228e-09	-0.24153799	0.07263836	0.7779786	0	0	0.39	3.9902446e-19
5.580013714987561e-09	-0.22016053	-0.14997037	0.783699	0	0	0.39	-1.1895492e-18
5.590022940639838e-09	-0.0029893087	-0.26860562	0.78987044	0	0	0.39	3.266657e-20
5.600026413951188e-09	0.22553475	-0.13439927	0.807256	0	0	0.39	-9.358181e-19
5.610003857485549e-09	0.22324705	0.10576943	0.8225828	0	0	0.39	-7.5010423e-19
5.620000506362064e-09	0.02890991	0.23884492	0.8342998	0	0	0.39	1.2845033e-19
5.6300457520864484e-09	-0.1996056	0.13762328	0.8489041	0	0	0.39	-1.0550025e-18
5.640017047951005e-09	-0.2184791	-0.104191974	0.86530554	0	0	0.39	-6.3504367e-19
5.650013738880635e-09	0.01651457	-0.22936395	0.87108594	0	0	0.39	-9.535763e-19
5.660005409359218e-09	0.1993021	-0.061528508	0.8841925	0	0	0.39	-1.1495362e-18
5.670011312453397e-09	0.14671198	0.1609351	0.88725305	0	0	0.39	-7.7575257e-19
5.680026777647938e-09	-0.116742365	0.18503112	0.8974039	0	0	0.39	-3.771006e-19
5.6900576191368675e-09	-0.1928963	-0.06433223	0.90732896	0	0	0.39	-1.0305981e-18
5.70000938282778e-09	0.02532696	-0.20632371	0.9132143	0	0	0.39	-6.4898973e-19
5.710003819931697e-09	0.20521158	0.004210459	0.9162415	0	0	0.39	-2.1337378e-18
5.720025676706129e-09	0.03192252	0.18994837	0.9172522	0	0	0.39	-8.698641e-19
5.730050235473537e-09	-0.15943082	0.05683618	0.92264646	0	0	0.39	-4.4727005e-19
5.740010860457738e-09	-0.10772604	-0.14060205	0.9263262	0	0	0.39	-5.359594e-19
5.750056296019849e-09	0.115364745	-0.14501148	0.9245528	0	0	0.39	-1.782186e-18
5.7600454549021e-09	0.15074703	0.093433104	0.9276031	0	0	0.39	-1.7254402e-18
5.770025225995908e-09	-0.06449203	0.14461336	0.93216425	0	0	0.39	-7.503036e-19
5.780023242719621e-09	-0.12916724	-0.027852222	0.9434858	0	0	0.39	-1.1607431e-18
5.790001181270846e-09	0.008954582	-0.13863668	0.94327325	0	0	0.39	-1.2245575e-19
5.800016278864118e-09	0.12864785	0.0016913367	0.9456765	0	0	0.39	-1.8855747e-18
5.8100030856623376e-09	-0.0035066793	0.11135851	0.9469192	0	0	0.39	-1.4576448e-18
5.82000273051229e-09	-0.09961701	0.0060826074	0.94608396	0	0	0.39	-1.7469883e-18
5.830050252202406e-09	-0.011826325	-0.104843475	0.9501705	0	0	0.39	-1.334824e-18
5.8400090651607475e-09	0.096850045	-0.02665826	0.949192	0	0	0.39	-1.8750048e-18
5.850003618584094e-09	0.038779948	0.08912583	0.9564842	0	0	0.39	-1.330561e-18
5.860053427515169e-09	-0.085985936	0.046937186	0.9561727	0	0	0.39	-9.3905e-19
5.870057841190417e-09	-0.0755283	-0.06519153	0.95794725	0	0	0.39	-1.7857049e-18
5.880049237788752e-09	0.053467065	-0.07838278	0.95779717	0	0	0.39	-8.205486e-19
5.8900002192513055e-09	0.07301351	0.035440236	0.9608057	0	0	0.39	-7.541589e-19
5.900017748997016e-09	-0.03388832	0.07785143	0.9580334	0	0	0.39	-1.3692287e-18
5.9100447137419886e-09	-0.07967916	-0.0076249246	0.9589925	0	0	0.39	-5.173043e-19
5.920000920986254e-09	-0.011218282	-0.057868555	0.96090645	0	0	0.39	-2.5106338e-18
5.930021532470116e-09	0.050827272	-0.019497154	0.9586467	0	0	0.39	-1.3669038e-18
5.940005670425477e-09	0.031050257	0.05217741	0.9583435	0	0	0.39	-9.924222e-19
5.950057134749291e-09	-0.03999759	0.036993977	0.960351	0	0	0.39	-1.0460555e-18
5.96005561253599e-09	-0.05170605	-0.045910474	0.9612599	0	0	0.39	-8.2163437e-19
5.970013020640207e-09	0.035052154	-0.020851586	0.9630287	0	0	0.39	-1.4035973e-18
5.980008696504164e-09	0.028621666	0.041350596	0.9652144	0	0	0.39	-1.5641513e-18
5.990053255236446e-09	-0.027815443	0.024582611	0.9664582	0	0	0.39	-1.0820011e-18
6.0000487595256595e-09	-0.025523303	-0.029014824	0.965923	0	0	0.39	-1.1043911e-18
6.010033348008817e-09	0.030335069	-0.032865014	0.9661341	0	0	0.39	-1.0762178e-18
6.020048653813175e-09	0.022894397	0.027096964	0.9646435	0	0	0.39	-1.698942e-18
6.030013111964981e-09	-0.013231685	0.01909912	0.96889883	0	0	0.39	-1.7089483e-18
6.040036446967328e-09	-0.032000557	-0.002834787	0.9697237	0	0	0.39	-2.251457e-18
6.050006733458669e-09	0.008587668	-0.035851095	0.968907	0	0	0.39	-1.2701426e-18
6.0600109856249835e-09	0.03594893	-0.0008014611	0.9675	0	0	0.39	-1.6025866e-18
6.07003452713677e-09	-0.00021788287	0.021390282	0.9671147	0	0	0.39	-1.6686113e-18
6.080039476557712e-09	-0.018919235	0.0006070407	0.96559817	0	0	0.39	-2.078773e-18
6.090017089408556e-09	0.0015446229	-0.006753184	0.96870506	0	0	0.39	-1.8807717e-18
6.100012617559499e-09	0.0033328151	0.00010180708	0.96812314	0	0	0.39	-1.6310338e-18
6.1100101338786805e-09	-0.009876921	-0.00840412	0.96645176	0	0	0.39	-1.4102849e-18
6.120050650184061e-09	0.009716609	-0.022664675	0.9673615	0	0	0.39	-1.5027744e-18
6.1300133044807615e-09	0.014236443	0.0229248	0.9663498	0	0	0.39	-1.6010875e-18
6.140021226750726e-09	-0.014150247	0.023858905	0.96749896	0	0	0.39	-1.410531e-18
6.150047435335814e-09	-0.032929596	-0.010979273	0.9662306	0	0	0.39	-4.1149666e-19
6.160053793827959e-09	-0.0015770956	-0.027301764	0.96469325	0	0	0.39	-1.20491e-18
6.170026948741277e-09	0.03237568	-0.010743612	0.9675027	0	0	0.39	-1.2452225e-18
6.180047060948115e-09	-0.007276177	0.026411865	0.96632093	0	0	0.39	-7.2348525e-19
6.1900569381095826e-09	-0.028733917	-0.006792861	0.9657559	0	0	0.39	-1.3365527e-18
6.200051710086329e-09	-0.0012322383	-0.031383805	0.9656698	0	0	0.39	-1.4388109e-18
6.21005942933344e-09	0.026788011	-0.0065513197	0.9662171	0	0	0.39	-2.3069629e-18
6.2200317687986065e-09	0.0033618547	0.01890761	0.9643298	0	0	0.39	-1.5465979e-18
6.230060534811118e-09	-0.004212624	0.0046710814	0.9683517	0	0	0.39	-8.020091e-19
6.240058601125683e-09	-0.02458063	-0.024301082	0.9680104	0	0	0.39	-2.3379764e-18
6.250039465352508e-09	0.030766374	-0.01641485	0.96698123	0	0	0.39	-7.157024e-19
6.260040526148243e-09	0.029621359	0.03550753	0.9669857	0	0	0.39	-9.589581e-19
6.270040271858655e-09	-0.03575265	0.035592787	0.9671456	0	0	0.39	-1.2330461e-18
6.280041656085711e-09	-0.022490742	-0.03544699	0.9668421	0	0	0.39	-2.872781e-19
6.29001323428084e-09	0.043355346	-0.010946233	0.9642648	0	0	0.39	-1.6198631e-18
6.30004624534702e-09	0.014282652	0.03176023	0.96525824	0	0	0.39	-1.5949028e-18
6.310030584014028e-09	-0.03784149	-0.00057168223	0.9672768	0	0	0.39	-1.853676e-18
6.3200091868503695e-09	0.011376639	-0.035087876	0.96643615	0	0	0.39	-1.3515388e-18
6.330009629269569e-09	0.015049218	0.010916999	0.9675834	0	0	0.39	-2.1405259e-18
6.340037534450628e-09	-0.02157688	0.007534285	0.9652559	0	0	0.39	-1.4362528e-18
6.350061029075904e-09	-0.013700712	-0.0017310135	0.96864164	0	0	0.39	-5.8686774e-19
6.360011781003433e-09	0.0075746723	-0.008051922	0.96915066	0	0	0.39	-2.4959114e-18
6.370003147294906e-09	0.018075382	0.0096203685	0.9702109	0	0	0.39	-1.7923163e-18
6.380038593007839e-09	-0.0121616	0.0223097	0.9687563	0	0	0.39	-1.0280887e-18
6.390052652076256e-09	-0.026591733	0.021742586	0.9649276	0	0	0.39	-2.0573274e-18
6.400059330915773e-09	-0.023024283	-0.03404328	0.9664906	0	0	0.39	-1.0594342e-18
6.410037629807428e-09	0.03374639	-0.02769084	0.9645213	0	0	0.39	-1.849944e-18
6.4200623884927354e-09	0.016309747	0.026581299	0.963296	0	0	0.39	-1.295358e-18
6.430015908123816e-09	-0.014208695	0.015791008	0.96628517	0	0	0.39	-1.3068855e-18
6.440029429263023e-09	0.011927259	-0.00947685	0.9687736	0	0	0.39	-1.4521073e-18
6.4500550668501125e-09	0.020762375	0.0083381105	0.96913946	0	0	0.39	-1.2754143e-18
6.460005284355109e-09	-0.0049032527	0.026755065	0.9696615	0	0	0.39	-1.4044378e-18
6.470003759441942e-09	-0.0075170402	0.010134019	0.968066	0	0	0.39	-1.2771221e-18
6.480004624111885e-09	-0.024195755	-0.0016754715	0.9661807	0	0	0.39	-2.1825419e-18
6.490029699117498e-09	0.0078992015	-0.027380662	0.9655873	0	0	0.39	-1.964462e-18
6.500030089605306e-09	0.04395022	0.0037105037	0.96715254	0	0	0.39	-2.102225e-19
6.5100441091095565e-09	-0.0036537831	0.03382603	0.96711963	0	0	0.39	-1.8229793e-18
6.520032562539364e-09	-0.023940632	-0.011339471	0.96626604	0	0	0.39	-8.353993e-19
6.530006818340269e-09	-0.0033209894	-0.027460178	0.9641746	0	0	0.39	-1.2973699e-18
6.540039635074689e-09	0.025978018	-0.016398996	0.9642181	0	0	0.39	-9.145598e-19
6.550038522457071e-09	0.015061612	0.03203024	0.9630336	0	0	0.39	-3.6152908e-19
6.5600544836040135e-09	-0.034393236	0.02295233	0.9643016	0	0	0.39	-1.9182746e-18
6.570014501052214e-09	-0.026301851	-0.031436313	0.96545184	0	0	0.39	-1.4958177e-18
6.5800287311109735e-09	0.035280347	-0.01788724	0.96457916	0	0	0.39	-1.4475367e-18
6.590024419553663e-09	0.019738818	0.043259885	0.9665271	0	0	0.39	-8.546647e-19
6.60003952912383e-09	-0.04230211	0.019817345	0.9681526	0	0	0.39	-6.326621e-19
6.610022615725758e-09	-0.02735434	-0.020626785	0.9693571	0	0	0.39	-1.8361373e-18
6.620009218695752e-09	0.022790335	-0.020087045	0.96685654	0	0	0.39	-1.0111184e-18
6.630014656666716e-09	0.027959114	0.020508893	0.9658773	0	0	0.39	-1.3434362e-18
6.6400577508071046e-09	-0.0026517068	0.028792318	0.96730447	0	0	0.39	-1.4635381e-18
6.650028036480125e-09	-0.024909606	0.012427255	0.96715695	0	0	0.39	-1.0790116e-18
6.660059979185001e-09	-0.04872293	-0.030516196	0.9654932	0	0	0.39	-1.3282283e-18
6.670008648626515e-09	0.01619341	-0.033781964	0.96826833	0	0	0.39	-1.5252631e-18
6.680008726656981e-09	0.02736101	-0.003417856	0.9659839	0	0	0.39	-1.1819908e-18
6.690054340386308e-09	-0.0060105193	0.04031668	0.96525073	0	0	0.39	-1.1957015e-18
6.700060629683413e-09	-0.027299322	-0.0004021073	0.9641521	0	0	0.39	-1.2911824e-18
6.710003956220418e-09	-0.0023141347	-0.038948044	0.9644786	0	0	0.39	-5.3947225e-19
6.720008392088703e-09	0.046147004	0.009518006	0.9642833	0	0	0.39	-1.7385355e-18
6.730010195865409e-09	-0.0019321103	0.050728388	0.960238	0	0	0.39	-1.4977491e-18
6.740003873818235e-09	-0.04553435	0.011679833	0.96317387	0	0	0.39	-1.0614741e-18
6.7500352468898536e-09	0.0045498367	-0.04727889	0.9645547	0	0	0.39	-1.3501054e-18
6.760042424333431e-09	0.036050815	-0.0013157299	0.96585137	0	0	0.39	-4.1606272e-19
6.770007270979799e-09	0.016582558	0.033444278	0.96624213	0	0	0.39	-1.3855723e-18
6.780014266696428e-09	-0.015158106	0.010252531	0.9634721	0	0	0.39	-1.385902e-18
6.790062259436705e-09	-0.005872366	-0.015365214	0.965545	0	0	0.39	-2.0343051e-18
6.800031251214532e-09	0.004070711	-0.013669805	0.96419054	0	0	0.39	-1.0967449e-18
6.8100174580007325e-09	0.0056133177	-0.0024570748	0.9666177	0	0	0.39	-1.4913622e-18
6.820033754787088e-09	-0.007296572	-0.007648849	0.9667997	0	0	0.39	-1.0998649e-18
6.830027363710602e-09	0.010127474	-0.0126349125	0.9680038	0	0	0.39	-1.026417e-18
6.840053275318566e-09	0.021148592	-0.0019052034	0.9706044	0	0	0.39	-1.2572291e-18
6.85002935846681e-09	0.0055562863	0.03763243	0.96894056	0	0	0.39	-1.2196862e-18
6.860058071464767e-09	-0.03304163	0.009415416	0.96746397	0	0	0.39	-7.2852345e-19
6.870037137499919e-09	-0.017690616	-0.028293869	0.9666897	0	0	0.39	-1.3387143e-18
6.8800369022380865e-09	0.017652808	-0.028570723	0.96807545	0	0	0.39	-9.53382e-19
6.890014645048516e-09	0.035150036	-0.008077338	0.96474665	0	0	0.39	-6.2750924e-19
6.900021701130324e-09	-0.001189065	0.04029523	0.9670934	0	0	0.39	-1.405601e-18
6.910022178380116e-09	-0.041897953	-0.008156453	0.9666462	0	0	0.39	-1.5484635e-18
6.9200518158081114e-09	0.025392504	-0.04066507	0.9644115	0	0	0.39	-1.7317749e-18
6.930055309392638e-09	0.047819972	0.013046229	0.964224	0	0	0.39	-1.0078064e-18
6.940018225486443e-09	-0.007984426	0.04105906	0.9633744	0	0	0.39	-2.2269263e-18
6.950063198886262e-09	-0.019986784	0.010147849	0.9639936	0	0	0.39	-1.0195433e-18
6.960027230131663e-09	-0.012199974	-0.008634512	0.96520776	0	0	0.39	-1.7228076e-18
6.970016580595752e-09	-0.0008177029	-0.017219573	0.9670194	0	0	0.39	-1.6002882e-18
6.9800155057658015e-09	0.015809	0.0025575173	0.9646048	0	0	0.39	-1.1438265e-18
6.990028943751771e-09	-0.0038710227	0.010356533	0.96756643	0	0	0.39	-1.2760336e-18
7.000016113399122e-09	-0.012511622	-0.0040026368	0.9657512	0	0	0.39	-1.8882817e-18
7.010022831378062e-09	0.0009989856	-0.012170188	0.9638483	0	0	0.39	-1.1356139e-18
7.020063726522039e-09	-0.005553054	0.00393803	0.9650384	0	0	0.39	-2.492199e-19
7.030049077204336e-09	-0.008365016	-0.012911248	0.96752465	0	0	0.39	-1.0768784e-18
7.0400152125924595e-09	0.016119735	-0.009501805	0.9656243	0	0	0.39	-9.118626e-19
7.050008323239974e-09	0.012794726	0.0072857975	0.9667835	0	0	0.39	-9.918738e-19
7.0600138104469465e-09	-0.0034748556	0.014327224	0.96394676	0	0	0.39	-7.271122e-19
7.070001114233662e-09	-0.0075841527	-0.005469307	0.9599316	0	0	0.39	3.9723826e-19
7.080057405058355e-09	0.0011025098	-0.017332798	0.96194774	0	0	0.39	-1.2186014e-18
7.090060697813137e-09	0.025087528	0.007816938	0.9653315	0	0	0.39	-1.4385097e-18
7.100010001412324e-09	-0.00778758	0.026748894	0.9635562	0	0	0.39	-9.96503e-19
7.110058825227041e-09	-0.0367164	0.0030034222	0.9630136	0	0	0.39	-1.7368365e-18
7.12000431478783e-09	0.0007114927	-0.03590594	0.9618822	0	0	0.39	-8.4453843e-19
7.130059137256022e-09	0.04135933	0.02048324	0.96282357	0	0	0.39	-1.2696657e-18
7.140057205995911e-09	-0.02254427	0.045296647	0.96433926	0	0	0.39	-1.9810357e-18
7.150002011257808e-09	-0.047948867	-0.00021377015	0.9623679	0	0	0.39	-1.2417797e-18
7.160027620244659e-09	-0.013254556	-0.03238	0.9640719	0	0	0.39	-1.3664943e-18
7.170037707723111e-09	0.015698558	-0.014686027	0.9647838	0	0	0.39	-1.3706562e-18
7.180059966450848e-09	0.02104108	0.0074807494	0.9654464	0	0	0.39	-1.5570549e-18
7.190006938749471e-09	0.003917236	0.02128501	0.9645647	0	0	0.39	-9.032686e-19
7.200033795030484e-09	-0.025988456	0.020681186	0.9640169	0	0	0.39	-2.4307517e-18
7.210012487739385e-09	-0.023612257	-0.024154954	0.962562	0	0	0.39	-1.9833545e-18
7.22002606176907e-09	0.024747793	-0.017465085	0.96186703	0	0	0.39	-1.2064569e-18
7.230036429158332e-09	0.012991249	0.02664174	0.96511316	0	0	0.39	-1.2363453e-18
7.2400637773272155e-09	-0.01899808	-0.008534023	0.964722	0	0	0.39	-1.958923e-18
7.250056930819507e-09	0.015789147	-0.019710315	0.96347594	0	0	0.39	-1.1421702e-18
7.260003183579548e-09	0.016477015	0.014180607	0.963288	0	0	0.39	-1.8301406e-18
7.270013997983958e-09	0.0011643125	0.0026556724	0.96577084	0	0	0.39	-7.5020474e-19
7.280047804819322e-09	-0.015909683	0.02326861	0.9673067	0	0	0.39	-1.4662103e-18
7.29000139784937e-09	-0.024861299	-0.026790604	0.9648179	0	0	0.39	-1.7210983e-18
7.300006356924211e-09	0.026835624	-0.032142308	0.9649595	0	0	0.39	-1.4875599e-18
7.310038146412234e-09	0.042199112	0.018676026	0.9669317	0	0	0.39	-1.3238669e-18
7.3200010237832896e-09	-0.009788451	0.048247024	0.964124	0	0	0.39	-1.2097716e-18
7.330036468907604e-09	-0.059247486	0.0022654803	0.96669316	0	0	0.39	-5.064524e-20
7.34004288558179e-09	-0.008830141	-0.061926745	0.9632275	0	0	0.39	-1.0520166e-18
7.350038028276908e-09	0.055126444	-0.02028017	0.96334434	0	0	0.39	-9.747743e-19
7.360000315628241e-09	0.0506084	0.036400545	0.9641544	0	0	0.39	-1.4896193e-18
7.370019559135009e-09	-0.037533928	0.048854005	0.9634337	0	0	0.39	-1.1148455e-18
7.380045805235435e-09	-0.061203465	-0.027761709	0.96258044	0	0	0.39	-1.5465543e-18
7.390042292015449e-09	0.020604266	-0.043257877	0.96663845	0	0	0.39	-1.4820923e-18
7.400062378504702e-09	0.057554197	0.017056674	0.9625708	0	0	0.39	-1.4697383e-18
7.4100237429649025e-09	-0.026509754	0.058459662	0.9633512	0	0	0.39	-1.0247239e-18
7.420036270894988e-09	-0.04921094	-0.00018214504	0.9640299	0	0	0.39	-9.614804e-19
7.430041382458768e-09	-0.009460536	-0.060714833	0.96377355	0	0	0.39	-1.2619303e-18
7.440043515834014e-09	0.041565467	-0.01301102	0.9637701	0	0	0.39	-1.0611929e-18
7.45000978304333e-09	0.003643458	0.026213808	0.9656073	0	0	0.39	-1.2806224e-18
7.46002694706226e-09	-0.0087759625	0.014735898	0.9655207	0	0	0.39	-4.4989614e-19
7.470013581618013e-09	-0.008858432	-0.008875481	0.96424514	0	0	0.39	-5.9078527e-19
7.480045290606363e-09	0.0019645302	-0.021737322	0.96422815	0	0	0.39	-8.5663093e-19
7.49005553930523e-09	0.023950445	0.0009062666	0.9628568	0	0	0.39	-7.6952685e-19
7.500036621354737e-09	-0.01072352	0.024035681	0.96242946	0	0	0.39	-1.184255e-18
7.510024824938157e-09	-0.013025266	-0.019158619	0.96364427	0	0	0.39	-1.7136415e-18
7.520059671044875e-09	0.02121579	-0.017826488	0.96592045	0	0	0.39	-1.7231664e-18
7.530043606742393e-09	0.030787656	0.0045912256	0.96731013	0	0	0.39	-5.17933e-19
7.540038002453653e-09	-0.0028262732	0.03162124	0.96706975	0	0	0.39	-1.3881889e-18
7.550042165674693e-09	-0.03620184	-0.0021531763	0.9646117	0	0	0.39	-5.8690393e-19
7.560053949000342e-09	-0.0071970522	-0.049502872	0.9652277	0	0	0.39	-1.8826428e-18
7.570017622545238e-09	0.048097197	-0.028569419	0.96246356	0	0	0.39	-7.1669105e-19
7.580018167106789e-09	0.040585775	0.034841336	0.96382713	0	0	0.39	-1.9685838e-18
7.590015748712839e-09	-0.028220717	0.0515679	0.9619416	0	0	0.39	-4.736007e-19
7.600060611257744e-09	-0.04943515	-0.017835872	0.9656914	0	0	0.39	-1.0304526e-18
7.610022494826335e-09	0.03111853	-0.040827703	0.9667301	0	0	0.39	-1.4257638e-18
7.620052017589279e-09	0.04721416	0.02212339	0.9670582	0	0	0.39	-2.182867e-18
7.630021224163108e-09	-0.015381146	0.03175675	0.96850365	0	0	0.39	-1.7093852e-18
7.640041575058897e-09	-0.029941063	0.012519329	0.9652597	0	0	0.39	-1.7504329e-18
7.650031046088046e-09	-0.014197184	-0.015527679	0.9644666	0	0	0.39	-1.6842203e-18
7.660050111684536e-09	0.013773833	-0.007330031	0.9646696	0	0	0.39	-1.2793938e-18
7.670044360888658e-09	0.013724801	0.008496613	0.96737146	0	0	0.39	-2.1805544e-18
7.680036454543891e-09	-0.0014452159	0.018321313	0.96651244	0	0	0.39	-1.5070709e-18
7.690051417084214e-09	-0.02778416	0.0050153285	0.9656445	0	0	0.39	-9.005712e-19
7.700045659202892e-09	-0.0062051653	-0.023794193	0.96576446	0	0	0.39	-1.575065e-18
7.710049600258883e-09	0.017922569	-0.023597116	0.96249187	0	0	0.39	-1.3528688e-18
7.720010541231899e-09	0.020904962	0.00901482	0.9622955	0	0	0.39	-1.894702e-18
7.7300276639932e-09	-0.009745594	0.03797035	0.962686	0	0	0.39	-2.0457264e-18
7.740060311607329e-09	-0.043372616	-0.0009151186	0.96351606	0	0	0.39	-1.4889026e-18
7.750021137920203e-09	-0.013002545	-0.040630396	0.9609795	0	0	0.39	-1.5122671e-18
7.760019528375153e-09	0.02731695	-0.0033848344	0.9597799	0	0	0.39	-8.865431e-19
7.770010127782612e-09	-0.0077274223	0.030825902	0.9613768	0	0	0.39	-2.328375e-18
7.78004185207136e-09	-0.035307772	-0.004505153	0.9607539	0	0	0.39	-1.1026572e-18
7.790036920668561e-09	0.012049303	-0.0067479336	0.96338946	0	0	0.39	-1.7877414e-18
7.800025424175884e-09	0.0064070285	0.0024632583	0.95988023	0	0	0.39	-9.726658e-19
7.810026421824646e-09	0.007281934	0.005412943	0.9615294	0	0	0.39	-6.372189e-19
7.820056082095384e-09	-0.00090804126	-0.002632942	0.9631749	0	0	0.39	-1.2746424e-18
7.83001764040883e-09	-0.0036345867	-0.0053056367	0.9664428	0	0	0.39	-1.9223222e-18
7.840005562009406e-09	0.012022355	-0.010829018	0.96518254	0	0	0.39	-1.9477814e-18
7.850023241867533e-09	0.01009391	0.0056682606	0.96521664	0	0	0.39	-1.886418e-18
7.860031440691568e-09	-0.006995197	0.008575874	0.9681652	0	0	0.39	-1.4112031e-18
7.870022937489054e-09	-0.016496403	-0.018750599	0.9641481	0	0	0.39	-1.2343709e-18
7.880046547283492e-09	0.01472621	-0.01255979	0.962725	0	0	0.39	-1.3140794e-18
7.890043529744082e-09	0.0113407355	0.0050387895	0.9609769	0	0	0.39	-1.1074899e-18
7.900007889616985e-09	0.0010915777	0.017375955	0.95969963	0	0	0.39	-2.0128874e-18
7.910019588711205e-09	-0.02352754	0.00018757553	0.96281636	0	0	0.39	-1.0244602e-18
7.920035841026071e-09	-0.007655517	-0.017082034	0.9635415	0	0	0.39	-1.059708e-18
7.930017077894196e-09	0.026387034	-0.012708126	0.96542037	0	0	0.39	-1.6392984e-18
7.94005508946412e-09	0.014881201	0.014769324	0.9666921	0	0	0.39	-1.2929104e-18
7.950011423730652e-09	-0.0030858056	-0.0073656817	0.96852016	0	0	0.39	-8.1491776e-19
7.96003574575139e-09	-0.0023569432	-0.009479099	0.9667529	0	0	0.39	-1.737543e-18
7.970026682437184e-09	0.0097498875	-0.0061501553	0.9680762	0	0	0.39	-9.250351e-19
7.980032132280931e-09	0.016972352	0.018574478	0.9672746	0	0	0.39	-1.3872582e-18
7.990043513278894e-09	-0.010980095	0.02082299	0.966435	0	0	0.39	-5.2644354e-19
8.00000209355238e-09	-0.022618327	-0.0108147655	0.96552753	0	0	0.39	-1.2759699e-18
8.010025961007345e-09	0.0030768353	-0.027378462	0.96645755	0	0	0.39	-2.1797435e-18
8.0200196289675e-09	0.026828468	-0.0059655784	0.9665899	0	0	0.39	-2.179034e-18
8.030023633989929e-09	0.0029599902	0.012631616	0.964863	0	0	0.39	-1.0065616e-18
8.04005364040372e-09	-0.016630698	-0.014010822	0.9650329	0	0	0.39	-2.0231173e-18
8.050051725574932e-09	0.024105078	-0.0076304115	0.9646053	0	0	0.39	-1.3775708e-18
8.060034244063453e-09	0.024905683	0.021333743	0.9642015	0	0	0.39	-2.0192354e-19
8.070011339698537e-09	-0.005672734	0.018175164	0.964857	0	0	0.39	-1.5024462e-18
8.080027714630202e-09	-0.025929002	0.0057797856	0.9648916	0	0	0.39	-6.2524633e-19
8.090020967172317e-09	4.977076e-05	-0.03227013	0.9635366	0	0	0.39	-1.1174135e-18
8.100016137039674e-09	0.015062942	0.013402085	0.965207	0	0	0.39	-7.3988147e-19
8.110050631562247e-09	-0.014302572	0.00683353	0.96731156	0	0	0.39	-1.4486135e-18
8.120001932705962e-09	-0.01816871	-0.015274117	0.96662784	0	0	0.39	-1.4106489e-18
8.130047635050358e-09	0.026403464	-0.017163085	0.964288	0	0	0.39	-8.5484603e-19
8.140051069687823e-09	0.028444262	0.024542788	0.9662214	0	0	0.39	-1.0898325e-18
8.150028364179696e-09	-0.000590029	0.022236718	0.96582973	0	0	0.39	-7.043541e-19
8.160061442297624e-09	-0.025658228	0.019770583	0.963013	0	0	0.39	-1.49497e-18
8.17002925434154e-09	-0.018502273	-0.021407777	0.9629988	0	0	0.39	-9.585714e-19
8.180018952521688e-09	0.019566176	-0.017966729	0.96264094	0	0	0.39	-1.7610946e-18
8.190055869101752e-09	0.01854779	0.011368458	0.9626526	0	0	0.39	-1.463599e-18
8.200020976285034e-09	-0.003819703	0.0363049	0.96339226	0	0	0.39	-1.1408771e-18
8.210005580725873e-09	-0.03278525	-0.00256572	0.9603808	0	0	0.39	-1.4258557e-18
8.22006116141158e-09	0.03029219	-0.03794447	0.9601653	0	0	0.39	-9.675238e-19
8.230015480703977e-09	0.041771643	0.015551226	0.96002424	0	0	0.39	2.2975637e-19
8.240020236855174e-09	-0.006964154	0.044311468	0.95717037	0	0	0.39	-1.8822054e-18
8.250032280611169e-09	-0.03309629	0.008269257	0.96207535	0	0	0.39	-9.9101465e-20
8.260054725281331e-09	-0.018478224	-0.025695268	0.96228075	0	0	0.39	-8.3226627e-19
8.270061977936223e-09	0.03520825	-0.0479275	0.96260554	0	0	0.39	-1.3853894e-18
8.280018648676958e-09	0.036943845	0.0012562692	0.9655318	0	0	0.39	-1.7113116e-18
8.290021990295346e-09	0.014858915	0.032809094	0.9676724	0	0	0.39	-1.1651441e-18
8.300046934699474e-09	-0.03616804	0.012160239	0.9688284	0	0	0.39	-5.081488e-19
8.310052724064345e-09	-0.014864509	-0.024798393	0.9690068	0	0	0.39	-9.972426e-19
8.32000008640469e-09	0.009979518	-0.00777714	0.96615964	0	0	0.39	-9.670401e-20
8.330043171843458e-09	0.027952231	0.016301116	0.9622319	0	0	0.39	-2.0250506e-18
8.340056012900148e-09	-0.011673079	0.025277447	0.96339196	0	0	0.39	-3.7982738e-19
8.35003224061705e-09	-0.02270257	0.0054373997	0.96300155	0	0	0.39	-2.2951408e-18
8.360047039751594e-09	0.0029053853	-0.038060527	0.9638651	0	0	0.39	-1.6193716e-18
8.370015281592842e-09	0.039359115	-0.0068452735	0.964139	0	0	0.39	-4.917193e-19
8.380018009958861e-09	0.0056298766	0.050091937	0.96492255	0	0	0.39	-2.1071981e-18
8.390047738066047e-09	-0.04049524	-0.0030647374	0.96424204	0	0	0.39	-1.7536297e-18
8.400000477032678e-09	-0.0004917844	-0.015462147	0.9659108	0	0	0.39	-1.9889318e-18
8.410006236027254e-09	-0.002427935	-0.009966091	0.96579957	0	0	0.39	-1.107862e-18
8.420030176710174e-09	0.016120763	-0.004151727	0.9649834	0	0	0.39	-1.7693145e-18
8.430031211159019e-09	0.0026193522	0.0019167116	0.96606266	0	0	0.39	-1.6556065e-18
8.440045400980814e-09	-0.010252931	0.020678865	0.96598303	0	0	0.39	-6.623243e-19
8.450047005994829e-09	-0.0072553875	-0.013265235	0.9653449	0	0	0.39	-1.4576897e-18
8.460012735306836e-09	0.022964714	-0.006916987	0.96359897	0	0	0.39	-1.1130208e-18
8.470001014372863e-09	0.00343702	0.027418073	0.9654628	0	0	0.39	-1.2328157e-18
8.480017699957729e-09	-0.0157211	0.0023097445	0.96509767	0	0	0.39	-8.2586116e-19
8.490024389802277e-09	0.009125477	-0.0136956135	0.9626851	0	0	0.39	-9.648437e-19
8.500042882507812e-09	0.02359494	0.0028413036	0.9641265	0	0	0.39	-1.6178951e-18
8.510046148134187e-09	-0.008619618	0.0079169	0.96375227	0	0	0.39	-1.5417832e-18
8.52002503388118e-09	-0.004632425	-0.012495396	0.96571475	0	0	0.39	-8.0156086e-19
8.53004870498239e-09	0.0077190143	0.010077444	0.9644616	0	0	0.39	-1.4505704e-18
8.540058294452643e-09	-0.024444725	0.0076626907	0.96532214	0	0	0.39	-1.9866184e-18
8.550018686756236e-09	0.0113443965	-0.034080334	0.96454626	0	0	0.39	-2.081014e-18
8.560000876313522e-09	0.027942732	0.013847081	0.9665254	0	0	0.39	-1.5880182e-18
8.570056996796928e-09	-0.010351324	0.037965503	0.9674547	0	0	0.39	-2.0757607e-18
8.580012457676126e-09	-0.051194888	-0.013564599	0.9667163	0	0	0.39	-1.4497473e-18
8.59004957083476e-09	0.0026154125	-0.047649115	0.96808505	0	0	0.39	-1.6871891e-18
8.600046433270962e-09	0.025909318	-0.0055981316	0.9689906	0	0	0.39	-2.6032104e-18
8.61001848265202e-09	0.019581236	0.014606853	0.967992	0	0	0.39	-1.5008113e-18
8.620043744692621e-09	-0.014113656	0.013585483	0.96770096	0	0	0.39	-9.238303e-19
8.630015551020257e-09	-0.016087439	-0.022055564	0.9679119	0	0	0.39	-5.9536294e-19
8.640024955259193e-09	0.014544114	-0.023306832	0.9670013	0	0	0.39	-1.7851962e-18
8.650040850030082e-09	0.026251288	0.013213559	0.96488214	0	0	0.39	-1.1982918e-18
8.66004114451225e-09	0.0032894171	0.031280667	0.9670837	0	0	0.39	-1.7675795e-18
8.670019581648974e-09	-0.012253013	0.011610635	0.96718895	0	0	0.39	-1.879208e-18
8.680031814689408e-09	-0.005991886	-0.0025823487	0.9637693	0	0	0.39	-7.7210517e-19
8.690025497236166e-09	0.015510765	0.006677254	0.9664577	0	0	0.39	-1.2900657e-18
8.700058223581208e-09	0.010467738	0.016385442	0.9659581	0	0	0.39	-2.0382694e-18
8.710054931638698e-09	-0.01697497	0.011764101	0.9670607	0	0	0.39	6.4915806e-21
8.720059161296923e-09	-0.0046824366	-0.014659428	0.9670558	0	0	0.39	-8.747274e-19
8.730030355471002e-09	0.006984336	-0.01213544	0.9653539	0	0	0.39	-1.6275892e-18
8.740016086937226e-09	0.010423873	0.005149045	0.9667537	0	0	0.39	4.549711e-20
8.750041985944204e-09	-0.005797316	0.017692897	0.9663552	0	0	0.39	-1.6582045e-18
8.760037392737454e-09	-0.024664948	-0.009778199	0.966519	0	0	0.39	-8.159751e-19
8.770063241336576e-09	0.0016230902	-0.023739418	0.9655951	0	0	0.39	-5.50286e-19
8.780008465602115e-09	0.028968614	0.004330022	0.9649345	0	0	0.39	-1.3584971e-18
8.790029065680224e-09	0.00026945176	0.039185304	0.9633705	0	0	0.39	-1.0878583e-18
8.800011600573383e-09	-0.041241515	0.010944825	0.9657277	0	0	0.39	-7.415568e-19
8.810019239374623e-09	-0.008911483	-0.041510336	0.9663089	0	0	0.39	-1.3909398e-18
8.820050597398329e-09	0.036727946	-0.014306508	0.96608096	0	0	0.39	-1.7994266e-18
8.830041935578542e-09	0.0065088836	0.042970777	0.9660369	0	0	0.39	-9.068753e-19
8.84004259651178e-09	-0.050215267	0.007315364	0.9669452	0	0	0.39	-7.7796885e-19
8.850033622198865e-09	-0.02267978	-0.058031447	0.9662092	0	0	0.39	-1.2838429e-18
8.860004292421447e-09	0.05035532	-0.033180293	0.9655515	0	0	0.39	-1.2928504e-18
8.870012556934957e-09	0.029353315	0.030881125	0.96613586	0	0	0.39	-1.3401782e-18
8.880052817279175e-09	-0.04147575	0.0356211	0.9632738	0	0	0.39	-1.8769973e-18
8.890063589507006e-09	-0.023169992	-0.023857366	0.9628371	0	0	0.39	-6.499568e-19
8.900030704334493e-09	0.0202582	-0.020147918	0.9660521	0	0	0.39	-2.0372532e-18
8.910007979731677e-09	0.042425513	0.0076654484	0.96484977	0	0	0.39	-2.1550692e-18
8.920011407613902e-09	-0.004857277	0.030457648	0.9665009	0	0	0.39	-1.3107869e-18
8.930040094823637e-09	-0.035278212	0.0063952166	0.9643638	0	0	0.39	-1.9329674e-18
8.940008321186968e-09	-0.008527618	-0.03214507	0.9677982	0	0	0.39	-1.4110847e-18
8.950022131528157e-09	0.038496982	-0.025195122	0.96899927	0	0	0.39	-1.9225212e-18
8.960034719514312e-09	0.02079188	0.017489364	0.9688507	0	0	0.39	-1.6170238e-18
8.970045892475303e-09	-0.015939372	0.0049193315	0.967495	0	0	0.39	-8.655537e-19
8.980059652916692e-09	-0.0075898236	-0.028401062	0.9690908	0	0	0.39	-9.544492e-19
8.99005415110216e-09	0.014031695	-0.015137395	0.9673191	0	0	0.39	-1.6223398e-18
9.000043224925966e-09	0.021957418	0.0068027293	0.9656916	0	0	0.39	-1.5888844e-18
9.0100182619148e-09	-0.009363426	0.037781086	0.9646488	0	0	0.39	-1.6801318e-18
9.020011658444767e-09	-0.039218437	-0.010503607	0.96448565	0	0	0.39	-1.1408868e-18
9.030012075440097e-09	0.0013471942	-0.03617832	0.9664998	0	0	0.39	-1.9248247e-18
9.040018403232285e-09	0.029962737	0.009462618	0.96710175	0	0	0.39	-8.705315e-19
9.050000132969343e-09	-0.021320503	0.022364905	0.9678345	0	0	0.39	-8.025778e-19
9.060047207472346e-09	-0.024766302	-0.02190114	0.9651109	0	0	0.39	-1.4933549e-18
9.070055455892899e-09	0.012899728	-0.008788698	0.9630283	0	0	0.39	-2.24026e-18
9.080012953935685e-09	0.0005025887	-0.0012259225	0.9660861	0	0	0.39	-1.3454709e-18
9.090058557134096e-09	-0.004056181	0.009135048	0.9660284	0	0	0.39	-1.3261037e-18
9.100059668053705e-09	-0.0031564364	-0.010087651	0.96333754	0	0	0.39	-6.1182227e-20
9.110025780411902e-09	0.011483003	0.0071943384	0.9669952	0	0	0.39	-9.011008e-19
9.120022410755406e-09	0.0061666667	0.012762102	0.965597	0	0	0.39	-1.2865594e-18
9.130029042896838e-09	-0.015419115	-0.009183124	0.9654307	0	0	0.39	-1.2930311e-18
9.140034613740657e-09	0.007329074	-0.0032511991	0.9632584	0	0	0.39	-8.437036e-19
9.150059046756965e-09	0.010503107	0.0018101943	0.9637423	0	0	0.39	-2.0292593e-18
9.160056731436869e-09	0.022065919	0.004059576	0.965149	0	0	0.39	-9.120253e-19
9.170006779990059e-09	-0.004721597	0.025571354	0.9640783	0	0	0.39	-1.7837445e-18
9.18000295183934e-09	-0.018943893	-0.010416146	0.9632752	0	0	0.39	-7.42015e-19
9.190035106042197e-09	0.018631972	-0.012671764	0.960915	0	0	0.39	-1.0339026e-18
9.200003290515073e-09	0.0048689903	0.022106381	0.9627711	0	0	0.39	-1.6084881e-18
9.210064915155865e-09	-0.016806696	0.01585957	0.9646249	0	0	0.39	-2.1313713e-18
9.220005471027305e-09	-0.020675983	0.0018076497	0.96430993	0	0	0.39	-1.6320465e-18
9.23004008688944e-09	-0.0032492448	-0.00908672	0.9656928	0	0	0.39	-1.0607624e-18
9.240060319584121e-09	0.019956946	0.0022201666	0.9666772	0	0	0.39	-2.3595569e-18
9.250029805330906e-09	-0.010763624	0.022753537	0.9670223	0	0	0.39	-1.8935885e-18
9.260040541548818e-09	-0.026771855	-0.020634666	0.9647543	0	0	0.39	-5.0366195e-19
9.270032275532777e-09	0.017994406	-0.034824803	0.9633414	0	0	0.39	-1.066399e-18
9.280027042042533e-09	0.04560705	0.009971785	0.96512353	0	0	0.39	-2.0401488e-18
9.290051092548754e-09	-0.01370313	0.042714395	0.9637062	0	0	0.39	-1.2017811e-18
9.300005131852903e-09	-0.038121585	-0.0235177	0.9606444	0	0	0.39	-3.5922554e-19
9.310056046512065e-09	0.016666152	-0.03214684	0.9592769	0	0	0.39	-8.501519e-20
9.320044491540054e-09	0.03427016	0.011051446	0.9655431	0	0	0.39	-9.527112e-19
9.33005168143783e-09	-0.016919522	0.03697644	0.96428704	0	0	0.39	-2.8416934e-19
9.340012816880494e-09	-0.051908776	-0.008704078	0.9634754	0	0	0.39	-2.308191e-18
9.350008516642418e-09	0.002289422	-0.061406724	0.9644465	0	0	0.39	-2.1895396e-18
9.360062441816345e-09	0.049612273	-0.0049082246	0.96178687	0	0	0.39	-1.4938156e-18
9.370057253990463e-09	0.017584618	0.038794298	0.96462727	0	0	0.39	-1.9217041e-18
9.380029920180459e-09	-0.021291366	0.010665143	0.9624017	0	0	0.39	-1.7067038e-18
9.39002741859409e-09	-0.0124192685	-0.015565679	0.96371853	0	0	0.39	-6.242574e-19
9.400025755627448e-09	0.0061769625	-0.026566403	0.96435076	0	0	0.39	-9.681464e-19
9.410017630315579e-09	0.034504004	0.009319345	0.9635389	0	0	0.39	-1.0982194e-18
9.420006821933744e-09	-0.006497075	0.020361507	0.9646304	0	0	0.39	-1.0148472e-18
9.430003485177471e-09	-0.023892365	0.00751285	0.9661491	0	0	0.39	-1.818056e-18
9.440039339467093e-09	-0.018923948	-0.007230163	0.96663344	0	0	0.39	-6.2635155e-19
9.450031964359205e-09	-0.0008786494	-0.017552823	0.9661313	0	0	0.39	-8.920497e-19
9.460017976202278e-09	0.010642577	-0.0062242835	0.9658139	0	0	0.39	-1.4433805e-18
9.470023720435956e-09	0.0112788435	0.038730912	0.9667044	0	0	0.39	-2.1790605e-18
9.48002871782402e-09	-0.025333792	0.011976794	0.9652102	0	0	0.39	-1.2103906e-18
9.490009825754133e-09	0.0028804822	-0.029064871	0.96462697	0	0	0.39	-1.2401737e-18
9.500000503536299e-09	0.032197703	0.019949561	0.96507317	0	0	0.39	-1.1971408e-18
9.510048442361748e-09	-0.006112213	0.018544765	0.9674798	0	0	0.39	-1.5852505e-18
9.520025277629653e-09	-0.011442701	-0.003275399	0.96536726	0	0	0.39	-1.2230179e-18
9.5300320571026e-09	0.008100315	-0.0071160058	0.9666583	0	0	0.39	-1.7418736e-18
9.540038887240893e-09	0.011875919	0.003462055	0.967681	0	0	0.39	-2.3849147e-18
9.550031440338243e-09	-0.01885608	0.010276629	0.9662597	0	0	0.39	-1.566974e-18
9.560005580916756e-09	-0.033827614	-0.019060582	0.9654143	0	0	0.39	-1.0519068e-18
9.570034371911552e-09	0.014346559	-0.0135801025	0.9675607	0	0	0.39	-1.2770854e-18
9.580006186497698e-09	0.02095937	0.009373652	0.96859276	0	0	0.39	-8.4104287e-19
9.590046414161213e-09	0.0041834344	0.02306539	0.96839416	0	0	0.39	-8.966129e-19
9.600018702310722e-09	-0.036664885	0.0021691273	0.96485186	0	0	0.39	-4.552628e-19
9.610033646355652e-09	-0.00026572912	-0.03999042	0.9668985	0	0	0.39	-1.9387771e-18
9.620009173177564e-09	0.030432036	-0.013611796	0.96628505	0	0	0.39	-1.6644472e-18
9.630045195991566e-09	0.019511918	0.010919031	0.96522355	0	0	0.39	-2.414358e-18
9.640031825077599e-09	-0.007512713	0.04332207	0.96408725	0	0	0.39	-8.597308e-19
9.65001673789534e-09	-0.040008046	-0.0037268817	0.96318686	0	0	0.39	-1.6866681e-18
9.660015722450501e-09	-6.627919e-05	-0.04262593	0.96403044	0	0	0.39	-1.6865504e-18
9.670012895013592e-09	0.052314036	0.0042768894	0.9632693	0	0	0.39	-1.806996e-18
9.680011202263396e-09	-0.0053029503	0.03523826	0.9639932	0	0	0.39	-1.1404516e-18
9.690059598265505e-09	-0.041092616	-0.008093034	0.962024	0	0	0.39	-1.1454721e-18
9.70000718129089e-09	0.00017850916	-0.040345084	0.9657863	0	0	0.39	-1.1446343e-18
9.710033961697253e-09	0.03084889	-0.011327015	0.9666825	0	0	0.39	-2.0343494e-18
9.720009512050744e-09	0.013834939	0.030681409	0.9685245	0	0	0.39	-1.745542e-18
9.730009255880896e-09	-0.0533662	0.02474804	0.9630536	0	0	0.39	-1.0238069e-18
9.740028029655665e-09	-0.043761052	-0.04036985	0.9678043	0	0	0.39	-1.3708381e-18
9.750043115680066e-09	0.00967831	-0.055293895	0.96612144	0	0	0.39	-1.9315188e-18
9.760038342969601e-09	0.04945694	0.014663021	0.96485776	0	0	0.39	-1.0680454e-18
9.770059795169752e-09	-0.017920526	0.04471151	0.9657992	0	0	0.39	-1.3514097e-18
9.780022538340024e-09	-0.03609764	-0.017109372	0.96394503	0	0	0.39	-5.602067e-19
9.79001399576983e-09	-0.0012126721	-0.04421434	0.9623247	0	0	0.39	-6.712694e-19
9.800009879038803e-09	0.04344152	-0.006347412	0.9649609	0	0	0.39	-6.2894626e-19
9.810043601028287e-09	0.017746557	0.040383536	0.96207565	0	0	0.39	-3.6083347e-20
9.82001019958878e-09	-0.040322345	0.037087493	0.96501815	0	0	0.39	-1.1960472e-18
9.830030399334953e-09	-0.040191926	-0.04194755	0.9588844	0	0	0.39	-7.0561877e-19
9.840014017877473e-09	0.03473896	-0.027695764	0.96321476	0	0	0.39	-2.6904827e-19
9.850028700499762e-09	0.032636624	0.04457813	0.9651772	0	0	0.39	-9.56839e-19
9.860043321366466e-09	-0.04806485	0.05916054	0.9634863	0	0	0.39	-1.7272631e-18
9.870034403064575e-09	-0.05135209	-0.038574867	0.96496576	0	0	0.39	-1.3562691e-18
9.880034004950118e-09	0.041004214	-0.058356877	0.96084154	0	0	0.39	-1.7828278e-18
9.890043086358152e-09	0.07064715	0.04652588	0.96255845	0	0	0.39	-1.2377055e-18
9.90001555274481e-09	-0.04698324	0.083474286	0.96366227	0	0	0.39	-1.7794737e-18
9.910061312001463e-09	-0.067951955	-0.022118092	0.9653576	0	0	0.39	-1.0064064e-18
9.920039307510279e-09	-0.0014890867	-0.06915346	0.96037674	0	0	0.39	-4.920553e-19
9.930003749945355e-09	0.074397296	-0.0040706443	0.9633118	0	0	0.39	-5.7609056e-19
9.940015464592105e-09	0.013565641	0.061830856	0.96182823	0	0	0.39	-8.581702e-19
9.950036583480083e-09	-0.06180644	0.0047692033	0.96330935	0	0	0.39	-1.2879331e-18
9.960055432258934e-09	0.0018742519	-0.049492065	0.9639401	0	0	0.39	-8.5438017e-19
9.97002824436774e-09	0.057655767	-0.01024276	0.96258456	0	0	0.39	-1.5461114e-18
9.98002745951679e-09	0.010161865	0.04742905	0.9658074	0	0	0.39	-1.197001e-18
9.990002856537249e-09	-0.05164983	0.013178748	0.96433324	0	0	0.39	-1.0689891e-18
1e-08	-0.01780649	-0.047101416	0.96478987	0	0	0.39	-1.4261918e-18
