# t (s)	mx ()	my ()	mz ()	B_extx (T)	B_exty (T)	B_extz (T)	E_total (J)
0	0	0	-1	0	0	0.4	1.2498702e-18
1.0018948793042322e-11	-0.0024032588	0.00646746	-0.97286	0	0	0.4	4.3173182e-18
2.001473702651541e-11	0.019886395	-0.0142445	-0.97045183	0	0	0.4	4.249559e-18
3.002004304989909e-11	0.012779002	-0.0017641368	-0.9689409	0	0	0.4	4.0300897e-18
4.005219985378947e-11	0.015047041	-0.007655673	-0.96306455	0	0	0.4	4.589937e-18
5.003813505702892e-11	-0.004362281	0.0025950265	-0.9639063	0	0	0.4	4.7556863e-18
6.003862554521326e-11	0.0002184977	0.022543842	-0.9618804	0	0	0.4	4.5641225e-18
7.001164584697649e-11	0.008596954	0.0364086	-0.9569294	0	0	0.4	5.2604973e-18
8.006062174484747e-11	0.030045826	0.040298637	-0.9581789	0	0	0.4	4.890584e-18
9.001472803235731e-11	0.032418955	0.03019663	-0.9543439	0	0	0.4	4.733303e-18
1.0006011378443306e-10	0.041374657	0.033144332	-0.9558594	0	0	0.4	4.3881104e-18
1.1004351344125107e-10	0.04030051	0.029975247	-0.9561008	0	0	0.4	5.139674e-18
1.2000378914951128e-10	0.04184363	0.020274201	-0.95645547	0	0	0.4	5.1992686e-18
1.300133784838759e-10	0.03260817	0.0056363046	-0.9582566	0	0	0.4	4.7640797e-18
1.4001411606292731e-10	0.022065755	-0.005926137	-0.9559581	0	0	0.4	4.5348386e-18
1.5002492405244572e-10	0.03895113	9.67768e-05	-0.953932	0	0	0.4	4.933276e-18
1.6002080743226054e-10	0.018362366	0.009193056	-0.9508836	0	0	0.4	4.1676953e-18
1.7003100805302222e-10	0.028173583	0.022585718	-0.9512104	0	0	0.4	5.4759377e-18
1.800372166862847e-10	0.033092882	0.022866935	-0.94785315	0	0	0.4	3.85469e-18
1.900326730535718e-10	0.04857501	0.009575381	-0.9464929	0	0	0.4	4.045616e-18
2.0004174449163424e-10	0.063572474	-0.005299451	-0.9484736	0	0	0.4	5.1765513e-18
2.1006279434408823e-10	0.06391655	-0.03411965	-0.941775	0	0	0.4	4.7893294e-18
2.2002921807069322e-10	0.04342678	-0.036573824	-0.94273806	0	0	0.4	4.0036e-18
2.300423084434357e-10	0.023130357	-0.029719103	-0.9429208	0	0	0.4	5.561646e-18
2.4000613940320056e-10	0.013480419	-0.01508039	-0.94888127	0	0	0.4	4.479279e-18
2.500356230558211e-10	0.022363663	-0.008594478	-0.94497454	0	0	0.4	4.3637677e-18
2.600548774264212e-10	0.032988943	0.00919499	-0.9467183	0	0	0.4	5.9729674e-18
2.7005335824531297e-10	0.055990037	0.0052049477	-0.9426108	0	0	0.4	5.525208e-18
2.800626082065717e-10	0.07679258	-0.0031946856	-0.94622654	0	0	0.4	5.0990904e-18
2.900439270671744e-10	0.05756799	-0.0149522675	-0.9482583	0	0	0.4	4.998291e-18
3.0000869551377616e-10	0.057206742	-0.03908311	-0.9495423	0	0	0.4	3.9427316e-18
3.1005877636687764e-10	0.039683156	-0.029429896	-0.9515376	0	0	0.4	4.5561915e-18
3.2004331262203895e-10	0.010582678	-0.023896765	-0.948499	0	0	0.4	4.9817565e-18
3.300633015195513e-10	0.00094328827	-0.01260969	-0.94895166	0	0	0.4	5.391478e-18
3.400542210485799e-10	0.007991986	-0.0017207309	-0.94678074	0	0	0.4	4.2599165e-18
3.500618950784593e-10	0.011377248	0.0013901975	-0.94442356	0	0	0.4	3.8047215e-18
3.600590882797414e-10	0.029770052	0.005977093	-0.94989365	0	0	0.4	4.046372e-18
3.700229108070407e-10	0.039820593	0.010754238	-0.94640154	0	0	0.4	3.601462e-18
3.8004977057406356e-10	0.04506051	-0.011045867	-0.9454514	0	0	0.4	4.1730484e-18
3.900539524491795e-10	0.020368123	-0.025017513	-0.94727916	0	0	0.4	4.1564788e-18
4.0005297490631295e-10	0.0081375325	-0.032415405	-0.9480593	0	0	0.4	4.469429e-18
4.1005832337140603e-10	-0.024597168	-0.011996788	-0.94697446	0	0	0.4	4.607475e-18
4.200370419581485e-10	-0.054719884	-0.009319311	-0.9487751	0	0	0.4	4.9944764e-18
4.3004511619829957e-10	-0.05151328	-0.0047634575	-0.94853204	0	0	0.4	4.780869e-18
4.4002662207380344e-10	-0.04247705	0.010615915	-0.9482552	0	0	0.4	3.941135e-18
4.500234474972282e-10	-0.042173047	0.016933605	-0.9496642	0	0	0.4	4.5880127e-18
4.6001329130599775e-10	-0.034963075	0.03310241	-0.95053226	0	0	0.4	4.5540706e-18
4.700060265308647e-10	-0.018338388	0.01714305	-0.9484169	0	0	0.4	4.8954815e-18
4.800265486719771e-10	-0.03248764	0.0056441147	-0.9543045	0	0	0.4	4.3738002e-18
4.900113530179688e-10	-0.047072012	0.0014966851	-0.9512744	0	0	0.4	4.814099e-18
5.000120620254621e-10	-0.062975295	0.0012410883	-0.94789565	0	0	0.4	3.5097025e-18
5.100468400202918e-10	-0.077460684	-0.0055710124	-0.9447614	0	0	0.4	4.665941e-18
5.200576868149199e-10	-0.07326384	0.002749504	-0.94224155	0	0	0.4	4.7792494e-18
5.300666441834186e-10	-0.058134202	0.019115046	-0.9377856	0	0	0.4	4.0969946e-18
5.400079047033298e-10	-0.045941114	0.03755628	-0.938514	0	0	0.4	5.0623693e-18
5.500226135325379e-10	-0.009051084	0.03902572	-0.9421868	0	0	0.4	5.0718836e-18
5.600083578539818e-10	-0.0028622795	0.023403643	-0.94271207	0	0	0.4	4.6697385e-18
5.70039655982133e-10	-0.0036599273	0.005408422	-0.9412064	0	0	0.4	5.7390283e-18
5.800107567333743e-10	-0.017582176	0.026670292	-0.942637	0	0	0.4	4.2764886e-18
5.900036966394684e-10	-0.028283462	0.009582294	-0.9423114	0	0	0.4	5.01743e-18
6.000011740531934e-10	-0.05365015	0.0103321	-0.94032824	0	0	0.4	5.0369807e-18
6.100496476137585e-10	-0.05968017	0.016711168	-0.94362515	0	0	0.4	4.572238e-18
6.200584868802149e-10	-0.050900493	0.020249799	-0.94374627	0	0	0.4	6.2327774e-18
6.300362901776365e-10	-0.0646362	0.013516593	-0.94305545	0	0	0.4	5.056839e-18
6.400010268531617e-10	-0.038338758	0.017949149	-0.9460929	0	0	0.4	5.10131e-18
6.50066749804244e-10	-0.02724087	0.019330353	-0.94847184	0	0	0.4	4.4434405e-18
6.600417332775864e-10	-0.00096727593	0.01159066	-0.9497965	0	0	0.4	3.982465e-18
6.700441760362102e-10	0.0034717117	-0.0113453865	-0.9493491	0	0	0.4	4.83758e-18
6.800050969652366e-10	-0.0010246004	-0.01818204	-0.950181	0	0	0.4	4.435624e-18
6.900197923919566e-10	-0.031042123	-0.011584994	-0.948285	0	0	0.4	5.276966e-18
7.000178574546114e-10	-0.049187627	-0.0070568104	-0.94979393	0	0	0.4	4.4750905e-18
7.100001708133456e-10	-0.05275663	0.010205218	-0.9501971	0	0	0.4	4.5106345e-18
7.200025479788812e-10	-0.051485278	0.034034923	-0.9465829	0	0	0.4	4.9472804e-18
7.300207407286205e-10	-0.043554727	0.049669314	-0.9444811	0	0	0.4	4.4355017e-18
7.400008791068336e-10	-0.024456117	0.033956274	-0.94453514	0	0	0.4	4.416905e-18
7.500256038616847e-10	-0.012573176	0.039545972	-0.9519022	0	0	0.4	4.691e-18
7.600067676482668e-10	-0.012336933	0.014261598	-0.9508734	0	0	0.4	4.4105605e-18
7.700384579422856e-10	-0.024367848	0.005590981	-0.95196897	0	0	0.4	4.7667648e-18
7.800630268574949e-10	-0.025654256	0.009701872	-0.95272434	0	0	0.4	4.2270513e-18
7.900019465868028e-10	-0.03516065	0.02470522	-0.95178866	0	0	0.4	4.2872726e-18
8.000360095193999e-10	-0.039385717	0.055096883	-0.95769197	0	0	0.4	4.545041e-18
8.100180338189711e-10	-0.04629137	0.081014015	-0.9525757	0	0	0.4	4.761848e-18
8.200046058816787e-10	-0.034714334	0.08810714	-0.9485846	0	0	0.4	4.39253e-18
8.300208064196176e-10	-0.017352546	0.0874948	-0.949606	0	0	0.4	3.6109238e-18
8.400190389703061e-10	-0.014954166	0.06044174	-0.9480404	0	0	0.4	4.5707953e-18
8.500476609318709e-10	0.013091867	0.029201202	-0.9472264	0	0	0.4	4.32069e-18
8.600305075146118e-10	0.0099087795	0.011010553	-0.94716924	0	0	0.4	4.628803e-18
8.700353240593967e-10	-0.013501376	-0.003750198	-0.9446256	0	0	0.4	4.4413945e-18
8.800026165609016e-10	-0.021791263	-0.00077349856	-0.94448507	0	0	0.4	5.325532e-18
8.900625342976099e-10	-0.03577351	0.008555688	-0.9493793	0	0	0.4	5.612216e-18
9.000225826947901e-10	-0.04440643	0.021552615	-0.9516326	0	0	0.4	5.505135e-18
9.10002233663116e-10	-0.024850992	0.03177384	-0.9496791	0	0	0.4	4.3955278e-18
9.200308768776198e-10	-0.022430427	0.041474774	-0.94768536	0	0	0.4	5.1633875e-18
9.300418955722359e-10	0.0017189534	0.015827257	-0.94538283	0	0	0.4	4.8760486e-18
9.400531249275777e-10	0.005744968	0.011024856	-0.94489276	0	0	0.4	4.511666e-18
9.50047325157669e-10	-0.018829843	-0.0032634253	-0.94760495	0	0	0.4	4.2632876e-18
9.600656090898952e-10	-0.032567468	-0.020559268	-0.9465266	0	0	0.4	4.9897888e-18
9.7001951150696e-10	-0.06218962	-0.023324756	-0.94880897	0	0	0.4	5.2962638e-18
9.800170091762059e-10	-0.063135065	-0.018324716	-0.94950205	0	0	0.4	4.0850645e-18
9.900628632887184e-10	-0.08132897	0.009498075	-0.94986475	0	0	0.4	4.707363e-18
1.000051955813085e-09	-0.073530085	0.0353147	-0.9482814	0	0	0.4	5.0012804e-18
1.0100007911766785e-09	-0.0642918	0.05976258	-0.94534755	0	0	0.4	4.2508208e-18
1.0200645062396768e-09	-0.03128887	0.060654715	-0.9456789	0	0	0.4	5.04351e-18
1.0300491637459949e-09	-0.011088385	0.06338158	-0.9477448	0	0	0.4	3.7880244e-18
1.0400273991108253e-09	-0.014248853	0.048675157	-0.944915	0	0	0.4	4.5379484e-18
1.0500043460083955e-09	-0.023900634	0.04347542	-0.9438347	0	0	0.4	4.7120757e-18
1.0600323146800533e-09	-0.04923174	0.040200796	-0.94228	0	0	0.4	4.40474e-18
1.0700268877583406e-09	-0.046298385	0.04078091	-0.9448996	0	0	0.4	4.8263445e-18
1.0800590361826154e-09	-0.049109224	0.04358624	-0.9479304	0	0	0.4	4.2718064e-18
1.0900139671603516e-09	-0.04091943	0.04919225	-0.949591	0	0	0.4	4.289456e-18
1.100022876626018e-09	-0.04515712	0.052062534	-0.9498228	0	0	0.4	4.9991165e-18
1.1100411162129451e-09	-0.047947053	0.052503914	-0.9513506	0	0	0.4	4.4727657e-18
1.1200230914002465e-09	-0.055436064	0.05882819	-0.9482754	0	0	0.4	4.881473e-18
1.1300313919017555e-09	-0.06329665	0.066221856	-0.9463657	0	0	0.4	5.210808e-18
1.1400301950284484e-09	-0.04713415	0.06266364	-0.94807005	0	0	0.4	4.211518e-18
1.1500334870652722e-09	-0.04502525	0.058248613	-0.9481984	0	0	0.4	4.595624e-18
1.1600116814875731e-09	-0.057135828	0.055534974	-0.94365674	0	0	0.4	4.9732282e-18
1.1700588532238285e-09	-0.042400923	0.05612037	-0.9435499	0	0	0.4	4.8485303e-18
1.1800166615369279e-09	-0.042694885	0.06372491	-0.94252425	0	0	0.4	4.266149e-18
1.1900366542549111e-09	-0.04320677	0.070211306	-0.94080806	0	0	0.4	4.9620766e-18
1.2000019236264666e-09	-0.050273847	0.06430844	-0.93857324	0	0	0.4	4.9350836e-18
1.2100071384045836e-09	-0.041424207	0.06760638	-0.9395982	0	0	0.4	4.8811763e-18
1.2200597417306063e-09	-0.03211497	0.06396847	-0.9354132	0	0	0.4	4.1297215e-18
1.230054309069835e-09	-0.026740622	0.04544681	-0.93609583	0	0	0.4	4.154929e-18
1.2400517842990933e-09	-0.023264796	0.043138165	-0.93474287	0	0	0.4	4.5456635e-18
1.2500031289984281e-09	-0.01741963	0.04255549	-0.937167	0	0	0.4	4.673054e-18
1.2600107302922047e-09	0.001065956	0.042241763	-0.93664515	0	0	0.4	3.5852986e-18
1.2700284541043072e-09	-0.00026112708	0.03774681	-0.94270104	0	0	0.4	4.1200547e-18
1.2800545768825451e-09	0.017161218	0.037393067	-0.9352276	0	0	0.4	4.0977332e-18
1.2900562463791646e-09	0.00082344847	0.057557795	-0.9362877	0	0	0.4	3.4775736e-18
1.3000470219678112e-09	0.0072721	0.050373886	-0.9344894	0	0	0.4	4.7609617e-18
1.3100278875934119e-09	0.0045859944	0.04704316	-0.93898815	0	0	0.4	4.369228e-18
1.3200187339446677e-09	-0.0024933768	0.047915578	-0.93587685	0	0	0.4	4.1963183e-18
1.330034018910259e-09	0.0087168645	0.06757136	-0.9343848	0	0	0.4	4.4409565e-18
1.3400105598188584e-09	0.016371017	0.07118062	-0.9384686	0	0	0.4	3.707359e-18
1.350037740341646e-09	0.008298517	0.06880847	-0.93546903	0	0	0.4	4.534724e-18
1.3600241230351676e-09	0.009815667	0.056889284	-0.9386349	0	0	0.4	4.947494e-18
1.3700511186736524e-09	0.011888941	0.061015807	-0.9363775	0	0	0.4	5.0264143e-18
1.38001909238429e-09	-0.012477561	0.06635625	-0.93583775	0	0	0.4	5.8024995e-18
1.3900632804025483e-09	-0.013182945	0.06407796	-0.9420229	0	0	0.4	4.776633e-18
1.4000195016631148e-09	-0.011198762	0.06659723	-0.9413516	0	0	0.4	4.4915374e-18
1.4100416248037825e-09	0.00022288378	0.06161827	-0.9483567	0	0	0.4	4.6063347e-18
1.420050453286582e-09	0.007144752	0.043017913	-0.9513717	0	0	0.4	4.824127e-18
1.4300617256957322e-09	0.0055211806	0.049881384	-0.954584	0	0	0.4	3.5649524e-18
1.4400047157888728e-09	0.002672156	0.05360547	-0.9514495	0	0	0.4	5.3263595e-18
1.4500004800027227e-09	-0.004358877	0.06626571	-0.9494319	0	0	0.4	4.7423534e-18
1.4600579046459953e-09	-0.003272925	0.07308021	-0.95323414	0	0	0.4	4.225795e-18
1.4700297540918024e-09	0.0045954166	0.06708862	-0.9526092	0	0	0.4	4.3532448e-18
1.4800308924634737e-09	0.016043525	0.058774125	-0.9523372	0	0	0.4	4.248527e-18
1.4900481425301323e-09	0.033468604	0.039536115	-0.95054996	0	0	0.4	4.9267204e-18
1.5000269552118683e-09	0.039107524	0.019935237	-0.9521249	0	0	0.4	5.192875e-18
1.5100042366115822e-09	0.030893032	0.016309476	-0.9499858	0	0	0.4	4.6122875e-18
1.520051730160329e-09	0.028109953	0.017205425	-0.94711226	0	0	0.4	4.9861248e-18
1.5300614350702461e-09	0.023773799	0.020366127	-0.9482629	0	0	0.4	4.2894145e-18
1.5400112465759997e-09	0.011580539	0.028069567	-0.95178163	0	0	0.4	3.8120114e-18
1.5500635121016031e-09	0.027576141	0.020125953	-0.95124495	0	0	0.4	4.6549006e-18
1.5600408354446768e-09	0.031965803	0.023301072	-0.94707525	0	0	0.4	5.023502e-18
1.5700481454154906e-09	0.049296714	-2.6459764e-05	-0.94818866	0	0	0.4	4.1233026e-18
1.5800480658202152e-09	0.04932648	-0.021783471	-0.94625854	0	0	0.4	3.09379e-18
1.5900439965532193e-09	0.044375777	-0.021414269	-0.9484817	0	0	0.4	4.7527225e-18
1.600031405985749e-09	0.046759285	-0.008053681	-0.94803107	0	0	0.4	4.952526e-18
1.6100242499198223e-09	0.04975909	-0.007916993	-0.94578665	0	0	0.4	5.283054e-18
1.6200019833257757e-09	0.05773994	-0.019335046	-0.9433694	0	0	0.4	4.725566e-18
1.6300252076805874e-09	0.061254468	-0.0134286415	-0.9426384	0	0	0.4	4.465589e-18
1.6400065993134283e-09	0.059367888	-0.010232859	-0.9466185	0	0	0.4	4.410296e-18
1.6500323568034653e-09	0.05799133	0.0040628994	-0.94485354	0	0	0.4	4.534503e-18
1.660028754623644e-09	0.067631535	0.0035303591	-0.9447009	0	0	0.4	4.985832e-18
1.6700216710680597e-09	0.06041637	0.0023478146	-0.94329375	0	0	0.4	4.391994e-18
1.6800190175331962e-09	0.05531386	0.018785177	-0.9448988	0	0	0.4	4.6522615e-18
1.6900472968082106e-09	0.05854884	-0.013811093	-0.94762415	0	0	0.4	5.157516e-18
1.7000200174367221e-09	0.0524138	-0.014397114	-0.9446886	0	0	0.4	5.177864e-18
1.7100110124236116e-09	0.048725072	0.00094809436	-0.9416559	0	0	0.4	5.053217e-18
1.7200236494544714e-09	0.06248882	0.009248519	-0.9451548	0	0	0.4	4.7273173e-18
1.7300003566464636e-09	0.04289576	0.008171125	-0.94395643	0	0	0.4	4.225331e-18
1.740023662815901e-09	0.051991895	0.017630761	-0.94711787	0	0	0.4	3.9787644e-18
1.7500004220712164e-09	0.05896019	0.025977291	-0.94237053	0	0	0.4	5.4784875e-18
1.7600034337668336e-09	0.058794126	0.022090271	-0.9455869	0	0	0.4	4.206217e-18
1.7700445130974405e-09	0.058289252	0.03683864	-0.94652927	0	0	0.4	3.8733394e-18
1.780001584028402e-09	0.06809966	0.028403904	-0.9475815	0	0	0.4	4.3893785e-18
1.790024313236251e-09	0.06284018	0.01189518	-0.95148456	0	0	0.4	4.2508187e-18
1.8000179539596426e-09	0.07597635	0.015701214	-0.95070255	0	0	0.4	4.363151e-18
1.810016272298219e-09	0.08103669	0.020064078	-0.95108694	0	0	0.4	3.4036894e-18
1.8200164923838766e-09	0.08915344	0.01710579	-0.9516833	0	0	0.4	4.0523003e-18
1.8300399217649274e-09	0.09689371	0.0029020356	-0.9524923	0	0	0.4	4.9968322e-18
1.84004921773708e-09	0.100620404	0.018277682	-0.9480863	0	0	0.4	5.3260034e-18
1.8500548520595868e-09	0.09824163	0.03260976	-0.9442499	0	0	0.4	4.5045063e-18
1.8600054344159628e-09	0.11090708	0.041447237	-0.9428097	0	0	0.4	5.319305e-18
1.8700339936505017e-09	0.11648361	0.0083546555	-0.94729	0	0	0.4	4.874144e-18
1.880048439923639e-09	0.115890875	-0.0025588914	-0.9473381	0	0	0.4	4.920615e-18
1.8900354949268285e-09	0.12222896	0.0085738795	-0.9461754	0	0	0.4	4.682125e-18
1.9000357968686895e-09	0.118197925	0.022027586	-0.9462746	0	0	0.4	4.2841107e-18
1.9100304126613137e-09	0.13158363	0.024155349	-0.94651186	0	0	0.4	4.269924e-18
1.9200491313755553e-09	0.12953287	0.012414782	-0.9459813	0	0	0.4	4.091178e-18
1.930045249045393e-09	0.13573334	0.005321773	-0.9450511	0	0	0.4	5.18375e-18
1.940046358374231e-09	0.14090216	-0.0033491515	-0.9436372	0	0	0.4	4.942312e-18
1.9500432123279245e-09	0.14379938	0.01286662	-0.94378257	0	0	0.4	5.5005778e-18
1.9600193883887684e-09	0.12982093	0.008033499	-0.9449711	0	0	0.4	5.4301127e-18
1.9700625105911934e-09	0.13007182	-0.001730926	-0.9445263	0	0	0.4	4.458233e-18
1.9800147134454196e-09	0.11628129	-0.0019185155	-0.9401206	0	0	0.4	5.0777603e-18
1.9900063741168696e-09	0.11435207	-0.003153439	-0.94438046	0	0	0.4	4.9367748e-18
2.0000486728306017e-09	0.1073867	0.013567178	-0.9446298	0	0	0.4	5.398567e-18
2.010021554089841e-09	0.118057825	0.031797547	-0.9416369	0	0	0.4	4.1472615e-18
2.020031840107627e-09	0.11974685	0.038469277	-0.94346166	0	0	0.4	4.7329058e-18
2.0300349800772873e-09	0.12172662	0.02514623	-0.94198954	0	0	0.4	5.789914e-18
2.0400264782935207e-09	0.1321119	0.033263184	-0.94070137	0	0	0.4	4.879096e-18
2.0500148905622455e-09	0.13386835	0.037546877	-0.94220996	0	0	0.4	4.7553885e-18
2.060011368031801e-09	0.12147162	0.01786092	-0.93767995	0	0	0.4	4.388842e-18
2.0700174421392822e-09	0.11967392	0.012044857	-0.9396364	0	0	0.4	3.6187816e-18
2.0800533847770617e-09	0.12529598	0.01601436	-0.94270265	0	0	0.4	3.967898e-18
2.090041664911604e-09	0.12352575	-0.01370403	-0.9421818	0	0	0.4	5.0605256e-18
2.1000292110242843e-09	0.120521806	-0.005822424	-0.9455038	0	0	0.4	4.078956e-18
2.110020155999675e-09	0.12435313	0.013684686	-0.9477942	0	0	0.4	4.613071e-18
2.120063705269659e-09	0.12217927	0.009012604	-0.94829655	0	0	0.4	4.799923e-18
2.1300142084911466e-09	0.11833847	0.006686957	-0.9507904	0	0	0.4	4.6405523e-18
2.140042529238697e-09	0.11123966	-0.0055228737	-0.9526552	0	0	0.4	4.577502e-18
2.1500526176045876e-09	0.0930184	-0.015176513	-0.94954896	0	0	0.4	4.555558e-18
2.160010665031216e-09	0.10416625	0.007746941	-0.9447453	0	0	0.4	4.8126605e-18
2.1700188031465644e-09	0.10859539	0.0053016515	-0.94213843	0	0	0.4	4.287296e-18
2.1800081807030758e-09	0.0651393	-0.009133403	-0.9498918	0	0	0.4	5.2319447e-18
2.1900152645897322e-09	0.06702356	-0.0058505405	-0.9511624	0	0	0.4	5.362336e-18
2.2000481118286673e-09	0.073448606	-0.016285354	-0.94820195	0	0	0.4	4.549188e-18
2.2100511718491166e-09	0.064838365	-0.043664172	-0.9475748	0	0	0.4	5.5233257e-18
2.2200174061392356e-09	0.057618376	-0.047704227	-0.94509304	0	0	0.4	5.2379314e-18
2.230055014344709e-09	0.054778855	-0.044779792	-0.94851625	0	0	0.4	4.297898e-18
2.2400140196500266e-09	0.06448356	-0.039634153	-0.950146	0	0	0.4	4.5873398e-18
2.2500073423851214e-09	0.05968652	-0.046602406	-0.9530569	0	0	0.4	4.7139753e-18
2.2600127943299143e-09	0.06993082	-0.054904845	-0.9496671	0	0	0.4	5.261017e-18
2.270013834030805e-09	0.07402263	-0.05819049	-0.94540805	0	0	0.4	5.0120966e-18
2.280060892655779e-09	0.08172859	-0.05468309	-0.9438129	0	0	0.4	5.492736e-18
2.2900264729224924e-09	0.078562975	-0.06305038	-0.94438136	0	0	0.4	4.379427e-18
2.3000188746245445e-09	0.11136336	-0.06440989	-0.94071823	0	0	0.4	4.6305666e-18
2.3100151577305016e-09	0.11518169	-0.063664645	-0.93954104	0	0	0.4	4.3747965e-18
2.320047146838311e-09	0.11191404	-0.06287992	-0.93721825	0	0	0.4	4.592843e-18
2.3300126387393475e-09	0.098727144	-0.0709609	-0.9331434	0	0	0.4	4.0516212e-18
2.3400635714269154e-09	0.09557531	-0.055624112	-0.93803775	0	0	0.4	4.7498775e-18
2.3500281190748555e-09	0.08681068	-0.073259376	-0.9403345	0	0	0.4	5.518982e-18
2.3600500040480924e-09	0.06880466	-0.070922785	-0.9397814	0	0	0.4	5.0937732e-18
2.370060728542076e-09	0.06374967	-0.079457365	-0.9395486	0	0	0.4	4.4799544e-18
2.3800039759471876e-09	0.065244526	-0.076409355	-0.9415959	0	0	0.4	4.33934e-18
2.3900072152804707e-09	0.07286226	-0.082693614	-0.94049156	0	0	0.4	3.3317501e-18
2.4000581622686724e-09	0.066650756	-0.09652159	-0.9400467	0	0	0.4	4.656298e-18
2.4100562735611155e-09	0.064326406	-0.10414335	-0.9380215	0	0	0.4	5.0760662e-18
2.4200265742031878e-09	0.058376722	-0.11997965	-0.9383213	0	0	0.4	4.7230913e-18
2.4300088948372403e-09	0.047775626	-0.11799739	-0.94029635	0	0	0.4	4.7824134e-18
2.4400326186284613e-09	0.036908194	-0.121486776	-0.9384636	0	0	0.4	4.522043e-18
2.45001556076912e-09	0.031085912	-0.12593715	-0.9392401	0	0	0.4	5.048474e-18
2.460050627095925e-09	0.04593777	-0.11272039	-0.9389449	0	0	0.4	4.857493e-18
2.4700311543663733e-09	0.049735904	-0.10598797	-0.9386296	0	0	0.4	3.491126e-18
2.480059986036759e-09	0.053264737	-0.12253191	-0.9370578	0	0	0.4	4.57326e-18
2.4900173045813787e-09	0.04605282	-0.14341713	-0.9348841	0	0	0.4	4.904708e-18
2.500026969435084e-09	0.036449756	-0.15184398	-0.9370649	0	0	0.4	4.242762e-18
2.510055179494634e-09	0.03215078	-0.15132315	-0.9352817	0	0	0.4	3.9150314e-18
2.5200481582756546e-09	-0.01576789	-0.15017676	-0.931116	0	0	0.4	5.220811e-18
2.5300315390497887e-09	-0.0052193105	-0.14344141	-0.9306525	0	0	0.4	5.097403e-18
2.5400542163053836e-09	-0.023886053	-0.13885671	-0.92542857	0	0	0.4	5.105219e-18
2.550011839303216e-09	-0.019147793	-0.12216256	-0.9261065	0	0	0.4	4.8247977e-18
2.5600199956288596e-09	-0.008087482	-0.13017213	-0.9286069	0	0	0.4	4.7963993e-18
2.5700017707001995e-09	-0.017503362	-0.11966929	-0.93441397	0	0	0.4	4.7669877e-18
2.5800410432750854e-09	-0.012320568	-0.11259021	-0.9323354	0	0	0.4	5.4767405e-18
2.5900014517980015e-09	-0.011670164	-0.11468603	-0.93349165	0	0	0.4	5.187673e-18
2.6000208892585198e-09	-0.019496147	-0.11064464	-0.9361834	0	0	0.4	3.6583523e-18
2.6100212532104133e-09	-0.019502364	-0.111650944	-0.9414865	0	0	0.4	4.1262408e-18
2.6200302827036383e-09	-0.018852664	-0.101428725	-0.9429036	0	0	0.4	4.5217166e-18
2.6300032196724184e-09	-0.046726603	-0.09902475	-0.9390409	0	0	0.4	4.5416736e-18
2.6400586601962485e-09	-0.037696134	-0.094939314	-0.9413463	0	0	0.4	5.049302e-18
2.6500528120789703e-09	-0.045362115	-0.08340203	-0.94447863	0	0	0.4	4.0238796e-18
2.66003064096754e-09	-0.0520857	-0.07578548	-0.9432519	0	0	0.4	5.730828e-18
2.670011576697585e-09	-0.047509134	-0.06262283	-0.9459819	0	0	0.4	4.682289e-18
2.6800440365633644e-09	-0.028128078	-0.09231885	-0.9453441	0	0	0.4	4.905024e-18
2.690012183229082e-09	-0.052450106	-0.10841338	-0.9415041	0	0	0.4	4.9742237e-18
2.7000339192536775e-09	-0.04181934	-0.11306223	-0.9391682	0	0	0.4	4.5465424e-18
2.710023153967515e-09	-0.051748425	-0.102827154	-0.9362414	0	0	0.4	4.650244e-18
2.7200467745919966e-09	-0.06384352	-0.114257045	-0.93006676	0	0	0.4	4.625703e-18
2.7300161279593334e-09	-0.07146077	-0.1159471	-0.92786574	0	0	0.4	4.54049e-18
2.7400272802114807e-09	-0.06459173	-0.12523037	-0.92558205	0	0	0.4	4.4699815e-18
2.7500652617217584e-09	-0.07041582	-0.13575865	-0.9178774	0	0	0.4	4.58968e-18
2.7600437825147058e-09	-0.057342883	-0.14323895	-0.9249949	0	0	0.4	4.7377928e-18
2.770034717879299e-09	-0.033371266	-0.150941	-0.9279299	0	0	0.4	3.833261e-18
2.780059586129828e-09	-0.0317244	-0.15430838	-0.9321551	0	0	0.4	5.318903e-18
2.790016481270362e-09	-0.032339945	-0.1609292	-0.9329141	0	0	0.4	3.6040445e-18
2.80001097794592e-09	-0.040626906	-0.1662288	-0.9353885	0	0	0.4	5.2320394e-18
2.810043131429645e-09	-0.04554462	-0.15676123	-0.93764424	0	0	0.4	4.1153745e-18
2.820052082303611e-09	-0.055455472	-0.14266723	-0.94012797	0	0	0.4	5.2991895e-18
2.83002717300813e-09	-0.062860854	-0.122744046	-0.9354023	0	0	0.4	5.039999e-18
2.8400064620594733e-09	-0.05942507	-0.10834552	-0.93333685	0	0	0.4	5.1261652e-18
2.8500615972594763e-09	-0.04014708	-0.09269634	-0.931207	0	0	0.4	4.2085916e-18
2.8600207534810585e-09	-0.018534636	-0.096993186	-0.92954034	0	0	0.4	5.2864277e-18
2.870050610921124e-09	-0.031800583	-0.09384608	-0.92721933	0	0	0.4	4.558113e-18
2.880011606738645e-09	-0.041339897	-0.09454126	-0.9206692	0	0	0.4	4.0237014e-18
2.8900206576854986e-09	-0.034844212	-0.10316115	-0.9197546	0	0	0.4	4.4163156e-18
2.900045758101632e-09	-0.029780956	-0.10236863	-0.9199438	0	0	0.4	4.6762307e-18
2.9100655953346384e-09	-0.026386807	-0.08486921	-0.9210043	0	0	0.4	4.789738e-18
2.920046034581276e-09	-0.03126451	-0.08511014	-0.92587644	0	0	0.4	4.963704e-18
2.930051615181608e-09	-0.031066496	-0.07678092	-0.9287276	0	0	0.4	5.3360516e-18
2.9400663382672258e-09	-0.022060752	-0.078938946	-0.93017	0	0	0.4	4.4191425e-18
2.9500416667902175e-09	-0.01890818	-0.0754631	-0.9344629	0	0	0.4	4.661284e-18
2.9600527222742757e-09	-0.032423697	-0.06741209	-0.9398329	0	0	0.4	4.9774477e-18
2.9700471321660576e-09	-0.03184012	-0.07356429	-0.9420517	0	0	0.4	4.6689196e-18
2.980064340475944e-09	-0.03645212	-0.058470126	-0.9422609	0	0	0.4	4.7664992e-18
2.9900484547799566e-09	-0.04157899	-0.05074952	-0.94380677	0	0	0.4	4.1451352e-18
3.000042144437004e-09	-0.051386327	-0.05095056	-0.94319844	0	0	0.4	3.4190406e-18
3.010054926399838e-09	-0.052594323	-0.058718003	-0.9386216	0	0	0.4	5.0052083e-18
3.020048279410553e-09	-0.043051843	-0.052342992	-0.94032145	0	0	0.4	4.5480913e-18
3.030018592777197e-09	-0.046365805	-0.054388013	-0.9337339	0	0	0.4	4.1200125e-18
3.040039133995217e-09	-0.053973157	-0.048489876	-0.9264141	0	0	0.4	3.8748556e-18
3.050006570406598e-09	-0.0648225	-0.046375927	-0.92053074	0	0	0.4	5.138987e-18
3.060048778216963e-09	-0.06082839	-0.028077465	-0.91909987	0	0	0.4	5.2006495e-18
3.070039025552653e-09	-0.050308887	-0.0402988	-0.920958	0	0	0.4	4.6495566e-18
3.080037949282632e-09	-0.062356964	-0.038598213	-0.92006016	0	0	0.4	5.014124e-18
3.090048670073159e-09	-0.07373742	-0.021566696	-0.91901076	0	0	0.4	4.0023945e-18
3.1000475955469173e-09	-0.083979726	-0.02755481	-0.92290735	0	0	0.4	4.655475e-18
3.110059877418998e-09	-0.08179073	-0.01395996	-0.92035717	0	0	0.4	4.1255695e-18
3.1200335580614e-09	-0.08045215	-0.0071543967	-0.9257814	0	0	0.4	5.0442007e-18
3.1300499656988556e-09	-0.08070045	-0.0157723	-0.93352807	0	0	0.4	4.1362273e-18
3.1400061405930715e-09	-0.0773119	-0.036607858	-0.9411246	0	0	0.4	4.6293225e-18
3.1500572791864046e-09	-0.05959059	-0.04960364	-0.93984354	0	0	0.4	4.7207342e-18
3.160041503296959e-09	-0.0554955	-0.062484883	-0.9347166	0	0	0.4	4.9075898e-18
3.1700425753354796e-09	-0.0643155	-0.09076432	-0.9283785	0	0	0.4	5.152645e-18
3.180007371689908e-09	-0.08833868	-0.09671931	-0.9205083	0	0	0.4	5.036212e-18
3.190039800851603e-09	-0.087810494	-0.08665805	-0.9198234	0	0	0.4	4.1305777e-18
3.2000213551253553e-09	-0.08600826	-0.09130431	-0.9109584	0	0	0.4	5.0351075e-18
3.210045227877482e-09	-0.07382282	-0.09900766	-0.90642303	0	0	0.4	5.3614187e-18
3.220005312665261e-09	-0.052207008	-0.107152656	-0.90492916	0	0	0.4	3.6724466e-18
3.2300335605136444e-09	-0.059792485	-0.11149143	-0.9068148	0	0	0.4	4.819127e-18
3.240030149558056e-09	-0.05962995	-0.11661918	-0.91685563	0	0	0.4	4.70023e-18
3.2500219932925993e-09	-0.05677664	-0.14173564	-0.9135586	0	0	0.4	4.8652807e-18
3.2600652809435934e-09	-0.070667505	-0.14036728	-0.9132599	0	0	0.4	4.750356e-18
3.270052575899348e-09	-0.06336154	-0.13006417	-0.9239801	0	0	0.4	4.5369033e-18
3.280034672467964e-09	-0.07412639	-0.11652812	-0.9294465	0	0	0.4	4.127577e-18
3.2900491560782583e-09	-0.04750554	-0.12355902	-0.92605823	0	0	0.4	4.6470043e-18
3.3000618920096872e-09	-0.029639652	-0.11068959	-0.9338088	0	0	0.4	5.298664e-18
3.310059362254661e-09	-0.003835805	-0.1126988	-0.9342896	0	0	0.4	4.035323e-18
3.3200039991734093e-09	0.001777447	-0.11458751	-0.932679	0	0	0.4	5.7726094e-18
3.330017628916304e-09	0.019351553	-0.11644025	-0.9330416	0	0	0.4	5.587798e-18
3.340019809188657e-09	0.0084906835	-0.11967677	-0.92832667	0	0	0.4	4.5451325e-18
3.350041327220654e-09	0.009302037	-0.10977558	-0.926606	0	0	0.4	5.585702e-18
3.3600518314274684e-09	0.0053845486	-0.08889388	-0.9289934	0	0	0.4	5.412372e-18
3.3700550510554195e-09	0.015918003	-0.08774679	-0.93203497	0	0	0.4	4.8800174e-18
3.38001381906693e-09	0.013679777	-0.07451181	-0.9349806	0	0	0.4	3.8367284e-18
3.390050430337822e-09	0.0101752775	-0.08401433	-0.9318418	0	0	0.4	3.8910493e-18
3.40003809676531e-09	-0.0012986648	-0.08121073	-0.92830586	0	0	0.4	5.617802e-18
3.410041312473038e-09	0.0118870195	-0.07005068	-0.9344522	0	0	0.4	4.446888e-18
3.4200501957593672e-09	0.0077732513	-0.07015057	-0.93499184	0	0	0.4	5.072878e-18
3.4300413045958195e-09	0.015312622	-0.073871925	-0.94107807	0	0	0.4	4.995287e-18
3.440048163377254e-09	0.024480183	-0.077317834	-0.94069624	0	0	0.4	3.993755e-18
3.4500166464232365e-09	0.025531149	-0.075146005	-0.9438541	0	0	0.4	4.136349e-18
3.4600243355954644e-09	0.015544115	-0.08315105	-0.94233274	0	0	0.4	5.3555155e-18
3.4700505523912267e-09	0.022361603	-0.07260244	-0.94473994	0	0	0.4	4.984447e-18
3.4800471223854394e-09	0.02608032	-0.065176755	-0.94425416	0	0	0.4	4.7170574e-18
3.490029778294188e-09	0.03401653	-0.053366266	-0.94552374	0	0	0.4	5.1022308e-18
3.5000422746041343e-09	0.04513392	-0.057145115	-0.9403785	0	0	0.4	4.6825073e-18
3.510066266710042e-09	0.04448565	-0.061480723	-0.9408662	0	0	0.4	4.529618e-18
3.5200477752945993e-09	0.042127375	-0.063211575	-0.93920434	0	0	0.4	5.959561e-18
3.5300185827350885e-09	0.0325217	-0.0653742	-0.9384797	0	0	0.4	6.0551474e-18
3.540007454168521e-09	0.027587807	-0.0685236	-0.9379532	0	0	0.4	4.040442e-18
3.5500390136243686e-09	0.007380514	-0.05706942	-0.94399047	0	0	0.4	4.9128478e-18
3.5600328123620387e-09	0.020422101	-0.058864623	-0.9422484	0	0	0.4	5.2015557e-18
3.5700380303724814e-09	0.031148473	-0.052982774	-0.94472265	0	0	0.4	4.7055815e-18
3.5800133207289192e-09	0.03796536	-0.043650314	-0.94585294	0	0	0.4	4.192364e-18
3.590018063661183e-09	0.06494429	-0.068020344	-0.943413	0	0	0.4	5.560766e-18
3.600059655098996e-09	0.071615785	-0.06466631	-0.94212437	0	0	0.4	4.620807e-18
3.6100538934392248e-09	0.06810331	-0.064896055	-0.9390231	0	0	0.4	5.861495e-18
3.620036593804604e-09	0.038748924	-0.06851593	-0.93937767	0	0	0.4	4.7886904e-18
3.6300255126589574e-09	0.034198593	-0.069131784	-0.9339418	0	0	0.4	5.4291532e-18
3.6400079287701286e-09	0.028309006	-0.06215581	-0.9317131	0	0	0.4	5.524797e-18
3.6500561394321578e-09	0.029273286	-0.051723037	-0.9330661	0	0	0.4	4.9406956e-18
3.6600526081642474e-09	0.059210178	-0.037534628	-0.93284386	0	0	0.4	4.0727226e-18
3.670062230455633e-09	0.06562212	-0.03351946	-0.9357807	0	0	0.4	4.950268e-18
3.6800448971225546e-09	0.06172459	-0.039802797	-0.93735766	0	0	0.4	4.7561665e-18
3.6900619662785205e-09	0.06389915	-0.06323134	-0.9393584	0	0	0.4	4.9459424e-18
3.7000492754446725e-09	0.051034477	-0.05883946	-0.9404175	0	0	0.4	4.7694316e-18
3.7100214717892083e-09	0.044087246	-0.05524469	-0.94305044	0	0	0.4	5.139182e-18
3.72004863927586e-09	0.03435528	-0.077295296	-0.9430205	0	0	0.4	5.601944e-18
3.730055155131312e-09	0.024696343	-0.07931468	-0.94094044	0	0	0.4	5.0625195e-18
3.7400461948631635e-09	0.0011695712	-0.07774836	-0.9450869	0	0	0.4	3.2967072e-18
3.750019469792931e-09	0.022260677	-0.06457379	-0.9417289	0	0	0.4	4.42487e-18
3.76004459830174e-09	0.023137748	-0.05657792	-0.9350675	0	0	0.4	4.838246e-18
3.770002649433335e-09	0.020444043	-0.07048491	-0.9371548	0	0	0.4	4.9913207e-18
3.780006772998664e-09	0.024127927	-0.07059102	-0.93502444	0	0	0.4	4.3547854e-18
3.790020953684411e-09	0.0128558725	-0.069291815	-0.934296	0	0	0.4	5.1617485e-18
3.800031696244816e-09	-0.009281774	-0.07333431	-0.932058	0	0	0.4	4.2917915e-18
3.810048333985563e-09	-0.01723497	-0.06886532	-0.93550974	0	0	0.4	5.0708512e-18
3.820011191972881e-09	-0.010914803	-0.067610905	-0.941117	0	0	0.4	4.9534867e-18
3.830012759044286e-09	-0.023324274	-0.060407456	-0.94461584	0	0	0.4	4.018763e-18
3.8400309488682076e-09	-0.02713397	-0.06153564	-0.9431671	0	0	0.4	4.3129867e-18
3.8500177612452835e-09	-0.013502959	-0.058252547	-0.9456283	0	0	0.4	3.3088926e-18
3.860064271086428e-09	-0.009924821	-0.066065185	-0.94855696	0	0	0.4	4.0335994e-18
3.8700281889438195e-09	-0.0022172693	-0.08102702	-0.9486009	0	0	0.4	4.525883e-18
3.880012819240627e-09	-0.016235719	-0.09636488	-0.94708824	0	0	0.4	5.3057114e-18
3.8900180230100904e-09	-0.019705888	-0.08617171	-0.9504091	0	0	0.4	5.070422e-18
3.900014830680104e-09	-0.042269774	-0.086219475	-0.9517126	0	0	0.4	3.79734e-18
3.910037370036425e-09	-0.04179638	-0.08465695	-0.9502052	0	0	0.4	3.828754e-18
3.920041597341758e-09	-0.05067504	-0.09230406	-0.9440402	0	0	0.4	5.816344e-18
3.930040448844709e-09	-0.05879001	-0.10564519	-0.9413819	0	0	0.4	5.09581e-18
3.9400362814191255e-09	-0.06306191	-0.10529937	-0.94221145	0	0	0.4	5.547171e-18
3.950027973968985e-09	-0.07573292	-0.098560266	-0.93685776	0	0	0.4	5.3816205e-18
3.960044734808079e-09	-0.07466666	-0.102483064	-0.9350852	0	0	0.4	3.9291373e-18
3.970042309046046e-09	-0.0634515	-0.09361563	-0.93665934	0	0	0.4	5.1645584e-18
3.9800038145388915e-09	-0.06862037	-0.10680006	-0.93755203	0	0	0.4	4.3580714e-18
3.990054398002864e-09	-0.07542116	-0.11533722	-0.9377303	0	0	0.4	5.4175652e-18
4.000000760751797e-09	-0.081576	-0.11562566	-0.93749446	0	0	0.4	4.2133925e-18
4.010026361652018e-09	-0.08505933	-0.13772127	-0.93586755	0	0	0.4	4.2004517e-18
4.020003672146587e-09	-0.10246027	-0.12906069	-0.94165134	0	0	0.4	3.8747733e-18
4.030043164363678e-09	-0.124351405	-0.12870234	-0.9420907	0	0	0.4	3.5964514e-18
4.04002913661789e-09	-0.12220861	-0.10619123	-0.94323564	0	0	0.4	5.556834e-18
4.050049583997179e-09	-0.12810044	-0.09760304	-0.9407086	0	0	0.4	4.404953e-18
4.060017565357256e-09	-0.12446675	-0.08424864	-0.93883646	0	0	0.4	4.215491e-18
4.070052715900392e-09	-0.12214697	-0.09670953	-0.93849826	0	0	0.4	3.8063096e-18
4.080014564578528e-09	-0.11458228	-0.096285515	-0.9380519	0	0	0.4	4.930276e-18
4.09003634819385e-09	-0.1102247	-0.09796376	-0.9351037	0	0	0.4	3.2188516e-18
4.100064552865831e-09	-0.1035018	-0.119242854	-0.93507665	0	0	0.4	5.6841196e-18
4.1100400568013516e-09	-0.11105648	-0.116560966	-0.93870854	0	0	0.4	5.123765e-18
4.12000710850487e-09	-0.104986385	-0.10307594	-0.9393306	0	0	0.4	5.2844504e-18
4.130040179478223e-09	-0.1159114	-0.11573594	-0.94040626	0	0	0.4	4.794569e-18
4.140051812589795e-09	-0.1178145	-0.11883509	-0.93278533	0	0	0.4	6.5012264e-18
4.15000118964595e-09	-0.117571115	-0.1112232	-0.93121773	0	0	0.4	5.0385627e-18
4.160037179774271e-09	-0.09725962	-0.104602806	-0.9367048	0	0	0.4	4.6388574e-18
4.170016942764078e-09	-0.087701544	-0.09997261	-0.9343378	0	0	0.4	4.6954585e-18
4.180012024311101e-09	-0.0829431	-0.1092226	-0.9375276	0	0	0.4	4.8076494e-18
4.190024038605832e-09	-0.082602054	-0.122687474	-0.93375087	0	0	0.4	4.7990236e-18
4.200023843751501e-09	-0.08177786	-0.12443467	-0.93408626	0	0	0.4	4.333521e-18
4.2100594300797026e-09	-0.094013944	-0.12586923	-0.93223625	0	0	0.4	4.5425475e-18
4.2200346962898255e-09	-0.12597708	-0.09984986	-0.93409	0	0	0.4	3.1782874e-18
4.230032229332022e-09	-0.13348106	-0.09520989	-0.93329483	0	0	0.4	4.9622313e-18
4.240034472405859e-09	-0.13112761	-0.080554016	-0.93671435	0	0	0.4	5.6294476e-18
4.250004732618831e-09	-0.12183174	-0.062101744	-0.9360521	0	0	0.4	5.2242366e-18
4.26002207681642e-09	-0.090353206	-0.07897384	-0.9386504	0	0	0.4	4.383886e-18
4.270026892004813e-09	-0.08703254	-0.09425783	-0.9392703	0	0	0.4	3.746622e-18
4.280023966472414e-09	-0.10648289	-0.11065827	-0.9412237	0	0	0.4	4.320546e-18
4.290054686377224e-09	-0.11791362	-0.10684378	-0.9366356	0	0	0.4	5.6827383e-18
4.3000603903223564e-09	-0.124549456	-0.08059454	-0.9399187	0	0	0.4	4.992439e-18
4.310049747064427e-09	-0.14052291	-0.064488344	-0.9407122	0	0	0.4	5.1445803e-18
4.320018145484132e-09	-0.1619013	-0.050761078	-0.9382017	0	0	0.4	4.433717e-18
4.3300600194940065e-09	-0.15839499	-0.03935827	-0.9349996	0	0	0.4	5.355701e-18
4.340048158730258e-09	-0.15038802	-0.032468587	-0.9329152	0	0	0.4	4.626855e-18
4.3500329193419575e-09	-0.13641128	-0.030299168	-0.9341138	0	0	0.4	4.3847504e-18
4.360036127580298e-09	-0.13068604	-0.0340203	-0.9329931	0	0	0.4	5.0071174e-18
4.37003786165978e-09	-0.13338715	-0.03166323	-0.93427926	0	0	0.4	4.8462498e-18
4.3800099886734945e-09	-0.137801	-0.016811488	-0.9372357	0	0	0.4	5.3850632e-18
4.39004479362249e-09	-0.16877522	-0.04790227	-0.9344341	0	0	0.4	4.8991844e-18
4.40005928731563e-09	-0.17165865	-0.05756671	-0.9325374	0	0	0.4	4.64273e-18
4.410033808126208e-09	-0.1809926	-0.041638847	-0.93340194	0	0	0.4	5.2068575e-18
4.420024016831758e-09	-0.17813967	-0.0257237	-0.93594223	0	0	0.4	4.8071184e-18
4.430024669103555e-09	-0.16333985	-0.015951652	-0.9414357	0	0	0.4	5.3027257e-18
4.4400492647671504e-09	-0.16891092	0.007478451	-0.9398684	0	0	0.4	5.4750816e-18
4.450000305497448e-09	-0.16700135	0.0010792352	-0.93539476	0	0	0.4	4.59622e-18
4.4600197650305504e-09	-0.17034908	-0.009517693	-0.9323299	0	0	0.4	4.8055045e-18
4.470042183999255e-09	-0.1730803	-0.0134064695	-0.9317405	0	0	0.4	4.953186e-18
4.480009702271542e-09	-0.17873193	-0.010134251	-0.9313269	0	0	0.4	3.981618e-18
4.4900361955300805e-09	-0.17594497	-0.0065364013	-0.9305634	0	0	0.4	4.6193682e-18
4.500024416803409e-09	-0.17490226	-0.012541934	-0.92458105	0	0	0.4	4.5446076e-18
4.5100099838739835e-09	-0.17598848	-0.008108743	-0.9199098	0	0	0.4	4.749429e-18
4.520010232781497e-09	-0.16803618	-0.026646938	-0.9231344	0	0	0.4	4.422871e-18
4.530015021268287e-09	-0.16718838	-0.025424888	-0.9200967	0	0	0.4	4.187056e-18
4.540049929592173e-09	-0.15308644	-0.032588564	-0.9192338	0	0	0.4	4.9297235e-18
4.550042230874974e-09	-0.14981332	-0.04383625	-0.91589445	0	0	0.4	5.147772e-18
4.560041171105153e-09	-0.15734202	-0.050404716	-0.915572	0	0	0.4	5.247369e-18
4.5700622606415096e-09	-0.1646147	-0.052605752	-0.9171054	0	0	0.4	5.2743447e-18
4.580044821005549e-09	-0.17068797	-0.06432483	-0.9180778	0	0	0.4	5.04195e-18
4.590026871746603e-09	-0.16801445	-0.05180402	-0.92669487	0	0	0.4	4.627153e-18
4.6000123801127596e-09	-0.1439206	-0.047562107	-0.929815	0	0	0.4	4.779634e-18
4.610050304239312e-09	-0.14062345	-0.050599452	-0.93174005	0	0	0.4	4.324578e-18
4.620057502042678e-09	-0.12662868	-0.05880145	-0.93730426	0	0	0.4	4.867541e-18
4.630037489191626e-09	-0.120526	-0.05674911	-0.94107866	0	0	0.4	4.962086e-18
4.640051985274115e-09	-0.13529536	-0.063481666	-0.93659115	0	0	0.4	4.913807e-18
4.650026572152725e-09	-0.15243095	-0.056060478	-0.9384164	0	0	0.4	4.451284e-18
4.660012449039431e-09	-0.14497456	-0.04107378	-0.94053423	0	0	0.4	4.5632333e-18
4.6700363230815186e-09	-0.14267397	-0.046686333	-0.93779737	0	0	0.4	3.9205094e-18
4.680043231597953e-09	-0.15702368	-0.039257035	-0.93570936	0	0	0.4	6.011673e-18
4.690008290997885e-09	-0.15690479	-0.026625844	-0.92728174	0	0	0.4	4.3039795e-18
4.700017391643286e-09	-0.13914475	-0.04716881	-0.9291405	0	0	0.4	5.3856807e-18
4.710063708649232e-09	-0.15567824	-0.038820423	-0.93211347	0	0	0.4	4.280458e-18
4.720011095829512e-09	-0.14732134	-0.031493768	-0.9310705	0	0	0.4	5.323606e-18
4.73005503725888e-09	-0.14920823	-0.048251428	-0.9279145	0	0	0.4	4.5222196e-18
4.740050275408536e-09	-0.15081313	-0.05336861	-0.92337346	0	0	0.4	4.8988117e-18
4.750021660444179e-09	-0.14330123	-0.056640014	-0.9166279	0	0	0.4	5.6572917e-18
4.7600043952943505e-09	-0.15192299	-0.060296807	-0.92026275	0	0	0.4	5.442346e-18
4.7700334779132046e-09	-0.14518577	-0.07227067	-0.92242086	0	0	0.4	5.167377e-18
4.780062976742232e-09	-0.14392601	-0.066287704	-0.92533326	0	0	0.4	4.2127804e-18
4.790039642989031e-09	-0.13188209	-0.072833285	-0.9309646	0	0	0.4	4.1088232e-18
4.800015557351342e-09	-0.12844433	-0.06517501	-0.93473834	0	0	0.4	4.662981e-18
4.810041961861619e-09	-0.13289745	-0.058938894	-0.9391223	0	0	0.4	3.8071976e-18
4.820019667392775e-09	-0.13922527	-0.056468915	-0.9368703	0	0	0.4	4.3871104e-18
4.83002161462656e-09	-0.14446825	-0.032078277	-0.9372999	0	0	0.4	4.5932827e-18
4.840040680742997e-09	-0.13724329	-0.02834054	-0.93846184	0	0	0.4	5.2064683e-18
4.850028193783085e-09	-0.13563207	-0.02551722	-0.9354865	0	0	0.4	4.7953496e-18
4.860014692840196e-09	-0.16270667	-0.020921512	-0.9257184	0	0	0.4	4.5515746e-18
4.870008512722683e-09	-0.17722508	-0.009045488	-0.9180923	0	0	0.4	4.9250884e-18
4.880051414529475e-09	-0.17004207	-0.006729981	-0.910231	0	0	0.4	5.5760477e-18
4.8900147463499034e-09	-0.15811944	0.017091174	-0.9088811	0	0	0.4	4.5337e-18
4.900064605260202e-09	-0.14945683	0.0019718355	-0.913584	0	0	0.4	4.594968e-18
4.910052651675758e-09	-0.1434872	-0.009465537	-0.9212994	0	0	0.4	4.6573333e-18
4.920025910397726e-09	-0.13842665	-0.025415495	-0.91872025	0	0	0.4	4.305956e-18
4.930044796347924e-09	-0.13631444	-0.03957892	-0.92408097	0	0	0.4	5.1129e-18
4.940044544261066e-09	-0.12184791	-0.040045	-0.92903537	0	0	0.4	4.564666e-18
4.950049016437292e-09	-0.10779821	-0.039720118	-0.9344547	0	0	0.4	4.179958e-18
4.960006336825944e-09	-0.09348079	-0.04660444	-0.9400926	0	0	0.4	4.44473e-18
4.9700260126283985e-09	-0.11073726	-0.060465477	-0.937394	0	0	0.4	5.1051768e-18
4.9800053035823064e-09	-0.10936116	-0.06387966	-0.9361406	0	0	0.4	3.879944e-18
4.990021238333086e-09	-0.12734812	-0.06972575	-0.93261355	0	0	0.4	4.3109295e-18
5.000034512242688e-09	-0.12795775	-0.08593965	-0.9318024	0	0	0.4	6.365932e-18
5.010045713024828e-09	-0.12136417	-0.09071055	-0.9335509	0	0	0.4	3.9515576e-18
5.020062323258903e-09	-0.13255219	-0.08990468	-0.930143	0	0	0.4	5.2490818e-18
5.03002195579014e-09	-0.11745921	-0.09007555	-0.9289262	0	0	0.4	4.9232764e-18
5.0400157884060025e-09	-0.109467454	-0.10361243	-0.9229995	0	0	0.4	4.1039334e-18
5.050016225020529e-09	-0.09795215	-0.10545141	-0.9242661	0	0	0.4	4.489481e-18
5.060003289615143e-09	-0.09098094	-0.09870778	-0.92915857	0	0	0.4	4.7111443e-18
5.070002635685429e-09	-0.08190456	-0.10730265	-0.92298794	0	0	0.4	4.7287467e-18
5.080035190784969e-09	-0.073883936	-0.13130735	-0.92208654	0	0	0.4	4.149529e-18
5.090022963853561e-09	-0.072043	-0.13644569	-0.91944337	0	0	0.4	4.863041e-18
5.100000556724055e-09	-0.08083221	-0.14532158	-0.922657	0	0	0.4	4.6077612e-18
5.1100159302734076e-09	-0.09519221	-0.15095735	-0.9241425	0	0	0.4	4.2885663e-18
5.120015032629526e-09	-0.10054683	-0.15092383	-0.92567074	0	0	0.4	5.8102134e-18
5.130040500800175e-09	-0.09184629	-0.17162551	-0.9212642	0	0	0.4	5.0065595e-18
5.140055056271416e-09	-0.09115951	-0.153501	-0.9273416	0	0	0.4	4.866806e-18
5.15003912629153e-09	-0.08586477	-0.15908396	-0.9313446	0	0	0.4	4.4591715e-18
5.160050646592619e-09	-0.07565158	-0.16682044	-0.9307039	0	0	0.4	4.1251104e-18
5.170016013913273e-09	-0.087197006	-0.16657579	-0.9278325	0	0	0.4	5.4067296e-18
5.180005813027769e-09	-0.07821549	-0.17099735	-0.9303511	0	0	0.4	4.3739644e-18
5.190058126298502e-09	-0.06703561	-0.17203967	-0.92949355	0	0	0.4	5.011445e-18
5.2000537701327465e-09	-0.061997056	-0.17409858	-0.9264709	0	0	0.4	5.8637146e-18
5.21005571816183e-09	-0.07559429	-0.1657971	-0.92532516	0	0	0.4	5.1463216e-18
5.220028022313835e-09	-0.076906934	-0.1682613	-0.9222338	0	0	0.4	4.7948802e-18
5.2300083885504916e-09	-0.079073414	-0.18120757	-0.922823	0	0	0.4	4.122883e-18
5.240005180348866e-09	-0.08982454	-0.16373284	-0.92612165	0	0	0.4	5.3872594e-18
5.25001668478573e-09	-0.105695084	-0.16711722	-0.92230576	0	0	0.4	4.3984183e-18
5.260050700476153e-09	-0.101065405	-0.17005746	-0.9180333	0	0	0.4	3.9493875e-18
5.270015111769094e-09	-0.08714161	-0.18638697	-0.91925454	0	0	0.4	3.884712e-18
5.280023684043572e-09	-0.09685384	-0.17508914	-0.9240308	0	0	0.4	4.0288663e-18
5.290017034146847e-09	-0.109954685	-0.1681016	-0.9260759	0	0	0.4	5.160697e-18
5.3000111490010096e-09	-0.119004704	-0.16150342	-0.9272503	0	0	0.4	5.1735813e-18
5.310004023738733e-09	-0.12553276	-0.16156851	-0.9244131	0	0	0.4	4.6849703e-18
5.320009721281677e-09	-0.102828786	-0.16649632	-0.9222288	0	0	0.4	4.896496e-18
5.330059480559342e-09	-0.071886525	-0.18185602	-0.91688126	0	0	0.4	5.5600525e-18
5.340007571754746e-09	-0.06380441	-0.18660757	-0.9140394	0	0	0.4	5.4166653e-18
5.350057930511365e-09	-0.053512532	-0.18434188	-0.91503304	0	0	0.4	4.291271e-18
5.36002605938785e-09	-0.049629502	-0.17098394	-0.91689163	0	0	0.4	5.2663376e-18
5.370046405838152e-09	-0.040589336	-0.16344523	-0.9185855	0	0	0.4	4.6611793e-18
5.380049029764662e-09	-0.052992422	-0.17712493	-0.9203266	0	0	0.4	5.4267606e-18
5.3900082196727736e-09	-0.051649112	-0.19091195	-0.9221137	0	0	0.4	5.6557883e-18
5.400039748016842e-09	-0.056225777	-0.18367323	-0.91728264	0	0	0.4	4.0263256e-18
5.410035870224555e-09	-0.047370385	-0.20886295	-0.9153227	0	0	0.4	4.696231e-18
5.4200095265294785e-09	-0.055074748	-0.21779117	-0.916685	0	0	0.4	4.7059364e-18
5.430063921979032e-09	-0.056194194	-0.21410444	-0.92196375	0	0	0.4	4.909623e-18
5.4400660502969006e-09	-0.066691786	-0.2279081	-0.91618925	0	0	0.4	5.295249e-18
5.450000332777504e-09	-0.07234825	-0.21552102	-0.9201835	0	0	0.4	3.6597924e-18
5.460010938207706e-09	-0.081804864	-0.2091458	-0.9213893	0	0	0.4	4.7059943e-18
5.470004914276015e-09	-0.055771165	-0.20616984	-0.917927	0	0	0.4	4.9142668e-18
5.480052281344013e-09	-0.045114122	-0.21276726	-0.91552246	0	0	0.4	4.846501e-18
5.490037216509326e-09	-0.04330343	-0.20288086	-0.91922945	0	0	0.4	6.007278e-18
5.500056242476968e-09	-0.035684712	-0.20452912	-0.91761845	0	0	0.4	5.4636454e-18
5.510065392332213e-09	-0.02898936	-0.20069	-0.917451	0	0	0.4	4.4409623e-18
5.5200556214377904e-09	-0.017813573	-0.20313787	-0.9174241	0	0	0.4	4.479748e-18
5.530001577902963e-09	-0.0051968624	-0.20702676	-0.9151251	0	0	0.4	4.3524527e-18
5.5400235472353485e-09	0.010552485	-0.21163535	-0.9145047	0	0	0.4	5.2806805e-18
5.55002649516908e-09	0.009996694	-0.20854484	-0.9124168	0	0	0.4	4.6875444e-18
5.560004035131498e-09	0.0007986764	-0.21650538	-0.9044497	0	0	0.4	4.9288814e-18
5.570023633269259e-09	0.0022066426	-0.23852481	-0.898643	0	0	0.4	4.8749348e-18
5.5800649179789586e-09	0.0077549177	-0.23975427	-0.89770967	0	0	0.4	4.862963e-18
5.590053586916704e-09	0.03823378	-0.22343862	-0.9026386	0	0	0.4	5.6060714e-18
5.6000231279551135e-09	0.0400685	-0.22005993	-0.9063172	0	0	0.4	4.421431e-18
5.6100089191966475e-09	0.059278723	-0.21101269	-0.9060822	0	0	0.4	5.745476e-18
5.620023364115534e-09	0.060079616	-0.21195619	-0.9071462	0	0	0.4	4.7513118e-18
5.630024400279346e-09	0.075182885	-0.20495647	-0.89854634	0	0	0.4	4.2259433e-18
5.640060471424058e-09	0.09079241	-0.20984428	-0.8921812	0	0	0.4	5.0228367e-18
5.6500171489579375e-09	0.10493383	-0.20362523	-0.8988127	0	0	0.4	4.067788e-18
5.660004602251721e-09	0.104144834	-0.21191743	-0.8976374	0	0	0.4	3.940046e-18
5.670039994430974e-09	0.10073067	-0.22312354	-0.90341234	0	0	0.4	4.738666e-18
5.6800212136413824e-09	0.090954825	-0.20907371	-0.910362	0	0	0.4	3.8234583e-18
5.6900256147376535e-09	0.09124349	-0.20445113	-0.9095261	0	0	0.4	4.651939e-18
5.700006041362798e-09	0.082399525	-0.1872075	-0.905126	0	0	0.4	5.1547447e-18
5.710039604940971e-09	0.07958333	-0.17191438	-0.90576583	0	0	0.4	4.7256522e-18
5.720025301049413e-09	0.09091707	-0.16330452	-0.90386033	0	0	0.4	5.0859874e-18
5.730021039221589e-09	0.117615715	-0.14670943	-0.9046927	0	0	0.4	4.555673e-18
5.740037522772874e-09	0.12521818	-0.141135	-0.90906334	0	0	0.4	4.7420767e-18
5.750023376539259e-09	0.15791729	-0.12521385	-0.9102089	0	0	0.4	3.9609655e-18
5.760034117406939e-09	0.17897545	-0.12787834	-0.9119622	0	0	0.4	4.4723666e-18
5.770025656626977e-09	0.17934094	-0.14855522	-0.9112947	0	0	0.4	5.287227e-18
5.7800441427594634e-09	0.18015549	-0.15640698	-0.91185814	0	0	0.4	5.34752e-18
5.790023026378482e-09	0.16727734	-0.17127687	-0.91430897	0	0	0.4	5.746761e-18
5.800026061040309e-09	0.15278876	-0.18682311	-0.9207082	0	0	0.4	4.3895208e-18
5.810041185497381e-09	0.14151971	-0.19000481	-0.92033005	0	0	0.4	4.5912656e-18
5.820039482257643e-09	0.13136405	-0.19819836	-0.9168506	0	0	0.4	4.950509e-18
5.830005339291915e-09	0.12801993	-0.19121271	-0.9181384	0	0	0.4	4.615147e-18
5.840023053236638e-09	0.12305439	-0.18148272	-0.9147869	0	0	0.4	4.9089145e-18
5.850037142412404e-09	0.15106189	-0.16372102	-0.916374	0	0	0.4	5.3698832e-18
5.860030741831155e-09	0.16313842	-0.16178575	-0.912004	0	0	0.4	5.581519e-18
5.8700488755850426e-09	0.17042561	-0.17515312	-0.91217756	0	0	0.4	4.456919e-18
5.8800383766559194e-09	0.18556052	-0.18212612	-0.90752935	0	0	0.4	4.2031983e-18
5.890066387972922e-09	0.1782773	-0.20312332	-0.9104052	0	0	0.4	5.1251126e-18
5.900005865617679e-09	0.16010556	-0.2217893	-0.9139958	0	0	0.4	3.981739e-18
5.9100149046079075e-09	0.15201259	-0.2215236	-0.91485685	0	0	0.4	3.748669e-18
5.920060798382877e-09	0.14466803	-0.21834688	-0.9148373	0	0	0.4	4.268717e-18
5.930038820458734e-09	0.13920946	-0.20956895	-0.91121256	0	0	0.4	4.0951044e-18
5.940047263772121e-09	0.13276622	-0.20729575	-0.9090671	0	0	0.4	5.22419e-18
5.950062284349438e-09	0.13156834	-0.19244178	-0.9142945	0	0	0.4	4.6880755e-18
5.9600388504905835e-09	0.13193022	-0.16577607	-0.92013127	0	0	0.4	4.5614064e-18
5.970047301059499e-09	0.14995757	-0.14610521	-0.92111504	0	0	0.4	4.8444e-18
5.980038184403973e-09	0.17264408	-0.15691769	-0.9194624	0	0	0.4	5.5026226e-18
5.990016789612707e-09	0.1829946	-0.15721488	-0.9200923	0	0	0.4	4.3176996e-18
6.000015513214548e-09	0.20528708	-0.16439515	-0.9129101	0	0	0.4	3.9138216e-18
6.010033875740669e-09	0.20978057	-0.17796935	-0.91285765	0	0	0.4	5.1044046e-18
6.020015239333955e-09	0.2014477	-0.1808486	-0.9102106	0	0	0.4	4.233044e-18
6.030013183744714e-09	0.19386555	-0.17392877	-0.9075099	0	0	0.4	4.626178e-18
6.040059779041409e-09	0.19816725	-0.16624323	-0.9105411	0	0	0.4	5.314782e-18
6.05001615123245e-09	0.19447063	-0.15800716	-0.9057441	0	0	0.4	5.2376067e-18
6.06002564154399e-09	0.20988509	-0.15040177	-0.9048155	0	0	0.4	3.8497255e-18
6.0700593695025074e-09	0.22287668	-0.15465407	-0.9059783	0	0	0.4	4.7178474e-18
6.0800300426484995e-09	0.22798142	-0.16033605	-0.904854	0	0	0.4	4.9380648e-18
6.090022570301294e-09	0.23356147	-0.14768533	-0.90400296	0	0	0.4	5.9693216e-18
6.100008271296936e-09	0.22848642	-0.13772532	-0.9021503	0	0	0.4	4.5604738e-18
6.110013576696964e-09	0.23768426	-0.15716992	-0.8996105	0	0	0.4	4.2734615e-18
6.120024119822736e-09	0.23444983	-0.15692438	-0.89426297	0	0	0.4	5.828875e-18
6.130047459306302e-09	0.22221325	-0.15273309	-0.8971968	0	0	0.4	4.4179894e-18
6.1400146286253895e-09	0.22586091	-0.15105511	-0.89862174	0	0	0.4	4.7389405e-18
6.150045992289792e-09	0.2328369	-0.14178789	-0.9015247	0	0	0.4	5.473736e-18
6.1600525190253315e-09	0.23997211	-0.14057885	-0.9054101	0	0	0.4	5.202138e-18
6.170026778575481e-09	0.23893975	-0.15010728	-0.9045674	0	0	0.4	5.063406e-18
6.180015563346107e-09	0.24223486	-0.15407757	-0.9055093	0	0	0.4	4.791084e-18
6.190005837117258e-09	0.24907354	-0.15597141	-0.90354913	0	0	0.4	4.3480294e-18
6.200053336544802e-09	0.25879514	-0.17233537	-0.9012394	0	0	0.4	4.7116406e-18
6.210048603536231e-09	0.2538367	-0.16594867	-0.8997046	0	0	0.4	3.729592e-18
6.2200012933525e-09	0.232232	-0.15544982	-0.9033918	0	0	0.4	4.34486e-18
6.2300046523972935e-09	0.24161747	-0.1492104	-0.89865756	0	0	0.4	4.6417625e-18
6.24005177325821e-09	0.23210064	-0.13516141	-0.8966271	0	0	0.4	5.1743216e-18
6.250000843871568e-09	0.24000534	-0.11485835	-0.89706296	0	0	0.4	4.6987705e-18
6.260008639417735e-09	0.24094714	-0.119569845	-0.897029	0	0	0.4	3.933478e-18
6.2700509157035315e-09	0.24432705	-0.106921	-0.8975277	0	0	0.4	4.0344014e-18
6.280054287270983e-09	0.26136127	-0.1005045	-0.89797163	0	0	0.4	4.888805e-18
6.2900294675416825e-09	0.2838753	-0.09209992	-0.8889174	0	0	0.4	4.359453e-18
6.300042582486339e-09	0.28596017	-0.08984688	-0.8931838	0	0	0.4	5.060944e-18
6.310015001857992e-09	0.27321658	-0.09657719	-0.89995444	0	0	0.4	4.8711934e-18
6.320006336184068e-09	0.26530835	-0.07372703	-0.9003338	0	0	0.4	5.286915e-18
6.330054468264204e-09	0.26241988	-0.079284385	-0.8993567	0	0	0.4	5.5181897e-18
6.340006002695152e-09	0.24366932	-0.06573013	-0.9049227	0	0	0.4	4.863915e-18
6.350061988706307e-09	0.24075693	-0.04142921	-0.9084157	0	0	0.4	4.874112e-18
6.360058900477587e-09	0.2442701	-0.026288318	-0.9071064	0	0	0.4	4.9834067e-18
6.370063851843973e-09	0.2730134	-0.019617565	-0.90042305	0	0	0.4	4.8673694e-18
6.3800051677929386e-09	0.27596354	-0.045418594	-0.9075066	0	0	0.4	5.0597133e-18
6.390058369862815e-09	0.26365104	-0.058613416	-0.91429013	0	0	0.4	4.4530693e-18
6.400003280674869e-09	0.24465021	-0.045986477	-0.9155886	0	0	0.4	4.390236e-18
6.410012671235761e-09	0.24127571	-0.03204225	-0.91255707	0	0	0.4	4.2174213e-18
6.420022840339199e-09	0.22368126	-0.019746149	-0.92012995	0	0	0.4	4.0944774e-18
6.430024257304235e-09	0.2107564	0.00012982772	-0.91641045	0	0	0.4	4.7090482e-18
6.4400326220129434e-09	0.2191586	0.011789646	-0.9153667	0	0	0.4	5.3279117e-18
6.450002237859666e-09	0.23060171	0.017848538	-0.920726	0	0	0.4	5.809291e-18
6.460009860594592e-09	0.22746776	0.02039225	-0.9281507	0	0	0.4	3.552361e-18
6.470026886647392e-09	0.24899085	0.014944913	-0.92023623	0	0	0.4	4.9034485e-18
6.480050728977119e-09	0.2592157	0.009577225	-0.9141636	0	0	0.4	4.2752495e-18
6.490037765091726e-09	0.25163224	-0.011953042	-0.91469455	0	0	0.4	4.4288267e-18
6.500065476458154e-09	0.22890018	-0.0078047602	-0.9144119	0	0	0.4	5.009533e-18
6.510011410635379e-09	0.20683959	0.0009989974	-0.91368973	0	0	0.4	5.7216017e-18
6.520002724143666e-09	0.21394289	0.020471795	-0.91085106	0	0	0.4	4.7790943e-18
6.530031910512128e-09	0.20284893	0.053020205	-0.91251653	0	0	0.4	4.8428315e-18
6.540021257998212e-09	0.22377405	0.056551147	-0.9127528	0	0	0.4	4.545537e-18
6.550051735389267e-09	0.24697696	0.058167912	-0.9100923	0	0	0.4	4.2800844e-18
6.560023161623485e-09	0.24479893	0.053359266	-0.9135389	0	0	0.4	4.061282e-18
6.57006136738434e-09	0.24979265	0.049198866	-0.92032206	0	0	0.4	4.9061104e-18
6.580036887410762e-09	0.23832586	0.047105554	-0.92261195	0	0	0.4	4.620364e-18
6.590059483599526e-09	0.21574724	0.024636986	-0.9324966	0	0	0.4	3.0381767e-18
6.600033879692349e-09	0.20946717	0.016567945	-0.9310635	0	0	0.4	4.823158e-18
6.610003283435382e-09	0.1971663	-0.0015790721	-0.92655945	0	0	0.4	5.8100666e-18
6.620056844614814e-09	0.19368	-0.012259329	-0.93188477	0	0	0.4	4.6608865e-18
6.6300453973852706e-09	0.20435522	-0.018883834	-0.9279966	0	0	0.4	5.168104e-18
6.640019727456928e-09	0.20852943	-0.013632662	-0.93029153	0	0	0.4	5.068059e-18
6.650013248839139e-09	0.21500641	-0.009991921	-0.9304984	0	0	0.4	4.721346e-18
6.660052462823189e-09	0.22156984	-0.022589773	-0.9317388	0	0	0.4	4.4334143e-18
6.67004365291463e-09	0.22330981	-0.021924652	-0.93278676	0	0	0.4	4.6911638e-18
6.680029756679431e-09	0.22196645	-0.03496945	-0.9312284	0	0	0.4	3.524973e-18
6.6900386085034016e-09	0.2274041	-0.060414743	-0.9275011	0	0	0.4	4.4130855e-18
6.700017604812625e-09	0.2120403	-0.06281089	-0.9255854	0	0	0.4	4.189971e-18
6.7100233140773205e-09	0.188197	-0.03956022	-0.92695767	0	0	0.4	5.3021247e-18
6.720007259626904e-09	0.19369917	-0.036104772	-0.92663753	0	0	0.4	5.011593e-18
6.730038724050133e-09	0.19886537	0.0019258205	-0.92812014	0	0	0.4	4.629413e-18
6.740040576338996e-09	0.2122645	0.027239133	-0.9260041	0	0	0.4	4.758898e-18
6.750018754922062e-09	0.22611515	0.027454743	-0.92930776	0	0	0.4	4.562981e-18
6.760064573899545e-09	0.24285059	0.0108128665	-0.921957	0	0	0.4	4.4810653e-18
6.770028658999906e-09	0.22777396	0.008619273	-0.9253854	0	0	0.4	4.0920174e-18
6.780060158369926e-09	0.20828666	-0.0031438344	-0.9286935	0	0	0.4	3.978206e-18
6.790030251780884e-09	0.20876537	-0.006093044	-0.92887497	0	0	0.4	3.487971e-18
6.8000259095035795e-09	0.19726886	-0.0010623351	-0.9284971	0	0	0.4	5.265084e-18
6.810028100569261e-09	0.20216987	0.00043882232	-0.926235	0	0	0.4	4.529407e-18
6.820061645722725e-09	0.20253655	0.0023306548	-0.92567915	0	0	0.4	5.4430854e-18
6.830022664410119e-09	0.19988883	-0.007844745	-0.92857355	0	0	0.4	4.4582405e-18
6.840057194879705e-09	0.20493677	-0.021503378	-0.9283658	0	0	0.4	5.4685895e-18
6.8500540603240635e-09	0.20273846	-0.02639778	-0.92940295	0	0	0.4	5.3663723e-18
6.860050571031481e-09	0.20815946	-0.0264869	-0.92802966	0	0	0.4	4.3166615e-18
6.870043916638423e-09	0.20095791	-0.011074282	-0.92949784	0	0	0.4	4.0802044e-18
6.880044396183597e-09	0.20466061	0.0052363765	-0.9327543	0	0	0.4	4.8423844e-18
6.8900113699634535e-09	0.21411718	0.008206634	-0.9270108	0	0	0.4	4.5565534e-18
6.9000502764981925e-09	0.20939623	-0.0029777049	-0.93285704	0	0	0.4	3.873941e-18
6.910061504777437e-09	0.2166768	-0.020940999	-0.9308028	0	0	0.4	5.2871184e-18
6.9200235832205596e-09	0.20029184	-0.04019467	-0.9356655	0	0	0.4	4.759841e-18
6.9300082522756566e-09	0.1843215	-0.04879795	-0.9368889	0	0	0.4	4.370107e-18
6.9400510383374765e-09	0.17344782	-0.04505644	-0.93762493	0	0	0.4	4.8742846e-18
6.950001445754876e-09	0.14987484	-0.046934787	-0.9387232	0	0	0.4	5.2183822e-18
6.960017926122314e-09	0.1508794	-0.02711313	-0.9380685	0	0	0.4	4.6138654e-18
6.970033664200906e-09	0.14145783	-0.031679526	-0.9434712	0	0	0.4	4.2132345e-18
6.980058867658784e-09	0.15907843	-0.04916424	-0.9419264	0	0	0.4	4.210191e-18
6.990044105823513e-09	0.17471527	-0.060115736	-0.9388751	0	0	0.4	4.3301954e-18
7.000029043494994e-09	0.16942644	-0.0668962	-0.9389533	0	0	0.4	4.911406e-18
7.010058645860753e-09	0.18315518	-0.072256565	-0.9333232	0	0	0.4	4.949977e-18
7.020010242684237e-09	0.19197755	-0.075661294	-0.9325498	0	0	0.4	4.3877e-18
7.030011379824872e-09	0.16574796	-0.08405937	-0.9372446	0	0	0.4	4.2454466e-18
7.040010628821401e-09	0.16363026	-0.06730298	-0.9374435	0	0	0.4	4.6930063e-18
7.050051800076463e-09	0.1678995	-0.06853622	-0.9366202	0	0	0.4	4.7624853e-18
7.060032618617442e-09	0.18461695	-0.06217444	-0.93229854	0	0	0.4	4.908846e-18
7.070043141729765e-09	0.18241693	-0.05426913	-0.9353269	0	0	0.4	5.996427e-18
7.080018943598886e-09	0.17987895	-0.06411897	-0.9354424	0	0	0.4	3.975271e-18
7.090014221224032e-09	0.18781182	-0.06510896	-0.9317459	0	0	0.4	5.2666676e-18
7.100036949774755e-09	0.20195352	-0.074938096	-0.9244308	0	0	0.4	4.1980603e-18
7.1100103959621e-09	0.20104007	-0.05999157	-0.9231339	0	0	0.4	3.7237686e-18
7.120043990621291e-09	0.19693547	-0.07095337	-0.9241181	0	0	0.4	4.157778e-18
7.130017985363603e-09	0.19176513	-0.06259475	-0.92564267	0	0	0.4	4.830756e-18
7.140004339621833e-09	0.19956914	-0.06968268	-0.9229644	0	0	0.4	4.558493e-18
7.150016905052221e-09	0.1952458	-0.049616694	-0.9269728	0	0	0.4	4.402593e-18
7.1600359355663484e-09	0.1847955	-0.053716563	-0.9291023	0	0	0.4	4.710138e-18
7.170026019136028e-09	0.18533131	-0.067821115	-0.9272768	0	0	0.4	3.9675544e-18
7.180043378629618e-09	0.1916417	-0.07983652	-0.92732316	0	0	0.4	4.0415408e-18
7.190036916304777e-09	0.2004972	-0.06992904	-0.92412835	0	0	0.4	4.11162e-18
7.200029286582688e-09	0.21152812	-0.08496497	-0.9244635	0	0	0.4	4.3866844e-18
7.210043388204186e-09	0.19687758	-0.087225854	-0.9286907	0	0	0.4	4.032793e-18
7.220010372701227e-09	0.19416283	-0.081814855	-0.92515105	0	0	0.4	4.6946396e-18
7.230048367502625e-09	0.19855176	-0.07950468	-0.92768776	0	0	0.4	4.082585e-18
7.240014718067416e-09	0.19220339	-0.06584361	-0.92538285	0	0	0.4	4.258057e-18
7.25001431572665e-09	0.20644438	-0.05416042	-0.9257328	0	0	0.4	4.314444e-18
7.260018312132333e-09	0.21220778	-0.05774135	-0.9271673	0	0	0.4	4.7931212e-18
7.27001435619284e-09	0.22859056	-0.04371927	-0.9264104	0	0	0.4	4.579931e-18
7.280009370907383e-09	0.21937865	-0.060351744	-0.9261981	0	0	0.4	5.436779e-18
7.2900057755301715e-09	0.21742992	-0.07150007	-0.92764676	0	0	0.4	5.8774032e-18
7.3000080169455626e-09	0.2154167	-0.082321145	-0.9241828	0	0	0.4	4.441265e-18
7.3100239264330254e-09	0.21407542	-0.09194719	-0.91932535	0	0	0.4	4.027723e-18
7.320028399525729e-09	0.2147108	-0.08279706	-0.9194725	0	0	0.4	3.205971e-18
7.3300639475461065e-09	0.21186072	-0.074463636	-0.92115617	0	0	0.4	5.013866e-18
7.3400288907426975e-09	0.21729758	-0.05383284	-0.91951734	0	0	0.4	5.0295013e-18
7.3500296894266184e-09	0.2044772	-0.060608175	-0.92277277	0	0	0.4	4.6888187e-18
7.360015486205786e-09	0.21473333	-0.06540104	-0.9266495	0	0	0.4	4.6187218e-18
7.370013448475344e-09	0.21138678	-0.07173085	-0.93108153	0	0	0.4	4.169938e-18
7.3800208061750255e-09	0.21550469	-0.08825257	-0.93161505	0	0	0.4	4.700144e-18
7.390010970669996e-09	0.22739811	-0.11021412	-0.919695	0	0	0.4	5.0398903e-18
7.400012299886954e-09	0.22146302	-0.116980456	-0.9153004	0	0	0.4	4.6784004e-18
7.410045264289419e-09	0.21741486	-0.11826685	-0.91597795	0	0	0.4	4.7443358e-18
7.420022416285896e-09	0.21141094	-0.09902073	-0.9115587	0	0	0.4	4.3189155e-18
7.430061930946762e-09	0.20835719	-0.086244576	-0.9047363	0	0	0.4	3.598716e-18
7.440035943451534e-09	0.20784098	-0.084804825	-0.90774506	0	0	0.4	4.5864233e-18
7.450008669752912e-09	0.23927465	-0.08608113	-0.9028108	0	0	0.4	5.140486e-18
7.460051545986698e-09	0.24607518	-0.07276879	-0.90489465	0	0	0.4	4.534175e-18
7.470049341160996e-09	0.27534848	-0.077184886	-0.9025324	0	0	0.4	4.660717e-18
7.480046776572465e-09	0.26471686	-0.080355845	-0.90938956	0	0	0.4	5.4211937e-18
7.490041680809218e-09	0.267493	-0.092667304	-0.9053943	0	0	0.4	5.4181956e-18
7.50002171150384e-09	0.27710807	-0.103033885	-0.8963552	0	0	0.4	5.452574e-18
7.510060355596444e-09	0.26003686	-0.10773064	-0.89722705	0	0	0.4	4.4248546e-18
7.520040661418429e-09	0.24296276	-0.092799686	-0.9019674	0	0	0.4	4.7893447e-18
7.53005730159019e-09	0.23627004	-0.07461993	-0.9025156	0	0	0.4	3.9514596e-18
7.540005616503583e-09	0.24305616	-0.057133257	-0.9046324	0	0	0.4	5.2923624e-18
7.55002320366115e-09	0.25485754	-0.028848678	-0.90478057	0	0	0.4	4.3831627e-18
7.560014714294139e-09	0.26229486	-0.005114486	-0.90639645	0	0	0.4	5.105304e-18
7.570057071776412e-09	0.2830857	-0.0073443996	-0.8956445	0	0	0.4	4.4817795e-18
7.580046340636878e-09	0.28437263	0.009920437	-0.89449173	0	0	0.4	4.6793115e-18
7.590029437401074e-09	0.2708043	0.022089113	-0.9016008	0	0	0.4	6.499075e-18
7.600040414415879e-09	0.25733498	0.03357209	-0.9034442	0	0	0.4	3.4066354e-18
7.610057174317584e-09	0.25506416	0.043398466	-0.9027229	0	0	0.4	5.1318786e-18
7.62004568195662e-09	0.25511676	0.06413776	-0.8965705	0	0	0.4	4.29124e-18
7.630061122936038e-09	0.24640447	0.07595344	-0.9036052	0	0	0.4	5.8004915e-18
7.640027930331055e-09	0.24122356	0.0826438	-0.9049985	0	0	0.4	5.018638e-18
7.650050094585873e-09	0.26149502	0.095385775	-0.90039504	0	0	0.4	4.9886183e-18
7.660006016986863e-09	0.2548093	0.0977107	-0.9035351	0	0	0.4	5.1918595e-18
7.670017330677094e-09	0.26359704	0.11853646	-0.89751685	0	0	0.4	5.6963003e-18
7.680032194074401e-09	0.26487026	0.135129	-0.89918107	0	0	0.4	4.1731924e-18
7.690037567907025e-09	0.25693414	0.16303395	-0.898253	0	0	0.4	5.062852e-18
7.700022370601786e-09	0.24134995	0.17490445	-0.89689416	0	0	0.4	4.652932e-18
7.710054453944425e-09	0.2178657	0.19141892	-0.8961374	0	0	0.4	4.91849e-18
7.720015073392504e-09	0.20657998	0.19232047	-0.8989703	0	0	0.4	4.9448357e-18
7.73006113954252e-09	0.19491518	0.21465684	-0.8977404	0	0	0.4	4.9782583e-18
7.740018630540704e-09	0.17173925	0.22695407	-0.90063524	0	0	0.4	5.5994366e-18
7.750053502437597e-09	0.1534748	0.22469716	-0.903175	0	0	0.4	4.345559e-18
7.760029179528483e-09	0.13888676	0.23808488	-0.8989223	0	0	0.4	5.055778e-18
7.770054935569963e-09	0.1379963	0.24841222	-0.89735013	0	0	0.4	4.9841375e-18
7.780042130361268e-09	0.13148324	0.25815845	-0.890703	0	0	0.4	4.80287e-18
7.790043060268339e-09	0.14118995	0.25096673	-0.8935556	0	0	0.4	3.961333e-18
7.800049912917897e-09	0.124708064	0.2740686	-0.896741	0	0	0.4	4.352342e-18
7.810023252850491e-09	0.12378736	0.28904176	-0.89478755	0	0	0.4	4.5167585e-18
7.820037395786746e-09	0.118531376	0.27778593	-0.89768094	0	0	0.4	5.2920853e-18
7.830048674737838e-09	0.10834338	0.28758407	-0.8996801	0	0	0.4	4.825729e-18
7.840024041354991e-09	0.099754766	0.26875234	-0.90527004	0	0	0.4	4.058051e-18
7.85005012802989e-09	0.08676561	0.28146178	-0.8991262	0	0	0.4	5.1035187e-18
7.86004393141097e-09	0.08023755	0.27112243	-0.89932245	0	0	0.4	4.3858096e-18
7.870034960178106e-09	0.050023507	0.28003284	-0.9034639	0	0	0.4	4.204491e-18
7.880044594982466e-09	0.05039008	0.27942765	-0.9029519	0	0	0.4	4.3927104e-18
7.890020996091351e-09	0.059762295	0.26281685	-0.899784	0	0	0.4	4.0600324e-18
7.90002652937514e-09	0.04755474	0.2644722	-0.89822495	0	0	0.4	3.9345665e-18
7.910024551853025e-09	0.059880063	0.2691155	-0.8910585	0	0	0.4	4.853882e-18
7.920009511205767e-09	0.047202557	0.25645846	-0.8925997	0	0	0.4	5.3288017e-18
7.930016098486168e-09	0.037517536	0.25955138	-0.88822746	0	0	0.4	4.714595e-18
7.940050675373488e-09	0.02089656	0.2805459	-0.88323206	0	0	0.4	4.1435818e-18
7.950001156017522e-09	-0.0067283367	0.2899406	-0.87579554	0	0	0.4	4.732999e-18
7.960007241923524e-09	-0.032014485	0.28476772	-0.8784153	0	0	0.4	5.1521767e-18
7.970018338930088e-09	-0.06214822	0.2806543	-0.88527167	0	0	0.4	4.3457575e-18
7.980049129880128e-09	-0.08283427	0.30287483	-0.8861487	0	0	0.4	4.4547593e-18
7.990033581282939e-09	-0.0853623	0.3161597	-0.8875312	0	0	0.4	4.9018537e-18
8.000036165143412e-09	-0.0852931	0.3218077	-0.8896033	0	0	0.4	4.1897343e-18
8.010050561751891e-09	-0.0956536	0.32100523	-0.8847022	0	0	0.4	2.4877449e-18
8.020025389277535e-09	-0.09686074	0.31179315	-0.8864845	0	0	0.4	5.3564445e-18
8.030004509290968e-09	-0.107055016	0.30183178	-0.89315397	0	0	0.4	4.3925842e-18
8.040003872472687e-09	-0.11783654	0.29899037	-0.8929604	0	0	0.4	5.3331308e-18
8.050023603008401e-09	-0.118050486	0.2903367	-0.89376456	0	0	0.4	4.621413e-18
8.060037228386191e-09	-0.12985416	0.27579182	-0.8940368	0	0	0.4	4.232948e-18
8.070039420641984e-09	-0.14596194	0.27506158	-0.8917732	0	0	0.4	4.7561235e-18
8.080024945152782e-09	-0.15277497	0.26823762	-0.8920769	0	0	0.4	4.7809414e-18
8.090052277447336e-09	-0.16399261	0.2646798	-0.8912794	0	0	0.4	4.2660765e-18
8.100001408048446e-09	-0.17577457	0.27774873	-0.8897302	0	0	0.4	4.4906535e-18
8.110016101612979e-09	-0.19808584	0.27460214	-0.88606846	0	0	0.4	5.005198e-18
8.120026262641828e-09	-0.204485	0.25845557	-0.8888601	0	0	0.4	4.7437414e-18
8.130033404138803e-09	-0.22001283	0.25183535	-0.88965714	0	0	0.4	3.597893e-18
8.140014547426485e-09	-0.22487001	0.25928998	-0.8886286	0	0	0.4	4.525102e-18
8.150041008581574e-09	-0.22027208	0.24267825	-0.8893947	0	0	0.4	4.135527e-18
8.160049074305632e-09	-0.23909275	0.23235299	-0.88621545	0	0	0.4	4.9880815e-18
8.170017143011074e-09	-0.24739146	0.23893256	-0.88284284	0	0	0.4	5.0428818e-18
8.18005290497337e-09	-0.23688231	0.22263029	-0.8949367	0	0	0.4	4.907166e-18
8.190029316145176e-09	-0.2585166	0.21753952	-0.88744617	0	0	0.4	4.3140323e-18
8.200018253808431e-09	-0.26879215	0.20795816	-0.8829228	0	0	0.4	5.0567387e-18
8.210024905587982e-09	-0.27572128	0.20873709	-0.87733346	0	0	0.4	4.0786543e-18
8.220012779048487e-09	-0.268392	0.18488787	-0.8819713	0	0	0.4	5.094341e-18
8.230023167806704e-09	-0.27919933	0.1763081	-0.8829832	0	0	0.4	4.355993e-18
8.24000525977151e-09	-0.2911696	0.18277872	-0.88097596	0	0	0.4	4.9132704e-18
8.250037096675716e-09	-0.29168972	0.15900269	-0.8851441	0	0	0.4	4.152214e-18
8.260007434207144e-09	-0.29094484	0.15030107	-0.88677037	0	0	0.4	6.1720123e-18
8.270044396939693e-09	-0.29879197	0.1360893	-0.8865249	0	0	0.4	5.245988e-18
8.280008920615993e-09	-0.30428115	0.13507894	-0.88782775	0	0	0.4	3.8238562e-18
8.290040188487278e-09	-0.31224087	0.14542209	-0.877994	0	0	0.4	4.9298935e-18
8.30005364697776e-09	-0.31799704	0.13087231	-0.87961704	0	0	0.4	4.9559658e-18
8.310059472990212e-09	-0.33481428	0.12590788	-0.87467617	0	0	0.4	3.5326055e-18
8.320031473753397e-09	-0.32969794	0.11285608	-0.8757745	0	0	0.4	4.4194527e-18
8.330044151064323e-09	-0.32197842	0.08740206	-0.8698673	0	0	0.4	4.974212e-18
8.340064819393989e-09	-0.3367213	0.065686814	-0.86512274	0	0	0.4	5.0501155e-18
8.350029277514036e-09	-0.34022123	0.048385188	-0.85941184	0	0	0.4	4.2713245e-18
8.360048694375186e-09	-0.3380602	0.028164681	-0.8562126	0	0	0.4	3.9468774e-18
8.37006492199636e-09	-0.3504082	-0.0041701687	-0.8450623	0	0	0.4	5.156701e-18
8.380031036360538e-09	-0.35909238	-0.027553583	-0.84458256	0	0	0.4	4.184284e-18
8.390044073528902e-09	-0.35558656	-0.031873852	-0.83676004	0	0	0.4	6.0290403e-18
8.400056772656234e-09	-0.34892458	-0.084497094	-0.83643764	0	0	0.4	4.7446232e-18
8.410060164538097e-09	-0.34791753	-0.131102	-0.8347274	0	0	0.4	5.1501845e-18
8.42001380302823e-09	-0.33773535	-0.1666437	-0.8277368	0	0	0.4	4.8779126e-18
8.430030413886792e-09	-0.3247108	-0.21027848	-0.81991553	0	0	0.4	5.0475082e-18
8.440009461687502e-09	-0.2959955	-0.23466508	-0.81809545	0	0	0.4	4.946927e-18
8.45005471381833e-09	-0.25356942	-0.25975183	-0.82372004	0	0	0.4	4.180167e-18
8.460041184573842e-09	-0.20781702	-0.2958624	-0.8153182	0	0	0.4	4.5143738e-18
8.470036078009091e-09	-0.13500121	-0.34347272	-0.8241572	0	0	0.4	5.2379814e-18
8.48000142877608e-09	-0.07501964	-0.37183097	-0.8264824	0	0	0.4	4.6229214e-18
8.490058927512897e-09	-0.012848036	-0.3884909	-0.82181764	0	0	0.4	4.0793194e-18
8.500025992997575e-09	0.05923002	-0.39142582	-0.81748354	0	0	0.4	3.65388e-18
8.5100022915912e-09	0.104813345	-0.36130354	-0.82324624	0	0	0.4	4.2679447e-18
8.520047180767076e-09	0.14725709	-0.3292136	-0.8287209	0	0	0.4	5.3115385e-18
8.530013720428092e-09	0.17050795	-0.29200312	-0.83348405	0	0	0.4	4.5802488e-18
8.540028314123105e-09	0.19717528	-0.23806225	-0.8371609	0	0	0.4	4.242514e-18
8.550014766947398e-09	0.23337986	-0.21294305	-0.8336642	0	0	0.4	4.713829e-18
8.560049687923968e-09	0.25585535	-0.16713515	-0.83486396	0	0	0.4	4.749827e-18
8.570037904118422e-09	0.2789939	-0.14719047	-0.834603	0	0	0.4	5.1743233e-18
8.580065818664754e-09	0.29832283	-0.10282741	-0.83313423	0	0	0.4	5.259347e-18
8.590042443231334e-09	0.30604598	-0.058713578	-0.8381344	0	0	0.4	4.186368e-18
8.600040722460212e-09	0.3290941	0.0071737473	-0.8322848	0	0	0.4	5.618756e-18
8.610050107906356e-09	0.32933548	0.07686799	-0.8225804	0	0	0.4	4.521712e-18
8.620044816968283e-09	0.27298942	0.14079283	-0.81523097	0	0	0.4	4.34313e-18
8.630050314398928e-09	0.17830819	0.19207647	-0.8097613	0	0	0.4	4.2886366e-18
8.640036134502072e-09	0.09267565	0.21182173	-0.80671203	0	0	0.4	4.4778604e-18
8.650050974841228e-09	-0.022459608	0.2206272	-0.80222386	0	0	0.4	4.7672437e-18
8.660005167946258e-09	-0.12866515	0.19632615	-0.7984803	0	0	0.4	3.976101e-18
8.670053895108982e-09	-0.21525712	0.12121732	-0.79993564	0	0	0.4	3.8849278e-18
8.68001587827422e-09	-0.26653746	0.043831125	-0.7955166	0	0	0.4	3.5758112e-18
8.69005607668167e-09	-0.28040022	-0.05337364	-0.7794032	0	0	0.4	4.1473723e-18
8.700029196285699e-09	-0.23629725	-0.15206581	-0.7587389	0	0	0.4	5.42271e-18
8.710034045640725e-09	-0.13425788	-0.20817068	-0.73980415	0	0	0.4	3.784749e-18
8.720014662391733e-09	0.014381077	-0.23489662	-0.7274817	0	0	0.4	4.334796e-18
8.730046382406586e-09	0.12978697	-0.23252062	-0.72353774	0	0	0.4	5.186279e-18
8.74005552091189e-09	0.26537794	-0.16552721	-0.7179369	0	0	0.4	4.2045305e-18
8.750031639729266e-09	0.33289498	-0.06570024	-0.71758467	0	0	0.4	3.5807966e-18
8.760020162973197e-09	0.3192226	0.058781527	-0.70572096	0	0	0.4	6.0413934e-18
8.77002538696444e-09	0.23272862	0.17001113	-0.69348866	0	0	0.4	5.187657e-18
8.780015891307362e-09	0.074326836	0.24914056	-0.69111615	0	0	0.4	4.18819e-18
8.790002485142397e-09	-0.07530334	0.21966511	-0.6959863	0	0	0.4	3.1848156e-18
8.800016586908336e-09	-0.17290269	0.14306624	-0.7020382	0	0	0.4	3.4640643e-18
8.8100071991645e-09	-0.25404865	0.038714744	-0.70172006	0	0	0.4	4.434173e-18
8.820010980547226e-09	-0.27144337	-0.10022885	-0.701649	0	0	0.4	4.513708e-18
8.830057926117927e-09	-0.18282269	-0.2378882	-0.69623554	0	0	0.4	4.573025e-18
8.840023423210614e-09	-0.037154578	-0.31373152	-0.6863292	0	0	0.4	4.5414714e-18
8.850027997415291e-09	0.09323846	-0.30482572	-0.6776749	0	0	0.4	3.8524953e-18
8.860052642520142e-09	0.22522345	-0.26490727	-0.6803916	0	0	0.4	3.7931608e-18
8.8700388426024e-09	0.3358143	-0.15912065	-0.67370886	0	0	0.4	4.121671e-18
8.880020797525248e-09	0.3745363	-0.0024675594	-0.657406	0	0	0.4	4.7652403e-18
8.890055289920657e-09	0.2894597	0.126145	-0.65687567	0	0	0.4	4.3654275e-18
8.900050599831991e-09	0.15141499	0.2027076	-0.6389536	0	0	0.4	3.6507447e-18
8.910035552610368e-09	-0.0071115857	0.18707503	-0.6380223	0	0	0.4	3.9207393e-18
8.920026610921464e-09	-0.14977902	0.13656048	-0.64392525	0	0	0.4	3.7754475e-18
8.930029477003918e-09	-0.28047118	0.033121295	-0.64147913	0	0	0.4	4.928327e-18
8.940060764348096e-09	-0.34460613	-0.14443149	-0.64403814	0	0	0.4	5.3124926e-18
8.95006020776723e-09	-0.2675884	-0.30588055	-0.6374137	0	0	0.4	5.207893e-18
8.960040412246307e-09	-0.09795182	-0.37000576	-0.62846744	0	0	0.4	3.5399827e-18
8.970018512216762e-09	0.04966892	-0.35518962	-0.62179446	0	0	0.4	4.5577164e-18
8.980043414390174e-09	0.20779641	-0.24503534	-0.61036104	0	0	0.4	4.326149e-18
8.990020304535557e-09	0.28358012	-0.10050051	-0.6031591	0	0	0.4	4.6788586e-18
9.00002128384998e-09	0.2739192	0.06798711	-0.59722143	0	0	0.4	4.292843e-18
9.010054966873731e-09	0.15420553	0.2258703	-0.5890844	0	0	0.4	5.2116374e-18
9.020038669330363e-09	-0.010710117	0.27420315	-0.5730755	0	0	0.4	3.2770404e-18
9.03004023754838e-09	-0.21385622	0.19615713	-0.5644725	0	0	0.4	3.8217047e-18
9.04004309880362e-09	-0.32342246	0.062847845	-0.5636838	0	0	0.4	4.949821e-18
9.050022665155777e-09	-0.36160734	-0.096782625	-0.55672324	0	0	0.4	4.7044185e-18
9.060056839873571e-09	-0.25947702	-0.26514587	-0.5565467	0	0	0.4	3.5861568e-18
9.070034222561145e-09	-0.07203048	-0.3156113	-0.5481806	0	0	0.4	3.287493e-18
9.08002186409011e-09	0.14192714	-0.25594833	-0.53557396	0	0	0.4	3.6548483e-18
9.09004953038594e-09	0.28029442	-0.14664422	-0.53563756	0	0	0.4	3.97323e-18
9.100044949700345e-09	0.35148463	0.04323205	-0.5303095	0	0	0.4	3.3125041e-18
9.110027103919101e-09	0.30082545	0.22488308	-0.5317006	0	0	0.4	3.9367014e-18
9.120058229386364e-09	0.14714707	0.33433595	-0.5163441	0	0	0.4	3.4601883e-18
9.130062861302767e-09	-0.059567776	0.33259746	-0.51100034	0	0	0.4	3.2606653e-18
9.140038568902385e-09	-0.25863948	0.20021077	-0.5047234	0	0	0.4	3.230423e-18
9.150003251902975e-09	-0.3409477	-0.0059889574	-0.49801204	0	0	0.4	4.0493204e-18
9.160035057484583e-09	-0.31988913	-0.18724857	-0.49859723	0	0	0.4	4.5490512e-18
9.170021589723405e-09	-0.20709205	-0.31946462	-0.4884159	0	0	0.4	4.8827963e-18
9.180012656514946e-09	0.011601881	-0.3617394	-0.4736308	0	0	0.4	4.115213e-18
9.190034766866711e-09	0.23529702	-0.2488745	-0.46339622	0	0	0.4	3.2311445e-18
9.2000060061392e-09	0.33694923	-0.070107326	-0.46138614	0	0	0.4	4.9859796e-18
9.210011722493966e-09	0.3356015	0.12605177	-0.45693928	0	0	0.4	3.8242702e-18
9.220049664596452e-09	0.2075854	0.3065614	-0.44021648	0	0	0.4	3.3946545e-18
9.230047709930582e-09	-0.020826207	0.3370677	-0.41361842	0	0	0.4	4.1166992e-18
9.24003875941715e-09	-0.22838457	0.25771105	-0.39969903	0	0	0.4	3.3709246e-18
9.250018882666051e-09	-0.38722882	0.061431974	-0.39537275	0	0	0.4	3.542095e-18
9.26003697189426e-09	-0.38341504	-0.17690316	-0.38777876	0	0	0.4	3.5557314e-18
9.2700506264071e-09	-0.22750302	-0.33513826	-0.38012022	0	0	0.4	2.79977e-18
9.28003391411382e-09	-0.013682187	-0.38458952	-0.36921376	0	0	0.4	3.7114035e-18
9.290018281556954e-09	0.21728651	-0.2846591	-0.36319497	0	0	0.4	4.014232e-18
9.300024362978577e-09	0.33346894	-0.06721393	-0.36112502	0	0	0.4	3.9774976e-18
9.310037121411132e-09	0.32105213	0.13374071	-0.36052823	0	0	0.4	3.2591247e-18
9.320062225733733e-09	0.19850937	0.31274614	-0.35190412	0	0	0.4	3.6931683e-18
9.330029779589207e-09	-0.0503558	0.38523445	-0.34045693	0	0	0.4	4.0190303e-18
9.340007489550618e-09	-0.29749042	0.27345875	-0.3238135	0	0	0.4	3.1236362e-18
9.350053445817087e-09	-0.44142053	0.028111367	-0.30778143	0	0	0.4	3.2713438e-18
9.360006090612439e-09	-0.39347193	-0.2414677	-0.2882095	0	0	0.4	3.708335e-18
9.370041429490263e-09	-0.16710629	-0.3861097	-0.28367653	0	0	0.4	2.8541042e-18
9.38005725545315e-09	0.06902524	-0.3197214	-0.27235126	0	0	0.4	3.8492304e-18
9.390027737217685e-09	0.23361309	-0.16586712	-0.27517566	0	0	0.4	3.457574e-18
9.400045202453536e-09	0.32487592	0.07304803	-0.27255037	0	0	0.4	3.0757458e-18
9.41005139905232e-09	0.23441704	0.3069563	-0.27594513	0	0	0.4	3.8692076e-18
9.420059250288239e-09	0.019807259	0.42279354	-0.26160923	0	0	0.4	3.4155898e-18
9.430019120231796e-09	-0.21337985	0.36117822	-0.25292844	0	0	0.4	3.0753692e-18
9.440045061177232e-09	-0.35520732	0.159932	-0.25395682	0	0	0.4	3.228662e-18
9.450025094151547e-09	-0.36606556	-0.087717056	-0.25219512	0	0	0.4	3.698257e-18
9.460057350518957e-09	-0.23867957	-0.2776763	-0.24969095	0	0	0.4	2.579639e-18
9.470015874680671e-09	-0.0045904526	-0.36372262	-0.22714761	0	0	0.4	3.0777407e-18
9.480027165492227e-09	0.23082785	-0.25899464	-0.20745812	0	0	0.4	3.17865e-18
9.490008221806658e-09	0.3762697	-0.067338146	-0.19058241	0	0	0.4	3.7176235e-18
9.50002840048802e-09	0.3539088	0.14408495	-0.18269478	0	0	0.4	4.062846e-18
9.510058605409651e-09	0.20072484	0.31962308	-0.17187184	0	0	0.4	2.5958927e-18
9.520020251517593e-09	-0.07118573	0.34276825	-0.16104236	0	0	0.4	2.9481294e-18
9.530048673629137e-09	-0.31198296	0.17757522	-0.1375113	0	0	0.4	3.149458e-18
9.540001398240968e-09	-0.3666002	-0.1062486	-0.13260862	0	0	0.4	2.5306644e-18
9.550061626592968e-09	-0.27650023	-0.30569685	-0.13017963	0	0	0.4	2.778924e-18
9.560051290630872e-09	-0.082765386	-0.41510552	-0.11974733	0	0	0.4	3.0459e-18
9.570012205438183e-09	0.186674	-0.36183196	-0.11124399	0	0	0.4	2.3788544e-18
9.580007674643536e-09	0.34464073	-0.097078584	-0.09361246	0	0	0.4	2.6606488e-18
9.59006361616463e-09	0.30889687	0.17633036	-0.09173242	0	0	0.4	3.75331e-18
9.600034919462239e-09	0.14023067	0.31574452	-0.09094917	0	0	0.4	2.4481486e-18
9.610059772229056e-09	-0.044428032	0.3592603	-0.07195073	0	0	0.4	3.5494163e-18
9.620024731891567e-09	-0.2534277	0.27869332	-0.048335746	0	0	0.4	2.4811638e-18
9.630050049027629e-09	-0.41594097	0.027660178	-0.037959218	0	0	0.4	2.0484187e-18
9.640048707223004e-09	-0.34723315	-0.25011227	-0.026627198	0	0	0.4	2.6137425e-18
9.65003966965405e-09	-0.12550268	-0.3356031	-0.031614576	0	0	0.4	2.3511647e-18
9.660054180658541e-09	0.09282354	-0.31376284	-0.0072091767	0	0	0.4	2.2881997e-18
9.670005011864054e-09	0.30484295	-0.13506104	0.009171669	0	0	0.4	1.5910198e-18
9.680010710901395e-09	0.33963972	0.16633798	0.018511927	0	0	0.4	3.122736e-18
9.690007462149403e-09	0.21272573	0.35465732	0.018510884	0	0	0.4	2.2709962e-18
9.700039432352222e-09	0.0046621426	0.42225775	0.026895814	0	0	0.4	3.497852e-18
9.710058174657194e-09	-0.23402877	0.34740975	0.045151066	0	0	0.4	3.5097555e-18
9.720018260819953e-09	-0.37568328	0.049568355	0.03971854	0	0	0.4	2.881857e-18
9.730001148348342e-09	-0.2613167	-0.26406458	0.047624383	0	0	0.4	2.334296e-18
9.740036751900352e-09	-0.04743447	-0.34964436	0.042664938	0	0	0.4	1.798685e-18
9.750054499909932e-09	0.13991523	-0.3190469	0.052075375	0	0	0.4	2.2199183e-18
9.760020638065126e-09	0.31992963	-0.16127998	0.07496299	0	0	0.4	3.4448685e-18
9.77003237358982e-09	0.3597413	0.12584849	0.072435424	0	0	0.4	2.5069646e-18
9.780005957976817e-09	0.18856387	0.35266098	0.07682225	0	0	0.4	1.9335487e-18
9.790062974172497e-09	-0.07724015	0.40239713	0.080241755	0	0	0.4	2.8764013e-18
9.800003241447785e-09	-0.3019259	0.22433285	0.0962341	0	0	0.4	1.4365291e-18
9.810041312878582e-09	-0.34675297	-0.05330255	0.1048692	0	0	0.4	1.5087652e-18
9.820028724706355e-09	-0.23238133	-0.26882696	0.11338742	0	0	0.4	1.862966e-18
9.83004151531406e-09	-0.062634826	-0.39041558	0.10864121	0	0	0.4	2.0658834e-18
9.840035543497583e-09	0.24376303	-0.34352827	0.12288677	0	0	0.4	2.1229983e-18
9.850011195504807e-09	0.4082198	-0.044392906	0.13803878	0	0	0.4	1.9139142e-18
9.860060704582185e-09	0.31431505	0.26848534	0.15123416	0	0	0.4	1.7735896e-18
9.870026383945118e-09	0.09395237	0.37382933	0.14446336	0	0	0.4	2.733383e-18
9.8800556585144e-09	-0.14362802	0.34744224	0.14853814	0	0	0.4	1.0261552e-18
9.890015849032361e-09	-0.32859847	0.15353888	0.16761972	0	0	0.4	2.474545e-18
9.90001095262501e-09	-0.34676087	-0.14430201	0.1785108	0	0	0.4	2.6117808e-18
9.91006209006449e-09	-0.19588962	-0.3651057	0.17510287	0	0	0.4	1.8781252e-18
9.92001088170173e-09	0.089433394	-0.4306983	0.19160669	0	0	0.4	1.7240686e-18
9.930064204324188e-09	0.35665956	-0.25101945	0.20666425	0	0	0.4	1.8614862e-18
9.94005075057119e-09	0.40484807	0.09104058	0.22194405	0	0	0.4	2.4699026e-18
9.950054228046532e-09	0.20417617	0.3048598	0.23506236	0	0	0.4	1.4711854e-18
9.960010841997864e-09	-0.017045854	0.3485384	0.24473917	0	0	0.4	1.2138205e-18
9.970010073710168e-09	-0.21618813	0.25880644	0.24493529	0	0	0.4	1.7284061e-18
9.98005928089581e-09	-0.36501098	0.041226495	0.25649732	0	0	0.4	1.3807482e-18
9.990042687665414e-09	-0.30249676	-0.25823256	0.2686405	0	0	0.4	1.0480765e-18
1e-08	-0.069591366	-0.4292876	0.27681676	0	0	0.4	2.900436e-18
